0 0.6562560000000001 0.23995000000000002 0.657752 0.244333 0.659256 0.248725 0.6610509999999999 0.25281699999999996 0.662256 0.257208 0.6643589999999999 0.2613 0.666752 0.26539999999999997 0.668256 0.27008299999999996 0.670658 0.274467 0.672154 0.27915 0.673359 0.283825 0.675154 0.288217 0.676658 0.292608 0.678453 0.2967 0.681462 0.3005 0.6847610000000001 0.30372499999999997 0.68806 0.306942 0.6913590000000001 0.30372499999999997 0.690162 0.29933299999999996 0.689556 0.29464999999999997 0.688658 0.289975 0.687462 0.28558300000000003 0.686256 0.2812 0.6847610000000001 0.276808 0.682658 0.272417 0.681154 0.268033 0.679359 0.26364200000000004 0.6775559999999999 0.25955 0.67606 0.254867 0.673658 0.250775 0.671556 0.24667500000000003 0.6694530000000001 0.242583 0.66706 0.23877500000000002 0.6652560000000001 0.234392 0.663752 0.22999999999999998 0.662256 0.225617 0.660154 0.22151700000000002 0.6556580000000001 0.221808 0.652308 0.226417 0.65359 0.23208299999999998 0.654752 0.23526699999999998 0.6562560000000001 0.23995000000000002
0 0.28393199999999996 0.382917 0.287863 0.379917 0.29 0.37575 0.284615 0.377583 0.278034 0.37825000000000003 0.267094 0.373333 0.255641 0.36825 0.248205 0.36512500000000003 0.245308 0.36666699999999997 0.24641000000000002 0.3705 0.251761 0.3727 0.259658 0.37629999999999997 0.275812 0.383833 0.28393199999999996 0.382917
0 0.21324800000000002 0.42575 0.22364099999999998 0.423917 0.235624 0.422558 0.24847899999999998 0.421375 0.258034 0.420833 0.26547 0.418 0.268462 0.41291700000000003 0.26653 0.408508 0.264274 0.41341700000000003 0.260256 0.415583 0.25142699999999996 0.41612499999999997 0.22885499999999998 0.417817 0.213744 0.419508 0.20818799999999998 0.42052500000000004 0.20541 0.422558 0.20454699999999998 0.42815000000000003 0.20801699999999998 0.427808 0.21324800000000002 0.42575
0 0.20162399999999997 0.504833 0.207179 0.5010830000000001 0.212393 0.497583 0.219308 0.49400000000000005 0.230761 0.490617 0.24395699999999998 0.486217 0.253333 0.483833 0.260803 0.481808 0.265487 0.47995 0.264957 0.47450000000000003 0.252479 0.474833 0.230761 0.482317 0.217179 0.48741700000000004 0.20611100000000002 0.491125 0.20159 0.494508 0.19881200000000002 0.499083 0.196556 0.505342 0.20162399999999997 0.504833
0 0.259846 0.629167 0.259538 0.639992 0.261641 0.6476 0.26793999999999996 0.6543249999999999 0.267342 0.6514 0.26584599999999997 0.642917 0.264641 0.638533 0.266744 0.625075 0.27094 0.61425 0.272444 0.604308 0.27514500000000003 0.597867 0.275744 0.589383 0.275444 0.584117 0.271547 0.5858749999999999 0.27034199999999997 0.593483 0.267342 0.604892 0.262538 0.619517 0.259846 0.629167
0 0.149761 0.6555 0.136239 0.671917 0.12035 0.6944079999999999 0.102949 0.714883 0.094248 0.724242 0.09365 0.7301 0.10264999999999999 0.729217 0.131154 0.690017 0.17016199999999998 0.638242 0.208265 0.598158 0.23317100000000002 0.585292 0.23166699999999998 0.5797329999999999 0.21306799999999998 0.586167 0.195368 0.601675 0.180359 0.616883 0.149761 0.6555
0 0.310513 0.694667 0.311752 0.673925 0.313248 0.6555 0.30666699999999997 0.65225 0.30605099999999996 0.668667 0.30367500000000003 0.7035 0.311453 0.7166669999999999 0.310513 0.694667
0 0.368487 0.742383 0.360684 0.7222000000000001 0.359487 0.724542 0.360085 0.735658 0.36521400000000004 0.754667 0.372684 0.756717 0.368487 0.742383
0 0.429094 0.7561329999999999 0.420692 0.7429669999999999 0.41829099999999997 0.743258 0.42429100000000003 0.759058 0.433299 0.77515 0.435991 0.7745580000000001 0.429094 0.7561329999999999
0 0.511872 0.768417 0.49837600000000004 0.761108 0.479171 0.751158 0.47076900000000005 0.744417 0.465667 0.7476499999999999 0.46866700000000006 0.75145 0.48187199999999997 0.7602249999999999 0.49687200000000004 0.769592 0.508872 0.773975 0.511872 0.768417
0 0.563248 0.772833 0.561709 0.763417 0.535308 0.750283 0.532308 0.75555 0.550598 0.764583 0.563248 0.772833
0 0.634624 0.740333 0.649897 0.7374080000000001 0.656795 0.7327250000000001 0.6469229999999999 0.7295079999999999 0.631624 0.732433 0.618419 0.7339 0.606419 0.7315579999999999 0.607316 0.73595 0.617188 0.741217 0.634624 0.740333
0 0.6945979999999999 0.659592 0.702701 0.653158 0.715598 0.6476 0.724 0.643508 0.719205 0.640583 0.7117009999999999 0.642042 0.695496 0.650525 0.686496 0.657842 0.678393 0.6634 0.682897 0.66515 0.688598 0.6634 0.6945979999999999 0.659592
0 0.733308 0.594067 0.750709 0.583242 0.7654099999999999 0.577392 0.773513 0.573292 0.770513 0.5692 0.757308 0.572125 0.7399060000000001 0.5811919999999999 0.726701 0.5905579999999999 0.7219059999999999 0.595233 0.7231029999999999 0.601675 0.733308 0.594067
0 0.731538 0.555742 0.733333 0.562475 0.736308 0.556325 0.745632 0.538483 0.758239 0.520933 0.769641 0.5004500000000001 0.770538 0.491383 0.7687350000000001 0.492258 0.760641 0.504258 0.7489399999999999 0.521225 0.738402 0.538192 0.731538 0.555742
0 0.751966 0.361058 0.75047 0.36545 0.7492650000000001 0.36983299999999997 0.7480680000000001 0.374225 0.746863 0.378608 0.745368 0.383 0.7438629999999999 0.387383 0.743265 0.391775 0.7414620000000001 0.396167 0.739368 0.40054999999999996 0.7372650000000001 0.40494199999999997 0.734863 0.409033 0.7324620000000001 0.41284200000000004 0.730368 0.41693300000000005 0.728564 0.421033 0.727368 0.42541700000000005 0.7264619999999999 0.42980799999999997 0.729761 0.43302500000000005 0.733068 0.42921699999999996 0.735462 0.424833 0.738162 0.421033 0.7402650000000001 0.41693300000000005 0.742368 0.41284200000000004 0.74447 0.408742 0.745966 0.40435800000000005 0.7474700000000001 0.399967 0.749564 0.395575 0.751068 0.391192 0.752564 0.3868 0.7537689999999999 0.382417 0.754966 0.377733 0.7561709999999999 0.373342 0.757368 0.368958 0.759171 0.364858 0.760966 0.360475 0.76247 0.35608300000000004 0.763368 0.3517 0.763368 0.347017 0.763368 0.342333 0.758564 0.34350800000000004 0.757368 0.347892 0.755564 0.352283 0.75347 0.356375 0.751966 0.361058
0 0.763667 0.40435800000000005 0.7603679999999999 0.407575 0.757368 0.41137499999999994 0.754667 0.41517499999999996 0.7516670000000001 0.41869199999999995 0.748966 0.422492 0.746265 0.42658300000000005 0.743564 0.430392 0.741162 0.434483 0.7396670000000001 0.438875 0.738462 0.443258 0.738162 0.44765 0.7372650000000001 0.45204199999999994 0.7372650000000001 0.456717 0.739368 0.452333 0.7414620000000001 0.448233 0.743265 0.444142 0.74447 0.43975 0.746265 0.435367 0.748966 0.431558 0.752564 0.42834199999999995 0.755564 0.42454200000000003 0.759171 0.42132500000000006 0.763068 0.41869199999999995 0.766068 0.41433299999999995 0.770274 0.412542 0.7735730000000001 0.40932500000000005 0.776872 0.40610799999999997 0.779872 0.402308 0.782872 0.3988 0.784974 0.3947 0.779872 0.387975 0.773872 0.3947 0.7699659999999999 0.397625 0.766667 0.40084200000000003 0.763667 0.40435800000000005
0 0.724667 0.270667 0.720462 0.272708 0.716863 0.275642 0.713863 0.27915 0.7111620000000001 0.28295 0.70906 0.28704999999999997 0.706359 0.29085 0.703957 0.29464999999999997 0.7015640000000001 0.298458 0.6991620000000001 0.302258 0.697658 0.306942 0.695863 0.311033 0.695256 0.31571699999999997 0.6949569999999999 0.31629999999999997 0.695256 0.32069200000000003 0.698256 0.317175 0.699462 0.312792 0.7015640000000001 0.308692 0.703957 0.3046 0.706658 0.3005 0.709359 0.2967 0.712658 0.293483 0.715966 0.290267 0.718966 0.28675 0.721966 0.28295 0.724966 0.279442 0.728564 0.276225 0.7324620000000001 0.273883 0.736966 0.2733 0.7414620000000001 0.272708 0.745667 0.272708 0.742667 0.268033 0.738162 0.26745 0.733368 0.26745 0.728863 0.26890800000000004 0.724667 0.270667
0 0.593248 0.226492 0.596248 0.230292 0.59865 0.23526699999999998 0.600145 0.239658 0.60165 0.244042 0.6037440000000001 0.248142 0.605248 0.252525 0.60765 0.256625 0.610051 0.261008 0.612145 0.265108 0.614248 0.2692 0.616949 0.27300800000000003 0.619051 0.2771 0.619949 0.28149199999999996 0.622051 0.27739199999999997 0.623248 0.27300800000000003 0.622949 0.268617 0.62235 0.26422500000000004 0.620547 0.259842 0.618752 0.25545 0.61635 0.25165000000000004 0.6145470000000001 0.24755 0.613051 0.242875 0.611248 0.23877500000000002 0.608846 0.234975 0.607051 0.230883 0.6043499999999999 0.227075 0.60165 0.22327499999999997 0.5977439999999999 0.22035 0.593846 0.21742499999999998 0.5899490000000001 0.214792 0.586043 0.21186699999999997 0.581547 0.2104 0.577043 0.20952500000000002 0.573744 0.212742 0.573744 0.214208 0.575248 0.221225 0.5800430000000001 0.221225 0.585744 0.221225 0.590248 0.222392 0.593248 0.226492
0 0.494829 0.220642 0.495735 0.22502499999999998 0.49753 0.22912499999999997 0.49873500000000004 0.233508 0.500838 0.23760799999999999 0.503538 0.24169999999999997 0.506538 0.245508 0.5095379999999999 0.249308 0.5125379999999999 0.25281699999999996 0.517034 0.254283 0.521239 0.252525 0.520333 0.248142 0.5167349999999999 0.24521700000000002 0.5137349999999999 0.24169999999999997 0.511333 0.23760799999999999 0.509838 0.233217 0.5089319999999999 0.228833 0.5089319999999999 0.22415 0.5089319999999999 0.219467 0.508034 0.214792 0.506838 0.2104 0.5059319999999999 0.20601699999999998 0.503538 0.20191699999999999 0.499333 0.19928300000000002 0.49393200000000004 0.201625 0.49393200000000004 0.206892 0.494231 0.21128300000000003 0.49452999999999997 0.215958 0.494829 0.220642
0 0.433026 0.2262 0.436923 0.22854199999999997 0.440829 0.231175 0.444726 0.23410000000000003 0.448325 0.23702499999999999 0.45193199999999994 0.240242 0.45523100000000005 0.243458 0.45823099999999994 0.246967 0.460932 0.250775 0.465128 0.253108 0.46933299999999994 0.255158 0.47352999999999995 0.256917 0.47803399999999996 0.257208 0.476231 0.253108 0.471726 0.251358 0.46753 0.2496 0.46393199999999996 0.24667500000000003 0.460325 0.243458 0.457632 0.239658 0.454932 0.235558 0.45193199999999994 0.23205 0.44862399999999997 0.22854199999999997 0.44532499999999997 0.22502499999999998 0.44112799999999996 0.22298300000000001 0.436923 0.220642 0.432726 0.218883 0.428222 0.21800799999999998 0.423726 0.217717 0.41892300000000005 0.217717 0.41472600000000004 0.219767 0.41412000000000004 0.224733 0.418624 0.22444199999999997 0.423726 0.22444199999999997 0.42852100000000004 0.224733 0.433026 0.2262
0 0.357274 0.269317 0.368316 0.284142 0.374154 0.290442 0.379359 0.292883 0.387274 0.29105 0.38665 0.285567 0.377068 0.284142 0.367692 0.26975 0.356752 0.255417 0.349487 0.255667 0.34935900000000003 0.259967 0.357274 0.269317
0 0.343103 0.30473300000000003 0.340675 0.30355 0.33841899999999997 0.302025 0.33598300000000003 0.300667 0.333906 0.298975 0.33164099999999996 0.297625 0.329214 0.296267 0.326786 0.295083 0.32453 0.293558 0.32226499999999997 0.291867 0.320009 0.290508 0.317581 0.28915799999999997 0.31532499999999997 0.2878 0.31288900000000003 0.28645 0.310462 0.285092 0.308205 0.283742 0.30594899999999997 0.282383 0.302821 0.28136700000000003 0.300214 0.280858 0.297615 0.280692 0.29500899999999997 0.280858 0.292581 0.28205 0.290316 0.283567 0.288239 0.285267 0.28719700000000004 0.286617 0.289803 0.28645 0.292402 0.28559999999999997 0.29517899999999997 0.28559999999999997 0.29795699999999997 0.28559999999999997 0.301085 0.28559999999999997 0.30351300000000003 0.286783 0.305778 0.288308 0.308205 0.289325 0.310462 0.291192 0.312718 0.29254199999999997 0.314974 0.2939 0.31706 0.29559199999999997 0.31931600000000004 0.296942 0.321573 0.2983 0.324009 0.299483 0.32626499999999997 0.300842 0.328692 0.302192 0.331299 0.303717 0.333385 0.305408 0.33564099999999997 0.306933 0.337726 0.30862500000000004 0.34015399999999996 0.309808 0.34241 0.31133299999999997 0.344667 0.312692 0.34727399999999997 0.31320000000000003 0.34988 0.313708 0.352658 0.313708 0.354915 0.31235 0.355085 0.309808 0.353171 0.307775 0.35057299999999997 0.307608 0.347966 0.306933 0.345538 0.30575 0.343103 0.30473300000000003