0 0.240808 0.6036330000000001 0.23486500000000002 0.6140749999999999 0.23268499999999998 0.621275 0.234024 0.626192 0.237172 0.626917 0.241902 0.6248750000000001 0.241776 0.6201920000000001 0.24287 0.6137170000000001 0.249411 0.597275 0.260926 0.577833 0.26408200000000004 0.570033 0.26395599999999997 0.562592 0.26069 0.566792 0.250749 0.58455 0.240808 0.6036330000000001
0 0.290429 0.610475 0.287525 0.607117 0.287643 0.61155 0.286313 0.61755 0.282071 0.635075 0.278308 0.650917 0.27686 0.659433 0.275648 0.6654329999999999 0.274916 0.6739499999999999 0.274916 0.677792 0.279285 0.6819919999999999 0.282071 0.6773170000000001 0.281221 0.665917 0.288005 0.6355500000000001 0.291886 0.6191169999999999 0.290429 0.610475
0 0.3383 0.6865 0.3383 0.692167 0.33821500000000004 0.7015830000000001 0.33771 0.720917 0.33779499999999996 0.7292500000000001 0.338552 0.733167 0.342677 0.736167 0.34697 0.737417 0.347727 0.735583 0.344024 0.731583 0.34368699999999996 0.70525 0.344192 0.681917 0.34234 0.672417 0.33922599999999997 0.664667 0.330387 0.659333 0.32769400000000004 0.66075 0.333165 0.666417 0.336532 0.6703330000000001 0.337626 0.678167 0.3383 0.6865
0 0.410236 0.7180329999999999 0.406801 0.707133 0.401549 0.700233 0.39528599999999997 0.698733 0.389428 0.698733 0.391448 0.700033 0.397003 0.7039329999999999 0.40033700000000005 0.707533 0.403165 0.713133 0.40437700000000004 0.7201329999999999 0.404478 0.725333 0.40579099999999996 0.731533 0.407003 0.738833 0.407003 0.744533 0.40801299999999996 0.752633 0.41104399999999996 0.757533 0.414882 0.760533 0.41740700000000003 0.7581330000000001 0.414882 0.753933 0.414579 0.744533 0.411852 0.731333 0.410236 0.7180329999999999
0 0.539613 0.846308 0.539175 0.851342 0.541498 0.8540829999999999 0.5449919999999999 0.8540829999999999 0.546305 0.852642 0.546305 0.8486079999999999 0.546305 0.8452999999999999 0.546591 0.83925 0.5611360000000001 0.8021 0.562012 0.792883 0.559242 0.789858 0.556481 0.79115 0.557062 0.794467 0.5451349999999999 0.826867 0.5425169999999999 0.83565 0.539613 0.846308
0 0.477264 0.756208 0.479007 0.765892 0.48005899999999996 0.775908 0.48040399999999994 0.77885 0.48389699999999997 0.779883 0.48511800000000005 0.7771250000000001 0.48563999999999996 0.768133 0.48563999999999996 0.760875 0.48441900000000004 0.751375 0.479007 0.736683 0.474992 0.730292 0.467837 0.72165 0.46050500000000005 0.719058 0.45404900000000004 0.720442 0.45457099999999995 0.722858 0.461557 0.7249329999999999 0.469588 0.730117 0.473771 0.7436 0.477264 0.756208
0 0.20968900000000001 0.482775 0.211313 0.477825 0.215286 0.474908 0.21867 0.472 0.222938 0.46835000000000004 0.22720500000000002 0.465442 0.232652 0.46194199999999996 0.238241 0.45786699999999997 0.243249 0.454075 0.249579 0.44984999999999997 0.252668 0.445767 0.254722 0.441108 0.254436 0.43892499999999995 0.25192800000000004 0.439358 0.24766 0.440817 0.243981 0.44475 0.238241 0.45043300000000003 0.21587499999999998 0.467042 0.208805 0.473158 0.20380500000000001 0.47971700000000006 0.20424199999999998 0.48715 0.20822400000000002 0.487875 0.209545 0.485108 0.20968900000000001 0.482775
0 0.23285399999999998 0.410683 0.24367 0.40613299999999997 0.25415 0.40242500000000003 0.260194 0.397867 0.266667 0.390875 0.266237 0.387667 0.26112799999999997 0.390783 0.255598 0.395933 0.24937700000000002 0.398717 0.238476 0.402342 0.225699 0.405458 0.218628 0.4079 0.215648 0.41321700000000006 0.21888899999999997 0.413892 0.22314799999999999 0.412542 0.23285399999999998 0.410683
0 0.27407400000000004 0.348 0.279966 0.348 0.284848 0.34775 0.28939400000000004 0.346583 0.294024 0.344667 0.297391 0.34325 0.30075799999999997 0.339833 0.303535 0.3355 0.302441 0.33425 0.300084 0.337583 0.296717 0.340917 0.293519 0.342417 0.288636 0.343 0.282997 0.342833 0.277441 0.342167 0.272727 0.34191699999999997 0.266667 0.34191699999999997 0.262795 0.34191699999999997 0.258502 0.341833 0.25362 0.341833 0.251599 0.342083 0.249327 0.343917 0.250337 0.34750000000000003 0.254714 0.346833 0.261111 0.34675 0.268434 0.347833 0.27407400000000004 0.348
0 0.30101900000000004 0.27902499999999997 0.307753 0.280275 0.318687 0.281417 0.329638 0.28352499999999997 0.342677 0.285833 0.350337 0.28641700000000003 0.355387 0.28625 0.35851 0.285608 0.359352 0.28360799999999997 0.358005 0.281692 0.347399 0.281108 0.339318 0.279942 0.322146 0.276858 0.309184 0.274525 0.30059800000000003 0.273192 0.292348 0.274025 0.289234 0.277108 0.289402 0.279775 0.29319 0.280358 0.30101900000000004 0.27902499999999997
0 0.338788 0.226042 0.340219 0.229792 0.346869 0.236042 0.35537 0.242458 0.37170000000000003 0.257625 0.38298 0.265292 0.390387 0.267042 0.396785 0.266542 0.398721 0.265292 0.39569 0.260792 0.390471 0.259708 0.37936000000000003 0.254208 0.363367 0.24054199999999998 0.345354 0.22562500000000002 0.343165 0.22420800000000002 0.340471 0.224375 0.338788 0.226042
0 0.44744900000000004 0.239683 0.454099 0.24434999999999998 0.459318 0.247267 0.462938 0.24634999999999999 0.462854 0.24418299999999998 0.454184 0.2371 0.447365 0.2311 0.440547 0.22285 0.43516000000000005 0.21484999999999999 0.43112000000000006 0.21026699999999998 0.42665800000000004 0.208183 0.424049 0.208433 0.423207 0.21201699999999998 0.42943600000000004 0.21726700000000002 0.43440200000000007 0.225433 0.44071499999999997 0.23351700000000003 0.44744900000000004 0.239683
0 0.548662 0.239875 0.5416920000000001 0.231075 0.519066 0.200775 0.514217 0.194275 0.51149 0.18867499999999998 0.507449 0.184375 0.503409 0.18327500000000002 0.501288 0.184375 0.501692 0.187475 0.540152 0.237917 0.548569 0.245917 0.5504800000000001 0.244975 0.548662 0.239875
0 0.602542 0.266375 0.601785 0.261042 0.5957239999999999 0.239292 0.591852 0.22054200000000002 0.5875589999999999 0.207208 0.5857910000000001 0.204875 0.582508 0.205375 0.581414 0.20779200000000003 0.587475 0.22937500000000002 0.593872 0.255792 0.600421 0.266583 0.602542 0.266375
0 0.644209 0.294292 0.646145 0.294458 0.647239 0.293458 0.647239 0.28770799999999996 0.647828 0.280375 0.65271 0.253375 0.6550670000000001 0.242125 0.655741 0.23770799999999997 0.6517850000000001 0.233458 0.6504380000000001 0.23512499999999997 0.6474070000000001 0.251375 0.641768 0.27879200000000004 0.640926 0.289042 0.644209 0.294292
0 0.684924 0.326892 0.685732 0.332592 0.6884680000000001 0.33675 0.690572 0.3365 0.690076 0.33439199999999997 0.688056 0.32879200000000003 0.6889649999999999 0.325992 0.699874 0.304492 0.7019949999999999 0.29899200000000004 0.7028030000000001 0.282992 0.702197 0.279392 0.7003790000000001 0.275792 0.699167 0.274592 0.696641 0.27479200000000004 0.6953280000000001 0.276592 0.6970449999999999 0.287192 0.696641 0.29809199999999997 0.690682 0.309192 0.684924 0.326892
0 0.729773 0.394492 0.727753 0.401992 0.727854 0.407592 0.7298739999999999 0.408992 0.7298739999999999 0.40639200000000003 0.729975 0.40289200000000003 0.731591 0.40109199999999995 0.734621 0.398292 0.7430049999999999 0.379492 0.748864 0.367892 0.751288 0.362692 0.7517929999999999 0.34999199999999997 0.750985 0.347192 0.7480559999999999 0.346992 0.7468429999999999 0.347592 0.746237 0.358692 0.746338 0.363092 0.7357319999999999 0.381392 0.729773 0.394492
0 0.757854 0.42809200000000003 0.753106 0.430492 0.748359 0.43279199999999995 0.7449239999999999 0.43519199999999997 0.7410859999999999 0.437592 0.738056 0.44129199999999996 0.73654 0.44519200000000003 0.735429 0.449592 0.736338 0.453792 0.738056 0.458292 0.74048 0.458292 0.739975 0.45399200000000006 0.739975 0.44899199999999995 0.741894 0.445892 0.744823 0.442492 0.7471460000000001 0.44149200000000005 0.753106 0.43989200000000006 0.7618940000000001 0.43609200000000004 0.770177 0.430092 0.779268 0.423992 0.783207 0.42079199999999994 0.784924 0.419092 0.784924 0.41539200000000004 0.784015 0.41359199999999996 0.781389 0.41279199999999994 0.7779550000000001 0.41699200000000003 0.770177 0.42199200000000003 0.763106 0.42549200000000004 0.757854 0.42809200000000003
0 0.756987 0.520042 0.771296 0.516958 0.778367 0.514875 0.783249 0.5127919999999999 0.788889 0.5092920000000001 0.792845 0.506042 0.794697 0.501958 0.794697 0.497708 0.794697 0.494208 0.79335 0.493542 0.792172 0.49437499999999995 0.790657 0.49670800000000004 0.78931 0.499625 0.786616 0.502542 0.7841750000000001 0.505208 0.781145 0.5067079999999999 0.775758 0.507125 0.770118 0.509375 0.765825 0.511292 0.761279 0.512708 0.755135 0.513708 0.750926 0.516 0.746212 0.518 0.738552 0.522208 0.734343 0.527875 0.733754 0.536208 0.7356900000000001 0.5377919999999999 0.739815 0.5299579999999999 0.7425930000000001 0.5247080000000001 0.746886 0.522292 0.756987 0.520042
0 0.727205 0.5907 0.715842 0.5932000000000001 0.713569 0.59645 0.712727 0.6002 0.713485 0.60145 0.7152529999999999 0.6002 0.715589 0.598283 0.717525 0.596617 0.7207239999999999 0.59745 0.7267 0.59795 0.732256 0.5967 0.747155 0.594033 0.756246 0.5930329999999999 0.763316 0.59145 0.770219 0.589617 0.773754 0.586533 0.775101 0.582533 0.77367 0.5782 0.771818 0.57795 0.770556 0.580033 0.770051 0.582283 0.764832 0.58495 0.7478279999999999 0.587533 0.727205 0.5907
0 0.668729 0.6697919999999999 0.673779 0.6697919999999999 0.68681 0.669492 0.69479 0.668392 0.7069110000000001 0.6666920000000001 0.722365 0.663792 0.7386280000000001 0.659592 0.745901 0.653592 0.7471129999999999 0.650692 0.744386 0.647292 0.742264 0.649892 0.7386280000000001 0.652992 0.7267089999999999 0.657492 0.712163 0.659992 0.6926680000000001 0.663292 0.67085 0.663792 0.667921 0.664892 0.666507 0.669292 0.668729 0.6697919999999999
0 0.614116 0.706483 0.617559 0.707233 0.631372 0.7098169999999999 0.64888 0.71165 0.6707069999999999 0.7126669999999999 0.681111 0.712983 0.6913050000000001 0.71315 0.695345 0.711317 0.698628 0.709067 0.7004710000000001 0.7059 0.700732 0.702233 0.699049 0.70065 0.6958420000000001 0.702817 0.6921459999999999 0.7061499999999999 0.686338 0.7079 0.6679039999999999 0.707317 0.649158 0.7055830000000001 0.638182 0.704483 0.6275839999999999 0.7018169999999999 0.619167 0.70015 0.6158 0.70165 0.612685 0.704817 0.614116 0.706483
0 0.25303 0.5077499999999999 0.249747 0.510275 0.244276 0.516775 0.238636 0.526358 0.23013499999999998 0.5362750000000001 0.221128 0.547775 0.219108 0.551775 0.219192 0.555608 0.220202 0.5576920000000001 0.222811 0.557275 0.234091 0.5419419999999999 0.24385500000000002 0.527942 0.251263 0.516192 0.25303 0.5077499999999999
0 0.571726 0.732217 0.578712 0.736883 0.5860350000000001 0.7408 0.593527 0.7453000000000001 0.60564 0.751833 0.615412 0.7553829999999999 0.6243350000000001 0.7583 0.632921 0.760217 0.63915 0.7582169999999999 0.639318 0.753383 0.632584 0.753633 0.624167 0.751633 0.617096 0.7498 0.604554 0.74605 0.595547 0.740633 0.587887 0.736717 0.58048 0.732383 0.57383 0.727633 0.566254 0.72855 0.5653279999999999 0.731717 0.566086 0.7318 0.571726 0.732217