0 0.390883 0.294634 0.392283 0.295847 0.394283 0.294431 0.396783 0.293218 0.398083 0.291904 0.39848300000000003 0.288568 0.39848300000000003 0.285737 0.397283 0.284625 0.394983 0.284827 0.392683 0.286849 0.391983 0.28735499999999997 0.389683 0.28634400000000004 0.372483 0.265821 0.359283 0.250455 0.349883 0.239739 0.342783 0.232965 0.337383 0.23478500000000002 0.338283 0.237515 0.35468299999999997 0.253488 0.371683 0.2731 0.385783 0.289579 0.390883 0.294634
0 0.317283 0.308484 0.32588300000000003 0.31283099999999997 0.334183 0.315965 0.34108299999999997 0.316369 0.344283 0.315965 0.347783 0.314853 0.35068299999999997 0.30949499999999996 0.351783 0.30716899999999997 0.34808300000000003 0.30605699999999997 0.344783 0.311618 0.33791699999999997 0.312131 0.325383 0.306462 0.3155 0.301095 0.306983 0.296049 0.299983 0.29342 0.294583 0.293218 0.291483 0.295847 0.29018299999999997 0.297767 0.291483 0.300093 0.295783 0.298172 0.303283 0.30130599999999996 0.310183 0.30535 0.317283 0.308484
0 0.284683 0.359638 0.290583 0.360649 0.296083 0.36115400000000003 0.299883 0.360143 0.303483 0.357717 0.305883 0.354785 0.305783 0.35296500000000003 0.303383 0.354179 0.300883 0.356201 0.294883 0.355998 0.290883 0.35519 0.282883 0.35246 0.277183 0.351045 0.268183 0.349528 0.25975000000000004 0.34642 0.251483 0.342654 0.24548299999999998 0.34164300000000003 0.24148299999999998 0.34326 0.242083 0.34679899999999997 0.253083 0.34983200000000003 0.26648299999999997 0.354987 0.277083 0.358121 0.284683 0.359638
0 0.25438299999999997 0.432831 0.260183 0.43465 0.269283 0.435055 0.272183 0.431921 0.273083 0.427372 0.27298300000000003 0.423328 0.271783 0.423328 0.26938300000000004 0.42767499999999997 0.267783 0.429798 0.265183 0.43050499999999997 0.25888300000000003 0.42767499999999997 0.252083 0.42706799999999995 0.24548299999999998 0.42565299999999995 0.23878300000000002 0.42393400000000003 0.231883 0.42120499999999994 0.22578299999999998 0.418374 0.219583 0.41786899999999993 0.209583 0.41736300000000004 0.20438299999999998 0.41736300000000004 0.20648300000000003 0.42181100000000005 0.219483 0.42322699999999996 0.23278300000000002 0.42727000000000004 0.243683 0.430708 0.25438299999999997 0.432831
0 0.20838299999999998 0.500261 0.20608300000000002 0.49833999999999995 0.202683 0.49611599999999995 0.199583 0.49338699999999996 0.19448300000000002 0.49136499999999994 0.190583 0.489848 0.187283 0.488736 0.183083 0.48863500000000004 0.178083 0.48863500000000004 0.172083 0.48863500000000004 0.168083 0.488736 0.163283 0.49035399999999996 0.161083 0.491061 0.155283 0.492174 0.151883 0.49278000000000005 0.144283 0.49278000000000005 0.139783 0.49278000000000005 0.136683 0.499048 0.14338299999999998 0.499958 0.148283 0.49844099999999997 0.152783 0.49783499999999997 0.158083 0.49722799999999995 0.163183 0.49591399999999997 0.166983 0.49480199999999996 0.172883 0.49389200000000005 0.176583 0.49368999999999996 0.180783 0.493993 0.186983 0.4946 0.19648300000000002 0.49844099999999997 0.202883 0.502283 0.20448300000000003 0.503597 0.206983 0.502991 0.20838299999999998 0.500261
0 0.245083 0.570935 0.254408 0.5605979999999999 0.25924200000000003 0.5572280000000001 0.262742 0.5515 0.26324200000000003 0.545013 0.26090800000000003 0.547119 0.257242 0.5522579999999999 0.25424199999999997 0.555628 0.252492 0.557481 0.249492 0.55984 0.246575 0.562115 0.244242 0.564389 0.239825 0.568854 0.234408 0.573741 0.230742 0.576605 0.228158 0.579385 0.225575 0.5825859999999999 0.222992 0.585703 0.22115800000000002 0.589326 0.220742 0.593538 0.221075 0.597161 0.22265799999999997 0.597414 0.22599200000000003 0.59556 0.227658 0.5910110000000001 0.231325 0.585872 0.236492 0.5805640000000001 0.245083 0.570935
0 0.292767 0.637195 0.2941 0.631297 0.29285 0.626495 0.29185 0.629191 0.290767 0.6329819999999999 0.288267 0.636184 0.2831 0.6413230000000001 0.279933 0.643513 0.276683 0.645282 0.2726 0.647725 0.2701 0.649495 0.267183 0.651011 0.262683 0.652949 0.261933 0.653454 0.261517 0.657245 0.265017 0.658593 0.27535 0.651685 0.283683 0.646209 0.28985 0.640649 0.292767 0.637195
0 0.3205 0.669899 0.31725 0.674111 0.315333 0.680345 0.314083 0.6862429999999999 0.312417 0.69214 0.311167 0.6969420000000001 0.30899200000000004 0.701323 0.30616699999999997 0.705788 0.304333 0.709663 0.303417 0.714886 0.305583 0.719183 0.30815800000000004 0.719183 0.316 0.700143 0.321417 0.681188 0.321658 0.674532 0.3205 0.669899
0 0.37816700000000003 0.7440610000000001 0.38083300000000003 0.738837 0.382417 0.73412 0.382833 0.729823 0.382833 0.726537 0.382 0.721904 0.380583 0.718281 0.37816700000000003 0.714322 0.37566700000000003 0.7123 0.37225 0.711794 0.372833 0.71449 0.376 0.71727 0.378083 0.7206400000000001 0.37766700000000003 0.72519 0.374917 0.731424 0.373583 0.735215 0.371417 0.743302 0.37033299999999997 0.7465040000000001 0.368583 0.750463 0.365667 0.754254 0.364 0.756529 0.362917 0.7586350000000001 0.36225 0.761668 0.3645 0.764364 0.367083 0.764532 0.37025 0.759225 0.373583 0.753412 0.375833 0.7484409999999999 0.37816700000000003 0.7440610000000001
0 0.43691700000000006 0.7512220000000001 0.434917 0.74524 0.43183299999999997 0.7404379999999999 0.427417 0.737237 0.424333 0.7366469999999999 0.425333 0.7395959999999999 0.42824999999999996 0.741618 0.43150000000000005 0.748357 0.431667 0.752991 0.432333 0.759056 0.4325 0.763521 0.433083 0.769671 0.43358299999999994 0.77481 0.43366699999999997 0.780034 0.43375 0.782898 0.435083 0.786942 0.435917 0.788964 0.43825000000000003 0.79107 0.4405 0.7909010000000001 0.4425 0.787532 0.439917 0.7831509999999999 0.43949999999999995 0.769756 0.439333 0.759141 0.43691700000000006 0.7512220000000001
0 0.517192 0.796108 0.514392 0.786504 0.512192 0.777304 0.510792 0.771643 0.508392 0.7667900000000001 0.504892 0.761028 0.501892 0.757186 0.49819199999999997 0.754356 0.49359200000000003 0.752839 0.48799200000000004 0.7529399999999999 0.486492 0.75476 0.49059200000000003 0.754052 0.496092 0.7556700000000001 0.49979199999999996 0.759916 0.507092 0.7814490000000001 0.5106919999999999 0.79722 0.5135919999999999 0.799949 0.516892 0.799949 0.517192 0.796108
0 0.580317 0.743193 0.5819829999999999 0.745552 0.584233 0.750354 0.585817 0.753892 0.5871500000000001 0.758189 0.588067 0.7622329999999999 0.588317 0.767035 0.588317 0.772679 0.5879 0.776302 0.586317 0.780935 0.58415 0.785147 0.582233 0.7880119999999999 0.581483 0.7902020000000001 0.5813170000000001 0.7927299999999999 0.5824830000000001 0.795088 0.584483 0.795341 0.587067 0.7939930000000001 0.590483 0.789107 0.592067 0.785737 0.59315 0.780767 0.59465 0.775965 0.594983 0.767877 0.594983 0.763833 0.594983 0.759368 0.59465 0.756672 0.592483 0.75187 0.5899829999999999 0.747826 0.587483 0.744541 0.583817 0.741255 0.579817 0.740244 0.5759000000000001 0.7396550000000001 0.572567 0.73957 0.568817 0.740076 0.565817 0.74075 0.5644 0.7419290000000001 0.564567 0.7434459999999999 0.567317 0.742435 0.5705669999999999 0.742435 0.5753999999999999 0.742013 0.580317 0.743193
0 0.62415 0.741845 0.6269 0.744794 0.630817 0.749174 0.634483 0.753724 0.637733 0.757599 0.64065 0.7607999999999999 0.64315 0.7634960000000001 0.64515 0.765939 0.6470670000000001 0.767709 0.649567 0.7674559999999999 0.6512330000000001 0.767119 0.65215 0.76476 0.650567 0.762401 0.648067 0.758694 0.6444 0.754819 0.641483 0.752039 0.6382329999999999 0.7485850000000001 0.634317 0.743951 0.630733 0.738981 0.622233 0.731483 0.61765 0.728871 0.614483 0.727944 0.6098169999999999 0.7272700000000001 0.6069829999999999 0.727186 0.604067 0.72904 0.60215 0.730725 0.6049 0.731904 0.610483 0.7302190000000001 0.613567 0.731483 0.617567 0.735527 0.62415 0.741845
0 0.653975 0.701837 0.6502749999999999 0.703454 0.651575 0.706184 0.656475 0.707902 0.663975 0.709419 0.670175 0.710025 0.678575 0.711946 0.685075 0.713968 0.692375 0.7162930000000001 0.700167 0.717776 0.704083 0.716091 0.701917 0.712384 0.689875 0.7096210000000001 0.673175 0.704162 0.662975 0.702342 0.653975 0.701837
0 0.721325 0.638719 0.713658 0.638214 0.706992 0.64032 0.702825 0.642595 0.699325 0.6467229999999999 0.695908 0.652199 0.693908 0.656917 0.694575 0.6583490000000001 0.699075 0.651778 0.7029080000000001 0.647818 0.708158 0.644111 0.713658 0.6428480000000001 0.7198249999999999 0.644111 0.7261580000000001 0.645375 0.7322420000000001 0.648829 0.736908 0.652283 0.7428250000000001 0.655653 0.748992 0.659949 0.752825 0.662982 0.757575 0.6677839999999999 0.7624920000000001 0.668121 0.7664920000000001 0.665594 0.755658 0.6575059999999999 0.7416579999999999 0.646891 0.732658 0.642426 0.721325 0.638719
0 0.7487079999999999 0.579773 0.742792 0.580581 0.7380829999999999 0.582805 0.733475 0.5862510000000001 0.730575 0.5893930000000001 0.728367 0.594052 0.726567 0.598602 0.7276670000000001 0.601946 0.729175 0.598602 0.731375 0.595569 0.734083 0.591618 0.736883 0.5883740000000001 0.741792 0.586049 0.7462 0.5859479999999999 0.753108 0.5859479999999999 0.760825 0.586655 0.766033 0.587869 0.7698419999999999 0.589596 0.773242 0.5896969999999999 0.77415 0.587161 0.767933 0.582906 0.7620250000000001 0.580379 0.757117 0.579773 0.7487079999999999 0.579773
0 0.761483 0.522342 0.756875 0.52599 0.752267 0.529427 0.7479669999999999 0.533075 0.743858 0.537633 0.74175 0.541685 0.74025 0.546546 0.73995 0.54989 0.73845 0.554743 0.74005 0.559806 0.74065 0.556773 0.743358 0.5523170000000001 0.744158 0.546647 0.745958 0.541988 0.748167 0.538037 0.751067 0.534794 0.756775 0.53166 0.7619830000000001 0.528517 0.7681 0.525484 0.7722 0.5227459999999999 0.7781170000000001 0.519099 0.7832250000000001 0.51647 0.786425 0.515156 0.788433 0.512822 0.788133 0.509377 0.785925 0.506849 0.7792169999999999 0.51262 0.772508 0.516268 0.766292 0.519301 0.761483 0.522342
0 0.745558 0.451601 0.7401500000000001 0.45666399999999996 0.73785 0.461626 0.736642 0.46952 0.73795 0.476209 0.73925 0.478029 0.7404499999999999 0.477018 0.7401500000000001 0.47246 0.7401500000000001 0.468104 0.74205 0.463345 0.7442580000000001 0.45939300000000005 0.747767 0.455746 0.7519669999999999 0.45291499999999996 0.756975 0.449874 0.760883 0.44805400000000006 0.765692 0.446234 0.7711 0.44420400000000004 0.776808 0.444406 0.780217 0.444406 0.786725 0.444406 0.789533 0.444406 0.792142 0.44319300000000006 0.7937420000000001 0.441373 0.792142 0.43883700000000003 0.789933 0.436816 0.774008 0.437624 0.762183 0.441373 0.7549750000000001 0.44561900000000004 0.745558 0.451601
0 0.7205 0.406807 0.721467 0.41761600000000004 0.7251920000000001 0.42527400000000004 0.7271080000000001 0.42491199999999996 0.7268749999999999 0.42247700000000005 0.725308 0.41761600000000004 0.725308 0.413976 0.725308 0.408382 0.727475 0.404617 0.7336 0.395501 0.7379330000000001 0.389545 0.7421420000000001 0.38481 0.745867 0.38104499999999997 0.74935 0.37788499999999997 0.752592 0.37593899999999997 0.7556 0.373631 0.759567 0.37059000000000003 0.761367 0.36743000000000003 0.759683 0.364398 0.742617 0.37727900000000003 0.734808 0.385661 0.724708 0.399874 0.7205 0.406807
0 0.6725920000000001 0.339596 0.673092 0.348281 0.6786 0.35663900000000004 0.686367 0.361028 0.6883670000000001 0.360438 0.686108 0.357228 0.681775 0.349301 0.679183 0.34246 0.678183 0.336049 0.6829419999999999 0.326765 0.685858 0.320017 0.688783 0.314954 0.693125 0.310564 0.696717 0.307523 0.70005 0.30567 0.703392 0.303732 0.702475 0.30102799999999996 0.6994670000000001 0.29959600000000003 0.697217 0.299427 0.687867 0.307523 0.679933 0.32035399999999997 0.6746749999999999 0.331154 0.6725920000000001 0.339596
0 0.6321920000000001 0.302797 0.632425 0.308147 0.633392 0.311786 0.637 0.31628500000000004 0.640358 0.317742 0.643367 0.31993299999999997 0.6456500000000001 0.320539 0.646617 0.31993299999999997 0.644692 0.318349 0.6418079999999999 0.31531600000000004 0.638558 0.310817 0.637958 0.306201 0.6372329999999999 0.300977 0.637842 0.295746 0.639283 0.29064 0.639642 0.28675700000000004 0.6404829999999999 0.28201299999999996 0.6406 0.278736 0.640725 0.272662 0.641925 0.26719499999999996 0.642408 0.26415299999999997 0.642408 0.26135600000000003 0.6413249999999999 0.25734599999999996 0.6394 0.255282 0.637717 0.254794 0.636275 0.25637699999999997 0.6372329999999999 0.26451600000000003 0.634108 0.279587 0.633033 0.29380799999999996 0.6321920000000001 0.302797
0 0.557283 0.262628 0.556708 0.274878 0.55945 0.282603 0.563917 0.287414 0.572433 0.288728 0.5779080000000001 0.288728 0.578775 0.286108 0.5747329999999999 0.282755 0.568825 0.281441 0.563483 0.27691699999999997 0.561758 0.27370700000000003 0.561758 0.266563 0.562908 0.258981 0.565217 0.253294 0.567958 0.245569 0.570408 0.23973 0.573442 0.23302399999999998 0.576467 0.22777599999999998 0.580075 0.22194600000000003 0.5832499999999999 0.217422 0.585992 0.21348799999999998 0.584975 0.211441 0.582242 0.21013500000000002 0.579642 0.20998299999999998 0.574017 0.220194 0.566225 0.237254 0.559883 0.25154200000000004 0.557283 0.262628
0 0.49208299999999994 0.25198 0.49511700000000003 0.260876 0.500742 0.271373 0.505067 0.27370700000000003 0.513142 0.273858 0.519783 0.272401 0.517908 0.270067 0.508967 0.269191 0.504058 0.26524899999999996 0.5004500000000001 0.25927500000000003 0.49727499999999997 0.24688300000000002 0.497133 0.24090099999999998 0.497133 0.23288099999999998 0.4967 0.22675700000000001 0.49684999999999996 0.21989899999999998 0.497567 0.214802 0.49857500000000005 0.21042100000000002 0.5000169999999999 0.205316 0.5000169999999999 0.20255299999999998 0.496125 0.19978100000000001 0.493525 0.200657 0.491367 0.21129699999999998 0.49150799999999994 0.22398500000000002 0.491367 0.23711000000000002 0.49208299999999994 0.25198
0 0.42919999999999997 0.24162599999999998 0.431792 0.24935999999999997 0.434967 0.25664699999999996 0.439433 0.264524 0.442467 0.269478 0.451267 0.272839 0.4566 0.271525 0.461075 0.269334 0.45934200000000003 0.267582 0.452567 0.267582 0.44635800000000003 0.26438100000000003 0.443475 0.257818 0.440017 0.248484 0.435542 0.239444 0.431792 0.232443 0.42919999999999997 0.22442299999999998 0.42760800000000004 0.21829800000000002 0.424725 0.21203 0.421117 0.20764999999999997 0.4178 0.20488599999999998 0.41535 0.208526 0.419817 0.215088 0.42400000000000004 0.222527 0.425875 0.23200500000000002 0.42919999999999997 0.24162599999999998