0 0.45300822656250006 0.77018663125 0.45737429531249996 0.77444604375 0.45973995468749995 0.7816002078125 0.46197464374999997 0.7860129859375 0.46567337656249996 0.79123395 0.4675693515625 0.796076040625 0.4695124203125 0.7947271859375 0.4717014234375 0.7942842375 0.46965445 0.7859339703125 0.46306319374999994 0.7753550390624999 0.4600450703125 0.7692563171875 0.45668904374999997 0.7675059203125 0.4501642921875 0.7645343015625 0.4409287703125 0.763232865625 0.446525109375 0.7668244765625001 0.45300822656250006 0.77018663125
0 0.5327236906249999 0.7996624671875 0.5289107093750001 0.8024365546875 0.528841503125 0.807390165625 0.5354296875 0.8073319187499999 0.5434814125 0.8044784375 0.5501589078125 0.7982867203125 0.5548152125 0.7914216328125 0.5559588468750001 0.78116374375 0.5535812078125 0.7728492921875 0.5510637140625 0.7744329765625 0.55143646875 0.78484291875 0.5487541890625 0.7894176703125 0.5460996625 0.792802040625 0.5423485625 0.79596683125 0.537398134375 0.7969433921875 0.5327236906249999 0.7996624671875
0 0.5670168703125 0.7583615640625 0.5646822703125001 0.76147896875 0.5756727828125 0.7671636015625001 0.5848019250000001 0.7726939015625 0.5903973609375 0.77306506875 0.5892694406250001 0.7675248921875 0.58132271875 0.7623837499999999 0.5746970109375 0.7594281234375 0.56879965 0.7579674296875 0.5670168703125 0.7583615640625
0 0.6531117421875 0.7554831906249999 0.6576070625 0.7551158203125 0.660854825 0.7546014265625 0.6615726343749999 0.7514037546875 0.6397778578125 0.7451308156249999 0.626686853125 0.7425192671875 0.6241219984375 0.7441828953125 0.626947453125 0.7480850421875 0.6354924828125 0.74992739375 0.6427208234374999 0.7512973265625 0.647596515625 0.7532727343750001 0.6531117421875 0.7554831906249999
0 0.7148016578124999 0.69315024375 0.7174376546875 0.690354559375 0.7122353640625 0.6860361359375 0.703928578125 0.6866780875 0.698795353125 0.689878609375 0.6999680625 0.69407460625 0.705527275 0.694811653125 0.7148016578124999 0.69315024375
0 0.7245797453125 0.6497411546875 0.7147155328125 0.6519844515625 0.707782490625 0.65639936875 0.706048603125 0.6610226124999999 0.7091196859375 0.66407760625 0.7197888859375 0.6614739593750001 0.7231556796875 0.6578494859374999 0.7332906671874999 0.6557868375 0.7520799765625 0.6508725484375 0.7699149671875001 0.6491851109375 0.7754746859375 0.6446524015625 0.7742617609375 0.640150234375 0.7695844593750001 0.6408910453125001 0.7573344328125 0.6428312593750001 0.7443975359375 0.6451131140624999 0.737575021875 0.6463054625 0.7306981078125 0.6479710937500001 0.7245797453125 0.6497411546875
0 0.7591357875 0.5602191671875 0.7560978125 0.565161759375 0.7571603484375 0.568766690625 0.7635454234375 0.56557694375 0.7764631203125 0.5615926265625 0.789671221875 0.5595006687499999 0.80504180625 0.5570662078125 0.8052451062499999 0.553717175 0.8056770359375 0.549420190625 0.8017783671875 0.5496930609375 0.7913293984374999 0.5513480140625 0.7781745421874999 0.5537761578125 0.769525625 0.5551460125000001 0.7591357875 0.5602191671875
0 0.7833816 0.4733391828125 0.776732 0.474865321875 0.7719155984375 0.4763091234375 0.766775521875 0.4796297421875 0.7623025234374999 0.4839996484375 0.7591754828124999 0.4883799125 0.7567790624999999 0.4934527078125 0.7580339453125 0.496690834375 0.7619332671875 0.4980033171875 0.7635811078125 0.4952347796875 0.7673653390624999 0.4887965484375 0.77254299375 0.48260953281249996 0.7863640953125001 0.47893851875 0.7987646515625 0.47719075625 0.8123311359375001 0.47812601718750003 0.8173536015625 0.47721876874999997 0.815878828125 0.47253350312500003 0.809068975 0.47076094843750005 0.8040736328125 0.46949372812499995 0.7987546171875 0.4701033265625 0.791443634375 0.47137407812500004 0.7833816 0.4733391828125
0 0.7522225734375 0.44306308281250006 0.7562401125 0.43967912499999995 0.75710651875 0.4350804765625 0.755547171875 0.4314424625 0.7563085968750001 0.42377645937499997 0.7588881187500001 0.4183372875 0.7606250578125 0.4153145421875 0.76347324375 0.4107549078125 0.76644054375 0.4053660859375 0.767397025 0.40132960625 0.766690428125 0.39686832656250004 0.7648879187500001 0.392459540625 0.7622934984375 0.39241406875 0.760071046875 0.40168892031250003 0.7563649546875 0.4109596953125 0.7526622546875 0.41943513593750004 0.75065748125 0.42387050000000004 0.7495164265625001 0.42908080625 0.74971651875 0.4357935140625 0.7501477046875 0.43927386874999996 0.7522225734375 0.44306308281250006
0 0.730274640625 0.3366170828125 0.71926601875 0.354941734375 0.7237074859375 0.35652125 0.734434053125 0.3411006796875 0.730274640625 0.3366170828125
0 0.6900268921875 0.29311398906249997 0.6879254984375 0.2845312125 0.683219721875 0.28651012656249997 0.6854067015624999 0.297377846875 0.6799182265625 0.31886531093750003 0.679467078125 0.329084928125 0.6837232328125 0.33074243281250004 0.6866748406250001 0.32232075625 0.6883127250000001 0.3121843203125 0.6899565578125 0.3020396984375 0.6900268921875 0.29311398906249997
0 0.6194021609375 0.25264315625 0.62642908125 0.29516026093750003 0.6325606140625 0.292819959375 0.624947225 0.25313406875 0.6194021609375 0.25264315625
0 0.562418234375 0.256590303125 0.5634124984375 0.2535568578125 0.5556905484375 0.21787043125 0.5531229578125 0.21004245312499997 0.5480915625 0.213722559375 0.555020846875 0.251866146875 0.562418234375 0.256590303125
0 0.48578449843750005 0.220435640625 0.4810026515625 0.2144724140625 0.475962259375 0.2115616765625 0.471849621875 0.20988247499999999 0.46887726250000006 0.2115868421875 0.4774889625 0.21749611406249997 0.483413 0.225064659375 0.4887347984375 0.23437821093750003 0.49407084687499997 0.2391556375 0.4971423671875 0.235241590625 0.49475464843749994 0.230404940625 0.4913072359375 0.2254639546875 0.48578449843750005 0.220435640625
0 0.39402511093750003 0.2168417109375 0.4026131609375 0.22674424062499998 0.42162629999999995 0.24072166093749997 0.43451058906249995 0.24954219375000003 0.43909585624999997 0.24625356250000002 0.4312941140625 0.238597434375 0.4106151984375 0.224883846875 0.3988706046875 0.21389581093749999 0.39402511093750003 0.2168417109375
0 0.3086082546875 0.3275717171875 0.2943959671875 0.32784504062500003 0.28275267187500003 0.3227760703125 0.273029753125 0.317796203125 0.273047890625 0.3219422171875 0.2772184375 0.3268162765625 0.2820755953125 0.33058912500000004 0.28964209531249996 0.331369425 0.3000940875 0.3342551015625 0.3101014890625 0.3356340203125 0.3086082546875 0.3275717171875
0 0.2201879046875 0.378278609375 0.20930706875 0.38047387499999996 0.2100398890625 0.385100725 0.2101909265625 0.3876878375 0.2210716015625 0.3854915625 0.23463795781250002 0.385713803125 0.2408230609375 0.382836184375 0.23694383281250003 0.3760966421875 0.2201879046875 0.378278609375
0 0.25276666875 0.45280230781249997 0.22509446562500002 0.47306869531249995 0.2299517984375 0.47798610625000004 0.2587856109375 0.460146775 0.25276666875 0.45280230781249997