0 0.27061768124999996 0.5952811390625 0.2722040765625 0.6072352125 0.27152863125 0.6165213765625001 0.271231484375 0.6219866656249999 0.27192586875 0.62957414375 0.27409457187499997 0.6363835703125 0.275025328125 0.6429978875 0.2753536 0.6456714484375 0.279929546875 0.6445136328125 0.2779492625 0.6274194234375 0.2773800875 0.6178054671875 0.27811315 0.6060119671875001 0.277016365625 0.5948425890625 0.2748717546875 0.587559203125 0.27130127656249997 0.5811525875 0.2687870578125 0.58334850625 0.27061768124999996 0.5952811390625
0 0.26077696562499997 0.5601058609375 0.257837565625 0.56678525 0.2477877875 0.5735291828125 0.23966630625000002 0.577178296875 0.2336278375 0.5807681671875 0.2279782890625 0.5841137671875 0.2255372859375 0.58808965 0.2276014890625 0.5912976875 0.232752753125 0.5906651921875 0.2417512 0.5873174546875 0.2527131171875 0.577819215625 0.2605633 0.571960546875 0.266678225 0.5638670109375 0.2668990671875 0.555482546875 0.26415583593749997 0.5535765078125 0.26077696562499997 0.5601058609375
0 0.284838028125 0.35552425312499997 0.2814933546875 0.352366634375 0.27151138750000003 0.35342244843750004 0.2661844515625 0.35255456875 0.26005302812500003 0.350922496875 0.25094872968750004 0.350509875 0.2432480171875 0.351632696875 0.242350571875 0.354289078125 0.2479881640625 0.35478879218750003 0.2536793328125 0.3571435078125 0.263085659375 0.361425903125 0.2732995421875 0.36084892812499997 0.2811319375 0.3593799171875 0.284838028125 0.35552425312499997
0 0.0971973484375 0.50840103125 0.0803135953125 0.5099582375 0.0813142828125 0.5195181421874999 0.0998187671875 0.5155553828125 0.139876721875 0.514027884375 0.1783143796875 0.5178077296875 0.20095149218750002 0.52335034375 0.2014651359375 0.516158165625 0.19899291875 0.51594585625 0.18045424999999998 0.5110833953125 0.1523771859375 0.5080606890625 0.1306940984375 0.505988453125 0.11169066093749999 0.5072975390625001 0.0971973484375 0.50840103125
0 0.3954446296875 0.7384416625 0.39287458750000004 0.7339425390625001 0.3925287515625 0.72867154375 0.39255615312500003 0.7231678171875 0.39220708437499996 0.71868863125 0.39164730468750003 0.7141295828125 0.39038820625000004 0.70878381875 0.3887948609375 0.704057965625 0.3860723828125 0.7032174109375 0.3841406859375 0.70472661875 0.3859406921875 0.7185683765624999 0.3899859328125 0.7375451046875 0.3920496625 0.7444656796875 0.395933059375 0.7482161265625 0.39921909843750003 0.7494862578125 0.400092425 0.74760823125 0.3995217921875 0.7429608 0.3954446296875 0.7384416625
0 0.23656057656249999 0.4204788828125 0.2152397359375 0.42275818750000005 0.20256322187500003 0.42313128750000006 0.1927535875 0.4212737125 0.189764690625 0.426740553125 0.1943548296875 0.4300848828125 0.20937801406249998 0.4318085625 0.21890022031249998 0.43131651406250004 0.23881975 0.43040119218750006 0.2405360140625 0.4259450359375 0.23656057656249999 0.4204788828125
0 0.546724715625 0.7625880703125001 0.5597194625 0.76659968125 0.56026735625 0.7651087234375 0.5376172953125 0.7515927062500001 0.5358242671875 0.75333480625 0.546724715625 0.7625880703125001
0 0.614321084375 0.7437863250000001 0.6182254421875 0.7443653484375 0.622191596875 0.74396808125 0.6243835390625 0.7417497875 0.6149768718749999 0.740946009375 0.606401134375 0.73576915 0.5986829171875 0.7338598421875 0.5952417484375 0.73481638125 0.5978350203125 0.737354953125 0.6033368125 0.7397948640625 0.608298396875 0.7423000390625 0.614321084375 0.7437863250000001
0 0.6594755140624999 0.7042337953125 0.663764234375 0.708691709375 0.6732458109375 0.7123336609375001 0.6796116234375 0.7106612984375 0.6787604765624999 0.7081854421875 0.6728414453125 0.70606376875 0.6659955375 0.70307758125 0.6614462859375 0.703190790625 0.6594755140624999 0.7042337953125
0 0.7079277578125 0.6774227453125 0.7050185124999999 0.679595609375 0.7059501906250001 0.6818308828124999 0.716328215625 0.6816246546875 0.7443192625 0.674129265625 0.7420757109375 0.6728026921875 0.74101864375 0.6713304359375 0.734424784375 0.67203325625 0.727628021875 0.6728677937499999 0.7199550593749999 0.6737031124999999 0.7122263890625 0.674972484375 0.7079277578125 0.6774227453125
0 0.743568071875 0.6251988500000001 0.7833029328125 0.5938328375 0.7815161265625 0.59199626875 0.7776450109375 0.5932459046874999 0.7665146625 0.598030240625 0.756306878125 0.6067598203125 0.7456157765625 0.6151215328124999 0.741527421875 0.6237405578125 0.743568071875 0.6251988500000001
0 0.796593165625 0.518568765625 0.786735934375 0.5221287515624999 0.7812946578125 0.524185296875 0.7770942921875 0.5283323453125 0.77680453125 0.5322128375 0.779863721875 0.532157625 0.784546121875 0.5310486828125 0.788667690625 0.5289405703125001 0.7923963765625001 0.5272011078125 0.7980803625 0.5253283671875 0.803596403125 0.52208780625 0.811920859375 0.5203180703125 0.8181656765625 0.5194444984375 0.8239480875 0.515405453125 0.8271030765624999 0.5113696734375 0.8276316593749999 0.5089903484375 0.826413696875 0.507983215625 0.8247098296875001 0.5076402515625 0.8206270171875 0.510064015625 0.8144645687500001 0.5133839453125 0.804175696875 0.5169969296875 0.796593165625 0.518568765625
0 0.800758978125 0.46174530156250004 0.8088867671875001 0.45220308124999997 0.812318315625 0.4480436296875 0.8092244015625001 0.4469282703125 0.8050123984375 0.448299865625 0.7977066125000001 0.45293501249999996 0.7914209390625 0.4597945765625 0.7889289046875 0.46714957031250004 0.7939484796875 0.46610602968750003 0.800758978125 0.46174530156250004
0 0.7708967609374999 0.405540203125 0.7702916296875 0.410420646875 0.771524478125 0.4142209890625 0.7742913859375 0.413560846875 0.7776325015625 0.4086648765625 0.779959109375 0.4044274875 0.7829939703125001 0.3988214984375 0.78593436875 0.3933339125 0.7880811624999999 0.3876233578125 0.7896181999999999 0.38230808125000004 0.7910438234375 0.377860909375 0.792900034375 0.37336086874999996 0.7941267875 0.36819049531250003 0.7923756671875 0.36552181875 0.78941983125 0.3664187671875 0.7871139765625 0.3717216390625 0.786525796875 0.3758523796875 0.7819244859375 0.382077915625 0.7787642359375 0.3884469234375 0.7764403765625 0.394499628125 0.7746966359375 0.39813143281249996 0.7731676609375 0.40173686875000003 0.7708967609374999 0.405540203125
0 0.727375896875 0.3156859640625 0.7276447203124999 0.3201034453125 0.727726109375 0.323742915625 0.72809210625 0.326723709375 0.72927404375 0.3304053453125 0.7299311281249999 0.333528759375 0.730886703125 0.33759490937500003 0.7318221671875 0.33926045625 0.7331959515625 0.336331984375 0.7330254828125 0.330478740625 0.7326553984374999 0.32598504687499996 0.7317184890624999 0.320582634375 0.732104121875 0.31555078124999997 0.73986385 0.3073887921875 0.7465078093749999 0.299809171875 0.7453395 0.29772684531250004 0.743606353125 0.2962489546875 0.740268428125 0.2987948640625 0.7365313953125 0.30254645625 0.732620815625 0.3071214484375 0.72933 0.3115306265625 0.727375896875 0.3156859640625
0 0.6984045875 0.23269738750000002 0.6969522312499999 0.22086890312500002 0.68963155 0.21401599531249998 0.6879842375 0.2174757578125 0.6914079140625 0.2284833203125 0.69414746875 0.2593420140625 0.695972278125 0.2742039015625 0.69905496875 0.2754541421875 0.7001094234374999 0.2704384265625 0.7019336734375 0.2614394890625 0.7002574312500001 0.247787596875 0.6984045875 0.23269738750000002
0 0.5536581875000001 0.1577830234375 0.548411778125 0.1583107859375 0.5478508140625 0.16274150625 0.581781453125 0.2083723203125 0.59415604375 0.2155840703125 0.5957885484375 0.21408382812500001 0.5903489953125 0.20732035781249997 0.573131109375 0.1883141234375 0.5638146109375 0.1743539421875 0.5577277281249999 0.16224008125 0.5536581875000001 0.1577830234375
0 0.3263544921875 0.68264751875 0.3241055234375 0.6891534859374999 0.3225304234375 0.6940195218749999 0.32066925625 0.7001937781249999 0.318608646875 0.70823380625 0.3170335484375 0.71309984375 0.31609179374999996 0.717318853125 0.3159882859375 0.7211583187499999 0.3162789640625 0.7235256999999999 0.319378484375 0.7251305968749999 0.3213938078125 0.721482534375 0.3258787328125 0.7047874890625 0.3297455875 0.693694328125 0.331324965625 0.68529471875 0.330279559375 0.676780565625 0.3281479921875 0.6712396734375 0.3257546421875 0.6718176375 0.32645666093750003 0.6775351234375 0.3263544921875 0.68264751875
0 0.47200950312499995 0.15200135312500002 0.4700544171875 0.15577445625 0.48275125937499996 0.1861944828125 0.5010680953125 0.21132231250000003 0.509651040625 0.216044375 0.5113659015625001 0.2153628140625 0.49489309375 0.19143225156250002 0.48573209375 0.16906893125 0.478166690625 0.1518327625 0.47200950312499995 0.15200135312500002
0 0.3790888578125 0.179573096875 0.4313438484375 0.22282900468750003 0.4488193625 0.2251252234375 0.45297884687499995 0.22265573437500003 0.4389110328125 0.2194263109375 0.40046229687499996 0.1890976265625 0.38727388125 0.1772683078125 0.3817591765625 0.1766467015625 0.3790888578125 0.179573096875
0 0.4791196015625 0.7635547609375 0.47282191874999996 0.7529182375000001 0.465801809375 0.7407149671875 0.45528424999999995 0.72893151875 0.44698828593749995 0.7255893609374999 0.447054453125 0.7282780171875001 0.452687878125 0.7323209046875 0.45696960468750003 0.7373136921875 0.460568684375 0.7473737359375 0.46738339218749997 0.7567900984375 0.4756686390625 0.764361909375 0.4791196015625 0.7635547609375
0 0.3583025484375 0.260020084375 0.36469331562499996 0.26093570312500003 0.370460634375 0.26108199062500004 0.37444846875 0.2609309125 0.378054246875 0.260488178125 0.380802578125 0.25878898437500003 0.3809525875 0.25860075 0.3772309640625 0.2566813375 0.36920760625 0.25800504687500003 0.360928878125 0.2544290125 0.35501175625000003 0.250234053125 0.3498055625 0.246110940625 0.34687637968749996 0.2435869140625 0.33675272968750003 0.2376922859375 0.330616184375 0.2345388984375 0.32245279843749997 0.23197187656249998 0.3199218046875 0.23262120937500003 0.315674646875 0.233480190625 0.31555214062500003 0.2396193265625 0.3231855265625 0.23935812812499999 0.3288572046875 0.24154541875 0.3358581953125 0.244602278125 0.341063228125 0.2487159203125 0.345352034375 0.25243474843749997 0.34877454375 0.254737996875 0.354218359375 0.25797644062499997 0.3583025484375 0.260020084375
0 0.3170954125 0.3004229859375 0.32310048125 0.29968565625 0.3273979375 0.2991579953125 0.3306060296875 0.2968950359375 0.330757221875 0.2967077234375 0.326986725 0.295808940625 0.3204594765625 0.2966103859375 0.31295045625 0.29498619062500003 0.3084532921875 0.2924773953125 0.29980708749999996 0.29013840156250004 0.2963389546875 0.288873540625 0.2878224796875 0.286181121875 0.284099821875 0.28425329375 0.2790116875 0.28250166718749997 0.27253225625 0.28228261093749996 0.2694486578125 0.282661228125 0.267017265625 0.28278140625 0.26309195937499996 0.28344173281249996 0.2617389921875 0.28512980312499997 0.2604809375 0.2876691859375 0.260979890625 0.290322859375 0.2649413484375 0.29136694375 0.2699688484375 0.28972646874999997 0.2766582265625 0.2889051171875 0.284792646875 0.2913058796875 0.2914273203125 0.29286761562499997 0.29787361875 0.2956454703125 0.30488438281249997 0.298860265625 0.31041186718749997 0.2998818828125 0.3170954125 0.3004229859375