0 0.45313299999999995 0.15612399999999999 0.450992 0.160556 0.447925 0.16411 0.44455799999999995 0.167365 0.4415 0.171217 0.438133 0.174762 0.435075 0.178614 0.432317 0.182458 0.42956700000000003 0.186309 0.426508 0.190153 0.42558299999999993 0.194593 0.42865000000000003 0.19814700000000002 0.431708 0.194593 0.434767 0.19103900000000001 0.438133 0.187494 0.440892 0.183642 0.44394999999999996 0.179799 0.447008 0.176245 0.450075 0.172401 0.451908 0.16825099999999998 0.45435800000000004 0.164408 0.456192 0.159968 0.45741699999999996 0.155528 0.45925000000000005 0.151088 0.459867 0.146648 0.460783 0.142208 0.460475 0.137478 0.455583 0.137478 0.455583 0.142208 0.455583 0.146946 0.45435800000000004 0.15168399999999999 0.45313299999999995 0.15612399999999999
0 0.513733 0.20317500000000002 0.5167919999999999 0.207027 0.51955 0.21086999999999997 0.5223 0.214722 0.525058 0.21856599999999998 0.527508 0.222707 0.530875 0.226261 0.534542 0.22951700000000003 0.5382170000000001 0.232474 0.5422 0.235141 0.5461750000000001 0.23751000000000003 0.551075 0.238985 0.553517 0.235141 0.551075 0.230999 0.5474 0.228034 0.542808 0.226559 0.5382170000000001 0.22448800000000002 0.5348499999999999 0.22093500000000002 0.5321 0.217083 0.52965 0.213239 0.526583 0.209388 0.523833 0.205544 0.520775 0.20198999999999998 0.5177080000000001 0.19814700000000002 0.514958 0.194295 0.5122 0.19045099999999998 0.509142 0.18660000000000002 0.5057750000000001 0.183344 0.503325 0.187784 0.5057750000000001 0.191636 0.508225 0.195479 0.5112829999999999 0.199033 0.513733 0.20317500000000002
0 0.30346700000000004 0.647534 0.302417 0.6505799999999999 0.30115 0.6538280000000001 0.30052500000000004 0.656873 0.299267 0.6599269999999999 0.298425 0.662973 0.297375 0.666019 0.29695 0.669065 0.296742 0.672111 0.297375 0.675157 0.30052500000000004 0.67577 0.30325799999999997 0.67394 0.305775 0.671708 0.307458 0.669065 0.308717 0.665818 0.30935 0.662772 0.309767 0.659517 0.309767 0.656068 0.309975 0.6528120000000001 0.310608 0.649766 0.310817 0.646519 0.311025 0.643473 0.310817 0.639815 0.310817 0.636559 0.308717 0.6361559999999999 0.30724999999999997 0.639001 0.30556700000000003 0.641644 0.304725 0.64469 0.30346700000000004 0.647534
0 0.25884999999999997 0.587728 0.255367 0.593626 0.252317 0.5995250000000001 0.24969999999999998 0.605415 0.248833 0.611741 0.247525 0.618058 0.24795799999999998 0.624376 0.251008 0.618477 0.253192 0.61216 0.25624199999999997 0.606261 0.25884999999999997 0.600363 0.2619 0.594464 0.26408299999999996 0.588147 0.267567 0.582667 0.27148300000000003 0.577196 0.275408 0.571716 0.27889200000000003 0.5658179999999999 0.272358 0.5641339999999999 0.26843300000000003 0.570032 0.26538300000000004 0.575931 0.26233300000000004 0.581829 0.25884999999999997 0.587728
0 0.240558 0.5194840000000001 0.237067 0.524956 0.23315000000000002 0.530435 0.22879200000000002 0.5359149999999999 0.22443300000000002 0.5413859999999999 0.221825 0.547284 0.22225799999999998 0.554029 0.22879200000000002 0.551918 0.232717 0.546446 0.237067 0.5413859999999999 0.240992 0.5359149999999999 0.244908 0.530435 0.249267 0.524956 0.251008 0.5186379999999999 0.254492 0.5131669999999999 0.25798299999999996 0.507687 0.26103299999999996 0.501789 0.255367 0.497575 0.252317 0.503473 0.24795799999999998 0.508533 0.244042 0.5140049999999999 0.240558 0.5194840000000001
0 0.22705000000000003 0.47946 0.220517 0.480306 0.21833300000000003 0.48662400000000006 0.22574200000000003 0.489154 0.232275 0.489992 0.238808 0.489154 0.244475 0.48578599999999994 0.24969999999999998 0.481571 0.254492 0.476938 0.25624199999999997 0.47062 0.252317 0.46977399999999997 0.246217 0.47272400000000003 0.240117 0.475673 0.233583 0.478622 0.22705000000000003 0.47946
0 0.241425 0.391845 0.234458 0.391845 0.22748300000000002 0.391845 0.220517 0.391845 0.221825 0.398163 0.228358 0.398582 0.23489200000000002 0.399847 0.241425 0.40026599999999996 0.24795799999999998 0.400685 0.25493299999999997 0.400685 0.261467 0.398582 0.267567 0.395633 0.27192500000000003 0.39058000000000004 0.267567 0.38805 0.2619 0.391418 0.255367 0.391845 0.2484 0.391845 0.241425 0.391845
0 0.278017 0.32738900000000004 0.27148300000000003 0.328235 0.26495 0.329073 0.25884999999999997 0.331604 0.253192 0.334972 0.2484 0.340024 0.251008 0.34635 0.257542 0.34382 0.262775 0.339605 0.269308 0.337921 0.27584200000000003 0.337502 0.282375 0.337075 0.288908 0.335818 0.29545 0.334972 0.301983 0.333288 0.30851700000000004 0.331604 0.30459200000000003 0.324021 0.297625 0.324021 0.291092 0.32444 0.284558 0.326551 0.278017 0.32738900000000004
0 0.31635800000000003 0.27894399999999997 0.31025800000000003 0.275995 0.30415800000000004 0.273046 0.298058 0.270524 0.291525 0.269678 0.291958 0.275995 0.2985 0.277679 0.305033 0.28020999999999996 0.311133 0.28274 0.317225 0.28568899999999997 0.323325 0.289057 0.32942499999999997 0.291579 0.335958 0.292844 0.34205800000000003 0.287792 0.33552499999999996 0.28568899999999997 0.328992 0.283578 0.322458 0.28147500000000003 0.31635800000000003 0.27894399999999997
0 0.3288 0.661426 0.329558 0.665085 0.331075 0.668743 0.332333 0.672401 0.33258299999999996 0.676052 0.33258299999999996 0.6802010000000001 0.333092 0.6838599999999999 0.333592 0.68751 0.33435000000000004 0.691168 0.335108 0.694827 0.335608 0.698485 0.336117 0.702143 0.33686699999999997 0.705794 0.337625 0.709452 0.339392 0.71311 0.341908 0.716035 0.34595 0.715794 0.347708 0.712377 0.347708 0.708477 0.347208 0.704819 0.34645000000000004 0.701168 0.3462 0.6975100000000001 0.3462 0.69361 0.3462 0.68946 0.34595 0.68556 0.345692 0.68166 0.34544199999999997 0.677276 0.34494199999999997 0.673376 0.34468299999999996 0.669718 0.343933 0.665818 0.343175 0.66216 0.341908 0.658501 0.3404 0.654843 0.338383 0.651434 0.33686699999999997 0.648018 0.333842 0.6450929999999999 0.330567 0.643143 0.327542 0.646068 0.3283 0.649968 0.32855 0.653868 0.32855 0.657768 0.3288 0.661426
0 0.413258 0.710185 0.41578299999999996 0.713352 0.41754199999999997 0.716769 0.4183 0.720427 0.419308 0.7240770000000001 0.42057500000000003 0.727977 0.421833 0.7316360000000001 0.423342 0.735052 0.42385 0.738711 0.425108 0.742611 0.425617 0.746261 0.42662500000000003 0.749919 0.42914199999999997 0.752844 0.432925 0.7538199999999999 0.43594999999999995 0.751144 0.43570000000000003 0.747486 0.43519199999999997 0.7438279999999999 0.433933 0.7401690000000001 0.432167 0.736761 0.43115800000000004 0.7331019999999999 0.43015 0.729202 0.42864199999999997 0.725786 0.42712500000000003 0.722377 0.425108 0.718477 0.423092 0.715302 0.421075 0.712135 0.419058 0.708969 0.41628299999999996 0.70531 0.41350800000000004 0.702385 0.410233 0.699944 0.40645 0.698485 0.40191699999999997 0.697994 0.401158 0.700677 0.40443300000000004 0.702627 0.407717 0.704819 0.410483 0.7075020000000001 0.413258 0.710185
0 0.47426700000000005 0.730902 0.476792 0.7338359999999999 0.479567 0.7365109999999999 0.48234199999999994 0.739194 0.48561699999999997 0.741636 0.488642 0.744311 0.49141700000000005 0.746994 0.49419199999999996 0.7496780000000001 0.49695799999999996 0.752361 0.499983 0.754795 0.5037670000000001 0.755286 0.502258 0.751869 0.499733 0.748703 0.49695799999999996 0.745536 0.494442 0.742361 0.49191700000000005 0.739436 0.4899 0.736269 0.48763300000000004 0.732861 0.485867 0.729444 0.48360000000000003 0.726027 0.481583 0.722861 0.478808 0.719936 0.47502500000000003 0.717252 0.4715 0.715794 0.46746699999999997 0.715302 0.464942 0.718227 0.46796699999999997 0.720911 0.469483 0.724569 0.47175 0.7277359999999999 0.47426700000000005 0.730902
0 0.539817 0.723102 0.542592 0.726027 0.545617 0.728469 0.548642 0.730902 0.551417 0.7338359999999999 0.554192 0.7365109999999999 0.556708 0.739436 0.559733 0.741878 0.562758 0.744561 0.5655330000000001 0.747486 0.568308 0.7504109999999999 0.570325 0.753578 0.5730999999999999 0.7562610000000001 0.574867 0.752844 0.575117 0.749186 0.5730999999999999 0.745536 0.570575 0.742361 0.5678 0.7396860000000001 0.565033 0.736761 0.562008 0.734077 0.558983 0.7316360000000001 0.5557000000000001 0.729686 0.552675 0.7270019999999999 0.54965 0.7243269999999999 0.5466249999999999 0.721886 0.5436 0.719202 0.540575 0.716769 0.53755 0.714327 0.5342749999999999 0.712377 0.530492 0.711402 0.526708 0.712135 0.526458 0.715302 0.529983 0.716769 0.533517 0.718719 0.5367919999999999 0.720669 0.539817 0.723102
0 0.579908 0.710669 0.583183 0.712619 0.586967 0.713844 0.59075 0.714819 0.594525 0.715552 0.598058 0.7170099999999999 0.601842 0.717502 0.605617 0.718477 0.6094 0.719452 0.613433 0.720669 0.617217 0.7216440000000001 0.621 0.721886 0.625033 0.721886 0.629317 0.721886 0.6331 0.720669 0.629317 0.719694 0.625533 0.719202 0.621758 0.718227 0.617975 0.717502 0.614192 0.716769 0.610408 0.715552 0.606625 0.714577 0.6031 0.71311 0.599317 0.711894 0.595533 0.710669 0.591758 0.709694 0.588225 0.708235 0.584442 0.7070190000000001 0.580917 0.70531 0.577383 0.7038439999999999 0.573858 0.702385 0.570075 0.701168 0.566292 0.7009190000000001 0.565792 0.7038439999999999 0.569067 0.705794 0.572592 0.707744 0.576375 0.708969 0.579908 0.710669
0 0.6805 0.674593 0.676717 0.674102 0.672933 0.673127 0.6691499999999999 0.672151 0.6653749999999999 0.6714260000000001 0.661592 0.671176 0.657808 0.670693 0.6540250000000001 0.669718 0.650242 0.669476 0.646208 0.669476 0.642683 0.670935 0.6394 0.6728850000000001 0.642933 0.6743509999999999 0.646967 0.673376 0.651 0.673376 0.654783 0.673618 0.658567 0.6743509999999999 0.662342 0.675326 0.665875 0.677027 0.669658 0.678251 0.673442 0.679468 0.677217 0.681176 0.6809999999999999 0.68191 0.684783 0.682635 0.688817 0.682635 0.6926 0.682151 0.696125 0.680685 0.6956249999999999 0.6777599999999999 0.691592 0.6777599999999999 0.6880580000000001 0.676301 0.684283 0.675568 0.6805 0.674593
0 0.698858 0.6367689999999999 0.7018 0.637985 0.70495 0.639001 0.7081000000000001 0.6400159999999999 0.7110420000000001 0.6412329999999999 0.7142000000000001 0.642659 0.7173499999999999 0.643062 0.7205 0.641845 0.721342 0.638799 0.7186079999999999 0.6367689999999999 0.715667 0.635342 0.712517 0.634529 0.7093670000000001 0.633715 0.706208 0.6331100000000001 0.703058 0.632498 0.6997 0.632498 0.69655 0.631684 0.6934 0.631281 0.690242 0.6306689999999999 0.686883 0.6306689999999999 0.6839419999999999 0.632095 0.681842 0.634529 0.682683 0.6359549999999999 0.686042 0.637575 0.689192 0.6367689999999999 0.692558 0.6367689999999999 0.695708 0.636559 0.698858 0.6367689999999999
0 0.739408 0.605077 0.7360420000000001 0.605077 0.732683 0.605077 0.729325 0.604867 0.726175 0.604666 0.722808 0.604666 0.719658 0.604464 0.7165079999999999 0.604263 0.713358 0.604061 0.710208 0.60365 0.706842 0.60365 0.70495 0.606293 0.704108 0.6093390000000001 0.707267 0.609138 0.710417 0.608727 0.713983 0.608727 0.7173499999999999 0.608936 0.7205 0.6093390000000001 0.72365 0.609742 0.7268 0.610556 0.72995 0.6111679999999999 0.733108 0.611781 0.7362580000000001 0.612385 0.739617 0.612385 0.742767 0.611781 0.745917 0.610766 0.748858 0.609138 0.751592 0.60751 0.7530669999999999 0.604666 0.752017 0.602836 0.7492829999999999 0.604666 0.746133 0.605077 0.742767 0.605077 0.739408 0.605077
0 0.767767 0.5384369999999999 0.764408 0.5384369999999999 0.760833 0.5384369999999999 0.757475 0.5384369999999999 0.754117 0.538646 0.75075 0.539452 0.7476 0.540266 0.74445 0.54108 0.7413000000000001 0.5416920000000001 0.73815 0.5427069999999999 0.735208 0.543924 0.732683 0.545955 0.731 0.549412 0.730792 0.552458 0.730792 0.555705 0.733525 0.553876 0.735625 0.551241 0.737517 0.5485979999999999 0.7404580000000001 0.547172 0.7440249999999999 0.547172 0.7471829999999999 0.547381 0.75075 0.547381 0.754117 0.547381 0.757475 0.547381 0.760833 0.547381 0.764617 0.547381 0.767767 0.547172 0.770925 0.5467690000000001 0.7740750000000001 0.5461560000000001 0.7772249999999999 0.5445369999999999 0.7801669999999999 0.5427069999999999 0.781633 0.539863 0.782683 0.536608 0.780375 0.534988 0.7776419999999999 0.536608 0.7746999999999999 0.5378320000000001 0.771342 0.5384369999999999 0.767767 0.5384369999999999
0 0.764642 0.464295 0.758108 0.46597900000000003 0.752008 0.469355 0.747217 0.47440800000000005 0.7445999999999999 0.480306 0.7432920000000001 0.48662400000000006 0.749825 0.484521 0.754617 0.479887 0.760717 0.476938 0.76725 0.475673 0.773792 0.473989 0.780325 0.473562 0.787725 0.473562 0.794267 0.47272400000000003 0.792083 0.464295 0.78555 0.46387600000000007 0.778142 0.46387600000000007 0.771175 0.46387600000000007 0.764642 0.464295
0 0.748958 0.438179 0.755492 0.43776000000000004 0.7589750000000001 0.43228 0.761592 0.426382 0.761592 0.41964499999999993 0.757667 0.41374700000000003 0.755058 0.420064 0.752008 0.425963 0.7493920000000001 0.43186099999999994 0.748958 0.438179
0 0.731967 0.353505 0.727608 0.358985 0.724125 0.364464 0.722817 0.370782 0.721075 0.37709899999999996 0.721508 0.383417 0.726742 0.378783 0.7280420000000001 0.372466 0.7310920000000001 0.366567 0.734583 0.360669 0.738067 0.35477 0.742425 0.34929899999999997 0.7476499999999999 0.344658 0.752008 0.339186 0.748517 0.332442 0.7450330000000001 0.337921 0.741117 0.34340000000000004 0.736758 0.348453 0.731967 0.353505
0 0.6984250000000001 0.322337 0.6984250000000001 0.329073 0.6984250000000001 0.335818 0.702342 0.330338 0.702342 0.323602 0.702342 0.316857 0.70365 0.31054 0.705825 0.304222 0.7067 0.297905 0.7014750000000001 0.29664 0.7006 0.30295700000000003 0.7006 0.309694 0.698858 0.316019 0.6984250000000001 0.322337
0 0.652008 0.253618 0.652217 0.256672 0.652217 0.259919 0.652425 0.262965 0.652425 0.266422 0.652425 0.26966999999999997 0.652425 0.27291699999999997 0.652425 0.276172 0.6530579999999999 0.279218 0.653692 0.28226399999999996 0.654108 0.28531 0.655367 0.288356 0.656633 0.291201 0.658733 0.293844 0.66125 0.295874 0.660625 0.292828 0.659992 0.289782 0.658733 0.286938 0.6581 0.283892 0.657892 0.28084600000000004 0.657683 0.2778 0.657683 0.274545 0.657683 0.271297 0.657892 0.268042 0.657892 0.264795 0.657892 0.26154700000000003 0.657892 0.258292 0.657683 0.255246 0.657475 0.2522 0.65705 0.24915400000000001 0.656208 0.246108 0.655583 0.24305400000000002 0.654108 0.24020999999999998 0.651375 0.237575 0.6482249999999999 0.238179 0.649275 0.241434 0.6501170000000001 0.24447999999999998 0.6509579999999999 0.247526 0.6515920000000001 0.250572 0.652008 0.253618
0 0.575958 0.241023 0.5782670000000001 0.243465 0.580575 0.245697 0.583517 0.247728 0.5858329999999999 0.250169 0.5883499999999999 0.252401 0.591083 0.25423 0.594025 0.25626099999999996 0.596967 0.257687 0.600325 0.258493 0.603475 0.259517 0.60285 0.256463 0.599908 0.254633 0.597383 0.252603 0.595075 0.250371 0.592758 0.24813900000000003 0.590242 0.246108 0.587933 0.243666 0.5852 0.24163600000000002 0.5826749999999999 0.239404 0.5803670000000001 0.237164 0.578058 0.234932 0.575533 0.232699 0.572592 0.23087 0.56965 0.229243 0.566292 0.229041 0.566083 0.232699 0.568808 0.234319 0.571333 0.23635 0.573642 0.23879100000000003 0.575958 0.241023
0 0.3809 0.238687 0.384883 0.24135399999999999 0.389467 0.242836 0.394058 0.244609 0.39835 0.24668 0.402325 0.24934699999999999 0.40599999999999997 0.252305 0.410283 0.254077 0.414875 0.25556 0.419775 0.25556 0.42435799999999996 0.255262 0.427725 0.251708 0.42435799999999996 0.24845299999999998 0.419775 0.248751 0.415183 0.24845299999999998 0.410592 0.24668 0.40599999999999997 0.245496 0.401717 0.243425 0.398042 0.240467 0.394058 0.2378 0.390083 0.235431 0.3861 0.23307000000000003 0.38181699999999996 0.230999 0.37722500000000003 0.22951700000000003 0.37233299999999997 0.22951700000000003 0.367742 0.230105 0.363458 0.232474 0.360392 0.236027 0.36375799999999997 0.239581 0.367433 0.236027 0.372025 0.235729 0.376617 0.23691399999999999 0.3809 0.238687