0 0.6224732281249999 0.192529465625 0.6253198734375001 0.1965646875 0.6284759703125 0.200565090625 0.6307741953125 0.205317971875 0.63398228125 0.20961889375 0.636272003125 0.21437296875 0.6382512109375 0.2191620125 0.640815284375 0.223562115625 0.6430698875 0.22800462812500003 0.645589146875 0.2320858609375 0.6493552046875 0.23567537343749997 0.653343625 0.2386103953125 0.6573308484375 0.24153691249999998 0.6603569578124999 0.23762473437499998 0.658428528125 0.233135296875 0.65708483125 0.2282482671875 0.6554319484375 0.22341336093750003 0.6535045828125 0.21892377500000001 0.6515679296875 0.214445246875 0.6493227421875 0.21000032812499997 0.64643143125 0.20564729843750001 0.644177871875 0.201212225 0.6416139484375 0.196813184375 0.6390861875 0.19273314531250002 0.636796465625 0.1879790703125 0.6336319968749999 0.18398851562500002 0.63078521875 0.17994464062499999 0.6279385734375 0.175909415625 0.62482609375 0.1722193796875 0.6222538 0.1678301875 0.6199990453125 0.1633866109375 0.6177541390625 0.15895140624999998 0.614907359375 0.15490753125 0.6101718140625 0.15588848125000002 0.6072994328125 0.161287834375 0.6095085250000001 0.1671187078125 0.6112193 0.17032939062500002 0.613517525 0.175082271875 0.6157624312500001 0.1795174765625 0.618017184375 0.1839610515625 0.62053644375 0.1880422859375 0.6224732281249999 0.192529465625
0 0.2321464578125 0.37858296875 0.21978329843750002 0.37499099375 0.2068500484375 0.3712992125 0.19847915 0.369088496875 0.1956301328125 0.37116026406249997 0.1973740796875 0.3750697328125 0.20339055468749997 0.37660873906250003 0.21232242656250003 0.37925546250000003 0.2306185796875 0.3848490765625 0.23911288593750002 0.3826624328125 0.24284319375000002 0.37888649218750003 0.24449224374999998 0.37413814843750004 0.2390420828125 0.3768908953125 0.2321464578125 0.37858296875
0 0.21724857343749998 0.426832171875 0.2247294609375 0.42271013281250003 0.22715049999999998 0.416860446875 0.2244382640625 0.41246273906250003 0.22277356250000002 0.41801753125 0.2188261953125 0.4209200109375 0.20952238906249998 0.4228150453125 0.18578227187500002 0.42798545 0.1699726640625 0.4320402109375 0.16421884375 0.4339511765625 0.1615696640625 0.43652705 0.16148767656250002 0.4425997046875 0.1651250203125 0.44171781875000005 0.1703778765625 0.43874892499999996 0.181151284375 0.43524804375 0.193685584375 0.4320134515625 0.2071730671875 0.42883566249999994 0.21724857343749998 0.426832171875
0 0.198683175 0.505079803125 0.2120525640625 0.4984317265625 0.2216626421875 0.4944971140625 0.22930037187500002 0.49122881874999996 0.23400167187499998 0.48855421874999994 0.23262418281250002 0.48284059218750003 0.219410459375 0.48505859687499997 0.19744331406249999 0.4962577375 0.183768190625 0.5037075078125001 0.1725573828125 0.5093021625 0.16825715000000002 0.5135733328125001 0.16598769687499998 0.518851096875 0.164524659375 0.525840803125 0.169835646875 0.5245426921874999 0.175180146875 0.51972696875 0.1801995265625 0.5152279140625 0.1870145828125 0.5103865296875 0.198683175 0.505079803125
0 0.2615847765625 0.6705112296875 0.258727409375 0.6617181375000001 0.2567916703125 0.6572383984375 0.257016684375 0.642619734375 0.25985976875 0.630487015625 0.2599732984375 0.6196949890625 0.261882159375 0.6124453578125 0.2612515203125 0.603338234375 0.260145996875 0.597785821875 0.25626629843750004 0.6002365625 0.25612193437499997 0.6085031140625 0.254637375 0.6210778984374999 0.25171566562500003 0.6373404625 0.2502957328125 0.6479995953125 0.2515853921875 0.65955149375 0.25495726093750004 0.6673238703125 0.2626573578125 0.6735308765625 0.2615847765625 0.6705112296875
0 0.088476 0.7737930625 0.088715428125 0.7801088625 0.0981500609375 0.7778258328125001 0.1225926125 0.731902025 0.15632190937499998 0.6710430890625 0.1908356484375 0.62274570625 0.2153875046875 0.6053497937500001 0.21295842343750002 0.5996658140625 0.1941497640625 0.60928296875 0.1776521765625 0.628410578125 0.16397016874999998 0.6468173125 0.13721471406250002 0.6924342671875 0.1252939109375 0.7119039078125 0.1117644484375 0.7381832015625001 0.09632665781250001 0.7625455640625 0.088476 0.7737930625
0 0.30530979999999996 0.6830816703125 0.307987615625 0.72046059375 0.318222125 0.73329385625 0.3139365765625 0.710050490625 0.3121551125 0.6878187359375 0.3109929421875 0.6680113296875 0.303512190625 0.6655400265625 0.30530979999999996 0.6830816703125
0 0.3810437578125 0.765652809375 0.3892902125 0.7667158281249999 0.38268779375 0.75210720625 0.37137865625 0.7318203750000001 0.37045615625 0.7344885031249999 0.372752315625 0.7462143609375 0.3810437578125 0.765652809375
0 0.456474359375 0.7772531234375 0.4592473828125 0.7762217359375 0.44916388749999997 0.7576681375 0.43826624843750006 0.7449291578125 0.43575757812499993 0.7455971406249999 0.44449548437499997 0.761494628125 0.456474359375 0.7772531234375
0 0.486771896875 0.74318800625 0.49052839062500003 0.7467788625 0.5058754375000001 0.7541331421875 0.5232189125 0.7618485078125 0.536629028125 0.76471454375 0.538987615625 0.7583587859375001 0.523550240625 0.7526061890625 0.5016499796875 0.744899328125 0.4917121125 0.7389894765625 0.486771896875 0.74318800625
0 0.579578625 0.7484984421875 0.5942573125 0.755377609375 0.5912148640625 0.74559925625 0.5611900000000001 0.7355831171875 0.55878794375 0.741629571875 0.579578625 0.7484984421875
0 0.6609024812500001 0.7022219390625 0.6470853890625 0.705753878125 0.633980159375 0.70505721875 0.63558970625 0.7095914734375001 0.6468699203125 0.713715009375 0.6652714328125 0.7101706828125 0.6810689046875 0.7047801046875 0.6877015703125 0.6987720703125 0.6767275875000001 0.6968274765625 0.6609024812500001 0.7022219390625
0 0.7402759296875 0.5915110984374999 0.7325175125000001 0.594182875 0.7165596328125 0.605620278125 0.708086115625 0.614742003125 0.70030330625 0.6218600859375 0.705352240625 0.6230473171875001 0.71115069375 0.6203355859374999 0.7169595390625 0.6153917375 0.72461149375 0.607342553125 0.73749008125 0.5995083046875 0.7458097046875001 0.593903765625 0.7402759296875 0.5915110984374999
0 0.78415043125 0.5079733609375 0.7705511390625001 0.5130550046875 0.753408146875 0.525291959375 0.740771015625 0.5372197390625 0.7363725343749999 0.542905109375 0.73860719375 0.549573490625 0.7483180921875 0.53996245 0.7651974078125 0.5258570687499999 0.779949934375 0.5174429578125 0.78795054375 0.5118745812500001 0.78415043125 0.5079733609375
0 0.7638936421875 0.458503971875 0.7729536109375 0.43502928281250003 0.7725526406250001 0.4252579734375 0.770766853125 0.4264573546875 0.76395591875 0.4404212921875 0.7540529046875 0.46020349375 0.7453860999999999 0.4798119578125 0.74071165625 0.499491240625 0.743625428125 0.50637959375 0.7458690078125 0.4993983328125 0.7531146859375 0.47904118906250004 0.7638936421875 0.458503971875
0 0.7305409218750001 0.308926228125 0.72960789375 0.31381781875 0.7286628937499999 0.3187013359375 0.7286833296874999 0.323458925 0.7274229156249999 0.328396525 0.7258518375 0.33336803125 0.7242725375 0.3383504484375 0.7223304515625 0.34305759999999996 0.7203473046875 0.34746486249999997 0.7187326078125 0.35212600312500003 0.7174275109375 0.3567533875 0.7168111109375 0.36159180625 0.7165040109375 0.36639434375 0.7204912343750001 0.3693208609375 0.7234375625 0.3647793140625 0.725327375 0.359761928125 0.7276296875 0.3553195640625 0.7292526078125 0.3506475140625 0.730876871875 0.3459850296875 0.7324987265625 0.34131312812500003 0.7334340125 0.3364298921875 0.7343767546875 0.33153802187500003 0.7359464890625 0.3265569484375 0.7368904265625 0.32167358125 0.7378245171875 0.3167818421875 0.738450634375 0.31194314218749997 0.7390232828125 0.3067857046875 0.7396482046874999 0.3019385 0.74026566875 0.29709993125 0.7415697031249999 0.2924726984375 0.742822959375 0.28754585781249997 0.743765553125 0.282652925 0.7440653453125 0.2778600859375 0.7433657953125 0.2728825265625 0.7426660953125 0.26790390625 0.7377352140625 0.2698704703125 0.7371188125 0.2747088890625 0.7358571859375 0.2796455765625 0.7342426375 0.2843077796875 0.7333435140625 0.28951001718749997 0.7324094234375 0.29440175625 0.73178330625 0.29924045625 0.7311670390625 0.304087528125 0.7305409218750001 0.308926228125
0 0.7416351046874999 0.35081383593750004 0.739331728125 0.35525635 0.7370718203125 0.36000816874999997 0.7347697906249999 0.3644602484375 0.7328277046875 0.3691674 0.7318946765625001 0.3740589890625 0.7312685609375 0.378897690625 0.73160575625 0.3836107609375 0.731308371875 0.38841301562499997 0.732006728125 0.39338207187499996 0.7335872218749999 0.3884081578125 0.735200575 0.3837374515625 0.736505953125 0.37911978281250003 0.7371307265625 0.3742715171875 0.7383839812499999 0.36934467656250003 0.7406860140625 0.364892596875 0.74403009375 0.360936815625 0.7466512921875 0.356449634375 0.7500047875 0.3524914453125 0.753753778125 0.3491106671875 0.756291471875 0.344029325 0.7604946921875 0.3414973484375 0.7635208 0.3375851703125 0.7665469078125 0.33367299375 0.7691681078125 0.3291858109375 0.7718329234375 0.32500899687499996 0.7734547796875 0.3203370953125 0.7670270328125001 0.313951271875 0.761653928125 0.321995596875 0.757938990625 0.3256880859375 0.75491288125 0.329600265625 0.7522492609375 0.3337855828125 0.7492231515625 0.337697759375 0.746601953125 0.342184940625 0.7442985765625 0.3466274546875 0.7416351046874999 0.35081383593750004
0 0.6783031375 0.2125846734375 0.6766812796874999 0.2172565734375 0.6743779046875 0.2216990890625 0.67239235 0.22609693437499997 0.67041755625 0.2305019421875 0.6684320015625 0.23489978906250003 0.6675330265625 0.240103090625 0.6662361515625 0.2447195625 0.666290640625 0.2497888625 0.666059909375 0.25045319843749997 0.6670338109375 0.2550767875 0.669697284375 0.2508904078125 0.6703244640625 0.24605155625 0.6719463203125 0.24137965625 0.6738786890624999 0.23667278593750002 0.6761372515625 0.23191140156249998 0.6784406265625 0.2274688875 0.681466734375 0.223556709375 0.684502559375 0.21964424999999999 0.6871660328125 0.2154578703125 0.6897872296875 0.2109706890625 0.6924520484375 0.20679387500000002 0.6957959781249999 0.2028370296875 0.6995895 0.19976540625 0.7042899296875 0.19847289375 0.7089805124999999 0.1971720109375 0.713450209375 0.1965438359375 0.7095630093749999 0.19202294375 0.7046873375 0.1920762640625 0.6995915640625 0.192792428125 0.6950207796875 0.1950151265625 0.690823409375 0.1975115984375 0.6866585984375 0.2003091515625 0.6832713312500001 0.20396534531250002 0.6806065125 0.208142159375 0.6783031375 0.2125846734375
0 0.5560854359375 0.1875891171875 0.5589237109375 0.1916341875 0.561177121875 0.196068196875 0.564342784375 0.20006725625000002 0.5675496578125 0.20436726562500002 0.570387934375 0.208412334375 0.5732345796875 0.212447559375 0.5766744453125 0.21609158437499998 0.5795200296874999 0.22012695624999998 0.5811306375 0.2246610609375 0.5827524921875 0.219989159375 0.58336995625 0.21515059062500003 0.582396203125 0.210528065625 0.5811034171875 0.2059492953125 0.5785321859375 0.2015599515625 0.5759681140625 0.1971598484375 0.5728472640625 0.193479659375 0.5703183078125 0.18939111718749999 0.56802978125 0.1846455453125 0.565500825 0.180557003125 0.5623799765624999 0.1768768125 0.5598607171875 0.17279557968749998 0.5564208515625 0.1691515546875 0.5529832453125 0.16551588281250001 0.5483944296875001 0.1629904109375 0.5438141171875001 0.160463740625 0.539278490625 0.158247290625 0.534689675 0.1557218171875 0.5296915171875 0.15483419062499998 0.524773290625 0.15457699687499998 0.5217471828125 0.1584891734375 0.521966175 0.1600473828125 0.5246130531250001 0.16728107187500002 0.5297098890624999 0.1665647578125 0.5357697578125 0.16571309843749998 0.5407316062499999 0.166280659375 0.5445329109375 0.1701903859375 0.548289403125 0.173781240625 0.5515857734375 0.1787103375 0.5538308125 0.18315419375 0.5560854359375 0.1875891171875
0 0.447966375 0.1958104890625 0.451447603125 0.1997565265625 0.4552052890625 0.20335588593749998 0.45896178125000003 0.206946740625 0.462674803125 0.2102282921875 0.46767281250000003 0.21111485624999998 0.4718798984375 0.208618103125 0.47026213125 0.204094759375 0.4660007046875 0.2015232765625 0.46228648593750005 0.19823322031249999 0.4591220171875 0.194242665625 0.4568769796875 0.1897988078125 0.45525906406249994 0.1852744015625 0.4545595140625 0.1802968421875 0.45385996406249995 0.175319284375 0.4522070796875 0.17048437968750002 0.4502797125 0.1659947921875 0.448661946875 0.1614714484375 0.4455047875 0.1574711953125 0.4406416203125 0.1552996921875 0.43525048593750004 0.15859584531249998 0.436037275 0.1641941375 0.43701102656249996 0.1688166625 0.43802720468749995 0.1737410515625 0.43904472656250004 0.1786750046875 0.44066249375 0.1831983484375 0.4431829453125 0.1872880859375 0.445118534375 0.1917667625 0.447966375 0.1958104890625
0 0.39206068437499997 0.2030356109375 0.39637529531250004 0.2059161171875 0.400362371875 0.20884157343749998 0.4040753921875 0.2121231234375 0.40751525937500005 0.21576715000000002 0.4123238953125 0.21762006406249998 0.41709982187500005 0.2191708328125 0.421823778125 0.22041349375000002 0.4266547671875 0.22004995625 0.4241258109375 0.2159614125 0.41907581250000003 0.2147743296875 0.41435306875 0.2135325828125 0.41009164218749994 0.2109611 0.40577702968749996 0.20808059375000001 0.40234686249999996 0.204443875 0.3988644421875 0.200489334375 0.3951515671875 0.1972088453125 0.39111130781250003 0.1939743671875 0.38707926875 0.1907289796875 0.382313040625 0.18918551875 0.377493640625 0.1873254453125 0.3727696875 0.1860827859375 0.367851459375 0.18582559062499998 0.36302897500000003 0.18618793281249998 0.35792363437499997 0.1869054421875 0.35376866875 0.189711365625 0.3538663484375 0.1950802546875 0.35861039687499996 0.1940981078125 0.3640335609375 0.1933359328125 0.3691738671875 0.1929289234375 0.374181590625 0.1938152046875 0.3786737484375 0.195722353125 0.3832189453125 0.197937459375 0.38779819375 0.2004642765625 0.39206068437499997 0.2030356109375
0 0.335236925 0.2695790234375 0.3337545890625 0.2638443640625 0.3233565515625 0.2637611640625 0.311240459375 0.24986457187500002 0.29747073125 0.236264334375 0.28978575625 0.23761536093750002 0.29029203593749997 0.24220495 0.3001019828125 0.2509606578125 0.31405362812500004 0.26506860468750004 0.32120021875 0.270892746875 0.32709750312499997 0.272709721875 0.335236925 0.2695790234375
0 0.27969334218749997 0.285975021875 0.2770841 0.2848784703125 0.274301465625 0.28379761718749996 0.2715437609375 0.2829018578125 0.26891794375 0.281617953125 0.2662577625 0.28015895468749996 0.2636567421875 0.27905149218749997 0.26087424062500003 0.277979290625 0.25827337031250003 0.2768728921875 0.2554823640625 0.2758018859375 0.2526997296875 0.2747210328125 0.250098990625 0.273623284375 0.24749797031249998 0.27251582343749997 0.24402129687500002 0.271903203125 0.24117415625 0.271751640625 0.2383867578125 0.27196345625 0.2356415109375 0.272529203125 0.23323873437499998 0.274158890625 0.23105776718749998 0.27610967343750004 0.229103971875 0.2782268796875 0.2281980421875 0.2798174578125 0.230943140625 0.2792506484375 0.23357876875 0.2779589265625 0.2365305765625 0.2775440765625 0.23948344531250002 0.277129078125 0.24280834843750002 0.2766617921875 0.2455659046875 0.2775564890625 0.2482012875 0.27883904843749996 0.2509329828125 0.279557453125 0.2536109515625 0.28120471875 0.256210628125 0.2823026140625 0.2588114984375 0.28340901406249996 0.261281559375 0.2848958171875 0.263881234375 0.2859937125 0.26648316875 0.2870999625 0.26924922812499996 0.28799346406250004 0.2718502484375 0.2891009265625 0.2746316875 0.29017327656249997 0.2776306 0.2914047453125 0.2801005125 0.2928904859375 0.2827263296875 0.29417438906250004 0.2851953296875 0.295661340625 0.2879528859375 0.2965560390625 0.290578703125 0.2978399421875 0.2931807859375 0.2989472546875 0.2960277765625 0.299097753125 0.29887370468749996 0.2992484015625 0.3018265765625 0.298833403125 0.3040227921875 0.29705281875 0.30382376718750004 0.29432553281249996 0.30148559375 0.2924505859375 0.29869910625 0.29266119062499996 0.2958271671875 0.2923331859375 0.29306961249999997 0.29143848906250003 0.2903294125 0.2907212796875 0.28757185625 0.2898265828125 0.284946040625 0.2885426796875 0.28215383906249997 0.28746316875 0.27969334218749997 0.285975021875