0 0.425542 0.7541800000000001 0.41969200000000007 0.75031 0.410967 0.747639 0.415825 0.751966 0.421575 0.7562070000000001 0.425142 0.760991 0.42633299999999996 0.768266 0.427817 0.772872 0.43059200000000003 0.778483 0.43168300000000004 0.783452 0.433767 0.782446 0.43594999999999995 0.782353 0.43525 0.773971 0.4305 0.76274 0.428517 0.7563850000000001 0.425542 0.7541800000000001
0 0.51115 0.789443 0.5080669999999999 0.792307 0.503958 0.794791 0.49902499999999994 0.794977 0.49409200000000003 0.796889 0.48998299999999995 0.798986 0.48915800000000004 0.8037620000000001 0.495533 0.804714 0.5037499999999999 0.803189 0.51115 0.798228 0.5166999999999999 0.792307 0.5193749999999999 0.78257 0.5183500000000001 0.774172 0.515675 0.775317 0.5144420000000001 0.785433 0.51115 0.789443
0 0.55365 0.774489 0.546758 0.768305 0.540808 0.764435 0.535333 0.7621209999999999 0.53355 0.7622289999999999 0.530817 0.764884 0.540567 0.7720589999999999 0.5485420000000001 0.7788 0.553892 0.780015 0.55365 0.774489
0 0.5930329999999999 0.761471 0.601008 0.764559 0.607783 0.7669889999999999 0.6121920000000001 0.769644 0.617183 0.772624 0.621583 0.772957 0.6248 0.772957 0.625983 0.769977 0.6058830000000001 0.76058 0.593633 0.756053 0.5909 0.757268 0.5930329999999999 0.761471
0 0.676817 0.713916 0.6713669999999999 0.716223 0.6718580000000001 0.720457 0.677117 0.72202 0.6863330000000001 0.7218340000000001 0.689308 0.719536 0.684942 0.714567 0.676817 0.713916
0 0.735133 0.679721 0.722283 0.6799459999999999 0.715508 0.6800539999999999 0.708608 0.6806110000000001 0.7024250000000001 0.681385 0.69255 0.682043 0.685175 0.685248 0.682792 0.68945 0.685292 0.692872 0.696 0.691989 0.699808 0.689002 0.709917 0.6885600000000001 0.728825 0.6866869999999999 0.746317 0.687786 0.752383 0.684257 0.7519 0.679721 0.747267 0.679721 0.735133 0.679721
0 0.792333 0.596525 0.781983 0.596525 0.7689 0.596858 0.7603329999999999 0.596858 0.749517 0.60017 0.745825 0.604481 0.7463 0.608127 0.752958 0.6060220000000001 0.76605 0.6041489999999999 0.7791330000000001 0.6041489999999999 0.794358 0.6041489999999999 0.795067 0.6009439999999999 0.796142 0.596858 0.792333 0.596525
0 0.811458 0.52137 0.8068250000000001 0.519381 0.801592 0.519156 0.794333 0.5192650000000001 0.786242 0.51993 0.7795829999999999 0.520387 0.7747080000000001 0.521045 0.7692330000000001 0.523467 0.7642420000000001 0.5270050000000001 0.7605500000000001 0.530759 0.757458 0.535294 0.758175 0.538615 0.761742 0.54048 0.7637579999999999 0.538057 0.7684 0.5324150000000001 0.77435 0.527229 0.788267 0.5257970000000001 0.8005169999999999 0.526006 0.813483 0.528986 0.818475 0.528878 0.8177670000000001 0.524125 0.811458 0.52137
0 0.762192 0.467121 0.760292 0.471981 0.759458 0.478498 0.759342 0.48192700000000005 0.760767 0.48590600000000006 0.765167 0.483251 0.7667080000000001 0.47894 0.765758 0.475186 0.767667 0.46789500000000006 0.770992 0.46303400000000006 0.773133 0.460379 0.776583 0.456409 0.7802749999999999 0.451656 0.781817 0.447902 0.781817 0.44348299999999996 0.78075 0.43894700000000003 0.77825 0.438506 0.774683 0.447128 0.769683 0.45551899999999995 0.764808 0.46314200000000005 0.762192 0.467121
0 0.75585 0.37968999999999997 0.742408 0.395712 0.746458 0.397918 0.7591829999999999 0.384659 0.75585 0.37968999999999997
0 0.711767 0.366889 0.715908 0.359203 0.719042 0.349659 0.722183 0.34010799999999997 0.7236170000000001 0.331494 0.7229 0.322879 0.7180500000000001 0.324071 0.7184999999999999 0.334907 0.709908 0.35483 0.707908 0.364636 0.711767 0.366889
0 0.661567 0.28157899999999997 0.66185 0.32373799999999997 0.668133 0.322415 0.6668499999999999 0.282902 0.661567 0.28157899999999997
0 0.605325 0.23822800000000002 0.604042 0.23027099999999998 0.5986170000000001 0.233057 0.599475 0.270975 0.6059 0.276672 0.607325 0.273893 0.605325 0.23822800000000002
0 0.542525 0.249365 0.546092 0.246053 0.5445249999999999 0.241014 0.54195 0.235712 0.5373829999999999 0.230008 0.533675 0.223514 0.52925 0.21993000000000001 0.525533 0.21767799999999998 0.5224 0.21886999999999998 0.529817 0.22589800000000002 0.5343829999999999 0.234118 0.5381 0.24393199999999998 0.542525 0.249365
0 0.488317 0.24781 0.48195 0.23921800000000001 0.464067 0.222802 0.45439999999999997 0.21038700000000002 0.449267 0.212492 0.45605 0.22337500000000002 0.472283 0.239791 0.483383 0.250286 0.488317 0.24781
0 0.323683 0.30527099999999996 0.330875 0.307183 0.34053300000000003 0.311571 0.34999199999999997 0.314435 0.349783 0.306416 0.336008 0.30450499999999997 0.32553299999999996 0.297825 0.3169 0.291525 0.316283 0.295534 0.319567 0.300882 0.323683 0.30527099999999996
0 0.25633300000000003 0.348986 0.269408 0.351277 0.275825 0.349443 0.273108 0.342337 0.256583 0.341881 0.24573299999999998 0.342337 0.24573299999999998 0.34692 0.24548299999999998 0.349443 0.25633300000000003 0.348986
0 0.27665799999999996 0.41887800000000003 0.246817 0.43422599999999995 0.250758 0.43972100000000003 0.28135 0.426896 0.27665799999999996 0.41887800000000003