0 0.266354 0.587333 0.265184 0.580267 0.262579 0.573858 0.25997400000000004 0.5756249999999999 0.260316 0.587008 0.260427 0.598383 0.25872799999999996 0.607 0.257822 0.6120829999999999 0.2576 0.619267 0.258847 0.625892 0.258958 0.6321920000000001 0.258958 0.634733 0.26337299999999997 0.634175 0.263484 0.617942 0.26405599999999996 0.608875 0.266097 0.597917 0.266354 0.587333
0 0.253587 0.564017 0.260239 0.557142 0.261409 0.549317 0.259061 0.5472170000000001 0.25514899999999996 0.552942 0.251631 0.5588580000000001 0.241452 0.564017 0.233433 0.5665 0.22737 0.569167 0.221699 0.57165 0.21895799999999999 0.5750919999999999 0.22052100000000002 0.578333 0.225414 0.578333 0.234219 0.576233 0.245568 0.5686 0.253587 0.564017
0 0.271827 0.36209199999999997 0.28013699999999997 0.367183 0.289761 0.367817 0.297259 0.367342 0.30117 0.364158 0.29840300000000003 0.360817 0.288941 0.36065800000000003 0.284056 0.359233 0.27850600000000003 0.357 0.270034 0.355567 0.262699 0.35573299999999997 0.261554 0.358117 0.266772 0.359233 0.271827 0.36209199999999997
0 0.185619 0.49780800000000003 0.159693 0.49175 0.139641 0.487317 0.121708 0.48635799999999996 0.108019 0.48572499999999996 0.092041 0.48524200000000006 0.091879 0.494308 0.10965 0.49272499999999997 0.14731 0.49589999999999995 0.182844 0.5038579999999999 0.20339000000000002 0.51165 0.204697 0.5049750000000001 0.202408 0.504492 0.185619 0.49780800000000003
0 0.36000899999999997 0.744608 0.362938 0.746175 0.363971 0.744517 0.363971 0.7401 0.36067499999999997 0.7354 0.358787 0.730892 0.35906899999999997 0.725917 0.359727 0.720767 0.359915 0.716533 0.359915 0.7121999999999999 0.35935100000000003 0.70705 0.35840299999999997 0.702442 0.355952 0.701342 0.353971 0.7025330000000001 0.35406499999999996 0.7157 0.35567000000000004 0.7339330000000001 0.356806 0.74065 0.36000899999999997 0.744608
0 0.221793 0.42690799999999995 0.23076 0.42754200000000003 0.249505 0.428975 0.25162300000000004 0.425 0.248531 0.41942500000000005 0.22831800000000002 0.41910800000000004 0.21641300000000002 0.418 0.207447 0.415133 0.204022 0.41990800000000006 0.207933 0.42356699999999997 0.221793 0.42690799999999995
0 0.511161 0.78065 0.511845 0.779317 0.49220300000000006 0.764058 0.490325 0.7654829999999999 0.499462 0.7754 0.511161 0.78065
0 0.548053 0.7549750000000001 0.550188 0.75765 0.555056 0.760567 0.559411 0.763483 0.564876 0.765567 0.568463 0.7665580000000001 0.57222 0.7666419999999999 0.574526 0.7648170000000001 0.565816 0.762983 0.5583859999999999 0.75715 0.551383 0.754475 0.548053 0.7549750000000001
0 0.629266 0.739642 0.6239709999999999 0.7369749999999999 0.617908 0.733392 0.613638 0.7329749999999999 0.611674 0.733725 0.615175 0.7383919999999999 0.623629 0.742892 0.6297780000000001 0.742058 0.629266 0.739642
0 0.685508 0.712192 0.679052 0.712192 0.671776 0.712092 0.664398 0.712392 0.660094 0.7141919999999999 0.657122 0.715892 0.657737 0.7180920000000001 0.667472 0.7190920000000001 0.694526 0.715292 0.6925790000000001 0.713792 0.691759 0.7122919999999999 0.685508 0.712192
0 0.724039 0.646592 0.713484 0.653592 0.702519 0.660192 0.697703 0.667792 0.699445 0.669392 0.740231 0.644592 0.7387699999999999 0.642667 0.735004 0.643392 0.724039 0.646592
0 0.788881 0.56865 0.784782 0.57045 0.778634 0.5728500000000001 0.768591 0.57505 0.761315 0.57565 0.751682 0.57785 0.746354 0.57915 0.7419469999999999 0.58255 0.74123 0.5861500000000001 0.7440990000000001 0.5864499999999999 0.748608 0.58595 0.752707 0.58445 0.756396 0.5832499999999999 0.76193 0.5821500000000001 0.767464 0.57975 0.7754570000000001 0.57905 0.781401 0.5789500000000001 0.7872760000000001 0.575833 0.7906920000000001 0.572417 0.79146 0.5702499999999999 0.7904359999999999 0.569167 0.788881 0.56865
0 0.769898 0.514325 0.763228 0.520025 0.760051 0.526625 0.764868 0.5262249999999999 0.7717419999999999 0.5229250000000001 0.7804439999999999 0.5149250000000001 0.784133 0.511425 0.781366 0.510025 0.7772669999999999 0.510825 0.769898 0.514325
0 0.759582 0.451767 0.756712 0.457167 0.7546630000000001 0.460367 0.752818 0.463567 0.750256 0.466867 0.749129 0.471367 0.749846 0.475067 0.7525109999999999 0.47476700000000005 0.7562 0.47056699999999996 0.758864 0.466867 0.762348 0.461967 0.76573 0.457167 0.768395 0.452067 0.770444 0.44726699999999997 0.772289 0.44326699999999997 0.774543 0.43926699999999996 0.776285 0.43456700000000004 0.774953 0.431867 0.772084 0.432367 0.769317 0.437067 0.768292 0.440867 0.763271 0.446167 0.759582 0.451767
0 0.73386 0.3634 0.729932 0.366483 0.7257469999999999 0.370317 0.722161 0.37406700000000004 0.719855 0.377733 0.719599 0.3819 0.719257 0.385317 0.719257 0.38815 0.71994 0.391733 0.720196 0.394733 0.720623 0.39865 0.721307 0.400317 0.7229289999999999 0.397733 0.723442 0.392233 0.7236119999999999 0.387983 0.723356 0.382817 0.724295 0.37815 0.732494 0.3714 0.739582 0.365067 0.7387279999999999 0.362983 0.737276 0.3614 0.73386 0.3634
0 0.6979759999999999 0.336808 0.699539 0.332233 0.70228 0.324017 0.70228 0.311042 0.70228 0.2967 0.70228 0.285458 0.6962170000000001 0.2782 0.694278 0.28125 0.6962170000000001 0.29195000000000004 0.695235 0.321158 0.695235 0.335283 0.6979759999999999 0.336808
0 0.604082 0.260517 0.590154 0.240742 0.58304 0.2266 0.5787359999999999 0.21455799999999997 0.5754400000000001 0.209917 0.57047 0.209808 0.5694359999999999 0.21389200000000003 0.595944 0.260517 0.606695 0.26869200000000004 0.608395 0.267475 0.604082 0.260517
0 0.306781 0.670175 0.305423 0.664742 0.30311699999999997 0.665008 0.30311699999999997 0.670442 0.302434 0.675217 0.299582 0.68105 0.297549 0.6854250000000001 0.29509799999999997 0.6909919999999999 0.292246 0.698283 0.290213 0.702658 0.28884699999999996 0.7065 0.28830900000000004 0.710083 0.28830900000000004 0.712333 0.291025 0.7141919999999999 0.29333 0.711008 0.299445 0.695892 0.304338 0.68595 0.306781 0.6782670000000001 0.306781 0.670175
0 0.529249 0.258967 0.516584 0.23466700000000001 0.510581 0.212675 0.505482 0.19566699999999998 0.49970100000000006 0.195117 0.497438 0.19842500000000002 0.5058239999999999 0.228367 0.520077 0.254 0.527566 0.25940799999999997 0.529249 0.258967
0 0.460982 0.254442 0.42848800000000004 0.22162500000000002 0.41750600000000004 0.20903299999999997 0.41241700000000003 0.207817 0.409582 0.21025 0.45350999999999997 0.256758 0.469599 0.260917 0.473775 0.259083 0.460982 0.254442
0 0.418377 0.741417 0.420589 0.75125 0.42588400000000004 0.76085 0.432767 0.768892 0.43608900000000006 0.768533 0.431418 0.75785 0.426251 0.745617 0.417763 0.733375 0.41038399999999997 0.7292919999999999 0.41013700000000003 0.731817 0.41494400000000004 0.73625 0.418377 0.741417
0 0.366055 0.270617 0.369641 0.274592 0.372579 0.277142 0.377301 0.2808 0.380888 0.283183 0.386763 0.284775 0.392143 0.285575 0.395892 0.285892 0.39931700000000003 0.285892 0.402084 0.284617 0.402246 0.284458 0.398984 0.282233 0.391324 0.28254999999999997 0.383988 0.27825 0.378933 0.273642 0.374535 0.269183 0.37208399999999997 0.26648299999999997 0.363288 0.2598 0.357908 0.256142 0.350564 0.2528 0.348121 0.253117 0.344048 0.253433 0.343228 0.25916700000000004 0.350401 0.2598 0.355457 0.2625 0.361657 0.266167 0.366055 0.270617
0 0.314535 0.30625 0.320248 0.309592 0.32643900000000003 0.313408 0.331494 0.315 0.33768600000000004 0.316275 0.34339 0.316275 0.347472 0.316275 0.350734 0.314525 0.350897 0.314367 0.347472 0.31309200000000004 0.341272 0.31309200000000004 0.334432 0.310708 0.33051200000000003 0.307842 0.32269000000000003 0.304658 0.31959 0.303075 0.31193 0.29957500000000004 0.308668 0.297342 0.304108 0.29511699999999996 0.29807 0.29416699999999996 0.295141 0.29416699999999996 0.292852 0.294 0.289103 0.29416699999999996 0.287643 0.29559199999999997 0.28617400000000004 0.297825 0.28633600000000003 0.300367 0.28992300000000004 0.30179999999999996 0.294816 0.300842 0.30117 0.300842 0.308506 0.304025 0.314535 0.30625