0 0.7557010749999999 0.382599340625 0.7563405671875 0.3780491171875 0.7569248953125001 0.3738914015625 0.7575487484375001 0.36945245625 0.75493069375 0.3686842546875 0.75249266875 0.3749489546875 0.749006509375 0.3796819515625 0.74747946875 0.38705881875000003 0.7459844343750001 0.3928639125 0.7480004203124999 0.39442744687500003 0.7509513359375 0.39149053125 0.754097159375 0.387100675 0.7557010749999999 0.382599340625
0 0.7752671484375 0.46848613125 0.7741212984375 0.47039652656250003 0.7737409859375 0.473102584375 0.7756003328125 0.4744439734375 0.7802778078125 0.4709657015625 0.7828135953124999 0.46816231875 0.7871635796875001 0.46010314531249996 0.7885567874999999 0.45783551093749997 0.791102125 0.4535613890625 0.793855009375 0.44921327812499995 0.795329821875 0.446364978125 0.79517164375 0.44259910312499995 0.791439559375 0.444241965625 0.7882185328125 0.44910816249999996 0.787730596875 0.4519043171875 0.785808090625 0.45517660937500004 0.78217096875 0.4589052859375 0.7788993296875 0.4627802328125 0.7773827 0.46591872343749996 0.7752671484375 0.46848613125
0 0.777011646875 0.5276227765625 0.78056703125 0.5238661078125 0.7854669859375 0.5213165875 0.7897831015625 0.516987015625 0.7944007453124999 0.5116723546874999 0.7878191578125 0.51296735625 0.7824693734375 0.5174910500000001 0.7737423578125 0.52358575 0.7688516125 0.5293747296875 0.768176003125 0.5354084609374999 0.772769740625 0.5326508515625 0.777011646875 0.5276227765625
0 0.7772799796875 0.54964163125 0.7825182703125 0.5495246984375 0.7861027484374999 0.551561409375 0.7893116296875 0.55388369375 0.7924497078125 0.5567097609375 0.7953479484375 0.560015853125 0.7980406234374999 0.5636241953125001 0.7999713046875 0.5678217703125 0.801132309375 0.57155424375 0.8027353046875 0.5756964828125 0.8057736078125 0.575619040625 0.805824425 0.569323159375 0.8017535406249999 0.5586878625 0.797484434375 0.5529515890625001 0.7914810828125 0.547928896875 0.7848949765625 0.545767434375 0.7815972328125 0.5453039656249999 0.7790752546874999 0.5464814375 0.7772799796875 0.54964163125
0 0.40131362499999995 0.747814909375 0.4001567875 0.7381111406249999 0.3947955546875 0.7211750984374999 0.39160717031250003 0.7174878046875001 0.3872509796875 0.719774353125 0.3966261953125 0.751239171875 0.40131362499999995 0.747814909375
0 0.31969388906249996 0.717270915625 0.3181608265625 0.71360788125 0.31355051093749997 0.7117756765625 0.3045241125 0.730216678125 0.3068892265625 0.7369562859375 0.31007450937500003 0.7385871828125 0.30968830937499997 0.7330138953125 0.31969388906249996 0.717270915625
0 0.28913708125 0.6270799734375 0.286173565625 0.62675013125 0.28286213125000004 0.6301150375 0.27740854062500003 0.6370886140625001 0.274231146875 0.6437889218749999 0.271607059375 0.647154490625 0.2643676640625 0.6515436296875 0.26821260156250004 0.6517270703125 0.27188622812499996 0.6519029390625 0.27463255468750003 0.6501132843749999 0.27828006250000004 0.6455762703125 0.28260257499999997 0.6405254828125 0.285926121875 0.6346286906249999 0.28913708125 0.6270799734375
0 0.2570076171875 0.5589194265625 0.255754453125 0.5586556203125 0.2532621546875 0.5623099875 0.2510369671875 0.568352890625 0.249932175 0.5737682140625 0.2510414484375 0.5756654390625 0.2545699609375 0.5725920328125 0.25661502812500003 0.5672211703125 0.2577810796875 0.5632060734375 0.2570076171875 0.5589194265625
0 0.2422266953125 0.47932009531249997 0.23685145625 0.48408366718750007 0.23005615625 0.49014553281250006 0.22632463125000002 0.49288608749999996 0.222180409375 0.49593382343750003 0.21760316093749998 0.499433403125 0.21069826875 0.502720359375 0.20688415937500002 0.50519656875 0.20303110625 0.5070318421875 0.20161174062499998 0.507458540625 0.20377913281249999 0.510522653125 0.216612796875 0.5055621640625 0.2277816 0.4992277859375 0.23604020625 0.49249265937500003 0.2411036734375 0.487310803125 0.245642546875 0.482306928125 0.2481608578125 0.4785262375 0.2472335578125 0.4753929515625 0.2422266953125 0.47932009531249997
0 0.29446209843750004 0.3702091109375 0.29239363749999997 0.3679687 0.2857146734375 0.368979740625 0.2799638859375 0.370730896875 0.273490203125 0.3702739484375 0.26871882812500003 0.3672008 0.2640168046875 0.3647285 0.25933354375 0.3631656046875 0.25245428593749997 0.362355590625 0.24795965 0.3636736171875 0.24567377656249997 0.367269309375 0.25033375625 0.36581771875 0.255984134375 0.3679611484375 0.2632705421875 0.370038440625 0.2696591875 0.3710931078125 0.2786317875 0.372798740625 0.2836525515625 0.3741047484375 0.288209603125 0.37234262500000004 0.29446209843750004 0.3702091109375
0 0.3461957328125 0.3142432640625 0.3405754296875 0.3163439 0.33351308281250003 0.3137152484375 0.324311628125 0.30953980312499996 0.31909070625 0.30880605 0.31326145156249996 0.30798680156249997 0.30828548125 0.307287475 0.30594133437500004 0.3089696296875 0.3143781125 0.31240936874999997 0.321677440625 0.315063071875 0.3303216453125 0.3170268703125 0.337918959375 0.31847835625 0.3445674859375 0.3187855375 0.3498244078125 0.31663383125 0.3531755109375 0.313970825 0.3461957328125 0.3142432640625
0 0.4012821171875 0.2757337640625 0.3964029578125 0.273420190625 0.38603848749999997 0.2660700796875 0.378558478125 0.2620065875 0.37255738437499997 0.25978807812500004 0.36655385625000003 0.2584388578125 0.3594322 0.257943453125 0.35640099687500004 0.2583963609375 0.357823021875 0.2623573953125 0.3651980125 0.26202702499999997 0.372347221875 0.264772075 0.3781548234375 0.268984278125 0.382863796875 0.2718918546875 0.3896669640625 0.276364671875 0.39485801875000004 0.27908829218750003 0.400121746875 0.2795835734375 0.4012821171875 0.2757337640625
0 0.43652786875 0.24484666093750002 0.43332099375000005 0.2413496765625 0.43064437812499995 0.2383615140625 0.428280665625 0.2349830265625 0.42631527656249996 0.2330521375 0.42312147656250004 0.23068864531250002 0.4198308296875 0.2296165046875 0.420229996875 0.2322845921875 0.424775190625 0.236665990625 0.42764597968749996 0.241944753125 0.43231202656249995 0.24608317343750002 0.43812245625 0.251252059375 0.4407019859375 0.253094921875 0.44201416875 0.25110268125 0.4396025328125 0.24867477500000001 0.43652786875 0.24484666093750002
0 0.5277075671875 0.25339550312500003 0.5322624625000001 0.254035653125 0.5331416046874999 0.25328854375 0.5294897375 0.2517313390625 0.5213550546875 0.24902109687500001 0.5170520890625 0.2465883734375 0.513617325 0.24410333125 0.5113858109375 0.241003384375 0.509444196875 0.23707455 0.5065745265625 0.2336239234375 0.504295959375 0.23147571249999999 0.5011972453125 0.22903789843750003 0.497653428125 0.2267118671875 0.494049615625 0.2248127359375 0.488409459375 0.22271407031249998 0.4864821484375 0.223574859375 0.492087453125 0.22775760156249997 0.49836887343749997 0.233864375 0.5031790453125 0.238806028125 0.5079411890625 0.2428702703125 0.512016121875 0.24631594687499997 0.5165601718749999 0.2500885453125 0.5213202046875 0.2511051703125 0.5277075671875 0.25339550312500003
0 0.6525022375 0.295423190625 0.6538549437500001 0.29277539375 0.6548136125 0.28595410781249997 0.65414336875 0.280749409375 0.6540986359375001 0.275067309375 0.6547857703125 0.2692012828125 0.6546700890625 0.2650669125 0.6553550765625 0.260192975 0.6560197328124999 0.2554636984375 0.6568021078124999 0.24989680781249998 0.657448709375 0.24529600624999998 0.6558113015625 0.241949446875 0.652980578125 0.23913975468749998 0.651330325 0.2418849984375 0.6514359234375 0.24615721562499998 0.65033873125 0.25892163125 0.649444871875 0.2663173359375 0.6483498265625001 0.2780896625 0.650058434375 0.2838673734375 0.65047775625 0.2888965109375 0.6513062546875 0.29298251249999996 0.6525022375 0.295423190625
0 0.584664384375 0.2611918796875 0.5804517390624999 0.253217765625 0.5795097078125 0.24498944531250003 0.5805464296875 0.237612784375 0.581439278125 0.2302169359375 0.582809646875 0.2244469328125 0.5842832125 0.2189782140625 0.5868790749999999 0.208652659375 0.5844717234375 0.2046666234375 0.5811910250000001 0.2050586765625 0.5791928562499999 0.2122991828125 0.5752300906250001 0.224521603125 0.5744483765624999 0.23405711718750002 0.575102221875 0.246363046875 0.5775925125 0.2586310078125 0.585317725 0.265540046875 0.5879898171875 0.266481928125 0.584664384375 0.2611918796875
0 0.7254887515624999 0.3668974546875 0.7290170625 0.34081541406250004 0.7310326421875 0.32647381875 0.7321071031249999 0.3108672703125 0.7319262171875 0.3021806109375 0.7293668875 0.29841666875 0.7259829921875001 0.2985074375 0.7250628515625 0.305054578125 0.7256821140625 0.3196189578125 0.723942740625 0.33499176249999996 0.7225944875 0.34856576562499997 0.721537434375 0.3560870875 0.7223734125 0.36415195312500004 0.7240254515625 0.3693553703125 0.7254887515624999 0.3668974546875