0 0.725392 0.352928 0.7275579999999999 0.354169 0.7300169999999999 0.35092 0.732467 0.346236 0.7334080000000001 0.341654 0.7334080000000001 0.337156 0.7334080000000001 0.333046 0.7334080000000001 0.328658 0.7307669999999999 0.32827 0.729258 0.334675 0.726525 0.339738 0.7260500000000001 0.347097 0.725392 0.352928
0 0.772458 0.40790699999999996 0.769442 0.41201699999999997 0.7668 0.416219 0.765758 0.419468 0.764058 0.42224500000000004 0.763208 0.42425300000000005 0.763208 0.42692800000000003 0.765192 0.427975 0.76925 0.42396599999999995 0.771325 0.420903 0.774442 0.412498 0.775483 0.41011 0.777367 0.40562 0.779442 0.40103 0.780483 0.398068 0.779817 0.394439 0.7764249999999999 0.39654 0.7739670000000001 0.401696 0.773875 0.404473 0.772458 0.40790699999999996
0 0.770083 0.47586500000000004 0.7661330000000001 0.48214300000000004 0.7663 0.488084 0.770375 0.484785 0.7738 0.479333 0.776733 0.475207 0.781133 0.472068 0.784725 0.467283 0.788475 0.461502 0.782275 0.463654 0.777708 0.468768 0.770083 0.47586500000000004
0 0.790583 0.497046 0.783908 0.49584799999999996 0.78065 0.49584799999999996 0.778367 0.49733299999999997 0.777058 0.500641 0.7821170000000001 0.49981400000000004 0.785867 0.5013 0.789292 0.503114 0.792717 0.505426 0.795975 0.508236 0.799075 0.511367 0.8015169999999999 0.515173 0.8031499999999999 0.518633 0.8052670000000001 0.5224300000000001 0.8082 0.521941 0.8073919999999999 0.515831 0.8019999999999999 0.506076 0.797083 0.501097 0.790583 0.497046
0 0.429858 0.71903 0.426267 0.71589 0.422358 0.7187 0.435725 0.747924 0.43979999999999997 0.743966 0.43735799999999997 0.7347170000000001 0.429858 0.71903
0 0.34363299999999997 0.740093 0.346842 0.7463040000000001 0.35015 0.7474510000000001 0.349017 0.742101 0.35656699999999997 0.7254769999999999 0.354583 0.722135 0.34986700000000004 0.7209869999999999 0.34363299999999997 0.740093
0 0.303767 0.666515 0.306683 0.66162 0.310183 0.656135 0.3126 0.649966 0.314683 0.642211 0.311767 0.6422950000000001 0.309017 0.6460079999999999 0.304683 0.6535110000000001 0.30251700000000004 0.660439 0.300433 0.6640590000000001 0.29401700000000003 0.6693 0.297767 0.668954 0.30135 0.668624 0.303767 0.666515
0 0.270775 0.597561 0.273775 0.594101 0.27502499999999996 0.588616 0.27560799999999996 0.584565 0.274275 0.580515 0.27302499999999996 0.58043 0.271108 0.5843119999999999 0.269775 0.590473 0.269442 0.595873 0.270775 0.597561
0 0.24911699999999998 0.513266 0.252833 0.5077969999999999 0.254758 0.503789 0.253433 0.5008779999999999 0.24911699999999998 0.505367 0.244558 0.510717 0.23879999999999998 0.517519 0.235558 0.5206839999999999 0.23195800000000003 0.524203 0.22799999999999998 0.528219 0.22175799999999998 0.532346 0.2184 0.535266 0.21491699999999997 0.53757 0.2136 0.538177 0.21611699999999998 0.540852 0.227875 0.534295 0.23783300000000002 0.526633 0.244917 0.5189790000000001 0.24911699999999998 0.513266
0 0.26095799999999997 0.396717 0.269883 0.397148 0.274925 0.39773000000000003 0.2791 0.395401 0.284867 0.39248099999999997 0.282558 0.390591 0.276225 0.39248099999999997 0.270892 0.394962 0.26455799999999996 0.395401 0.259517 0.393072 0.254625 0.391316 0.24987499999999999 0.390439 0.2431 0.390591 0.238925 0.39248099999999997 0.2372 0.396278 0.24151699999999998 0.394236 0.247283 0.395544 0.254625 0.396565 0.26095799999999997 0.396717
0 0.319925 0.336414 0.326408 0.335806 0.331208 0.33300399999999997 0.334092 0.329966 0.327367 0.331181 0.322208 0.33398300000000003 0.315008 0.332397 0.305525 0.329603 0.300367 0.329603 0.294608 0.329603 0.289692 0.329603 0.28765 0.331553 0.296292 0.333738 0.30372499999999997 0.335316 0.312367 0.336042 0.319925 0.336414
0 0.357125 0.28513099999999997 0.364325 0.28854 0.36972499999999997 0.290473 0.374892 0.290236 0.375492 0.286346 0.37045 0.284768 0.359408 0.279055 0.35160800000000003 0.276135 0.345492 0.274802 0.339492 0.274312 0.332525 0.274802 0.32965 0.275654 0.331567 0.2793 0.338667 0.27797499999999997 0.345967 0.27966199999999997 0.352167 0.28295400000000004 0.357125 0.28513099999999997
0 0.40785 0.257595 0.41059999999999997 0.25903 0.41159999999999997 0.25692 0.40893300000000005 0.254895 0.40543300000000004 0.251603 0.40185000000000004 0.24864999999999998 0.39885000000000004 0.246118 0.3961 0.243165 0.393933 0.241561 0.390517 0.239705 0.387183 0.239114 0.387933 0.24164599999999997 0.39293300000000003 0.245274 0.396433 0.25 0.401517 0.253376 0.40785 0.257595
0 0.47435 0.23995799999999998 0.47876700000000005 0.24274300000000001 0.483683 0.24578099999999997 0.488433 0.246118 0.49493299999999996 0.24746800000000002 0.49943299999999996 0.24746800000000002 0.500183 0.246624 0.496433 0.245612 0.488183 0.24409299999999998 0.483683 0.242321 0.48001699999999997 0.24037999999999998 0.477433 0.23767900000000003 0.47501699999999997 0.23413499999999998 0.471767 0.231181 0.469267 0.22940900000000003 0.465933 0.227468 0.462183 0.22569599999999998 0.458433 0.224346 0.45268300000000006 0.22308 0.45093300000000003 0.224177 0.456933 0.227468 0.46385 0.23253200000000002 0.469183 0.23666700000000002 0.47435 0.23995799999999998
0 0.615175 0.25497000000000003 0.617617 0.260338 0.618708 0.265156 0.6200669999999999 0.269004 0.621558 0.27120700000000003 0.6225080000000001 0.268456 0.6225080000000001 0.261713 0.62115 0.256759 0.620333 0.251257 0.6202 0.245477 0.619525 0.241485 0.619525 0.23666700000000002 0.619525 0.23199200000000003 0.619525 0.226489 0.619525 0.221941 0.617483 0.21892 0.614358 0.216582 0.613133 0.219468 0.613817 0.223595 0.614492 0.236118 0.614633 0.243409 0.615175 0.25497000000000003
0 0.539892 0.234194 0.543975 0.245747 0.5524 0.251392 0.555117 0.251941 0.551175 0.24726599999999999 0.5460079999999999 0.24011 0.543975 0.23226200000000002 0.543975 0.22496999999999998 0.543833 0.217679 0.5443749999999999 0.211899 0.545058 0.206397 0.546167 0.19603399999999999 0.543292 0.192498 0.5401670000000001 0.193325 0.5392170000000001 0.200616 0.537042 0.21300400000000003 0.5375829999999999 0.222354 0.539892 0.234194
0 0.6967 0.31317300000000003 0.6967 0.320608 0.698608 0.328312 0.700917 0.333131 0.702 0.330549 0.701867 0.304785 0.701867 0.29060800000000003 0.700783 0.275333 0.699425 0.266937 0.6964330000000001 0.263637 0.6931670000000001 0.264186 0.6931670000000001 0.270658 0.69575 0.284692 0.6961579999999999 0.299831 0.6967 0.31317300000000003