0 0.5547774328124999 0.36461923125 0.54872228125 0.36867191718750003 0.5473171296875 0.37664692187500004 0.5539711203125 0.3848984203125 0.5577217390625 0.3916655390625 0.5660905890625 0.39809249375 0.5732309703125 0.3903707625 0.576063665625 0.38295223906250003 0.5697286171875 0.3746502265625 0.5630858234375 0.3706644703125 0.5547774328124999 0.36461923125
1 0.5744105640625 0.231747815625 0.5721455062499999 0.22983218593750002 0.5711886828125 0.22998373125 0.5696367375 0.232503915625 0.5694330187500001 0.246732703125 0.55851438125 0.270618890625 0.5584794328125 0.273461284375 0.560744490625 0.2753769140625 0.5624824312500001 0.2739644609375 0.5630444953125 0.27445014687499997 0.5628687890624999 0.2733407859375 0.5741718953125 0.248818996875 0.5746731765625 0.233405890625 0.5744105640625 0.231747815625
1 0.6544742015625 0.771276221875 0.65220914375 0.7693605921875 0.651252321875 0.7695121375 0.6497003734375 0.772032321875 0.6499629875 0.773690396875 0.657600059375 0.7940751671874999 0.6437932281250001 0.8337525109374999 0.643363521875 0.8372321375 0.645628578125 0.839147765625 0.6478397874999999 0.83766035625 0.6492263171875 0.8340291843750001 0.6625477015625 0.7944164984375 0.6552203703124999 0.772857709375 0.6544742015625 0.771276221875
2 0.5592510515625 0.21028010312499998 0.536826378125 0.2109949625 0.5186759296875 0.2201181390625 0.51711369375 0.22263994999999998 0.5172894 0.22374930937499998 0.5195544562500001 0.2256649390625 0.5209845453125 0.2254384359375 0.5381781734375 0.21646680468750001 0.5577426640625001 0.21620495312500002 0.560129578125 0.21582690312500002 0.5616918140625 0.2133050921875 0.5615161078125 0.21219573125000002 0.5592510515625 0.21028010312499998
0 0.664109684375 0.7678547953125 0.6583447140625001 0.7652829421875 0.65258814375 0.76269753125 0.6477625109375 0.76812064375 0.6447215015625 0.7763547421875 0.6502771765625 0.7839976140625 0.6558440484375 0.795906228125 0.6669824109375 0.8007084343749999 0.6720239140625 0.7945174625 0.6666252578125 0.7879991375000001 0.6627054421875 0.7800971718749999 0.6637004734375 0.77372783125 0.664109684375 0.7678547953125
2 0.5823794328125 0.26967589531249997 0.5343082078125 0.26934153437499997 0.525012878125 0.27251343906250003 0.52345064375 0.27503525156249997 0.5236263484375 0.2761446125 0.52589140625 0.278060240625 0.5375736484375 0.27451028593750004 0.5833448671875 0.27577141250000003 0.5852585140625 0.2754683203125 0.5868226375 0.2729584375 0.5866469328125 0.271849078125 0.5843818749999999 0.2699334484375 0.5823794328125 0.26967589531249997
1 0.542767971875 0.174263021875 0.5361226703125 0.150884309375 0.5338576140625 0.14896868125 0.5329007906250001 0.14912022656249999 0.5313488421875 0.151640409375 0.531700253125 0.153859128125 0.537895059375 0.17446010625 0.5384496859375 0.1902806796875 0.537562259375 0.2125780796875 0.5378267625 0.2142480859375 0.54009181875 0.21616371406249998 0.5410486421875 0.2160121671875 0.5428196421875 0.21174539218750002 0.5433123109375 0.190085225 0.542767971875 0.174263021875
1 0.5743155265625 0.4260510125 0.568558253125 0.47013937656250004 0.5688227546875 0.47180938125000005 0.5710878125 0.4737250109375 0.5720446359375 0.4735734640625 0.57390443125 0.46986733437500006 0.5796617078125 0.42577896875 0.5793972046875 0.424108965625 0.5771321484375 0.42219333593749997 0.576175325 0.42234488125 0.5743155265625 0.4260510125
2 0.5983315484375 0.46941002656249997 0.577677875 0.46585811093749996 0.5748176953125 0.46631111875000003 0.551918078125 0.4733496296875 0.55035584375 0.4758714421875 0.5505315484375 0.476980803125 0.5527947156249999 0.4788845015625 0.5551816281249999 0.4785064515625 0.578083134375 0.4714798703125 0.5977780953125 0.4751714015625 0.5992081859375 0.474944896875 0.600770421875 0.4724230859375 0.600594715625 0.471313725 0.5983315484375 0.46941002656249997
3 0.5828487359375 0.5479805640625 0.5889149609375 0.5646400859375 0.6003163640625 0.602599215625 0.608892534375 0.638168959375 0.6095604078125 0.64544879375 0.6094363734375 0.68182180625 0.6165563296875 0.7329681296875 0.6416328046875 0.8170490812500001 0.6425546796875 0.819739928125 0.6442492734374999 0.8211834296875 0.6462498265625001 0.821429053125 0.648285328125 0.8188322828124999 0.6478470109375001 0.816064846875 0.6222084703124999 0.7314982109375 0.615266109375 0.681473175 0.61533440625 0.6416851953125 0.6145446765625 0.6366990390625 0.60596850625 0.601129296875 0.5955674859375 0.5664232890625 0.5884139703125 0.545961928125 0.59086384375 0.5274033375 0.5901071734375 0.519562859375 0.5798196875 0.442224846875 0.576747678125 0.4228289375 0.5686012140625001 0.38377956874999997 0.56623925 0.347225590625 0.5551806453125 0.30523811875 0.5357201875000001 0.20094769218750003 0.53402559375 0.19950419218749998 0.5320250390625 0.19925856875 0.5299895375 0.2018553375 0.5416010921875001 0.265912078125 0.5514158124999999 0.315494403125 0.5612114203125 0.352570678125 0.5628705640625 0.38468721562499997 0.5710067390625 0.4237382125 0.578258840625 0.47258923125 0.5843765249999999 0.5204705046875 0.5849472 0.5272032515625 0.5824973250000001 0.54576184375 0.5828487359375 0.5479805640625
2 0.5702618421875 0.5613337953124999 0.5686996062499999 0.5638556078125 0.5688753125 0.56496496875 0.57114036875 0.566880596875 0.574572903125 0.5669116453124999 0.6122964578125 0.5637736796875 0.6175538406250001 0.5629409921875 0.619116075 0.560419178125 0.6189403703125 0.5593098203125 0.6166753140625 0.5573941921875 0.5921263390625 0.5601451765625 0.5702618421875 0.5613337953124999
0 0.5422792546874999 0.20340600000000003 0.5320764484375 0.20657490156249997 0.52533604375 0.21462457499999998 0.5299450375 0.2204853859375 0.5387016828125 0.227229984375 0.5461014578125 0.22334339375 0.5459414953125 0.2160075703125 0.5550487828125 0.21650934375 0.5535505640625 0.20704996250000002 0.5500984546875001 0.2021675609375 0.5422792546874999 0.20340600000000003
2 0.6659891359375 0.766603346875 0.66372596875 0.7646996484375 0.662285590625 0.76492778125 0.636577753125 0.775810409375 0.6084452 0.7745802234375 0.60654184375 0.774881684375 0.6049796078125 0.777403496875 0.6051553140625 0.7785128578125 0.6074203703125 0.7804284859374999 0.609412525 0.7806876671875 0.6374562796875 0.7813572109375 0.66460260625 0.7702345187499999 0.6661648421875 0.7677127078125 0.6659891359375 0.766603346875
0 0.5664468296875 0.45734109375000004 0.559305540625 0.460795453125 0.5590777046875 0.467813634375 0.565491753125 0.4745501984375 0.5699500937499999 0.4773290015625 0.5757345125 0.4822210625 0.58048394375 0.4826427 0.5881330390625 0.47600204062499996 0.5830032265625 0.46052704218749996 0.57635014375 0.45654291562499993 0.5664468296875 0.45734109375000004
0 0.567780178125 0.2652628796875 0.5573477203125 0.26691521875 0.5485808578125 0.2706270421875 0.5468064515625 0.2763372421875 0.5525723296875 0.2831764671875 0.560760784375 0.28420283281250003 0.5695081234375 0.2866936140625 0.576320184375 0.2832914 0.578652565625 0.274778246875 0.5748526843749999 0.27189515468750003 0.567780178125 0.2652628796875
1 0.5563484109375 0.2692622765625 0.55490803125 0.2694904109375 0.5136020734375 0.290229153125 0.5109175984375 0.2917915203125 0.5093553640625 0.2943133328125 0.50953106875 0.29542269375 0.5117961265625001 0.297338321875 0.513226215625 0.2971118171875 0.554530284375 0.276361146875 0.5572250484375 0.27479714843749997 0.55877699375 0.2722769671875 0.558603178125 0.271179534375 0.5563484109375 0.2692622765625
2 0.5317040140625 0.3828126046875 0.5301417796875 0.3853344171875 0.5303155953124999 0.3864318484375 0.5325806515625 0.3883474765625 0.558384009375 0.38426062499999997 0.5832163859375 0.38942507656249997 0.5846464765625 0.3891985734375 0.5862087125000001 0.386676759375 0.58603300625 0.3855674 0.5827242187499999 0.3832546015625 0.5584641953125 0.3785742078125 0.5317040140625 0.3828126046875
0 0.5959532953125 0.5697248375 0.602098571875 0.5768952640625 0.6088613734375 0.5773770765624999 0.6138972078125 0.5711503171875 0.6150326781250001 0.5593418 0.6092965390625 0.5548211546874999 0.6037009109375 0.5553161234374999 0.5950158484375 0.5617418015625 0.5959532953125 0.5697248375
2 0.6001257109375 0.672511515625 0.5752688859374999 0.67644845 0.5737047625 0.6789583328125001 0.5738804671875 0.68006769375 0.5761455234375 0.681983321875 0.6010023484375 0.6780463875 0.6328980546875 0.67526898125 0.6381554375 0.67443629375 0.6397176734375 0.6719144828125 0.6395419687499999 0.6708051234375 0.6372769109374999 0.66888949375 0.6314593515625 0.6692484249999999 0.6001257109375 0.672511515625
1 0.5549276265625 0.4830954390625 0.5563680062499999 0.4828673046875 0.569174165625 0.4740281015625 0.5696907812500001 0.471097190625 0.5674257234375 0.46918156250000004 0.5659956328125 0.469408065625 0.5531913640624999 0.47825919843750003 0.552672859375 0.4811781796875 0.5549276265625 0.4830954390625
1 0.6155713953124999 0.6308627046875 0.6146248609375 0.6310126203124999 0.6130626265625 0.633534434375 0.6112617234375 0.653127428125 0.6048645890625 0.674597809375 0.6050402953125 0.6757071703124999 0.6073053515625 0.6776227984375 0.609516559375 0.6761353890625 0.6102088796875 0.6743138375 0.6159136953125001 0.65466500625 0.6180990656249999 0.634436409375 0.617836453125 0.632778334375 0.6155713953124999 0.6308627046875
1 0.611287559375 0.6718686140625 0.6103307359375 0.6720201593749999 0.584555103125 0.694860125 0.5657453921875 0.7029505281249999 0.564391921875 0.7037273765625 0.5628399734375 0.7062475593750001 0.5630156796875 0.7073569203125001 0.5652704484375 0.7092741765625 0.5667108265625 0.70904604375 0.587258478125 0.699543190625 0.6130360015625 0.6767151515625 0.613552615625 0.6737842421875 0.611287559375 0.6718686140625
1 0.5061951546875 0.36412125624999997 0.5046329187499999 0.36664306875 0.5048086234375 0.36775242812500003 0.50707368125 0.36966805625 0.5529875468750001 0.3748928671875 0.5598243890625 0.3840324921875 0.5623870078125 0.38476380312499997 0.5639492421875001 0.3822419890625 0.5592886609375001 0.37445735 0.5561905265625 0.3704115171875 0.5545847312500001 0.36952866093750003 0.5061951546875 0.36412125624999997
1 0.4673448109375 0.19926820781250001 0.443778996875 0.1927781921875 0.44234890625 0.193004696875 0.4407866703125 0.1955265078125 0.4421818125 0.19814239843749998 0.46423062656249997 0.204310203125 0.5029631765625 0.21067242187500002 0.5335781625 0.21832033593750003 0.5350082515625 0.2180938328125 0.5365723765625 0.21558395 0.5363966718750001 0.2144745890625 0.53308599375 0.2121498625 0.5076065359374999 0.20596293906250002 0.4673448109375 0.19926820781250001
1 0.6975872828125 0.765010259375 0.6709747921875 0.7856961640625 0.6669284484375 0.788048940625 0.653825228125 0.77024181875 0.651252321875 0.7695121375 0.6497003734375 0.772032321875 0.6498760781249999 0.77314168125 0.6637254687499999 0.7925302890625 0.6665506999999999 0.7949196765625001 0.66885070625 0.793992909375 0.6964200171875 0.7731554593750001 0.7016338390625 0.7689181046875 0.7023261609375 0.7670965546875 0.70215234375 0.7659991234375 0.6998872875 0.7640834953125 0.6975872828125 0.765010259375
1 0.627049609375 0.5176857984375001 0.6247864421875 0.5157820984375 0.62382961875 0.5159336453125001 0.6215834640625 0.5202634500000001 0.6171330328125 0.5385764171874999 0.60807419375 0.558756475 0.608041134375 0.5616107968749999 0.6103043031250001 0.5635144984375 0.6120319546874999 0.562103675 0.61260430625 0.5625877312500001 0.6124286015625 0.5614783703125 0.6214771531250001 0.54129994375 0.627225315625 0.5187951578125001 0.627049609375 0.5176857984375001
1 0.5953794078125 0.330113390625 0.5931143515625 0.3281977625 0.591684259375 0.328424265625 0.5568045500000001 0.3742883125 0.551380075 0.380258703125 0.551952428125 0.380742759375 0.5513451265625 0.383101096875 0.5536101828125 0.385016725 0.5559101890625 0.384089959375 0.5614668109375 0.3758242609375 0.593992878125 0.3337445625 0.5953444593749999 0.332955784375 0.5947739953125 0.3324836578125 0.5953794078125 0.330113390625
1 0.5829905921874999 0.6138661515625 0.59628753125 0.583354853125 0.60503663125 0.564348815625 0.6063013046875 0.5630113203125 0.6063362515625 0.5601689265625 0.6040711953125 0.5582532984374999 0.6031246609375 0.5584032140625 0.60234354375 0.5596641203125 0.6017730796875 0.5591919921875 0.599394778125 0.5658171046875 0.5906437890625 0.5848112140625 0.589379115625 0.5861487078125001 0.5797251515624999 0.6086974015625 0.5784707671875 0.610033265625 0.5784255296875 0.612877290625 0.5806905859375 0.61479291875 0.5824285265625 0.6133804656249999 0.5829905921874999 0.6138661515625
0 0.5903121890625 0.6818671875 0.5949202015624999 0.6919834421875 0.6021628859375 0.695495121875 0.6124446906250001 0.690760771875 0.6142581421875 0.6726453593749999 0.6087322046875 0.6673210671875001 0.6010924890625 0.669692725 0.5945593437500001 0.6707274734374999 0.5903121890625 0.6818671875