1 0.49455440156249997 0.1761618375 0.49358203749999996 0.1764042765625 0.4922398765625 0.1793499875 0.49285278750000006 0.18180824375 0.5067606046875001 0.2188606046875 0.5094296328125 0.22537904375 0.5119976171875 0.22734984531250002 0.5129803265625 0.22710482812500002 0.5143224890625 0.2241591171875 0.5137095765625 0.2217008625 0.499791415625 0.18465107812499998 0.49713273124999996 0.1781300609375 0.49455440156249997 0.1761618375
2 0.6049789375 0.5210875984375 0.6020514984374999 0.5218174906249999 0.5793249140625 0.5307442499999999 0.5256695031249999 0.544785175 0.524316996875 0.547733465625 0.52462183125 0.5489560906250001 0.5272034062500001 0.55093731875 0.56536354375 0.541422928125 0.5808588140625 0.5368963921875001 0.6065128390625001 0.527239740625 0.60786534375 0.5242914515625 0.607557265625 0.52305581875 0.6049789375 0.5210875984375
2 0.5302301218750001 0.22542885781250002 0.5299220453125 0.224193228125 0.5257295078124999 0.22196434375 0.49927407500000004 0.2200778921875 0.49633629218750003 0.22081036406250001 0.48700783281250004 0.225084153125 0.4658151015625 0.22971878124999998 0.464472940625 0.232664490625 0.46478101875 0.233900121875 0.467349003125 0.235870921875 0.4772871328125 0.234042384375 0.48854173437500004 0.231236296875 0.5003217953125 0.2263512546875 0.5274190703125 0.2287408046875 0.5288879609375 0.22837456875 0.5302301218750001 0.22542885781250002
1 0.62399866875 0.597371571875 0.6162089828124999 0.64113235625 0.6165138171875 0.64235498125 0.619085046875 0.6443387875 0.6212182234375 0.642494484375 0.6217404390625 0.6404025234375 0.6295404671875 0.596639159375 0.6292323890625 0.5954035281250001 0.6266644046875001 0.5934327265625 0.6256816953125 0.59367774375 0.62399866875 0.597371571875
0 0.5717366859374999 0.4383060484375 0.5734249124999999 0.4493517390625 0.57631713125 0.45773484218749994 0.5834184296875 0.45933519843750004 0.5891004515625 0.4498228046875 0.589217240625 0.44169798125000004 0.5839265109375 0.43660685781249997 0.5802052468750001 0.43247831249999996 0.571017265625 0.43004433437499995 0.5717366859374999 0.4383060484375
1 0.642211634375 0.7829691125 0.6311913375 0.8033726015625 0.6306401921875 0.8074197171874999 0.6332081781250001 0.8093905187500001 0.6346770687500001 0.8090242828124999 0.663299984375 0.7528852875000001 0.6643083812499999 0.7506721093750001 0.6641816515625 0.7480926343750001 0.661613665625 0.7461218328125 0.660144775 0.74648806875 0.642211634375 0.7829691125
2 0.6684872828125 0.742446290625 0.666532209375 0.7429337453125 0.6447626453125 0.75358365 0.6084668828125 0.758060371875 0.6071143765625 0.7610086609375 0.6074224546875 0.7622442921875 0.610000784375 0.7642125140625 0.6130838828125 0.764106940625 0.6467827296875 0.759614575 0.670021184375 0.7485984328125 0.671363346875 0.7456527234375 0.67105526875 0.744417090625 0.6684872828125 0.742446290625
2 0.6441278374999999 0.6759900015625 0.5742720578125 0.6855599734375 0.5729331390625 0.688518690625 0.5732379734374999 0.6897413140624999 0.5758059609374999 0.691712115625 0.579385584375 0.6914827453125 0.6033379937500001 0.687472496875 0.6458141562499999 0.6827534578125001 0.6487519374999999 0.6820209859374999 0.6500940984375 0.679075275 0.649786021875 0.6778396453125 0.6472180359374999 0.6758688421875 0.6441278374999999 0.6759900015625
2 0.50796679375 0.39040709218749997 0.5105347796874999 0.3923778953125 0.5582664921875 0.38375124375 0.5641420578125 0.38228629999999997 0.56548421875 0.3793405890625 0.565176140625 0.37810495781250003 0.5626081562499999 0.37613415781250004 0.509000878125 0.3862257515625 0.507661959375 0.38918446875 0.50796679375 0.39040709218749997
1 0.5517665125 0.3180642359375 0.5507838031250001 0.31830925312499997 0.549441640625 0.3212549609375 0.5521532828125 0.346717225 0.5521478125 0.38005465625 0.5526050640625 0.38188859375 0.5551866375000001 0.38386982187499996 0.5561590015625 0.383627384375 0.5574979203125 0.38066866875 0.5572017984375 0.34612161874999997 0.5549506515625 0.3225062984375 0.5543344968749999 0.3200350359375 0.5517665125 0.3180642359375
0 0.5537067437500001 0.3928733 0.5608080421875 0.3944736546875 0.565287259375 0.38661504375 0.563297546875 0.3796923765625 0.5573410421875 0.37409030312499997 0.549156459375 0.3714061515625 0.5444739140625 0.3762899296875 0.546817571875 0.3878491484375 0.5537067437500001 0.3928733
2 0.5542951265625 0.30110421875000004 0.551727140625 0.29913341718750003 0.5497617234375001 0.29962345 0.5061969078125 0.3228914265625 0.48620102187500003 0.32395344531250003 0.48423560468750004 0.32444347812499996 0.482896684375 0.32740219375 0.48320151874999995 0.3286248203125 0.4857695046875 0.3305956203125 0.507730809375 0.32904356875 0.52133596875 0.321078590625 0.5532610421874999 0.305285559375 0.5545999609375001 0.3023268421875 0.5542951265625 0.30110421875000004
1 0.63141305625 0.6458379015625 0.632229759375 0.6449711453125 0.6319609578125001 0.641777778125 0.6293826265625 0.63980955625 0.6284102625 0.64005199375 0.6277323875 0.641519634375 0.6270937890625 0.6410295406250001 0.6274018671875 0.642265171875 0.617095571875 0.6801188296875 0.6162652796875 0.6809751609375 0.6165476703125 0.6841789546875 0.6191156546875 0.6861497546875001 0.6207626515625 0.6844266703125 0.6214012515625 0.6849167625 0.6210964171875 0.6836941390625 0.63141305625 0.6458379015625
1 0.5865071078125 0.44074350156250003 0.5527913343749999 0.42432387968749996 0.5519970734374999 0.4232094671875 0.5250522171875 0.42143122968749996 0.5237132984375 0.424389946875 0.5240181328125 0.425612571875 0.5265861187499999 0.42758337187500006 0.5498021765625001 0.4289926765625 0.5840041312500001 0.445291078125 0.58480549375 0.44638990468750006 0.587402409375 0.44640555 0.5887445703124999 0.443459840625 0.5871560515625001 0.441231015625 0.5874898156249999 0.44049848437500005 0.5865071078125 0.44074350156250003
2 0.5739420843749999 0.6091889484374999 0.5632129375 0.609916084375 0.5513678671875 0.6082827453124999 0.5500289484375 0.6112414625 0.550333784375 0.6124640890624999 0.5540401390625 0.6148141921875 0.5637641312499999 0.61631324375 0.574989803125 0.6154623109374999 0.629656853125 0.5992212125 0.6353799984374999 0.5971449578125 0.6367221625 0.5941992484374999 0.636414084375 0.592963615625 0.6338460968749999 0.5909928140625 0.5739420843749999 0.6091889484374999
1 0.5192803546875 0.2294575703125 0.5182976453125 0.2297025875 0.516955484375 0.2326482984375 0.5186450453125 0.239424759375 0.536740496875 0.3015575640625 0.5390686578125 0.30882411875 0.5416366421875 0.3107949203125 0.5426193515625 0.3105499046875 0.5439615125 0.30760419375 0.5422719515625001 0.30082773125 0.5241765 0.238694928125 0.5218483390624999 0.231428371875 0.5192803546875 0.2294575703125
0 0.6201646656250001 0.58948576875 0.613854640625 0.5910590359375 0.611078 0.597153071875 0.6119530796875 0.606039103125 0.6178285109375 0.6113160093750001 0.6251002421875 0.6125423062500001 0.6314738328125 0.606905340625 0.6336065750000001 0.599286390625 0.633556171875 0.5915486343749999 0.628084665625 0.5868341484374999 0.6201646656250001 0.58948576875
1 0.612927590625 0.5550391 0.6226532140625001 0.5898599984375 0.62513379375 0.5977378671875 0.6277017781249999 0.5997086671875 0.6286844874999999 0.59946365 0.6300266484375 0.596517940625 0.6203010265625 0.5616970421875 0.6178204468749999 0.553819175 0.6152524609375 0.5518483734374999 0.614269753125 0.5520933890624999 0.612927590625 0.5550391
1 0.6130587421875 0.6889585421875 0.586000790625 0.6950555328125 0.5846586296875 0.6980012421875 0.5849667078125 0.699236875 0.5875346921875 0.701207675 0.6160615359375 0.6947444484374999 0.6214405265625 0.682959028125 0.62098003125 0.681112084375 0.618408803125 0.6791282765625 0.61742609375 0.67937329375 0.6130587421875 0.6889585421875
1 0.6009174203125001 0.3567737953125 0.60046016875 0.3549398578125 0.5978785953125 0.35295862968749997 0.59690623125 0.3532010671875 0.595411653125 0.355535465625 0.593107 0.3900954625 0.588506925 0.4049608796875 0.5717121546875 0.441821225 0.5718285390625 0.4444032796875 0.57440686875 0.4463715 0.576543290625 0.44454020312500003 0.592482084375 0.41050434999999996 0.5942197296875 0.402887203125 0.598279003125 0.39206632343750003 0.6009174203125001 0.3567737953125
1 0.5439725359375001 0.5264894124999999 0.547668546875 0.5288420953124999 0.5851130718750001 0.5351863734375 0.5865819625 0.5348201375 0.5879241234375 0.531874428125 0.587616046875 0.5306387953125 0.583912934375 0.5283016984375 0.5450098640625 0.5223210765624999 0.5436677015625 0.5252667875 0.5439725359375001 0.5264894124999999
1 0.4766965671875 0.20871440468750002 0.4770014015625 0.20993703125000002 0.4819882 0.21328032812500003 0.5168647859375 0.22809808281250002 0.51783715 0.22785564531250002 0.51918965625 0.2249073546875 0.51744161875 0.222082803125 0.5138876812500001 0.22034401093749997 0.481281346875 0.2062588484375 0.47803872968750005 0.20576869531250003 0.4766965671875 0.20871440468750002
1 0.5240170015625 0.3047298875 0.4913009125 0.3194215125 0.48995875 0.322367221875 0.49026682812500005 0.3236028546875 0.4928348140625 0.32557365625 0.49478988749999997 0.3250862015625 0.525550903125 0.31088203124999997 0.550961859375 0.306508125 0.552304021875 0.30356241562499997 0.5519959437499999 0.3023267828125 0.5494279578125 0.30035598124999996 0.5240170015625 0.3047298875
0 0.53519115 0.311075703125 0.54225075625 0.315725796875 0.55075545625 0.31325995624999997 0.5527523546875 0.30298091718750003 0.5468769234375 0.29770400937499997 0.541597721875 0.29160150156250003 0.5348169640625 0.2966630421875 0.5316891125 0.30350777500000004 0.53519115 0.311075703125
1 0.60304296875 0.49869232343750003 0.58862444375 0.5284256171874999 0.5887544140625 0.5310180984375 0.5913224015625 0.5329889 0.5931218140625 0.5318771265625 0.6075403390624999 0.5021438328125 0.6220528546875 0.4874180390625 0.6222702328125 0.484103453125 0.6196919046875 0.48213523125 0.618719540625 0.48237766875 0.60304296875 0.49869232343750003
2 0.5295408265625 0.44776288906249995 0.528188321875 0.4507111765625 0.5284963984375 0.451946809375 0.531074728125 0.4539150296875 0.5682264703125 0.44661381875000006 0.5963321406250001 0.44679019062499997 0.598287215625 0.44630273593750003 0.5996293765625 0.44335702499999996 0.5993213 0.44212139375000004 0.5967533140625 0.44015059218749997 0.5671787515625 0.44034045624999996 0.5295408265625 0.44776288906249995
1 0.553156209375 0.377841478125 0.5128372531250001 0.40161261093749995 0.5115207796875 0.40259016093750005 0.51017861875 0.4055358703125 0.5104866953125 0.40677150156249997 0.5130546812500001 0.40874230312500004 0.5145235718750001 0.40837606718749997 0.554842528125 0.384604934375 0.5574979203125 0.38066866875 0.5571930859374999 0.3794460421875 0.5546251015625 0.3774752421875 0.553156209375 0.377841478125
0 0.49781449218749996 0.21818993125000002 0.503815421875 0.22612950937499998 0.50930119375 0.23521985625 0.515569528125 0.236696328125 0.521853759375 0.23175858593749998 0.5207304171875 0.22293445156249997 0.5147437499999999 0.2193707328125 0.512584790625 0.21181331874999998 0.5062687875 0.2079863328125 0.49911221250000004 0.2094252875 0.49781449218749996 0.21818993125000002
1 0.6476747406250001 0.7548193421875 0.6479828171875 0.7560549734374999 0.6505508046874999 0.758025775 0.6882023625 0.761058046875 0.7108415890625001 0.7684826296875 0.711813953125 0.7682401921875 0.7131632156250001 0.7652788953125 0.711415178125 0.76245434375 0.6871546421875 0.754784684375 0.6490169031249999 0.75187363125 0.6476747406250001 0.7548193421875
0 0.5852980703124999 0.5421859984374999 0.5911290765625 0.545125396875 0.5984019296875001 0.5409358578125001 0.5999730328124999 0.531108359375 0.596810675 0.52380111875 0.587789884375 0.520980078125 0.58324436875 0.5275151421875 0.5811915140624999 0.5364680625 0.5852980703124999 0.5421859984374999
0 0.6529361375 0.7725724984375 0.65877543125 0.7744875062500001 0.662082003125 0.7662443265625 0.6654350578125 0.7613604625 0.6659808859374999 0.752797103125 0.6693537593750001 0.745877465625 0.663426290625 0.7436528765625 0.658001265625 0.7422977093750001 0.6529270031250001 0.749973115625 0.649146965625 0.7563173265625001 0.649548578125 0.7633043890625 0.650576584375 0.7674274953125 0.6529361375 0.7725724984375
3 0.5750656859375 0.4782308640625 0.5818021515625 0.5177205593750001 0.5993753875000001 0.5819453218749999 0.617626546875 0.6551467203125 0.6311918375000001 0.7158117640625 0.640242878125 0.7625575859375 0.6526785109375 0.7895189015625 0.654607896875 0.790999609375 0.65672573125 0.7911208890625 0.6585540765625 0.788053959375 0.657937921875 0.7855826968749999 0.6459660234375 0.7604813312500001 0.6447369578125 0.7555518140624999 0.6372094749999999 0.7149607125 0.6234917671875 0.6536843578125 0.605240609375 0.5804829578125 0.587819790625 0.51686950625 0.58109366875 0.477377234375 0.578638778125 0.46753120312499996 0.57042136875 0.44083061093750003 0.553769121875 0.3802997328125 0.535505959375 0.329965478125 0.5214096921875 0.2942725453125 0.50852556875 0.24259714375 0.4995395859375 0.212813975 0.49096109375 0.1554922296875 0.49004010468750003 0.1517983421875 0.48811396093750004 0.1503306421875 0.48600322812499996 0.150193778125 0.48417488437499995 0.15326070625 0.4847517640625 0.15768970468750002 0.4936640234375 0.21427891875 0.4955060015625 0.2216666921875 0.5026500046875 0.2440620859375 0.515686546875 0.29634879999999997 0.5297828109375 0.3320417328125 0.5480563171874999 0.38237340937500003 0.564556146875 0.442292975 0.5727632125000001 0.468996146875 0.5750656859375 0.4782308640625
0 0.6273798859374999 0.6915770875 0.6272714703125 0.68149139375 0.6233901171875 0.677734328125 0.6168330156249999 0.6783606875 0.610818921875 0.68222256875 0.609788096875 0.6898983421875 0.6108971765625 0.694346615625 0.6161068328125 0.699112571875 0.62497700625 0.700271896875 0.6273798859374999 0.6915770875