1 0.6098187265624999 0.2220949625 0.608777271875 0.2218925234375 0.6061724749999999 0.22411336093749998 0.6056616703125 0.22674123124999998 0.6024434249999999 0.2684371421875 0.60209056875 0.2758718484375 0.603673753125 0.278906746875 0.6047262890625 0.2791113390625 0.6073310843749999 0.2768905015625 0.6078418906249999 0.2742626328125 0.6110490546875 0.2325645671875 0.611412990625 0.2251320140625 0.6098187265624999 0.2220949625
2 0.56158386875 0.60173608125 0.5584484234375 0.6011266125 0.5326494703125 0.599517146875 0.47488515312499996 0.5889815125 0.472269278125 0.591200196875 0.4720152265625 0.5925071796875 0.4736067859375 0.5955581359375001 0.514478375 0.6035027687500001 0.5313711046875 0.6060937703125 0.560305503125 0.60831270625 0.562921378125 0.6060940218749999 0.5631781328125001 0.6047731359374999 0.56158386875 0.60173608125
2 0.6220283156249999 0.285216103125 0.6222850703125 0.283895215625 0.6192583515625001 0.279887109375 0.5947152171875 0.266256746875 0.59156869375 0.265645125 0.5807065859375 0.2655682921875 0.5582982875 0.260534378125 0.5556934921875001 0.26275521562500004 0.5554367375 0.26407610312499996 0.557019921875 0.267111003125 0.567373925 0.26980179843749996 0.5794282203125001 0.2721449171875 0.592916125 0.27273215156249997 0.61785025625 0.2871311296875 0.61942351875 0.287436940625 0.6220283156249999 0.285216103125
1 0.54573266875 0.6832834390625 0.518694675 0.721705625 0.5184406234375001 0.72301260625 0.5200211046875001 0.7260614109375 0.5228925765625 0.7252487734375 0.524328890625 0.7234789875 0.551377965625 0.68505895625 0.55163471875 0.6837380703125 0.550051534375 0.6807031703125 0.548999 0.680498578125 0.54573266875 0.6832834390625
0 0.56669194375 0.5076102875 0.5633740281249999 0.5189417656249999 0.5624017546875 0.5282617578125001 0.56850068125 0.532968046875 0.5782055875000001 0.526398853125 0.581949821875 0.518671021875 0.5791488359375 0.511431315625 0.577423584375 0.50581479375 0.5696949546875001 0.4993776421875 0.56669194375 0.5076102875
1 0.48023915937500006 0.869144828125 0.4605428640625 0.88375705 0.45820474375 0.8873860890625 0.459787928125 0.8904209875 0.46136119062500003 0.8907267984375 0.5139242421875 0.8497628859375 0.5158812859374999 0.8480943203125 0.5169128187500001 0.8455676703125 0.515329634375 0.8425327703125 0.5137563734375 0.842226959375 0.48023915937500006 0.869144828125
2 0.5235686484375 0.8420852968749999 0.521474659375 0.8416782656249999 0.4958237328125 0.84214655 0.45899325468749996 0.8302112953125 0.45637738125 0.8324299796875 0.45612062656249996 0.833750865625 0.45771488906249996 0.8367879171875 0.46072060625000005 0.8380647828125 0.49506609375000005 0.84882439375 0.5222902828125 0.8486619203125001 0.5248950781249999 0.8464410828125001 0.5251518328125 0.8451201968750001 0.5235686484375 0.8420852968749999
2 0.52990246875 0.7675620375000001 0.45859110156250005 0.7455046046875 0.45598360312499997 0.747739346875 0.45572955156250006 0.7490463296875001 0.45731273593750005 0.7520812296875 0.4608502609375 0.7534614656249999 0.48562760312500003 0.7603266703125 0.5284970765625 0.774792153125 0.5316436015625 0.775403775 0.5342483984374999 0.7731829375 0.5345051515625 0.7718620515625 0.5329219671875001 0.7688271531249999 0.52990246875 0.7675620375000001
2 0.5269117828125001 0.4332427703125 0.5284949671875 0.43627766875 0.5781545171875 0.449350278125 0.5844475671875 0.4505735234375 0.5870523624999999 0.4483526859375 0.5873091171875 0.4470318 0.5857259328125 0.44399689843749995 0.529773334375 0.42970104375 0.5271658343750001 0.43193578749999995 0.5269117828125001 0.4332427703125
1 0.6012822625 0.383545746875 0.600229728125 0.38334115625 0.59762493125 0.38556199375 0.5888442140625 0.41115564843749997 0.5739356124999999 0.44307588750000004 0.5735545359375 0.4450363609375 0.575146096875 0.44808731875 0.576187553125 0.44828975781249997 0.5787950515625 0.44605501406250003 0.593955 0.412841696875 0.6023519375 0.3892224203125 0.602865446875 0.386580646875 0.6012822625 0.383545746875
0 0.5697010359375 0.45604729062500005 0.575799965625 0.4607535796875 0.5836113484375 0.455230403125 0.584796784375 0.44771223281249994 0.581585340625 0.4396857015625 0.5749314062499999 0.43345744843749995 0.56825479375 0.43604115937500004 0.5653362546875 0.44815730781249996 0.5697010359375 0.45604729062500005
2 0.6112906046875 0.36843560468750003 0.6097074203124999 0.365400703125 0.60760235 0.3649915203125 0.555395990625 0.3678012453125 0.5357332968749999 0.3598812515625 0.5336282265625 0.3594720671875 0.5310207265625 0.3617068109375 0.5307666765625 0.36301379218749996 0.532349859375 0.3660486921875 0.5541176234375 0.37437787031249997 0.57073375625 0.3728315828125 0.6084290546875 0.371977328125 0.611036553125 0.3697425859375 0.6112906046875 0.36843560468750003
1 0.5311808109375 0.733006775 0.5323519953125 0.7325418171875 0.5335216328125 0.7293638296875 0.5319273703125 0.7263267765625 0.5308859140625 0.7261243390625001 0.529579328125 0.727226728125 0.5291856265625 0.72647201875 0.528928871875 0.7277929046875 0.502116709375 0.759433875 0.500937146875 0.7598827734375 0.4997758859375 0.7630768171875 0.5013590703124999 0.7661117171875 0.5037098140625 0.7651978609375 0.504103515625 0.765952571875 0.5043575671875 0.7646455890625 0.5311808109375 0.733006775
1 0.5797758921875 0.5165457796874999 0.5547627734375 0.48575406406250005 0.5544988 0.48433195781249994 0.5294376421875 0.4705864734375 0.52683014375 0.4728212140625 0.5265760921875 0.4741281984375 0.5281592765625 0.477163096875 0.5498072328125 0.48888875781249996 0.5753410796875 0.5197816937499999 0.5756188343749999 0.5211920484375 0.578103825 0.5223676953124999 0.580708621875 0.52014685625 0.5801806734375 0.5173026453125 0.5808284265625 0.516750371875 0.5797758921875 0.5165457796874999
2 0.49241578906249994 0.6722270765625 0.48179510781249996 0.668128078125 0.47115883125 0.661270028125 0.46855133281250005 0.663504771875 0.46829728125000003 0.664811753125 0.4708032703125 0.6687186390625001 0.47946420625 0.6745001078125 0.49061669375 0.6787024796875001 0.550335353125 0.687583453125 0.556755428125 0.68815320625 0.559360225 0.6859323671875 0.559616978125 0.6846114812499999 0.5580337937500001 0.6815765828125 0.49241578906249994 0.6722270765625
1 0.6097199703125 0.2841799671875 0.6086674359375001 0.283975375 0.6060626390625 0.2861962140625 0.6046545453125 0.2934402328125 0.5942426281250001 0.36102385937500003 0.5932282343749999 0.36902258906249996 0.5948114203125 0.3720574875 0.59586395625 0.37226207968749997 0.5984687515625 0.3700412421875 0.599876846875 0.3627972234375 0.6102887625 0.2952135953125 0.6113031546875 0.2872148671875 0.6097199703125 0.2841799671875
0 0.5455788984375001 0.6740187234375 0.5388205187499999 0.6727050265625001 0.533431759375 0.677299459375 0.53029901875 0.6861995015625 0.533578028125 0.69387843125 0.5400077234375 0.6983027078124999 0.5486437609375 0.695753565625 0.55409634375 0.6894111515625 0.5575071078125 0.681979234375 0.5543642734375 0.6750193875 0.5455788984375001 0.6740187234375
1 0.554033478125 0.63779934375 0.5477995953125 0.6754893015625 0.5466581781250001 0.684141521875 0.5482413625 0.687176421875 0.549293896875 0.6873810140625001 0.55189869375 0.685160175 0.5581325765625 0.6474702156250001 0.55927399375 0.6388179968750001 0.557690809375 0.635783096875 0.556638275 0.6355785046875 0.554033478125 0.63779934375
1 0.49429124062499996 0.766094234375 0.465600971875 0.7598392296875 0.46299617499999995 0.7620600671875 0.46273942031250004 0.7633809546875 0.46432260468750003 0.7664158546875 0.49458613749999997 0.7729766703125 0.5050163999999999 0.7640954703125 0.50540018125 0.76212109375 0.5038196984375001 0.7590722890625 0.5027671640625 0.758867696875 0.49429124062499996 0.766094234375
1 0.63114221875 0.442580046875 0.631523296875 0.4406195734375 0.6299317359375001 0.43756861562499993 0.6288902796875 0.437366178125 0.6264125093749999 0.43893352500000005 0.6087510859374999 0.47099685312500006 0.5976913671874999 0.4831754703125 0.565096959375 0.5109653265625 0.564054346875 0.513489821875 0.5656486109375 0.516526875 0.5685173796874999 0.5157281421875 0.5990277203125001 0.49026034375 0.6041003640625 0.4837430703125 0.6128330421875 0.47519564531249997 0.63114221875 0.442580046875
1 0.5006276656249999 0.5796425125 0.5031225765625 0.5835472453125 0.53621791875 0.6063577125 0.5377911796875 0.6066635234375 0.5403959765625 0.6044426859375001 0.5406527296875 0.6031218 0.5381440375000001 0.5992288171875 0.5034865125 0.5761146921875 0.5008817171875 0.5783355296875 0.5006276656249999 0.5796425125
1 0.5781299859375 0.245284725 0.577875934375 0.24659170625 0.581166625 0.25202191875 0.608009759375 0.281798559375 0.609051215625 0.282000996875 0.6116670921875 0.2797823140625 0.6112523875 0.2762963609375 0.6086193718749999 0.273042965625 0.5836272546875 0.244982490625 0.58073478125 0.2430638859375 0.5781299859375 0.245284725
1 0.5806150718749999 0.35837493125000003 0.5426530984375 0.35782098281249997 0.5400483031250001 0.360041821875 0.5397915484375 0.3613627078125 0.5413747328125 0.3643976078125 0.5434687234375 0.3648046375 0.57933670625 0.3649515546875 0.60567623125 0.372120415625 0.6082810265624999 0.36989957812499996 0.60853778125 0.36857869062500004 0.606954596875 0.3655437921875 0.5806150718749999 0.35837493125000003
0 0.58850084375 0.36944561249999996 0.59319639375 0.377053584375 0.602459790625 0.37849347031249997 0.6089712015625001 0.369543134375 0.6056921921875 0.36186420625000004 0.6033544046875 0.3536611890625 0.5945848921875 0.355477346875 0.5885235203125 0.360633646875 0.58850084375 0.36944561249999996
1 0.5697378343749999 0.579425940625 0.5426097734375 0.6014532328125 0.5415755375 0.6039937875 0.543158721875 0.6070286859375 0.545382440625 0.606768321875 0.5725105015625 0.5847410296875 0.5930197171875 0.5771263671875 0.5947100843750001 0.5740496 0.5931158203125 0.5710125453125 0.5920743640625 0.5708101078125 0.5697378343749999 0.579425940625
2 0.521973434375 0.49780682499999995 0.5193575578125 0.500025509375 0.519100803125 0.5013463953125 0.5206950671875 0.5043834484375 0.5596096125 0.513996646875 0.5865007859375 0.5267270578125001 0.5885947765624999 0.5271340875 0.5911995734375 0.52491325 0.591456328125 0.5235923640625 0.5898731421875001 0.5205574640624999 0.5614087046875 0.5075212421875 0.521973434375 0.49780682499999995
1 0.57589265625 0.441407321875 0.5265760671875 0.4461495578125 0.5248757796875 0.44649723750000003 0.5222709828125 0.4487180765625 0.5220142296875 0.45003896093750007 0.5235974125 0.45307386093749996 0.525170675 0.45337967187499995 0.5744872640625001 0.44863743749999996 0.5787950515625 0.44605501406250003 0.579049103125 0.44474803124999995 0.57746591875 0.4417131328125 0.57589265625 0.441407321875
0 0.5941586171875 0.26379656093750004 0.5963677171875 0.27408125625 0.597568028125 0.285237640625 0.60292303125 0.28945301875 0.6111607359375 0.2875334875 0.6140275734375 0.2785817609375 0.6098759515625 0.2724936015625 0.6111827375 0.2642919765625 0.606832778125 0.25780453125 0.5993220953125 0.2559838671875 0.5941586171875 0.26379656093750004
1 0.49806575000000003 0.8446313312499999 0.4978089953125 0.8459522171874999 0.4993921796875 0.8489871171875001 0.5341668078125 0.8687186640625001 0.5525721359375 0.8859465234374999 0.5536135921875001 0.8861489625000001 0.5562321703124999 0.8839163734375 0.5558174671875 0.880430421875 0.5359659015625 0.862243259375 0.5006705453125 0.8424104921875 0.49806575000000003 0.8446313312499999
0 0.5332662906250001 0.6131429765624999 0.5375476406249999 0.618563740625 0.5463995421875001 0.6178025171875 0.5523004984375001 0.60909425625 0.552532590625 0.6006837328125 0.5451374328124999 0.593950665625 0.5378541125 0.5981768328125 0.53188184375 0.6058323125 0.5332662906250001 0.6131429765624999
0 0.4951780828125 0.8639826171875 0.49992533593750005 0.8684261671875 0.506783378125 0.8620106406250001 0.5121842562500001 0.8588326468749999 0.516536240625 0.85087664375 0.5228662203125001 0.8457581234375 0.518172753125 0.8409787234375001 0.51357275625 0.837256409375 0.505272271875 0.84233820625 0.49880882031249996 0.8467237390625 0.49607066875 0.8535937875 0.4952139203125 0.8580013781250001 0.4951780828125 0.8639826171875
3 0.5520382203125 0.5473286671875 0.540848796875 0.58815331875 0.529000565625 0.65750673125 0.5137899 0.735758825 0.49968702656249997 0.799912271875 0.48747483437500005 0.8487195968749999 0.48735505156250003 0.8800947203125 0.4885445328125 0.882374909375 0.49052257812500005 0.883437584375 0.49364810156249994 0.881317965625 0.49416161093750005 0.8786761921874999 0.4938949109375 0.8492893499999999 0.494919225 0.8440197078124999 0.505841971875 0.8017868531250001 0.5200718703125 0.736979915625 0.5352825375 0.6587278234375 0.5470037421875 0.5900279015625001 0.55820424375 0.549205403125 0.5602501703125 0.5386800234375 0.5643011796875 0.509439846875 0.5753818500000001 0.444035190625 0.5803583421875 0.38767445624999997 0.5827880249999999 0.347196059375 0.5935257609375 0.2919551984375 0.598217303125 0.25941975781250004 0.6156108687499999 0.200696521875 0.616378428125 0.1967477671875 0.6151862421875001 0.1944814828125 0.6132219812499999 0.1934070578125 0.6100964578125 0.1955266765625 0.6086700640625 0.20002555000000002 0.591924253125 0.2581965140625 0.5903891328124999 0.266094025 0.5872327109375 0.290731953125 0.5763679500000001 0.34662630625 0.5739382671875 0.387104703125 0.568972853125 0.44346759062499996 0.558019209375 0.50821875625 0.553957121875 0.5374567781249999 0.5520382203125 0.5473286671875
0 0.5068631078125 0.7750023374999999 0.5112678359375 0.765296196875 0.5092228953125 0.7599638421875 0.5026507312499999 0.7576329937499999 0.495153209375 0.7586430546875 0.490732615625 0.7655323734375 0.4898083 0.7702875640625 0.49267685468750005 0.7771796671875 0.5006703453125 0.7822542218749999 0.5068631078125 0.7750023374999999