1 0.554300459375 0.44711054062500005 0.5420110390625 0.44221162812500003 0.5401851453125001 0.4421797578125 0.52270305 0.4460372828125 0.5208309765625 0.44809149374999996 0.52081276875 0.44913462031250007 0.5226122046875 0.4512418171875 0.5239889468750001 0.45126584843749995 0.5410023640625 0.4474001421875 0.5537415953125 0.4528286265625 0.5551183390625 0.45285265781249995 0.5569806484375001 0.4507982765625 0.5569986625000001 0.449766246875 0.554300459375 0.44711054062500005
2 0.502236653125 0.595125665625 0.48648116249999995 0.6052628921875 0.4855180078125 0.607843590625 0.48731725 0.609961884375 0.488225315625 0.6099777343749999 0.5030636375 0.6003462203125001 0.5203906921875 0.604811340625 0.5217674359375 0.6048353718749999 0.5236297453125001 0.602780990625 0.523647759375 0.6017489625 0.52185828125 0.5996308375 0.502236653125 0.595125665625
0 0.50321118125 0.67918433125 0.5023001921875 0.6860507218749999 0.50407781875 0.6899669140625 0.511635621875 0.6939951015625 0.51877529375 0.69232145 0.5251293 0.6903343703125 0.526236628125 0.686768246875 0.52424174375 0.6807502734375 0.5193005359375 0.6767788593749999 0.5140533546875 0.67578813125 0.5087852546875 0.6759958890625 0.50321118125 0.67918433125
0 0.550535553125 0.5206742390625 0.5523072625000001 0.528286784375 0.5569837390625 0.5272805671875 0.562904875 0.5271508109374999 0.5655589953125 0.520581259375 0.5666102125 0.5151936781249999 0.562292484375 0.513553146875 0.5584607234375001 0.51540664375 0.5535820265625 0.515687803125 0.550535553125 0.5206742390625
1 0.5289587515624999 0.3763800234375 0.5289407374999999 0.3774120515625 0.5307399796875 0.3795303484375 0.5472582593750001 0.3777317859375 0.5491301390625 0.3756886734375 0.549148346875 0.37464554687499996 0.5473491046875 0.3725272515625 0.545064296875 0.3724873703125 0.530830825 0.3743258125 0.5289587515624999 0.3763800234375
2 0.5195229609375 0.36579198125 0.5016914703124999 0.36392666406249996 0.4600083671875 0.3631990828125 0.4581364875 0.36524219687500004 0.45811827968749996 0.366285325 0.459917521875 0.36840361875 0.509832453125 0.3697966078125 0.522166734375 0.3715659703125 0.5499935390624999 0.378822975 0.551829196875 0.3788550171875 0.5536913125 0.37681173125 0.5537095203125 0.37576860624999997 0.5519200421875 0.37365048125 0.5195229609375 0.36579198125
1 0.5542365796875 0.34557342812499997 0.55302331875 0.336183453125 0.552610584375 0.3340893609375 0.5508113421874999 0.33197106718749997 0.5498935125 0.33195504531250003 0.5480214390625 0.33400925625 0.5479850234375 0.336095509375 0.54964809375 0.34601505781249997 0.549907109375 0.35747526406249996 0.5445780703125 0.37404405 0.5445507593750001 0.3756087390625 0.5463501953125001 0.3777159359375 0.5472582593750001 0.3777317859375 0.5496072625 0.37465355625 0.5544682828124999 0.3585983234375 0.5542365796875 0.34557342812499997
1 0.47404177968749994 0.5826561156250001 0.4721794703125 0.584710496875 0.4730519734375 0.5873232359375 0.48256059531249995 0.5937387734375 0.50168689375 0.6003221890625 0.5030636375 0.6003462203125001 0.504925946875 0.5982918390624999 0.5049441546875 0.5972487125 0.5031544828125 0.5951416859374999 0.48446823125 0.5890876734375 0.4776857828125 0.5842848875 0.47404177968749994 0.5826561156250001
2 0.4673862796875 0.6752177640625 0.4655239703125 0.677272146875 0.46550576250000003 0.6783152734375 0.46729524062500005 0.680433396875 0.47917126718749997 0.6827164812500001 0.534969684375 0.68837484375 0.5386312359375001 0.68843875625 0.540503115625 0.68639564375 0.5405213234375 0.6853525171875 0.53872208125 0.6832342234375 0.484291303125 0.6781214531249999 0.4673862796875 0.6752177640625
0 0.5266757875 0.31804050781250004 0.5269899640625 0.3246618703125 0.52857436875 0.33069488125 0.5335830703125 0.3341568515625 0.53808676875 0.330738815625 0.5387138671875 0.32558804218750004 0.537762890625 0.31907766875 0.5347661031250001 0.3150624921875 0.5290647359375 0.3143524484375 0.5266757875 0.31804050781250004
1 0.5396895859375 0.28647591875 0.54695423125 0.26421307656250004 0.5543097234375 0.23674569843749999 0.5543368421875 0.2351921046875 0.5525376 0.2330738109375 0.5516197703125 0.23305779062499998 0.549747696875 0.23511200156249998 0.5418977296875 0.2651682578125 0.5351282187499999 0.28536395468750003 0.5335062500000001 0.2993888390625 0.5290404171875001 0.319103025 0.5290132984375 0.3206566171875 0.530812540625 0.3227749125 0.5317303703125 0.3227909328125 0.5340787125 0.31919096874999997 0.5375818578125 0.3025903125 0.5396895859375 0.28647591875
2 0.5548634265625 0.5194954296875001 0.5782108 0.520946403125 0.580073109375 0.5188920218749999 0.5800911234374999 0.5178599921875 0.5783016453125 0.5157418687499999 0.554954271875 0.5142908953124999 0.527909590625 0.51538399375 0.4824558828125 0.5208401625 0.45676927031250003 0.5224675875 0.453098615625 0.5229252390625 0.4512265421875 0.52497945 0.45120833437499996 0.526022575 0.45300777031250006 0.528129771875 0.45621040781250005 0.528185675 0.486953521875 0.525603065625 0.5278187453125 0.520588528125 0.5548634265625 0.5194954296875001
1 0.46356105156250005 0.6845308921875 0.5125581546875 0.6859078625 0.5144302281249999 0.68385365 0.5144484359375 0.6828105250000001 0.512649 0.680703328125 0.46365189687499997 0.6793263578125 0.46178978125 0.6813696421875 0.4617715734375 0.68241276875 0.46356105156250005 0.6845308921875
2 0.547690446875 0.32723219375 0.5495525625 0.325188909375 0.5495707703125 0.32414578125000004 0.5477812921874999 0.3220276578125 0.5341151281250001 0.3171047171875 0.5176332625 0.31681702500000003 0.507583984375 0.31507644687499997 0.502086775 0.31498049375 0.4942767859375 0.3158876140625 0.47734511093750004 0.315070346875 0.47547303750000003 0.31712455781250004 0.47545482968749997 0.3181676859375 0.47725426562499995 0.3202748828125 0.48456826406250003 0.32092427031250004 0.5074931390625 0.32028098125 0.5175424171875 0.32202155781249997 0.5335653671875 0.322301240625 0.5463137031249999 0.3272081625 0.547690446875 0.32723219375
1 0.5540006875000001 0.5168828609375 0.5539824796875 0.5179259875 0.5562219625 0.5205625875 0.56980553125 0.5296578640625 0.570723359375 0.529673884375 0.5725954328125 0.5276196734374999 0.5717231234375 0.5249958375 0.57036439375 0.523939775 0.5594972359375 0.51645708125 0.555862996875 0.514828478125 0.5540006875000001 0.5168828609375
0 0.5515109953125 0.3741428625 0.5472353 0.3700942625 0.543538759375 0.36979662812499997 0.5412721312500001 0.3726320875 0.541160753125 0.3790129125 0.5443744828125 0.3829097703125 0.546525859375 0.38667708125 0.550803396875 0.38446505000000003 0.55373006875 0.3801869515625 0.5515109953125 0.3741428625
1 0.5363004859375 0.5332357062499999 0.5372183140625 0.533251728125 0.5576260171875 0.519021928125 0.558589171875 0.51644123125 0.5567899296875 0.5143229375 0.5558721 0.514306915625 0.5354643984375 0.528536715625 0.5345012437500001 0.5311174125 0.5363004859375 0.5332357062499999
0 0.499448909375 0.593123321875 0.496619878125 0.597403125 0.496448825 0.6016072171875 0.499631678125 0.6067134875 0.5016664296875 0.6115666078124999 0.5072669765625 0.6118974765625 0.5103999359375 0.6081114000000001 0.511453478125 0.6025906546875001 0.51069213125 0.5975266515625 0.5086068234375001 0.5955698703125 0.507495253125 0.592664346875 0.5022380359375 0.5911295203125 0.499448909375 0.593123321875
1 0.5328208953125 0.57534565625 0.531021459375 0.5732384578125 0.5301036296875 0.5732224375 0.5180649749999999 0.5808159328125 0.5082836234375 0.59002509375 0.50085080625 0.595623196875 0.5013006171875001 0.5961527703125 0.500346565625 0.5982119046875 0.5021458078125 0.6003301984375 0.5044397203125001 0.5998485171875 0.5053848609375 0.5982998484375 0.5202678484375001 0.5855498828125001 0.531857546875 0.5779374500000001 0.5328208953125 0.57534565625
1 0.53183031875 0.317064834375 0.530912490625 0.31704881406249996 0.518441378125 0.3225589734375 0.505943615625 0.3301555546875 0.49718023437500003 0.33364354218750003 0.49621688593749996 0.3362353375 0.49800655781250003 0.33834236562500003 0.49938330156250005 0.33836639687500003 0.5076975312500001 0.33487056718749997 0.5178922781249999 0.3282772296875 0.53266640625 0.3217638265625 0.5336197968749999 0.319182959375 0.53183031875 0.317064834375
3 0.5147705625000001 0.5328598999999999 0.5145615593749999 0.544833659375 0.5117090531249999 0.6036163593749999 0.508265025 0.6431294171874999 0.5016643453125 0.6805115890625 0.5028270078125 0.7185398937499999 0.5067522624999999 0.7560946953125 0.50901041875 0.7582209984375 0.5108454171875 0.7577313078125 0.5122494718749999 0.7561906484375001 0.5123039015625 0.7530723671875 0.508333321875 0.7181142828125 0.5071426859375 0.6811289359375 0.513212475 0.648421896875 0.5172062625 0.6037123125 0.5202677718750001 0.5329558546875 0.517919353125 0.4839617921875 0.5215035796875 0.462156428125 0.5250566625 0.416395709375 0.5251475078125 0.4111911734375 0.5169474078125 0.3824088296875 0.518082490625 0.3694188921875 0.5185731328125 0.341309965625 0.5162656234375 0.31627143125 0.5201632953125 0.30280799062499997 0.5206086140624999 0.277295784375 0.5232574640625 0.25703926093749996 0.5233120875 0.25390988281250004 0.52196265625 0.2523211609375 0.5201359078125 0.25177865312500003 0.517814878125 0.253813928125 0.5151114031249999 0.2771998296875 0.514675190625 0.302190475 0.51077751875 0.3156539125 0.5130668203125001 0.341735575 0.5125852796875 0.3693229375 0.511431990625 0.3833560015625 0.519632090625 0.41213834687500006 0.516565234375 0.4563423875 0.5124310546874999 0.483355371875 0.5147705625000001 0.5328598999999999
1 0.5245158453125 0.6309139484374999 0.5235980171875 0.6308979265625 0.5217357078125 0.6329523078125 0.5205453421875 0.6485498921875 0.509878159375 0.6822090281250001 0.509850846875 0.6837737171875 0.5116500890625 0.6858920125 0.5125581546875 0.6859078625 0.51490735 0.6828185359375001 0.5183370046875 0.66986865 0.5251065140625 0.6496729515624999 0.5263150875 0.6330322421875 0.5245158453125 0.6309139484374999
2 0.5674070999999999 0.457229834375 0.566534596875 0.45461709531250005 0.565185825 0.45355010937499995 0.5366228828125 0.4358680125 0.521130825 0.4309132 0.49919727031249994 0.4279217390625 0.490011196875 0.4293265609375 0.4881391234375 0.43138077187499996 0.48812110937500003 0.4324128015625 0.48992035156249997 0.4345310953125 0.5027679765624999 0.43319018593749997 0.518305359375 0.4355482796875 0.5274277046875 0.4377943984375 0.535623971875 0.44105669843750006 0.5646269609375001 0.4592681953125 0.5655350265625 0.45928404531250006 0.5674070999999999 0.457229834375
1 0.556467034375 0.40132561874999995 0.554604725 0.40338 0.554250446875 0.423676575 0.5525012171875 0.4449922453125 0.5524012671875 0.4507183421875 0.554200509375 0.4528366375 0.5551183390625 0.45285265781249995 0.5569806484375001 0.4507982765625 0.5588298265625 0.42375650781249996 0.5591841046875 0.40345993281250003 0.5573848625 0.40134163906250003 0.556467034375 0.40132561874999995
0 0.5495694296875 0.4490038421875 0.5506180484375001 0.4555159203125 0.5531084921875 0.458323409375 0.558200565625 0.45756865625 0.560049465625 0.4546038015625 0.560975378125 0.4496802546875 0.5590490796875 0.44532854843749997 0.5574256625 0.440971028125 0.5523186671875 0.4397829390625 0.548263221875 0.44102200625 0.5495694296875 0.4490038421875