1 0.625482540625 0.2705852484375 0.626446203125 0.270807728125 0.6518121640625 0.26405945000000003 0.653453496875 0.261297778125 0.6520900359375 0.2584592984375 0.651126371875 0.2582368203125 0.6257634828125 0.26497178906249996 0.6241083734374999 0.2677443 0.625482540625 0.2705852484375
1 0.5654992125 0.686186390625 0.56453555 0.6859639109375 0.5620581390625 0.6879016328125 0.5610231484375 0.6901863859375 0.54607188125 0.7308152156250001 0.545518721875 0.7332112093750001 0.5468959625 0.736038846875 0.547859625 0.7362613265625 0.5503263281249999 0.73432113125 0.5513613171875 0.732036378125 0.5663125875 0.69140755 0.5668657453125 0.68901155625 0.5654992125 0.686186390625
2 0.5110444703125 0.720204803125 0.492148171875 0.7120707203125 0.4896814671875 0.7140109171875 0.4894048890625 0.7152089125 0.4907683484375 0.7180473890625 0.509664646875 0.726181471875 0.534184509375 0.731842328125 0.5544455593750001 0.738412734375 0.5569260421875 0.7364617 0.5571995484375 0.7352770140625 0.55582538125 0.732436065625 0.5355643328124999 0.7258656593749999 0.5110444703125 0.720204803125
0 0.6504383296875 0.1680099734375 0.6502006703125 0.17626929062500002 0.6507188015625001 0.1860911296875 0.65116709375 0.19382180468750002 0.6595924296875 0.1971409609375 0.6615653625 0.18859525625 0.6629398765625 0.1802478890625 0.6631372625 0.17094175312499998 0.6585698718749999 0.1605355828125 0.6528225421875 0.1612977671875 0.6504383296875 0.1680099734375
1 0.5008762046874999 0.7883806296875 0.50354686875 0.792151825 0.5309520640625001 0.8072977359375001 0.5323868515625 0.8076289828125001 0.534867334375 0.80567795 0.5351439140625 0.8044799546875 0.5324701765625 0.8007220703125 0.5036194875 0.7852424390625 0.5011497109375 0.7871959453125 0.5008762046874999 0.7883806296875
0 0.62636776875 0.396595996875 0.62077716875 0.39667931875 0.616537509375 0.40297718125 0.616032165625 0.41117469843750004 0.617881275 0.41645270781250004 0.6193191046875001 0.41989721874999997 0.6281559125 0.4202128296875 0.6319407515625 0.41588500625 0.6327400828124999 0.4136439890625 0.6333853 0.404791759375 0.63074756875 0.4017572359375 0.62636776875 0.396595996875
1 0.5214058828125 0.5897382125 0.5236084953125 0.5933873265625 0.558546925 0.6197222734375 0.55999241875 0.6200559921875 0.562472903125 0.6181049578125 0.56274948125 0.6169069609375 0.56054686875 0.6132578468750001 0.5241629453125001 0.58658918125 0.5216824609375 0.5885402140625 0.5214058828125 0.5897382125
1 0.6402341078125 0.1518298828125 0.637756696875 0.1537676046875 0.6380289109375 0.156985075 0.6523778203124999 0.1716263828125 0.6516124640625 0.1859329125 0.6529759234375 0.1887713921875 0.6539395859375 0.18899387031249998 0.6564200687499999 0.18704283593749998 0.6568349375 0.18524584375 0.6574620046875 0.1715383109375 0.6568538828125 0.1676263890625 0.6402341078125 0.1518298828125
2 0.6402598187499999 0.4106270921875 0.640533325 0.40944240781249996 0.6378519546875 0.4056687421875 0.6161467015625 0.3943624625 0.5922469609375 0.3882138484375 0.5561725625 0.38428786875 0.5537027859375 0.386241375 0.5534262062499999 0.3874393703125 0.554789665625 0.3902778484375 0.5576806546874999 0.3909452859375 0.5908671375 0.3941905171875 0.6033733375 0.39707780000000004 0.6142957546875001 0.40023036406249995 0.6363338421875 0.41224440781249994 0.6377793359374999 0.412578125 0.6402598187499999 0.4106270921875
0 0.6309276625 0.2597987046875 0.629900465625 0.25574796875 0.6245309375 0.2597099375 0.6192414984375 0.258488775 0.6178770421875 0.26439888906250003 0.6199798640624999 0.2745865828125 0.6239420453125 0.2827779890625 0.628432153125 0.286240165625 0.635063275 0.282919971875 0.6371495875 0.2726618953125 0.6365513625 0.2680231875 0.632699296875 0.26296976562499996 0.6309276625 0.2597987046875
2 0.5465481609375 0.8077437562500001 0.5451709203124999 0.8049161171874999 0.5276625703125 0.799612146875 0.5079396078125 0.7950587421875001 0.49502161093749997 0.7939551421875 0.474207403125 0.7897807265625 0.4717376265625 0.7917342328125 0.471461046875 0.7929322296875 0.4728275796875 0.7957573953125 0.48197166874999997 0.797868475 0.506559784375 0.8010354109375 0.526282746875 0.8055888156250001 0.5437910984375 0.8108927859374999 0.54627158125 0.8089417531249999 0.5465481609375 0.8077437562500001
2 0.6421106609375 0.336759509375 0.6407472015625 0.33392103125 0.63737438125 0.3331423546875 0.6083084203125 0.329586571875 0.571141484375 0.3304417375 0.5695577015625 0.33070701874999997 0.56707721875 0.3326580515625 0.5668006390625 0.333856046875 0.5681778796875 0.3366836875 0.569623371875 0.33701740468749997 0.606928596875 0.335563240625 0.639367378125 0.33989769999999997 0.6418340812500001 0.33795750625 0.6421106609375 0.336759509375
0 0.5352627453125 0.726048403125 0.5334769500000001 0.73256226875 0.5341487375 0.7417185546875 0.5417786578125 0.7448680953125 0.546957978125 0.7429512734375 0.5501413281249999 0.7388351 0.5524920609375 0.7334891781249999 0.5485670796875 0.7263579015625 0.5424480968750001 0.7238936828125 0.5352627453125 0.726048403125
0 0.5894849734375 0.5418442828125001 0.581102984375 0.539558634375 0.5721420875 0.5409529234375 0.5634488765625 0.5424090109375 0.5563858703125 0.5492608203125 0.556219571875 0.5565271328125 0.56134264375 0.5619861546875 0.57223736875 0.5637442906250001 0.579681475 0.5613969390625 0.584676925 0.5566615984375 0.5883781421875 0.5502534484375 0.5894849734375 0.5418442828125001
3 0.571238034375 0.5779407187500001 0.549208396875 0.6843041125 0.5393533109375 0.7204451875 0.5244733687500001 0.7585667859375 0.521022275 0.7735151140625 0.512600684375 0.8143895890625 0.513620603125 0.8165178296875 0.5154096390625 0.8175617875000001 0.5183719531250001 0.8157219921875001 0.5301063484374999 0.7604981859375 0.544986290625 0.7223765875 0.554979665625 0.6856365156249999 0.5771475921875 0.5786741234375 0.58508864375 0.5332862546875 0.6036962578125 0.47901833125 0.607447240625 0.4408370875 0.6189006906250001 0.39122674375 0.6189296578125 0.3603742046875 0.628053403125 0.3165072109375 0.6435111046875 0.249552546875 0.6506241984375001 0.2121475078125 0.6491116359375 0.14190587500000001 0.6480810109374999 0.1397751625 0.6462889015625 0.138744515625 0.64334036875 0.14057347343749999 0.642787209375 0.1429694640625 0.6445763515625 0.21201310156250003 0.637739834375 0.2482201453125 0.6222821328125 0.31517480937500003 0.6130200968749999 0.3596408 0.61299420625 0.3904800296875 0.601675971875 0.43950468593750003 0.5979249890625 0.4776859296875 0.5794556640625 0.5313548531250001 0.571238034375 0.5779407187500001
0 0.5947590109374999 0.482801575 0.5935784234375 0.49153020625000005 0.5953437203124999 0.4995649359375 0.5999213609375 0.5026968078125 0.6072938453125001 0.49851025 0.6099052765625 0.4956500703125 0.6096075671875 0.487267153125 0.6062475234375 0.481303825 0.6007011078125 0.48002333437500005 0.5947590109374999 0.482801575
0 0.53749435 0.7947875953125 0.531342728125 0.7912923390625 0.5240838140624999 0.7889294812500001 0.518456659375 0.790392396875 0.5173568125 0.7963776203124999 0.5186340015625001 0.8029116281249999 0.5199042031250001 0.8118695765625 0.5236787921875 0.8148160499999999 0.5287112546875 0.8159778859375001 0.5320344796875001 0.8112069953125 0.5346528953125 0.805922875 0.5382834328125 0.799820878125 0.53749435 0.7947875953125
2 0.645531390625 0.28906619375 0.6480011671875 0.28711268749999996 0.648210784375 0.2840064578125 0.6463624203125 0.2810700515625 0.644369421875 0.27431470625 0.61759505625 0.25868350625000003 0.5993889140625 0.2519565890625 0.5844799 0.25293104375 0.582002490625 0.25486876718749996 0.5817259109374999 0.2560667640625 0.583100078125 0.2589077125 0.5984909218750001 0.25804449687500003 0.6157334031249999 0.2645489359375 0.6399040671875 0.2783171734375 0.6431935609375 0.28600276406249997 0.6432605234375 0.287910996875 0.644567728125 0.2888437140625 0.645531390625 0.28906619375
2 0.563308190625 0.53769366875 0.55802004375 0.5320703531250001 0.5167464796875 0.5067965234375 0.514276703125 0.5087500296874999 0.5140001234375 0.509948025 0.51536665625 0.5127731921875001 0.554851184375 0.537003065625 0.5601362578125 0.5426396921875 0.5895937765625 0.5664334015625 0.5910392718749999 0.5667671203125 0.5935166828125 0.564829396875 0.5932444671875 0.5616119281249999 0.591593721875 0.5599689734375 0.563308190625 0.53769366875
1 0.569753146875 0.4812487 0.6069844609375 0.4911060765625 0.6094618703125 0.489168353125 0.60973845 0.48797035781250003 0.6083642828125 0.4851294078125 0.57113296875 0.47527203125 0.5686524859375 0.47722306562499994 0.56837590625 0.4784210625 0.569753146875 0.4812487
1 0.5845808124999999 0.4960145609375 0.5718884109375 0.5421982671875 0.5703702984375 0.548773934375 0.5717444656249999 0.551614884375 0.572708128125 0.5518373624999999 0.57517790625 0.5498838578125 0.5878703078124999 0.5037001515624999 0.5893884203125 0.497124484375 0.588014253125 0.4942835328125 0.5870612984375 0.49406352656249997 0.5845808124999999 0.4960145609375
2 0.6670495437499999 0.20020854375 0.669530028125 0.1982575078125 0.6692578124999999 0.1950400390625 0.6464669703125 0.1752951328125 0.632525984375 0.172076603125 0.619743203125 0.170387315625 0.6070273859374999 0.1706062609375 0.604961771875 0.1707603 0.6024950687499999 0.1727004953125 0.6022184890625 0.1738984921875 0.6035819484375 0.17673696875 0.60502744375 0.1770706875 0.61836338125 0.176363984375 0.6446022421875 0.18117387499999998 0.6660965890625 0.1999885359375 0.6670495437499999 0.20020854375
1 0.6630505546875 0.3623723171875 0.6616763875 0.3595313671875 0.660712725 0.3593088875 0.659472484375 0.3602844046875 0.6591289421875001 0.3595741671875 0.6588523640624999 0.3607721640625 0.6238440046875 0.40054197656249996 0.622670725 0.40342572812500005 0.6240448921875 0.4062666765625 0.6262380890625 0.4055111671875 0.62658163125 0.4062214046875 0.626858209375 0.40502340937500003 0.6618772765625 0.3652560671875 0.6630505546875 0.3623723171875
1 0.546529109375 0.7573635296875 0.5229142921875 0.800394675 0.5224994234375 0.8021916671874999 0.5238735906249999 0.8050326171875 0.5248372531250001 0.805255096875 0.528065440625 0.8022148343750001 0.5516802578125 0.7591836890625 0.5520951265625 0.7573866953125 0.5507178859375 0.75455905625 0.54976493125 0.75433905 0.546529109375 0.7573635296875
1 0.5955188 0.40911673750000005 0.5933256015625 0.40987225 0.5916704921875 0.412644759375 0.59304773125 0.4154723984375 0.59448251875 0.41580364531249997 0.6266516671875 0.40811632812500004 0.6288524984375 0.4073766 0.630507609375 0.4046040890625 0.6291334421875 0.40176314062499996 0.627687946875 0.40142942187499997 0.5955188 0.40911673750000005
1 0.667813503125 0.12230448593750001 0.6540955296875001 0.175177571875 0.6516124640625 0.1859329125 0.6529759234375 0.1887713921875 0.6539395859375 0.18899387031249998 0.6564200687499999 0.18704283593749998 0.6701487515625 0.134172221875 0.67263181875 0.12341688125000001 0.67125765 0.12057593124999999 0.6702939875 0.12035345156249999 0.667813503125 0.12230448593750001
1 0.6083487140625 0.5751797921875 0.6069745453125 0.5723388421875 0.6060108828125 0.5721163625 0.6044271 0.5723816421875 0.6035304 0.5740673968750001 0.5619254 0.61168333125 0.5583536703124999 0.61401335625 0.5571834640625 0.6168837953125 0.558546925 0.6197222734375 0.5610943703125 0.6196794734375 0.5619910703125 0.61799371875 0.603596071875 0.580377784375 0.6071785078125 0.57805023125 0.6083487140625 0.5751797921875
2 0.6001958562499999 0.47884112500000003 0.562421403125 0.4581466578125 0.545314140625 0.45105653125 0.5428474359375 0.4529967265625 0.5425708578124999 0.4541947234375 0.54393431875 0.4570332 0.563312446875 0.465278521875 0.5965451671875 0.4836625984375 0.617834259375 0.5011680234375 0.619279753125 0.5015017421875 0.62174645625 0.49956154843749995 0.621474240625 0.4963440796875 0.6198342015625 0.4947035984375 0.6001958562499999 0.47884112500000003
1 0.5082147890625001 0.7302632171875 0.5057373796875 0.7322009406250001 0.5054608 0.7333989375 0.5068349671875 0.7362398859375 0.508751584375 0.7366823734375 0.54834145625 0.736372565625 0.5508081578125 0.734432371875 0.5510847375 0.7332343734375 0.549721278125 0.730395896875 0.547793953125 0.7299509390625001 0.5082147890625001 0.7302632171875
1 0.6057562171875001 0.4876819109375 0.6242559046875 0.46675797656249995 0.6400092390625 0.44898554218750003 0.641111190625 0.44860902343750003 0.642281396875 0.4457385859375 0.64090723125 0.44289763437499996 0.6399435671875 0.44267515468749996 0.6387140328124999 0.44365314375000003 0.6383704906250001 0.44294290781249995 0.6380939125 0.444140903125 0.6195865890625 0.4650490546875 0.60383325625 0.4828214875 0.6027313046875 0.48319800625 0.601558025 0.4860817578125 0.602935265625 0.488909396875 0.605136096875 0.48816967031249997 0.6054827109375001 0.4888665953125 0.6057562171875001 0.4876819109375
1 0.5760568453125 0.49341572187500005 0.57358706875 0.4953692296875 0.5733135625 0.49655391406250005 0.5828151921875 0.5409353671875 0.5780676031249999 0.55495345 0.5794310625 0.557791928125 0.580394725 0.5580144078125 0.582875209375 0.556063371875 0.5879070125 0.540863078125 0.578741290625 0.49717607812500003 0.5781894234375 0.49516991718750003 0.5760568453125 0.49341572187500005
1 0.625482540625 0.2705852484375 0.626928034375 0.27091896718749997 0.6463187671874999 0.257126896875 0.64735375625 0.2548421453125 0.6459765171875 0.25201450625 0.644531021875 0.2516807875 0.6251433625 0.265459546875 0.6241083734374999 0.2677443 0.625482540625 0.2705852484375
1 0.62960316875 0.338274378125 0.63056683125 0.3384968578125 0.6330442406250001 0.33655913593750003 0.643604065625 0.2886212359375 0.6422298984375 0.285780284375 0.6412662359375 0.28555780468749997 0.638796459375 0.2875113125 0.6282366359375 0.33544921250000004 0.62960316875 0.338274378125
0 0.5552125625000001 0.6094465421875 0.550029975 0.6162137203125 0.552253165625 0.6222651 0.557924125 0.6291124609375001 0.5633571578125001 0.6321053234375 0.5714116812500001 0.629800753125 0.5731641875 0.6198161265625 0.5703357890625 0.61154998125 0.5643673875 0.6084335203125 0.5552125625000001 0.6094465421875
0 0.6302710874999999 0.315743334375 0.62629166875 0.31725016875 0.6246268875000001 0.322067446875 0.6247004515625 0.3265850265625 0.6220089296875 0.3346283375 0.623773578125 0.34022334062500004 0.624679759375 0.345970665625 0.6295881328124999 0.3488424015625 0.6363554078125 0.34244107968750004 0.6396591265625 0.3341885890625 0.6391013671875 0.3257596578125 0.6358547031249999 0.3180839546875 0.6302710874999999 0.315743334375
1 0.6323748124999999 0.321921359375 0.602215628125 0.309911165625 0.5997458515625 0.311864671875 0.599469271875 0.31306266875 0.6008358046875 0.315887834375 0.628242290625 0.32663159375 0.6287910859375 0.328651065625 0.6282366359375 0.33544921250000004 0.62960316875 0.338274378125 0.63056683125 0.3384968578125 0.6330442406250001 0.33655913593750003 0.6337413453125 0.32474652656249997 0.6323748124999999 0.321921359375
2 0.556015840625 0.6109499265625 0.5338394640625 0.5995348796875 0.5095185109375 0.590765321875 0.507038028125 0.5927163578125 0.5067614484375 0.593914353125 0.5081386890624999 0.596741990625 0.5324596421875001 0.6055115484375 0.5541541875 0.6168153546874999 0.5784025203125001 0.6324942984375 0.5798373078125 0.6328255453125 0.5823177921875 0.6308745124999999 0.582594371875 0.629676515625 0.5812202046875 0.626835565625 0.556015840625 0.6109499265625