1 0.560480096875 0.43975172812499996 0.5473627859375 0.4337006125 0.5453740390624999 0.4335615453125 0.5260943546875 0.4367754625 0.52393581875 0.438911646875 0.5238562421874999 0.44004964375 0.5256973171875 0.44245334375 0.5271968546875 0.44255820156250003 0.5459660578125 0.4393085890625 0.559543428125 0.44596365625 0.5610429640625 0.44606851406250003 0.5631908640625001 0.44393158593750004 0.5632695953125 0.44280569375 0.560480096875 0.43975172812499996
2 0.49524569375 0.59840320625 0.477488778125 0.608572815625 0.4762909921875 0.6113357984375 0.4781312203125 0.6137516046875 0.4791202765625 0.613820765625 0.4958483484375 0.6041509953124999 0.5144824796874999 0.6100161046875 0.5159820140625 0.6101209625 0.518129915625 0.607984034375 0.5182086453125 0.6068581421875 0.5163790500000001 0.6044430796875 0.49524569375 0.59840320625
0 0.4914951453125 0.6902463765625 0.49010884375 0.69769208125 0.491822565625 0.7020698609375 0.4998313671875 0.7069000015625 0.507710796875 0.7054801640624999 0.51475165 0.70367321875 0.516163034375 0.6998424375 0.5143328015625 0.6931572203125 0.5091733374999999 0.6885384906249999 0.5035096375 0.6871570359375 0.497754509375 0.68708306875 0.4914951453125 0.6902463765625
0 0.5521635781249999 0.5198643203125 0.5536592046875 0.5282779796875 0.55881506875 0.5274462875 0.5652776625 0.527642721875 0.5685473156249999 0.5206206843750001 0.5700018203125 0.5147977671875 0.5653886046875 0.5127598359375 0.5611051312499999 0.5145649484375 0.5557703234375 0.5145933640625 0.5521635781249999 0.5198643203125
1 0.5369026453125 0.361070725 0.536823915625 0.3621966171875 0.5386641437499999 0.364612421875 0.556775196875 0.3635917453125 0.558932884375 0.3614676671875 0.5590124609375 0.36032967031249996 0.5571722328125001 0.35791386406250003 0.5546836390625 0.35773984531249997 0.5390611796875 0.358934540625 0.5369026453125 0.361070725
2 0.5272220765625 0.3489703359375 0.5078891609375 0.34591526875 0.462488296875 0.3427405296875 0.460330609375 0.3448646109375 0.46025103281249996 0.3460026078125 0.46209126093749997 0.3484184140625 0.5164282859375 0.35278980937500004 0.529773690625 0.3554261890625 0.5596946921875 0.364939459375 0.561694075 0.3650792703125 0.563841128125 0.362954446875 0.5639207046875 0.36181644999999996 0.5620911109375 0.3594013875 0.5272220765625 0.3489703359375
1 0.5662241921875 0.32887504375 0.5654391515625 0.31855241875 0.5651090953125 0.31624221406249997 0.5632688640625 0.31382640781250004 0.5622691734374999 0.313756503125 0.5601106390624999 0.3158926875 0.5599514859375 0.3181686828125 0.561196584375 0.3290952609375 0.5608227796875 0.3416239765625 0.5540644296874999 0.35941188749999997 0.5539450640625 0.361118884375 0.5557861390625 0.36352258437499996 0.556775196875 0.3635917453125 0.55951230625 0.36036462187499996 0.5657310234375 0.3431107578125 0.5662241921875 0.32887504375
1 0.4652218828125 0.5831771031249999 0.4630739828125 0.58531403125 0.463875578125 0.588216825 0.473874453125 0.595765221875 0.4943488109375 0.6040461374999999 0.4958483484375 0.6041509953124999 0.4979962484375 0.6020140656249999 0.498075825 0.6008760671875 0.496245384375 0.5984731125 0.47622044687500004 0.5907954046875 0.46910128125000006 0.58516371875 0.4652218828125 0.5831771031249999
2 0.4526662953125 0.683869365625 0.45051839375 0.68600629375 0.4504388171875 0.6871442921875001 0.45226841249999994 0.6895593546875001 0.46508481875 0.6927305234375 0.525591740625 0.7020954453125 0.52957986875 0.702374321875 0.531737559375 0.70025024375 0.5318171359375 0.6991122453124999 0.5299769046875 0.696696440625 0.47092973281250006 0.688005375 0.4526662953125 0.683869365625
0 0.5377541390625 0.2972367625 0.5377175296875001 0.30448487343749997 0.5390993984375 0.3111630703125 0.5443616171875 0.3152293703125 0.5494672125 0.31175423750000003 0.5504457875 0.3061656828125 0.549781809375 0.2990024 0.5467446359375 0.2944469171875 0.540569715625 0.29334601875 0.5377541390625 0.2972367625
1 0.553748959375 0.2635130734375 0.5629435171875 0.239618090625 0.5725351109375 0.210045225 0.5726536296875 0.2083503359375 0.5708134 0.2059345296875 0.569813709375 0.20586462499999997 0.567655175 0.208000809375 0.557376275 0.240372353125 0.54883986875 0.2620384 0.5462685890625 0.27726019218750003 0.5402711984375 0.298532003125 0.5401526796875 0.30022689375 0.541992909375 0.3026427 0.5429926015625 0.3027126046875 0.5457588640625 0.2989157375 0.5505284671874999 0.2809887609375 0.553748959375 0.2635130734375
2 0.5569492781250001 0.5188242609375 0.5823192828125 0.5217418671875 0.584467184375 0.5196049375 0.5845459156249999 0.518479046875 0.5827163203125 0.516063984375 0.557346315625 0.513146378125 0.5277998734375 0.5127956328125001 0.47793427031249996 0.5161579 0.4498377890625 0.5164681609375 0.44580987031249997 0.5167582828125 0.44365133593749995 0.51889446875 0.443571759375 0.520032465625 0.445412834375 0.5224361656250001 0.44890111875 0.522680090625 0.4825648421875 0.521615565625 0.5274028375 0.5184735171875 0.5569492781250001 0.5188242609375
1 0.44796282343750005 0.6938203609375 0.50130015625 0.698121853125 0.5034586921875001 0.69598566875 0.5035382687500001 0.6948476703125 0.5016971921875 0.6924439703124999 0.448359859375 0.6881424796875 0.44621280625 0.6902673015625 0.44613322968749997 0.6914053 0.44796282343750005 0.6938203609375
2 0.560137828125 0.3084736 0.5622848828125 0.30634877656250004 0.562364459375 0.3052107796875 0.560534865625 0.3027957171875 0.5459180171875 0.2966397421875 0.5279661171875001 0.2953844234375 0.5171101515625 0.29290995625 0.511122640625 0.29249126875 0.502556325 0.29303581562500003 0.48414436875 0.291176546875 0.481985834375 0.29331273125 0.4819062578125 0.294450728125 0.48374733281250004 0.29685442812499996 0.49168380312500004 0.29798118281249997 0.516713115625 0.298587840625 0.52756908125 0.30106230625 0.5450211359375 0.302282671875 0.5586382921874999 0.3083687421875 0.560137828125 0.3084736
1 0.55615831875 0.5159222109375 0.5560787421875 0.5170602093750001 0.5583692390625 0.5200671156250001 0.5726571453125 0.5307743375 0.5736568375 0.53084424375 0.575815371875 0.5287080578125 0.5750146218750001 0.525793159375 0.573593815625 0.5245624109375 0.5621749828125 0.51577115625 0.5583062187500001 0.5137852828125 0.55615831875 0.5159222109375
0 0.5616169796875 0.35991568281249997 0.5571874671875 0.35525067187500003 0.5531745765625 0.3547145859375 0.5505411703124999 0.35768131875 0.5500543984374999 0.3646424765625 0.553334853125 0.36908115 0.55546455625 0.3733177015625 0.5602545421875 0.3711465453125 0.5636901234375 0.3666422171875 0.5616169796875 0.35991568281249997
1 0.5359254078125 0.5327678890625 0.5369250984375 0.5328377953125 0.559988140625 0.518464978125 0.5611859265625 0.5157019953125 0.559345696875 0.5132861890625 0.5583460062500001 0.513216284375 0.535282965625 0.5275890999999999 0.534085178125 0.530352084375 0.5359254078125 0.5327678890625
0 0.4923211703125 0.5960575671874999 0.4889919390625 0.60056933125 0.4885647421875 0.6051502046875 0.4917422875 0.610907728125 0.493682678125 0.616323265625 0.499769396875 0.61700436875 0.5034016984374999 0.6130490796875 0.5048663624999999 0.6070808875 0.5043263015624999 0.6015077921875001 0.502164959375 0.5992520156250001 0.501119496875 0.5960158640625 0.495476009375 0.5940397125 0.4923211703125 0.5960575671874999
1 0.5297208906249999 0.578550978125 0.527879815625 0.5761472796875 0.526880125 0.5760773734375 0.513320915625 0.5836816078125 0.5021300859375 0.593178965625 0.49370636875 0.5988673484375 0.49416642499999996 0.5994713 0.493008428125 0.6016652828125 0.49484865781250004 0.604081090625 0.4973770375 0.6036861109375 0.49849609375000004 0.60204901875 0.5154514125 0.5889766171875 0.5285222593750001 0.5813260687499999 0.5297208906249999 0.578550978125
1 0.543429425 0.2964657234375 0.542429734375 0.29639581875 0.5285183499999999 0.3017004671875 0.5144584484375 0.30928185468749997 0.50470498125 0.312590128125 0.50350635 0.31536521875 0.505336790625 0.317768175 0.5068363265625 0.3178730328125 0.5161005828125 0.3145305484375 0.527592315625 0.3079131390625 0.5440718671875 0.3016445125 0.54525901875 0.2988807859375 0.543429425 0.2964657234375
3 0.5124752078125 0.5311280921875 0.5115617703125 0.544190853125 0.505086259375 0.6082154953125001 0.499069203125 0.6511649515625 0.48973280468749997 0.6916073390624999 0.4888229328125 0.73319858125 0.4909519234375 0.7744305406249999 0.49329199843750005 0.7768813 0.4953205328125 0.7764513671875 0.49693943437500004 0.774849228125 0.4971773171875 0.771447340625 0.49485023281249996 0.7330482703125 0.49566989375 0.69259428125 0.5041598328125 0.6572265703125 0.5110737703125 0.6086341828124999 0.5184627203125001 0.5315467796875 0.5187077625 0.47791380781250004 0.5238637671874999 0.4543082046875 0.530357434375 0.404542865625 0.530754471875 0.3988649828125 0.5234628 0.3669679625 0.5254440218750001 0.3528484703125 0.52758835625 0.3221830609375 0.5265063718749999 0.29471056562500003 0.5315264546875 0.280231790625 0.5334726953125 0.25239926874999996 0.5375202781249999 0.23043149999999998 0.5377590078125001 0.2270175078125 0.5363788375 0.2252056515625 0.5344183953125 0.22450895 0.531771496875 0.2265988203125 0.5274851828125 0.25198058125 0.52557873125 0.2792441046875 0.520558646875 0.29372288125 0.5215610578125001 0.322333371875 0.5194565124999999 0.3524297828125 0.5173957109375 0.36768727343749996 0.5246873843750001 0.39958429375 0.518812925 0.44767758750000003 0.5127591921875 0.47693822812500003 0.5124752078125 0.5311280921875
1 0.51748511875 0.6387543 0.5164854265625001 0.6386843953125 0.5143375265625 0.6408213234375 0.5121467265625 0.6577850671875 0.4985902359375 0.6939298890625001 0.49847087187500005 0.6956368859375 0.5003111 0.6980526921875 0.50130015625 0.698121853125 0.5040381140625 0.6948826234375 0.5085185640625001 0.68093789375 0.5170549703125 0.6592718484375 0.519325346875 0.6411701062499999 0.51748511875 0.6387543
2 0.5741894296875001 0.45154988906250004 0.5733878328124999 0.4486470953125 0.57197850625 0.447404984375 0.5418518875 0.42646604374999997 0.5252462921875 0.42017100156250003 0.501505825 0.415652 0.49141081875000003 0.4166614328125 0.4892522828125 0.4187976171875 0.489173553125 0.41992350937499995 0.4910137828125 0.4223393140625 0.5050969171874999 0.4216087609375 0.52190060625 0.4250709140625 0.53171709375 0.4280444734375 0.5404657953124999 0.4320747640625 0.5710418374999999 0.45361691249999997 0.5720308921874999 0.45368607499999997 0.5741894296875001 0.45154988906250004
1 0.5654635953125 0.3898807890625 0.5633156953125 0.39201771875 0.5617673390625 0.41416025 0.55863986875 0.43733592187500003 0.5582030437500001 0.443582803125 0.5600432734375 0.445998609375 0.5610429640625 0.44606851406250003 0.5631908640625001 0.44393158593750004 0.566755159375 0.41450903281249996 0.568303515625 0.3923665 0.5664632859375 0.3899506953125 0.5654635953125 0.3898807890625
0 0.5552139703125001 0.44154895468750005 0.5559842984375 0.448719671875 0.5585386078125001 0.4519275109375 0.564133153125 0.4513941359375 0.5663185656249999 0.4482622546875 0.5676098953125 0.4429388796875 0.5657590296875 0.43807705312499995 0.5642386968750001 0.433226175 0.558739125 0.4316372171875 0.5542469718749999 0.43275863125 0.5552139703125001 0.44154895468750005