0 0.532607421875 0.3717440546875 0.53755859375 0.3803624015625 0.5400390625 0.3871800671875 0.546845703125 0.3943601359375 0.55458984375 0.38825594531249996 0.55830078125 0.38180067968750003 0.5536523437499999 0.3731823328125 0.5480859375 0.368516421875 0.541279296875 0.3616987546875 0.535078125 0.3645639859375 0.532607421875 0.3717440546875
1 0.5585253906250001 0.2751868625 0.558076171875 0.2778142703125 0.559892578125 0.279920725 0.5617089843749999 0.278867496875 0.562158203125 0.2793997734375 0.562158203125 0.27834654531249997 0.576220703125 0.25729331875 0.5789453124999999 0.24309173281250002 0.5789453124999999 0.241517553125 0.57712890625 0.23941109843750003 0.576220703125 0.23941109843750003 0.5744140625 0.241517553125 0.572138671875 0.2546659109375 0.5585253906250001 0.2751868625
1 0.573505859375 0.7745300109375 0.55490234375 0.8092525484375 0.553994140625 0.8124122312500001 0.555810546875 0.8145186859375 0.558076171875 0.8134654593749999 0.559892578125 0.810305775 0.5780371093750001 0.7755719140624999 0.5744140625 0.7545300109374999 0.573955078125 0.7529558328125 0.572138671875 0.7508493765625001 0.5712304687499999 0.7508493765625001 0.5694238281249999 0.7529558328125 0.5694238281249999 0.7545300109374999 0.573505859375 0.7745300109375
2 0.5272265625 0.22573046406250002 0.52904296875 0.2278369203125 0.530400390625 0.2278369203125 0.54763671875 0.22204982968750003 0.565791015625 0.2246772359375 0.5680566406249999 0.2246772359375 0.569873046875 0.22257078125000002 0.569873046875 0.221517553125 0.5680566406249999 0.2194110984375 0.5471874999999999 0.21678369218750002 0.52904296875 0.22257078125000002 0.5272265625 0.2246772359375 0.5272265625 0.22573046406250002
0 0.5641796875 0.756228765625 0.5682031249999999 0.7641223109374999 0.571611328125 0.7759682906250001 0.581220703125 0.7820498296875 0.586796875 0.7770554921875 0.58275390625 0.7702264999999999 0.580283203125 0.7623329562500001 0.582138671875 0.7565798421875 0.58337890625 0.751200453125 0.57841796875 0.7479728203125 0.573466796875 0.7447338625000001 0.5682031249999999 0.749048696875 0.5641796875 0.756228765625
2 0.52541015625 0.2751868625 0.5272265625 0.27729331875 0.538564453125 0.2757191390625 0.58076171875 0.28360135937500003 0.5825781250000001 0.28360135937500003 0.58439453125 0.281506228125 0.58439453125 0.2804530015625 0.5825781250000001 0.27834654531249997 0.58076171875 0.2778142703125 0.536298828125 0.2704530015625 0.5272265625 0.2720271796875 0.52541015625 0.2741336359375 0.52541015625 0.2751868625
1 0.5535351562499999 0.1831030578125 0.551728515625 0.1978369203125 0.54763671875 0.21835787031249998 0.54763671875 0.219943375 0.549453125 0.22204982968750003 0.5503613281249999 0.22204982968750003 0.552626953125 0.21835787031249998 0.556259765625 0.1983691953125 0.558076171875 0.183635334375 0.5553515625000001 0.161007928125 0.5535351562499999 0.158901471875 0.552626953125 0.158901471875 0.5508203125 0.161007928125 0.5508203125 0.1631143828125 0.5535351562499999 0.1831030578125
1 0.538564453125 0.4630351078125 0.540380859375 0.46514156250000005 0.5412890625 0.46514156250000005 0.5435546875 0.46198187968750004 0.5553515625000001 0.4219932046875 0.5553515625000001 0.42040770156249996 0.5535351562499999 0.4183012453125 0.552626953125 0.4183012453125 0.5503613281249999 0.42146092812499997 0.538564453125 0.461449603125 0.538564453125 0.4630351078125
2 0.520869140625 0.46514156250000005 0.522685546875 0.46723669375 0.524951171875 0.46723669375 0.5471874999999999 0.4640883359375 0.5648828124999999 0.4703963765625 0.566240234375 0.4703963765625 0.5680566406249999 0.46828992031250005 0.5680566406249999 0.46723669375 0.566240234375 0.46514156250000005 0.54763671875 0.45882219687500003 0.544921875 0.45882219687500003 0.522685546875 0.46198187968750004 0.520869140625 0.4640883359375 0.520869140625 0.46514156250000005
3 0.54537109375 0.3157078140625 0.5490039062500001 0.351483578125 0.5458300781250001 0.381472253125 0.54763671875 0.418833521875 0.5471874999999999 0.46514156250000005 0.5458300781250001 0.5103850515625 0.54537109375 0.5167044171875 0.540380859375 0.533533409375 0.540380859375 0.5356398640625 0.5435546875 0.5519592296875 0.548544921875 0.588788221875 0.55126953125 0.6229898078125 0.5508203125 0.629830125 0.54537109375 0.663499434375 0.544462890625 0.7119139296875 0.5553515625000001 0.793465459375 0.555810546875 0.796092865625 0.55716796875 0.79767836875 0.558984375 0.7981993203125 0.56125 0.796092865625 0.56125 0.793465459375 0.549912109375 0.711381653125 0.5508203125 0.664031709375 0.55671875 0.62719139375 0.55671875 0.62245753125 0.553994140625 0.5882559453125 0.549453125 0.5545866359375 0.5458300781250001 0.5345866359375 0.5508203125 0.51775764375 0.55126953125 0.5103850515625 0.5530859375 0.43724801874999997 0.5530859375 0.418833521875 0.55126953125 0.381472253125 0.554443359375 0.34727066875 0.5503613281249999 0.3067610421875 0.54763671875 0.20731596875 0.546279296875 0.2057304640625 0.544462890625 0.20520951250000002 0.542197265625 0.20731596875 0.5435546875 0.2683465453125 0.54537109375 0.3157078140625
2 0.5267675781250001 0.551426953125 0.5299414062500001 0.5519592296875 0.56533203125 0.5545866359375 0.570322265625 0.5545866359375 0.572138671875 0.55248018125 0.572138671875 0.551426953125 0.570322265625 0.5493204984375 0.5471874999999999 0.5482672703125 0.5267675781250001 0.546160815625 0.524951171875 0.5482672703125 0.524951171875 0.5493204984375 0.5267675781250001 0.551426953125
0 0.536015625 0.218459796875 0.539423828125 0.22456398593750002 0.5465429687500001 0.2320951296875 0.55396484375 0.2295809734375 0.554892578125 0.22276330625 0.563251953125 0.22456398593750002 0.563251953125 0.21558323906250002 0.560771484375 0.21055492656250002 0.553349609375 0.21055492656250002 0.5434375 0.2119932046875 0.536015625 0.218459796875
2 0.52904296875 0.7492638734375 0.5272265625 0.7513703281249999 0.5272265625 0.75242355625 0.52904296875 0.7545300109374999 0.5308496093749999 0.7550622875 0.55671875 0.75979615 0.583486328125 0.753476784375 0.585302734375 0.7513703281249999 0.585302734375 0.7503171015625 0.583486328125 0.7482219703124999 0.5821191406249999 0.7482219703124999 0.55671875 0.7545300109374999 0.5308496093749999 0.7492638734375 0.52904296875 0.7492638734375
0 0.530126953125 0.45790487031250005 0.535078125 0.4650849375 0.538798828125 0.46831257031250006 0.5434375 0.47369195937499997 0.5477734375 0.47477916249999996 0.555830078125 0.46975084999999994 0.553349609375 0.4546659109375 0.5477734375 0.45 0.5384863281250001 0.44928652343750003 0.5313671875 0.45143827812500004 0.530126953125 0.45790487031250005
0 0.549326171875 0.273737259375 0.546845703125 0.278765571875 0.5511816406250001 0.285945640625 0.55861328125 0.2880973953125 0.5663476562499999 0.2916874296875 0.5731542968750001 0.2895356734375 0.5765625 0.2819932046875 0.573466796875 0.278765571875 0.567890625 0.2715855046875 0.55798828125 0.2715855046875 0.549326171875 0.273737259375
1 0.50953125 0.289920725 0.50953125 0.290973953125 0.51134765625 0.2930804078125 0.512705078125 0.2930804078125 0.553994140625 0.279920725 0.55671875 0.278867496875 0.5585253906250001 0.27676104218750003 0.5585253906250001 0.2757191390625 0.55671875 0.273612684375 0.5553515625000001 0.273612684375 0.5140625 0.2867610421875 0.51134765625 0.2878142703125 0.50953125 0.289920725
2 0.5172460937500001 0.3804190265625 0.54173828125 0.3804190265625 0.563974609375 0.388844846875 0.56533203125 0.388844846875 0.5671484375 0.3867383921875 0.5671484375 0.3856851640625 0.564423828125 0.3830577578125 0.542646484375 0.3751642125 0.5172460937500001 0.3751642125 0.5154296875 0.37727066875 0.5154296875 0.3783125703125 0.5172460937500001 0.3804190265625
0 0.549326171875 0.55770101875 0.55396484375 0.5652434875 0.56015625 0.5666817671875 0.5657324218750001 0.5616534546875 0.5685156250000001 0.5508833515625 0.5638671875 0.5458550390625 0.55861328125 0.5454926390625 0.5496289062499999 0.550169875 0.549326171875 0.55770101875
2 0.514521484375 0.658765571875 0.538115234375 0.658765571875 0.5680566406249999 0.6608720265625 0.573046875 0.6608720265625 0.5748632812500001 0.658765571875 0.5748632812500001 0.65771234375 0.573046875 0.6556058890625 0.567607421875 0.6550849375000001 0.538115234375 0.653510759375 0.514521484375 0.653510759375 0.512705078125 0.6556058890625 0.512705078125 0.6566591171875 0.514521484375 0.658765571875
1 0.52404296875 0.47144960312500006 0.52541015625 0.47144960312500006 0.538564453125 0.46514156250000005 0.53947265625 0.46250283124999997 0.5376562500000001 0.4603963765625 0.536298828125 0.4603963765625 0.52314453125 0.4667157421875 0.522236328125 0.4693431484375 0.52404296875 0.47144960312500006
1 0.542197265625 0.656138165625 0.542197265625 0.65719139375 0.5440136718749999 0.6592978484375001 0.546279296875 0.6582446203125001 0.5471874999999999 0.6566591171875 0.5553515625000001 0.6392978484375 0.560341796875 0.6208833515625 0.560341796875 0.6193091734375 0.5585253906250001 0.61720271875 0.557626953125 0.61720271875 0.555810546875 0.6193091734375 0.55126953125 0.63719139375 0.542197265625 0.656138165625
1 0.50044921875 0.6771800671875 0.498642578125 0.6792865234375001 0.498642578125 0.6803397515625 0.50044921875 0.6824462062500001 0.50181640625 0.6824462062500001 0.522236328125 0.6766591171874999 0.549453125 0.6592978484375001 0.5503613281249999 0.6566591171875 0.548544921875 0.6545526609375 0.54763671875 0.6545526609375 0.5204199218750001 0.6719252546875001 0.50181640625 0.6766591171874999 0.50044921875 0.6771800671875
1 0.49636718750000003 0.3593771234375 0.538115234375 0.370951303125 0.54310546875 0.3804190265625 0.54537109375 0.381472253125 0.5471874999999999 0.37936579843749996 0.5440136718749999 0.371472253125 0.54173828125 0.36727066875 0.540380859375 0.366217440625 0.49636718750000003 0.3541109859375 0.49455078124999996 0.356217440625 0.49455078124999996 0.35727066875 0.49636718750000003 0.3593771234375
1 0.48094726562499995 0.19994337499999998 0.51587890625 0.21151755312499998 0.54310546875 0.2230917328125 0.544462890625 0.2230917328125 0.546279296875 0.220996603125 0.546279296875 0.219943375 0.5435546875 0.21730464375 0.520869140625 0.20783692031249998 0.4845703125 0.1957304640625 0.46370117187500004 0.18626274062499998 0.46234374999999994 0.18626274062499998 0.46052734375000004 0.18836919531250002 0.46143554687500005 0.190996603125 0.48094726562499995 0.19994337499999998
1 0.5794042968750001 0.773997734375 0.581669921875 0.7766251421875 0.583935546875 0.776104190625 0.61251953125 0.7608493765625 0.61796875 0.75768969375 0.618876953125 0.756104190625 0.618876953125 0.7550622875 0.617060546875 0.7529558328125 0.614794921875 0.753476784375 0.587119140625 0.768731596875 0.58302734375 0.7703171015625 0.573505859375 0.7519026046875 0.5712304687499999 0.7508493765625001 0.5694238281249999 0.7529558328125 0.5694238281249999 0.754009059375 0.5794042968750001 0.773997734375
1 0.562158203125 0.5493204984375 0.5617089843749999 0.5519592296875 0.563525390625 0.554054359375 0.56533203125 0.5530011328125 0.565791015625 0.5535334093750001 0.565791015625 0.55248018125 0.57712890625 0.5351189125 0.5857519531250001 0.5151189125 0.5857519531250001 0.5140656859375 0.583935546875 0.5119705546875 0.58302734375 0.5119705546875 0.5803125 0.5156511890625 0.573505859375 0.5319592296875 0.562158203125 0.5493204984375
1 0.536298828125 0.376217440625 0.535390625 0.3783125703125 0.53720703125 0.3804190265625 0.53947265625 0.379898075 0.5458300781250001 0.3730577578125 0.5821191406249999 0.338856171875 0.583486328125 0.33832389531249996 0.58302734375 0.33780294375 0.583935546875 0.3356964890625 0.5821191406249999 0.333590034375 0.58076171875 0.333590034375 0.54173828125 0.370951303125 0.53583984375 0.37568516406249997 0.536298828125 0.376217440625
1 0.5530859375 0.5545866359375 0.542197265625 0.5708946765625 0.5408300781250001 0.5719479046875 0.528583984375 0.591415628125 0.5272265625 0.59246885625 0.5267675781250001 0.5950962625 0.528583984375 0.59720271875 0.530400390625 0.596149490625 0.5308496093749999 0.5966817671875 0.54763671875 0.5703737265625 0.5585253906250001 0.554054359375 0.559892578125 0.5530011328125 0.560341796875 0.5503737265625 0.5585253906250001 0.5482672703125 0.557626953125 0.5482672703125 0.55671875 0.5493204984375 0.556259765625 0.548799546875 0.5530859375 0.5545866359375
0 0.5276562499999999 0.6607361265625 0.530439453125 0.6707814265625001 0.536630859375 0.6750962625 0.546845703125 0.67221970625 0.5511816406250001 0.6557078140625 0.546845703125 0.649966025 0.539423828125 0.651041903125 0.53322265625 0.651041903125 0.5276562499999999 0.6607361265625