1 0.547802734375 0.231274509375 0.54873046875 0.23764705937500002 0.550576171875 0.2399632359375 0.55150390625 0.2399632359375 0.553349609375 0.23764705937500002 0.553349609375 0.23533088281249998 0.549189453125 0.19938725468750002 0.5482714843750001 0.19301470625 0.546416015625 0.1906985296875 0.5454980468749999 0.1906985296875 0.54365234375 0.19301470625 0.54365234375 0.1953308828125 0.547802734375 0.231274509375
2 0.49052734375 0.5268872546875001 0.49052734375 0.528039215625 0.4923828125 0.530367646875 0.5284082031249999 0.530367646875 0.54318359375 0.5297794125 0.568125 0.5268872546875001 0.5699804687500001 0.5245710781249999 0.5699804687500001 0.5234068625 0.568125 0.5210906859375 0.5653613281250001 0.5210906859375 0.54318359375 0.52398284375 0.4923828125 0.5245710781249999 0.49052734375 0.5268872546875001
2 0.507158203125 0.2341666671875 0.507158203125 0.23533088281249998 0.50900390625 0.23764705937500002 0.5182421875000001 0.23822303906250003 0.5288671875000001 0.23822303906250003 0.540419921875 0.2364950984375 0.563974609375 0.24460784375000003 0.5653613281250001 0.24460784375000003 0.5672070312499999 0.2422916671875 0.5672070312499999 0.2411274515625 0.563974609375 0.23822303906250003 0.54087890625 0.23069852968750001 0.53810546875 0.23069852968750001 0.5288671875000001 0.2324264703125 0.50900390625 0.231850490625 0.507158203125 0.2341666671875
1 0.55150390625 0.6312132359375 0.553349609375 0.6335416671874999 0.555654296875 0.6323774515625 0.5565820312499999 0.6306372546875 0.573212890625 0.5935416671875 0.573212890625 0.5923774515625 0.5713671875 0.5900612749999999 0.570439453125 0.5900612749999999 0.568125 0.5929656859375 0.55150390625 0.630061275 0.55150390625 0.6312132359375
0 0.5559765624999999 0.450477940625 0.556689453125 0.458553921875 0.562646484375 0.4615441171875 0.5698046875 0.4543627453125 0.5717089843750001 0.447181371875 0.568134765625 0.4414950984375 0.5657421874999999 0.43700980468750006 0.558115234375 0.432818628125 0.556923828125 0.44030637187500005 0.5559765624999999 0.450477940625
1 0.52748046875 0.7807598046875001 0.529326171875 0.7830759796875 0.530712890625 0.7830759796875 0.56859375 0.73960784375 0.5699804687500001 0.7378676468750001 0.570439453125 0.7355514703125 0.56859375 0.73323529375 0.5672070312499999 0.73323529375 0.54318359375 0.7616299015625 0.5288671875000001 0.7772916671875 0.52748046875 0.7807598046875001
2 0.51685546875 0.7343872546875 0.51685546875 0.7355514703125 0.5187109375000001 0.7378676468750001 0.521474609375 0.7384558828125 0.5524218750000001 0.7419240203124999 0.575517578125 0.7372916671875 0.57736328125 0.734975490625 0.57736328125 0.733811275 0.575517578125 0.7314950984374999 0.5736718749999999 0.7314950984374999 0.551962890625 0.7361274515625 0.5187109375000001 0.7320710781249999 0.51685546875 0.7343872546875
2 0.504384765625 0.665992646875 0.5076171875 0.6665808828124999 0.529794921875 0.668321078125 0.56859375 0.6735294125 0.5713671875 0.6735294125 0.573212890625 0.6712132359375 0.573212890625 0.6700490203125 0.5713671875 0.66773284375 0.56859375 0.6671568625 0.504384765625 0.660196078125 0.5025390625 0.6625245093750001 0.5025390625 0.6636764703125 0.504384765625 0.665992646875
2 0.512705078125 0.3860294125 0.5570410156250001 0.3889338234375 0.5625878906249999 0.3889338234375 0.56443359375 0.386617646875 0.56443359375 0.38545343125 0.5625878906249999 0.3831372546875 0.512705078125 0.38023284375 0.510859375 0.382561275 0.510859375 0.3837132359375 0.512705078125 0.3860294125
1 0.5524218750000001 0.3843014703125 0.5524218750000001 0.3860294125 0.55427734375 0.38835784375000004 0.5551953125 0.38835784375000004 0.5570410156250001 0.3860294125 0.56443359375 0.355318628125 0.567666015625 0.33387254843749997 0.567666015625 0.3315441171875 0.5658203125 0.329227940625 0.564892578125 0.329227940625 0.5630468750000001 0.3315441171875 0.559814453125 0.3547303921875 0.5524218750000001 0.3843014703125
0 0.5509667968749999 0.39601715625 0.556923828125 0.399007353125 0.562646484375 0.3930269609375 0.5624121093750001 0.386446078125 0.558359375 0.38015931406250003 0.5516796875 0.3759681375 0.546435546875 0.37926470624999997 0.5459570312500001 0.3900367640625 0.5509667968749999 0.39601715625
2 0.504384765625 0.3199509796875 0.5025390625 0.32227941250000003 0.5025390625 0.32343137187500004 0.504384765625 0.3257475484375 0.524248046875 0.329227940625 0.53810546875 0.32517156875 0.5699804687500001 0.3182230390625 0.571826171875 0.3158946078125 0.571826171875 0.314742646875 0.5699804687500001 0.31242647031250004 0.568125 0.31242647031250004 0.524248046875 0.32343137187500004 0.506240234375 0.3199509796875 0.504384765625 0.3199509796875
1 0.561201171875 0.6335416671874999 0.54365234375 0.6648406859375 0.542724609375 0.6654166671875 0.542265625 0.668321078125 0.544111328125 0.6706372546875 0.5459570312500001 0.6694730390625 0.546416015625 0.6700490203125 0.546416015625 0.668897059375 0.563974609375 0.6375980390625 0.564892578125 0.6370098046875 0.5653613281250001 0.6341176468749999 0.563505859375 0.6318014703125 0.5625878906249999 0.6318014703125 0.56166015625 0.63295343125 0.561201171875 0.6323774515625 0.561201171875 0.6335416671874999
1 0.519169921875 0.42080882343750003 0.5394921874999999 0.42719362812500006 0.566279296875 0.4492156859375 0.566748046875 0.450367646875 0.569052734375 0.4509558828125 0.5708984375 0.44863970625 0.5699804687500001 0.44631127499999995 0.570439453125 0.44573529375 0.5695117187500001 0.44573529375 0.54318359375 0.4237132359375 0.542724609375 0.4225490203125 0.519169921875 0.4150122546875 0.51732421875 0.41734068593750007 0.51732421875 0.418492646875 0.519169921875 0.42080882343750003
2 0.502080078125 0.5929656859375 0.510390625 0.596446078125 0.520556640625 0.5981740203125 0.572744140625 0.59585784375 0.578291015625 0.5952818625 0.5801367187500001 0.5929656859375 0.5801367187500001 0.5918014703125001 0.578291015625 0.5894852937499999 0.521015625 0.5923774515625 0.5113183593749999 0.590649509375 0.5011523437500001 0.5865808828125 0.49930664062499996 0.5889093140624999 0.49930664062499996 0.5900612749999999 0.502080078125 0.5929656859375
1 0.556123046875 0.3112622546875 0.5565820312499999 0.3182230390625 0.558427734375 0.320539215625 0.55935546875 0.320539215625 0.561201171875 0.3182230390625 0.561201171875 0.3118382359375 0.55888671875 0.2527205875 0.558427734375 0.24575980468749997 0.5565820312499999 0.243443628125 0.555654296875 0.243443628125 0.55380859375 0.24575980468749997 0.55380859375 0.2521446078125 0.556123046875 0.3112622546875
0 0.556689453125 0.589914215625 0.555498046875 0.5979901953125 0.55955078125 0.6039705875 0.5657421874999999 0.6066666671875 0.57265625 0.6030759796875 0.5762402343749999 0.596789215625 0.57791015625 0.589914215625 0.574091796875 0.584522059375 0.5664648437500001 0.5851225484375 0.5605078125 0.5851225484375 0.556689453125 0.589914215625
1 0.569052734375 0.5935416671875 0.5708984375 0.59585784375 0.571826171875 0.59585784375 0.5736718749999999 0.5935416671875 0.572744140625 0.5605024515625 0.57228515625 0.5529656859375 0.570439453125 0.550649509375 0.5695117187500001 0.550649509375 0.567666015625 0.5529656859375 0.56859375 0.5860049015625 0.569052734375 0.5935416671875
1 0.510859375 0.6735294125 0.510859375 0.674693628125 0.512705078125 0.6770098046874999 0.5394921874999999 0.6775857843749999 0.546884765625 0.668321078125 0.546884765625 0.6665808828124999 0.5450390625 0.6642524515625 0.544111328125 0.6642524515625 0.53810546875 0.6717892156249999 0.512705078125 0.6712132359375 0.510859375 0.6735294125
1 0.57921875 0.414436275 0.556123046875 0.4434191171875 0.555654296875 0.44573529375 0.557509765625 0.44805147031250003 0.559814453125 0.446899509375 0.5815234375 0.42023284375000003 0.584755859375 0.41386029375 0.5907617187499999 0.4051593140625 0.600927734375 0.374436275 0.600927734375 0.3727083328125 0.599072265625 0.3703799015625 0.598154296875 0.3703799015625 0.59630859375 0.3721200984375 0.5866015625000001 0.40226715625000004 0.57921875 0.414436275
1 0.5154687499999999 0.5152941171875 0.54734375 0.52920343125 0.54873046875 0.52920343125 0.550576171875 0.5268872546875001 0.550576171875 0.5257230390625 0.547802734375 0.5228308828125 0.51455078125 0.50892156875 0.512705078125 0.5112377453125 0.512705078125 0.51238970625 0.5154687499999999 0.5152941171875
1 0.527021484375 0.2208455875 0.554736328125 0.24170343125 0.555654296875 0.24170343125 0.557509765625 0.2393872546875 0.5565820312499999 0.2364950984375 0.55380859375 0.2341666671875 0.52794921875 0.214460784375 0.52517578125 0.21330882343750002 0.523330078125 0.215625 0.523330078125 0.2167769609375 0.527021484375 0.2208455875
1 0.509931640625 0.320539215625 0.5117773437500001 0.32285539218750003 0.513623046875 0.32285539218750003 0.544111328125 0.31705882343749997 0.567666015625 0.3187990203125 0.5695117187500001 0.31648284375 0.5695117187500001 0.315318628125 0.567666015625 0.3130024515625 0.544111328125 0.3112622546875 0.5117773437500001 0.31705882343749997 0.509931640625 0.319375 0.509931640625 0.320539215625
0 0.55263671875 0.3193627453125 0.557880859375 0.3250490203125 0.5659863281249999 0.324742646875 0.5700390625 0.3160661765625 0.5659863281249999 0.310085784375 0.562646484375 0.3035049015625 0.555498046875 0.3064950984375 0.5512011718750001 0.311875 0.55263671875 0.3193627453125
1 0.55150390625 0.5263112750000001 0.553349609375 0.5286274515625 0.5551953125 0.528039215625 0.574599609375 0.504852940625 0.5907617187499999 0.495 0.591689453125 0.49210784375000005 0.589833984375 0.48979166718749995 0.588916015625 0.48979166718749995 0.5713671875 0.50079656875 0.551962890625 0.52398284375 0.55150390625 0.5263112750000001
2 0.51732421875 0.4451593140625 0.551962890625 0.446899509375 0.576904296875 0.453272059375 0.57875 0.453272059375 0.580595703125 0.4509558828125 0.580595703125 0.4497916671875 0.57875 0.447475490625 0.5524218750000001 0.441102940625 0.51732421875 0.4393627453125 0.5154687499999999 0.441678921875 0.5154687499999999 0.4428431375 0.51732421875 0.4451593140625
1 0.50947265625 0.3976225484375 0.50947265625 0.3987867640625 0.5113183593749999 0.40110294062499996 0.512705078125 0.40110294062499996 0.55380859375 0.3889338234375 0.5570410156250001 0.3860294125 0.5570410156250001 0.38487745156250003 0.5551953125 0.382561275 0.55380859375 0.382561275 0.512705078125 0.3947303921875 0.5113183593749999 0.395306371875 0.50947265625 0.3976225484375
0 0.546435546875 0.2463480390625 0.5516796875 0.24904411718750002 0.558359375 0.24605392187500003 0.55931640625 0.237977940625 0.55478515625 0.233492646875 0.554541015625 0.22631127499999998 0.549775390625 0.2215196078125 0.543095703125 0.2212132359375 0.54 0.2287009796875 0.54357421875 0.237071078125 0.546435546875 0.2463480390625
1 0.556123046875 0.7413480390625 0.588916015625 0.7523651953125 0.607392578125 0.7639583328125 0.6083105468750001 0.7639583328125 0.6101660156250001 0.7616299015625 0.60923828125 0.7587377453124999 0.589375 0.746568628125 0.556123046875 0.7355514703125 0.55427734375 0.7378676468750001 0.55427734375 0.7390318625 0.556123046875 0.7413480390625
0 0.5459570312500001 0.53545343125 0.55048828125 0.539350490625 0.557880859375 0.537242646875 0.5614550781250001 0.5288725484375 0.560263671875 0.5216911765625001 0.55287109375 0.517193628125 0.5473828125 0.52198529375 0.54357421875 0.5294730390625 0.5459570312500001 0.53545343125
0 0.57099609375 0.7401225484375 0.5755273437499999 0.7347303921874999 0.570751953125 0.7314460781250001 0.5662304687499999 0.7290441171875 0.56001953125 0.7347303921874999 0.55525390625 0.739522059375 0.5540625 0.7458088234375 0.5540625 0.749693628125 0.5550195312499999 0.7547794125 0.55978515625 0.7577696078125 0.56455078125 0.751188725 0.56861328125 0.7475980390625 0.57099609375 0.7401225484375
3 0.5371777343749999 0.22431372500000002 0.5371777343749999 0.231274509375 0.538564453125 0.2527205875 0.538564453125 0.30198529375 0.54318359375 0.33676470625 0.5482714843750001 0.38545343125 0.549658203125 0.4422549015625 0.55103515625 0.467757353125 0.55103515625 0.4764583328125 0.5482714843750001 0.512977940625 0.549658203125 0.573835784375 0.549658203125 0.642806371875 0.5482714843750001 0.6996200984375001 0.5459570312500001 0.7430882359375001 0.55103515625 0.7697549015625 0.5524218750000001 0.7714950984375 0.55427734375 0.772071078125 0.5565820312499999 0.7697549015625 0.5565820312499999 0.7674264703125 0.55150390625 0.7425122546875 0.55150390625 0.7378676468750001 0.55380859375 0.7001960781250001 0.5551953125 0.642806371875 0.5551953125 0.573835784375 0.55380859375 0.513553921875 0.5565820312499999 0.4770343140625 0.5565820312499999 0.467757353125 0.5551953125 0.4422549015625 0.55380859375 0.38487745156250003 0.54873046875 0.336188725 0.544111328125 0.3014093140625 0.544111328125 0.2527205875 0.542724609375 0.22431372500000002 0.547802734375 0.171568628125 0.547802734375 0.1680882359375 0.546416015625 0.16636029375 0.5445703125 0.165772059375 0.542265625 0.1680882359375 0.541796875 0.17214460781250002 0.5371777343749999 0.22431372500000002
0 0.552392578125 0.6683088234375 0.549775390625 0.6641176468750001 0.54380859375 0.6632230390625 0.537607421875 0.665318628125 0.534990234375 0.671899509375 0.534990234375 0.6760906859375 0.538564453125 0.6814705875 0.54619140625 0.684460784375 0.55025390625 0.6772794125 0.552392578125 0.6683088234375