0 0.6168067828125 0.382282340625 0.6093743203125 0.38410836875 0.6051219375 0.3914780640625 0.60872435625 0.402016415625 0.6099945890625 0.41004590625 0.6159451125000001 0.4193988453125 0.6257670078124999 0.414339903125 0.6312283890625 0.40803259687500004 0.6279589062500001 0.3975589609375 0.6228347921874999 0.3912366484375 0.6168067828125 0.382282340625
1 0.6839268484375001 0.2581385296875 0.6823796125 0.2554331921875 0.6813808015625 0.25523904375 0.6789435328125 0.257169871875 0.67362985 0.27114626249999996 0.6542707859375 0.290808553125 0.6532149781250001 0.2936025921875 0.6547622140625 0.2963079296875 0.6569850296874999 0.295537709375 0.6573652562500001 0.296219228125 0.65759045 0.295060709375 0.67755735625 0.274908959375 0.68359026875 0.25987008125 0.6839268484375001 0.2581385296875
1 0.5690867984375 0.8196388046875 0.5675395640625001 0.8169334671874999 0.566540753125 0.8167393171875 0.564103484375 0.8186701453125 0.5637669046875 0.8204016968750001 0.5639799328125 0.8432737343750001 0.5360963 0.8774905765625001 0.534421909375 0.8807719859375001 0.53596914375 0.8834773234375 0.5386859953124999 0.8828031328125 0.5413591984375 0.8797158734374999 0.568740475 0.8453884546875001 0.5692549953125 0.8214684734375 0.5690867984375 0.8196388046875
2 0.6766784953125 0.231494378125 0.65428909375 0.22414305156249997 0.633097 0.22662987031249998 0.630648990625 0.22855861093750002 0.6304237968749999 0.22971713125 0.6319710328125 0.23242246875 0.6334638796875 0.2327126484375 0.6536571609374999 0.2300316796875 0.6730608703125001 0.2368026453125 0.675552528125 0.237286975 0.6780005359375 0.23535823437499998 0.6782257296875 0.2341997140625 0.6766784953125 0.231494378125
0 0.579826128125 0.8197224984375 0.575060365625 0.8151116828125 0.570307765625 0.8104904968750001 0.5635963921875 0.8141114609375 0.5576363625 0.8211492203124999 0.5603734625000001 0.830691990625 0.56158886875 0.8444508000000001 0.5708566234375 0.8531945390625 0.5780569609375 0.84889295 0.575070765625 0.8405169812500001 0.574041309375 0.8313061453125 0.5773119796875 0.8253745374999999 0.579826128125 0.8197224984375
2 0.678163775 0.298452146875 0.630838925 0.28085000781249997 0.620524975 0.2806421546875 0.6180769671874999 0.2825708953125 0.6178517734375 0.2837294140625 0.619399009375 0.2864347515625 0.6322046171875 0.2871269359375 0.676926421875 0.30481777656250003 0.67892404375 0.30520607499999997 0.68136963125 0.303289790625 0.681594825 0.302131271875 0.6800475890625 0.299425934375 0.678163775 0.298452146875
1 0.6733516234375 0.1900085359375 0.6751932140625 0.16453660781249999 0.6736459796875 0.1618312703125 0.6726471671875001 0.1616371203125 0.6702098999999999 0.1635679484375 0.6697595140625 0.1658849875 0.668471375 0.18845230156249998 0.66333420625 0.20427290625 0.6544465484375 0.22597063281250002 0.6541075484375 0.227714640625 0.6556547828125 0.23041997812499998 0.6566535953125 0.2306141265625 0.6599346390624999 0.227037409375 0.6682037140625 0.205827053125 0.6733516234375 0.1900085359375
1 0.6140169859375 0.449960465625 0.5924931 0.49142497812499997 0.5921541 0.4931689859375 0.5937013343750001 0.49587432343750004 0.5947001453125 0.49606847187499997 0.5978673828125001 0.4930772421875 0.6193912687500001 0.4516127296875 0.6197302703124999 0.449868721875 0.618183034375 0.44716338437500003 0.6171842234375 0.44696923593750004 0.6140169859375 0.449960465625
2 0.6221405984375 0.5014023562500001 0.6030322421875 0.49047431250000006 0.6000465484374999 0.489893953125 0.574916209375 0.4886159859375 0.5724682 0.4905447265625 0.5722430078125 0.49170324687500006 0.5737926640625 0.4943961265625 0.5762843203125 0.4948804546875 0.601412240625 0.49617087812499994 0.6195242078125001 0.506892315625 0.621017053125 0.5071824953124999 0.6234650625 0.5052537546875 0.62369025625 0.5040952359374999 0.6221405984375 0.5014023562500001
3 0.5786279078125001 0.5734203796874999 0.578629090625 0.5920496796875 0.5762426781250001 0.6336272640625 0.5719263796875 0.6718304484375001 0.5699697984375 0.6792585640625 0.556778009375 0.71512891875 0.5454275671875 0.768189290625 0.5399658140625 0.8602212734375 0.5399088171875001 0.8632094625000001 0.5410626625 0.86524365 0.5429488984375 0.8662049796875 0.54589094375 0.8643722703125001 0.5464527171875 0.8614822 0.551534240625 0.7687686968749999 0.56265706875 0.7168793015625 0.57702089375 0.6776169640624999 0.578033053125 0.6724098546875 0.5823493515625 0.6342066703125 0.58455421875 0.596200675 0.5848459671875 0.5734267546875 0.593932309375 0.5559821359375 0.5960026968750001 0.54796853125 0.6136379390625 0.46790824531249997 0.617575190625 0.4476528421875 0.6235658796875 0.4061682484375 0.634369078125 0.369225990625 0.63854126875 0.323793965625 0.656807446875 0.2138248640625 0.6556536015625001 0.211790678125 0.653767365625 0.210829346875 0.650825321875 0.21266205624999998 0.6392690609375 0.280084075 0.6311402453125 0.3325683765625 0.6274861796875 0.372697259375 0.6175837546875 0.405005440625 0.611582325 0.44648794687500004 0.601187046875 0.4973293984375 0.590020571875 0.5468057234375 0.5881646359375 0.5536587203125001 0.5790782953125 0.571103340625 0.5786279078125001 0.5734203796874999
2 0.56140696875 0.582082965625 0.5589589609375001 0.5840117046875 0.5587337671875 0.5851702249999999 0.560281003125 0.5878755625000001 0.5636576640625 0.589139528125 0.6020173015625 0.5995951546875 0.6075053921875 0.60066193125 0.6099534015625 0.598733190625 0.6101785937499999 0.597574671875 0.608631359375 0.594869334375 0.583413721875 0.5887652296875 0.56140696875 0.582082965625
0 0.6623977609375 0.21860888437499998 0.6511892359375 0.21807200781249997 0.6416442703125 0.2235984734375 0.64408734375 0.231041484375 0.6503064796875 0.2408474 0.659006365625 0.23966849687499997 0.6614843593749999 0.23236758906250002 0.670292709375 0.236135290625 0.67221290625 0.22625673281249997 0.6705600875 0.2201954796875 0.6623977609375 0.21860888437499998
2 0.5821307609375 0.8191620984375 0.5805811046875 0.81646921875 0.57907751875 0.81617695 0.549794290625 0.8176856953125 0.5224702531250001 0.8063629765625 0.5204833703125 0.8059767671875001 0.5180353625 0.80790550625 0.51781016875 0.8090640265625 0.5193574046875 0.8117693640624999 0.5212304796875 0.8127410625 0.5486683234374999 0.8234782921875 0.579457559375 0.8222493578125001 0.58190556875 0.8203206171874999 0.5821307609375 0.8191620984375
0 0.5950078000000001 0.478029246875 0.5867183375 0.478874234375 0.58397173125 0.4857221671875 0.5878816734375001 0.49467845625000006 0.5912834671875 0.49902414375 0.595234740625 0.505932934375 0.5997708 0.50805573125 0.6097063375 0.5042470265625 0.6102037515625 0.4871237828125 0.6050688984375 0.4807993828125 0.5950078000000001 0.478029246875
0 0.6653403703125 0.2888491984375 0.6544501078125 0.2867323453125 0.644463740625 0.28724748906249997 0.6406606874999999 0.292248228125 0.6438940171875001 0.301072996875 0.6516070109375 0.305028546875 0.6593454203125 0.31063087968750003 0.6672912046875 0.30971908593749997 0.6726521062499999 0.30215117343750003 0.669937665625 0.29793909687500003 0.6653403703125 0.2888491984375
1 0.6526204828125 0.2886907921875 0.651116896875 0.28839852499999996 0.6028973 0.29403484999999996 0.5996864140625 0.294613009375 0.5972384046875 0.29654175 0.5970132109375 0.29770026875 0.598560446875 0.30040560625 0.60005329375 0.3006957859375 0.6482753125 0.2950470046875 0.6514969374999999 0.29447093281250003 0.65393420625 0.29254010468749997 0.654156978125 0.2913940421875 0.6526204828125 0.2886907921875
2 0.5874967953125 0.3919563015625 0.5850487875 0.39388504062499996 0.584826015625 0.395031103125 0.5863732500000001 0.397736440625 0.613308928125 0.40297220625 0.635962140625 0.4169938859375 0.6374549875 0.417284065625 0.639902996875 0.415355325 0.6401281890625 0.41419680625 0.6376935296874999 0.4107242875 0.6154312843749999 0.397386215625 0.5874967953125 0.3919563015625
0 0.58374870625 0.599599265625 0.587237484375 0.60888738125 0.5937390625 0.6117930015625 0.6009466640625 0.6074540374999999 0.6063103203125 0.5962022171875 0.6022732421875 0.5896775109375 0.596572659375 0.5881557390625 0.585691896875 0.5913799453124999 0.58374870625 0.599599265625
2 0.550933965625 0.702590565625 0.5249863578125 0.6975468609375 0.5225407703125 0.69946314375 0.5223155765625 0.7006216640625 0.5238628125 0.703327 0.5498104203125 0.7083707031250001 0.582288578125 0.717088403125 0.58777666875 0.7181551796875 0.5902246765625 0.7162264390625 0.5904498703125001 0.7150679203125 0.588902634375 0.712362584375 0.5830318937500001 0.7106267453124999 0.550933965625 0.702590565625
1 0.5743847375 0.499320384375 0.5758883234375001 0.4996126515625 0.5917037125 0.49548602500000005 0.5932667171875 0.49277764687500003 0.59171948125 0.4900723109375 0.590226634375 0.48978212968749996 0.574408825 0.4939212140625 0.5728482406250001 0.496617134375 0.5743847375 0.499320384375
1 0.58114348125 0.6670159265625 0.580155409375 0.6668238640624999 0.5777074015625 0.6687526046875 0.5688899015625 0.6874517734375 0.5548614734374999 0.7063532625 0.5546362796875 0.70751178125 0.556183515625 0.7102171171875 0.558900365625 0.7095429265625001 0.560238178125 0.7079930703125 0.5729287953125 0.690641440625 0.5823541359375 0.6714528140625 0.582690715625 0.6697212640625 0.58114348125 0.6670159265625
1 0.5621814109375001 0.7059662109375 0.5611825984375 0.7057720625 0.527536009375 0.719063190625 0.5060643328125 0.720293371875 0.5044493609375 0.7205741359375 0.502012090625 0.7225049625 0.5017868984375 0.7236634828125 0.50332339375 0.7263667328125 0.5048269796875 0.7266589999999999 0.528521471875 0.724658596875 0.562165640625 0.7113799249999999 0.5637286453125 0.7086715484375 0.5621814109375001 0.7059662109375
1 0.5690363265625 0.3643350265625 0.5665883171874999 0.3662637671875 0.566363125 0.3674222859375 0.567910359375 0.3701276234375 0.6113487421875 0.39178348125 0.6148125140625 0.40326447343750005 0.6170789796875 0.404907321875 0.6195269875 0.40297858125 0.617724259375 0.3936174375 0.6161202125 0.3885094 0.6148525593749999 0.3870607015625 0.5690363265625 0.3643350265625
1 0.5899262765625 0.1875992640625 0.568999421875 0.172723790625 0.5675065765625 0.1724336109375 0.5650585671874999 0.1743623515625 0.5654956046875 0.1774465703125 0.585041 0.1914588328125 0.620982928125 0.21165752499999999 0.648451075 0.2302090828125 0.649943921875 0.23049926250000002 0.6523895078125 0.2285829796875 0.6526147015625 0.22742446093750002 0.6501824640625 0.2239394859375 0.6272579875 0.2086757125 0.5899262765625 0.1875992640625
1 0.6138896890625001 0.8289422859375 0.58019113125 0.8398058015625001 0.5753521109374999 0.8406750921875 0.5688179578125 0.8183842546875001 0.566540753125 0.8167393171875 0.564103484375 0.8186701453125 0.5638782906250001 0.819828665625 0.570580640625 0.8439491718750001 0.5725105265625 0.8473235718750001 0.5751135703125 0.8472348703125 0.609810940625 0.83656550625 0.6164793859375 0.8342548421875 0.617817196875 0.8327049843750001 0.61803996875 0.831558921875 0.616492734375 0.8288535843749999 0.6138896890625001 0.8289422859375
1 0.63313833125 0.5593885265625 0.6315886749999999 0.556695646875 0.6305898625 0.5565014984375 0.6268172046875 0.5599697265625 0.6158446265624999 0.5764530171875 0.5996528 0.593124078125 0.598594571875 0.595930575 0.600144228125 0.59862345625 0.602356303125 0.597851146875 0.6027472703125001 0.598534753125 0.6029724640625 0.597376234375 0.6191535515625 0.580703084375 0.6329131375 0.560547046875 0.63313833125 0.5593885265625
1 0.6692782937499999 0.3627993640625 0.667731059375 0.3600940265625 0.6662382124999999 0.359803846875 0.615333246875 0.39255799062499996 0.6078341859374999 0.3965041734375 0.6082251546874999 0.397187778125 0.6067783765625 0.3992982109375 0.6083256125000001 0.40200354687499995 0.61092865625 0.4019148453125 0.6193828796874999 0.39574974375 0.6666050921875 0.3658866234375 0.6682224859375 0.365593403125 0.6678290953125 0.364922253125 0.6692782937499999 0.3627993640625
1 0.5550942328125 0.638527153125 0.5791811171875 0.6131777109375001 0.5946453968750001 0.5975545906249999 0.596374178125 0.5966883390625 0.597429984375 0.5938943 0.59588275 0.5911889625 0.594894678125 0.5909969015625001 0.5936706734375 0.591961271875 0.5932772843749999 0.591290121875 0.5885494625 0.5969772718749999 0.57308760625 0.612587934375 0.571358825 0.6134541859375 0.5537285421875 0.6322502265625001 0.5520105015625 0.633118565625 0.550943953125 0.6359105171875 0.5524911890624999 0.6386158546875 0.5547140046875 0.6378456328125 0.5550942328125 0.638527153125
0 0.537886653125 0.7083024078125 0.5387997140625 0.719946915625 0.544686246875 0.7260166640625 0.5565352296875 0.7250361921875 0.5648341984374999 0.707800503125 0.5612933484375 0.7005578 0.552900984375 0.7001546359375 0.546081146875 0.6988289937500001 0.537886653125 0.7083024078125