1 0.519921875 0.44877913437499994 0.5217578125 0.45085460624999996 0.5231347656249999 0.45085460624999996 0.540078125 0.4466925640625 0.5529101562500001 0.451897890625 0.5542871093749999 0.451897890625 0.55611328125 0.44981132031250004 0.55611328125 0.44877913437499994 0.553369140625 0.446170921875 0.54099609375 0.4414872359375 0.539169921875 0.4414872359375 0.5217578125 0.445649278125 0.519921875 0.44773584843750003 0.519921875 0.44877913437499994
2 0.48923828125 0.6101664812500001 0.490146484375 0.6101664812500001 0.5048144531250001 0.60027746875 0.522216796875 0.6044395109375 0.5235937500000001 0.6044395109375 0.525419921875 0.602352940625 0.525419921875 0.6013207546875 0.5235937500000001 0.599234184375 0.503896484375 0.5950721421875 0.48832031249999996 0.605482796875 0.48740234375 0.6080799109374999 0.48923828125 0.6101664812500001
0 0.51501953125 0.6937624859375 0.5221289062500001 0.691964484375 0.528447265625 0.6898668140625001 0.5294921875 0.686281909375 0.527392578125 0.6802996671875 0.5223828125 0.67641509375 0.517119140625 0.67551609375 0.51185546875 0.6758157609375 0.506337890625 0.6791009984375 0.5055468750000001 0.6859822421875 0.5073925781249999 0.6898668140625001 0.51501953125 0.6937624859375
0 0.5527929687500001 0.5273695890625001 0.557451171875 0.526281909375 0.563369140625 0.5260488343749999 0.565908203125 0.5194339625 0.566865234375 0.51402885625 0.56251953125 0.5124639296875 0.558720703125 0.5143840171875 0.55384765625 0.514750278125 0.550888671875 0.5197891234375 0.5527929687500001 0.5273695890625001
1 0.5267968749999999 0.37692563749999997 0.5286328124999999 0.379012209375 0.5451171875 0.37692563749999997 0.546953125 0.3748501671875 0.546953125 0.37380688125 0.5451171875 0.3717203109375 0.54283203125 0.3717203109375 0.5286328124999999 0.37380688125 0.5267968749999999 0.3758934515625 0.5267968749999999 0.37692563749999997
2 0.457626953125 0.369123196875 0.50755859375 0.3696448390625 0.519921875 0.37119866875 0.54787109375 0.3779689234375 0.54970703125 0.3779689234375 0.551533203125 0.3758934515625 0.551533203125 0.3748501671875 0.54970703125 0.37276359531250003 0.5171777343749999 0.3654716984375 0.49931640625 0.36391786875 0.457626953125 0.36391786875 0.455791015625 0.365993340625 0.455791015625 0.36703662656249997 0.457626953125 0.369123196875
1 0.546953125 0.34517203125 0.547412109375 0.356625971875 0.542373046875 0.3732852390625 0.542373046875 0.3748501671875 0.544208984375 0.37692563749999997 0.5451171875 0.37692563749999997 0.547412109375 0.37380688125 0.5519921875 0.35766925625 0.551533203125 0.3446503890625 0.55015625 0.33528301875 0.54970703125 0.33319644843749996 0.54787109375 0.33110987812500003 0.546953125 0.33110987812500003 0.5451171875 0.33319644843749996 0.5451171875 0.33528301875 0.546953125 0.34517203125
1 0.48419921875 0.59402885625 0.5034375 0.60027746875 0.5048144531250001 0.60027746875 0.506640625 0.5981908984375 0.506640625 0.5971476140624999 0.5048144531250001 0.5950721421875 0.48602539062499994 0.589345171875 0.47916015625 0.5846614875 0.47548828125 0.583096559375 0.47366210937500003 0.5851831296875 0.47458007812499997 0.5877802437499999 0.48419921875 0.59402885625
2 0.47044921874999995 0.6809766921875 0.48236328124999994 0.6830521640625 0.538251953125 0.6877358484375 0.5419140625 0.6877358484375 0.54375 0.6856603781249999 0.54375 0.6846170921875 0.5419140625 0.682530521875 0.48740234375 0.6783684796875 0.47044921874999995 0.6757602656249999 0.468623046875 0.6778468375 0.468623046875 0.6788901218750001 0.47044921874999995 0.6809766921875
0 0.52392578125 0.3242175359375 0.525615234375 0.330221975 0.53068359375 0.3335960046875 0.535126953125 0.3300998890625 0.5356640625 0.32493895625 0.5345996093750001 0.3184461703125 0.531533203125 0.31448390625 0.5258203124999999 0.3138734734375 0.5234960937500001 0.3176026640625 0.52392578125 0.3242175359375
1 0.531376953125 0.2847835734375 0.53 0.298834628125 0.52587890625 0.3186237515625 0.52587890625 0.3201775796875 0.52771484375 0.3222641515625 0.5286328124999999 0.3222641515625 0.5309179687500001 0.3186237515625 0.534130859375 0.301964484375 0.5359570312499999 0.2858157609375 0.54283203125 0.26342952343750003 0.54970703125 0.2358379578125 0.54970703125 0.23428412812500002 0.54787109375 0.2321975578125 0.546953125 0.2321975578125 0.5451171875 0.23428412812500002 0.53779296875 0.2644728078125 0.531376953125 0.2847835734375
2 0.45716796875 0.5232186453125001 0.453505859375 0.5237402890625 0.45166992187500005 0.5258268593750001 0.45166992187500005 0.52687014375 0.453505859375 0.528945615625 0.45670898437499996 0.528945615625 0.48740234375 0.5258268593750001 0.528173828125 0.5200998890624999 0.5551953125 0.5185349609375 0.578564453125 0.519578246875 0.5803906249999999 0.5174916765625001 0.5803906249999999 0.5164594890624999 0.578564453125 0.51437291875 0.5551953125 0.513329634375 0.528173828125 0.5148945609375 0.482822265625 0.521143175 0.45716796875 0.5232186453125001
1 0.46678710937499995 0.685138734375 0.5158007812500001 0.6856603781249999 0.5176367187500001 0.68357380625 0.5176367187500001 0.682530521875 0.5158007812500001 0.6804550500000001 0.46678710937499995 0.6799334078125 0.4649609375 0.6820088796875 0.4649609375 0.6830521640625 0.46678710937499995 0.685138734375
2 0.47228515625 0.317580465625 0.47228515625 0.3186237515625 0.47412109375 0.3206992234375 0.4814453125 0.321220865625 0.50435546875 0.3201775796875 0.51443359375 0.32174250781249997 0.5304589843749999 0.32174250781249997 0.543291015625 0.32642619375000004 0.54466796875 0.32642619375000004 0.546494140625 0.324350721875 0.546494140625 0.3233074359375 0.54466796875 0.321220865625 0.5309179687500001 0.31653718125 0.51443359375 0.31653718125 0.50435546875 0.314972253125 0.49885742187500004 0.314972253125 0.491064453125 0.3160155390625 0.47412109375 0.3154938953125 0.47228515625 0.317580465625
1 0.5565722656250001 0.519578246875 0.5703125 0.5284350718749999 0.5712304687499999 0.5284350718749999 0.5730664062499999 0.5263485015625 0.5721484375 0.5237402890625 0.570771484375 0.5227081015625 0.559775390625 0.5154162046875 0.55611328125 0.5138512765625001 0.5542871093749999 0.515937846875 0.5542871093749999 0.5169811328125 0.5565722656250001 0.519578246875
0 0.5449609375 0.369289678125 0.541259765625 0.369056603125 0.53904296875 0.3719311875 0.53904296875 0.37831298593749996 0.5423242187499999 0.3821531625 0.544541015625 0.385882353125 0.548779296875 0.3835960046875 0.551630859375 0.37926748125 0.549306640625 0.37326304062500004 0.5449609375 0.369289678125
1 0.536875 0.5325971140625 0.53779296875 0.5325971140625 0.5579492187499999 0.51801331875 0.5588671875 0.5154162046875 0.55703125 0.513329634375 0.55611328125 0.513329634375 0.5359570312499999 0.5279134296875 0.5350390625 0.53051054375 0.536875 0.5325971140625
0 0.50361328125 0.6115205328125 0.5092187499999999 0.6117536078125 0.51228515625 0.6079134296875 0.5132421875000001 0.6023751390625 0.5123925781249999 0.5973251937499999 0.5102734375 0.5954051046875 0.509111328125 0.5925194234375 0.503828125 0.5910765812500001 0.50107421875 0.59311875625 0.49832031250000003 0.59744728125 0.49822265625 0.60165371875 0.501494140625 0.6067036625 0.50361328125 0.6115205328125
1 0.50251953125 0.595593784375 0.502978515625 0.5961154265624999 0.502060546875 0.5981908984375 0.503896484375 0.60027746875 0.506181640625 0.5997558265625 0.507099609375 0.5981908984375 0.5217578125 0.5851831296875 0.533212890625 0.5773695890625 0.534130859375 0.5747613765625 0.5322949218749999 0.5726859046875 0.531376953125 0.5726859046875 0.5194726562499999 0.580488346875 0.5098535156249999 0.5898668140625001 0.50251953125 0.595593784375
1 0.49427734375 0.333718090625 0.493359375 0.3363263046875 0.495185546875 0.3384017765625 0.4965625 0.3384017765625 0.5048144531250001 0.3347613765625 0.514892578125 0.3279911203125 0.52955078125 0.321220865625 0.5304589843749999 0.3186237515625 0.5286328124999999 0.31653718125 0.52771484375 0.31653718125 0.515341796875 0.3222641515625 0.502978515625 0.3300776921875 0.49427734375 0.333718090625
3 0.511220703125 0.301964484375 0.50755859375 0.3154938953125 0.510302734375 0.34153163124999997 0.510302734375 0.369123196875 0.50939453125 0.38317425156249996 0.518095703125 0.41180910156249995 0.5158007812500001 0.4560599328125 0.5121386718750001 0.4831409546875 0.515341796875 0.5325971140625 0.515341796875 0.544572696875 0.5135156249999999 0.6033962265625 0.51076171875 0.6429633734375 0.5048144531250001 0.6804550500000001 0.506640625 0.7184572703125001 0.511220703125 0.755937846875 0.5135156249999999 0.7580244171875 0.515341796875 0.7575027750000001 0.51671875 0.755937846875 0.51671875 0.752819090625 0.5121386718750001 0.7179356265625 0.510302734375 0.6809766921875 0.5158007812500001 0.6481687015625 0.519013671875 0.6033962265625 0.5208398437499999 0.5325971140625 0.5176367187500001 0.48365149843750005 0.5208398437499999 0.461786903125 0.5235937500000001 0.41597114375000005 0.5235937500000001 0.41076581562500003 0.514892578125 0.382130965625 0.5158007812500001 0.369123196875 0.5158007812500001 0.3410099890625 0.513056640625 0.3160155390625 0.51671875 0.30248612656249996 0.51671875 0.2769700328125 0.519013671875 0.256670365625 0.519013671875 0.2535405109375 0.5176367187500001 0.2519755828125 0.5158007812500001 0.2514650390625 0.5135156249999999 0.2535405109375 0.511220703125 0.2769700328125 0.511220703125 0.301964484375
1 0.513056640625 0.6820088796875 0.513056640625 0.68357380625 0.514892578125 0.6856603781249999 0.5158007812500001 0.6856603781249999 0.518095703125 0.682530521875 0.5212988281250001 0.669522753125 0.52771484375 0.6492119859375001 0.5286328124999999 0.63255271875 0.5267968749999999 0.6304661484375 0.52587890625 0.6304661484375 0.524052734375 0.63255271875 0.5231347656249999 0.6481687015625 0.513056640625 0.6820088796875
2 0.486943359375 0.4326304109375 0.48877929687500005 0.43471698124999997 0.5016015625 0.433152053125 0.5171777343749999 0.4352386234375 0.526337890625 0.43732519375 0.53458984375 0.44044395156249994 0.5639062499999999 0.45814650312499994 0.564814453125 0.45814650312499994 0.566650390625 0.4560599328125 0.5657324218750001 0.45346281875 0.5643652343750001 0.452419534375 0.535498046875 0.4352386234375 0.519921875 0.4305549390625 0.497939453125 0.4279467265625 0.48877929687500005 0.42951165312499995 0.486943359375 0.43159822343750004 0.486943359375 0.4326304109375
1 0.551533203125 0.44408434999999996 0.551533203125 0.44981132031250004 0.553369140625 0.451897890625 0.5542871093749999 0.451897890625 0.55611328125 0.44981132031250004 0.557490234375 0.42274139843749997 0.557490234375 0.40244173125 0.555654296875 0.4003551609375 0.554736328125 0.4003551609375 0.5529101562500001 0.40244173125 0.5529101562500001 0.42274139843749997 0.551533203125 0.44408434999999996
0 0.552373046875 0.4574028859375 0.557451171875 0.45655937812499997 0.559248046875 0.45356270781249997 0.560087890625 0.44862375156249995 0.5580859375 0.44430632656249996 0.55638671875 0.439977803125 0.551259765625 0.43887902343749996 0.5472265625 0.4401886796875 0.5486718749999999 0.448146503125 0.549833984375 0.45463928906250006 0.552373046875 0.4574028859375