0 0.5243510625 0.2292563640625 0.51645355625 0.2299790375 0.51497088125 0.23703875000000002 0.5150078875 0.2435125328125 0.520417428125 0.246863075 0.522323325 0.25209118125 0.526871575 0.2565457875 0.5322836859375 0.253625503125 0.5297740765625 0.24300117187499998 0.5316982984374999 0.2401838296875 0.53010855625 0.2329601484375 0.5243510625 0.2292563640625
0 0.5653234031250001 0.426610446875 0.5643822187499999 0.42203615 0.5572905796875001 0.4212604046875 0.5517055671875 0.42499438125 0.54444929375 0.43130162812500006 0.543688953125 0.442400415625 0.5477536109375001 0.4506465390625 0.5547759328125 0.4488851171875 0.559775721875 0.45034210156250004 0.561379028125 0.44618470156249995 0.5629843890624999 0.4420419046875 0.5652942453125 0.43465741874999997 0.5653234031250001 0.426610446875
2 0.5287676968749999 0.2345039671875 0.5110845937499999 0.2408318703125 0.5095761875 0.2436205640625 0.5097527203125 0.2448766546875 0.5119693078124999 0.2471269390625 0.5138328328124999 0.24686503750000002 0.5296524109375 0.240799034375 0.5434602625 0.2407798203125 0.5449707203124999 0.238005734375 0.5447921359375 0.2367350359375 0.5425755484375 0.234484753125 0.5287676968749999 0.2345039671875
3 0.5535171953125 0.4614689 0.5619209484375001 0.497523359375 0.5700578546874999 0.5554204484375 0.579323821875 0.600990284375 0.5797613796875 0.6413665765625 0.586307440625 0.6879442296875 0.5888999265625 0.75049303125 0.6064439453125 0.8346819046875 0.6075385234375 0.8390112296875 0.6092030171875 0.8407135484375001 0.611154809375 0.84107969375 0.6131399296875 0.8382240031249999 0.6125220671875 0.8338276812500001 0.5945896 0.7503338515625 0.5919971140625 0.68778505 0.5854510515625 0.641207396875 0.585013496875 0.6008311046875 0.5756592609375 0.554633221875 0.5675223546875 0.49673613281250006 0.5591294359375001 0.46068015156250003 0.5579799234375 0.45250094531249996 0.5536504515625 0.408173575 0.552882328125 0.3620647875 0.5480212046874999 0.3139545359375 0.5350244078124999 0.28240318750000004 0.5322711640625 0.23915008906250002 0.5259428515625 0.20088259218750001 0.5124614546874999 0.15912234375 0.5107881796875 0.15743615312499998 0.5088363890625 0.15707000937499999 0.5068492140624999 0.1599110921875 0.5072022781250001 0.1624232765625 0.5204297109375 0.202297865625 0.5250768609375001 0.2286032734375 0.5265794390625 0.2392946640625 0.529599534375 0.28444650625 0.5425963296874999 0.3159978546875 0.5471926546875 0.36222396875 0.5479607765625001 0.4083327546875 0.5523676828124999 0.45328969375000006 0.5535171953125 0.4614689
1 0.5531021328125 0.3941309234375 0.5519655140624999 0.4334475484375 0.5522303125 0.4353316875 0.5544469015625 0.43758196875 0.5553786640625 0.43745101875000003 0.557101040625 0.43272579687499996 0.558237659375 0.393409171875 0.5579708078125 0.39151042812500003 0.5557542203125 0.3892601453125 0.5548224578125 0.3893910953125 0.5531021328125 0.3941309234375
1 0.5554348296875 0.5157568921875 0.553082928125 0.5193045796875 0.553259459375 0.520560671875 0.5554760484375 0.5228109546875 0.5568736921874999 0.5226145296875 0.5904459156249999 0.5005742921875 0.5927978203125 0.49702660468750004 0.5926212875 0.49577051250000004 0.5904046984375 0.4935202296875 0.5890070546875 0.4937166546875 0.5554348296875 0.5157568921875
2 0.5556412609375 0.6595166015625 0.5541308015624999 0.6622906875 0.5543093875 0.6635613859375 0.556525975 0.66581166875 0.5598862437500001 0.665979865625 0.61484406875 0.6640350015625 0.6185819515625 0.6635096765624999 0.6200924125 0.660735590625 0.619913828125 0.6594648921874999 0.6176972375 0.657214609375 0.6138710890625 0.6571118874999999 0.5556412609375 0.6595166015625
2 0.560891321875 0.5952251515625 0.5444313843749999 0.6001151453125 0.542920925 0.6028892296875 0.54309745625 0.604145321875 0.5453160968749999 0.6064102109375 0.5664456796875 0.6008639437500001 0.5888396453125 0.6009338265624999 0.59163493125 0.600540975 0.5931541734375 0.5977507609375 0.592977640625 0.5964946671875 0.5907502171875 0.5942459078125 0.560891321875 0.5952251515625
1 0.6097839171875 0.6178889671875 0.6116807718749999 0.6144052328125 0.6117053234375 0.6111995265625 0.60948668125 0.6089346375 0.6085440859375 0.6090671109375 0.607790909375 0.610468759375 0.6072367609375 0.6099061890625 0.6074132921875 0.61116228125 0.5908347125 0.6558513875 0.588948690625 0.6593336 0.588924140625 0.66253930625 0.5911427812500001 0.6648041953125 0.5928385546875 0.6632700734375 0.5933927031249999 0.66383264375 0.5932161703125 0.6625765515625 0.6097839171875 0.6178889671875
1 0.511802378125 0.17141333125 0.483064665625 0.1972721734375 0.48014778125 0.20025881406249998 0.47965735 0.20352999375 0.4818739390625 0.205780278125 0.4828057015625 0.20564932656249998 0.5115542468750001 0.1797889625 0.514473184375 0.176816928125 0.51513809375 0.1747872328125 0.5149615625 0.17353114218750001 0.5127341390625 0.17128238125 0.511802378125 0.17141333125
1 0.5641370546875 0.6589630468750001 0.5663556953125 0.6612279359375 0.5959006921875 0.664775965625 0.597298334375 0.6645795390625 0.5988175765625 0.661789325 0.5986410453125 0.660533234375 0.5964136203125 0.6582844734375 0.5654709812500001 0.6549328703125 0.563960521875 0.65770695625 0.5641370546875 0.6589630468750001
0 0.5159369875 0.1631766234375 0.5081780171875 0.1670076125 0.5100730796875 0.172237240625 0.510280771875 0.1829914625 0.518388184375 0.187928878125 0.522971059375 0.1853187609375 0.5275741453125 0.1797865375 0.5324549203125 0.1761515359375 0.5322662328125001 0.169699071875 0.524490828125 0.162957478125 0.5159369875 0.1631766234375
1 0.5327985625 0.48684118437499996 0.5303808921875001 0.48654051562499995 0.52886165 0.4893307296875 0.5297796953125 0.49240396249999996 0.5312656062500001 0.49283558281250006 0.551843096875 0.5104827234375 0.5611902718749999 0.51944606875 0.5636187765625 0.519745215625 0.5651292375 0.5169711296874999 0.5642199734375 0.5138817687499999 0.5627340625 0.5134501484375 0.542156571875 0.4958030078125 0.5327985625 0.48684118437499996
1 0.5354753390625 0.18734452968749998 0.52100258125 0.23687618437500002 0.52060246875 0.2407900171875 0.5228190578125 0.2430403015625 0.5249827640625 0.2414553109375 0.526314640625 0.2374105265625 0.540787396875 0.1878788703125 0.541187509375 0.18396503749999998 0.538960084375 0.1817162765625 0.5380283234375 0.18184722656250002 0.5354753390625 0.18734452968749998
1 0.609990346875 0.7616486796874999 0.6115095890625 0.758858465625 0.6101256609375 0.7558507078125001 0.556033825 0.730074890625 0.5545233640625 0.7328489765625 0.555898509375 0.7358728625000001 0.6090585843749999 0.7617796296875 0.609990346875 0.7616486796874999
1 0.5735635171875 0.292402378125 0.5713448765625 0.290137490625 0.5704131125 0.290268440625 0.5691811671875 0.29172248125 0.5686045234375 0.294380221875 0.5664104359375 0.312651 0.5640585312499999 0.31619868906250004 0.5539943953125 0.3259538703125 0.5535060171875 0.32923965625 0.555733440625 0.3314884171875 0.559195690625 0.3290804765625 0.5703906171875001 0.317230125 0.5738283156249999 0.2942865171875 0.5735635171875 0.292402378125
2 0.5381411390624999 0.17926956875 0.5107823484375 0.1709162359375 0.508442109375 0.171245134375 0.49254509999999996 0.1766815703125 0.49103669375000003 0.17947026093750001 0.4912132265625 0.1807263515625 0.49342981406249997 0.1829766359375 0.4952933375 0.18271473437500002 0.5107353 0.17734225312500002 0.5386482390625 0.18625815625 0.5400567171875 0.1860602078125 0.5415651234375 0.1832715171875 0.541388590625 0.1820154234375 0.5381411390624999 0.17926956875
2 0.5192780015625 0.43804147968749996 0.517767540625 0.4408155640625 0.5179440734375 0.44207165625 0.5201627156249999 0.4443365453125 0.5262300015625 0.44348384375 0.571173690625 0.434590721875 0.57268415 0.43181663593749997 0.5725076171875 0.43056054374999997 0.5702889765625 0.42829565468749997 0.5632790921875 0.42928082968750003 0.5192780015625 0.43804147968749996
2 0.5849631578125 0.5090451515625001 0.5807702296875 0.5096344296875001 0.5573091890625 0.51549346875 0.5381068453125 0.5246115859375 0.5365984390625 0.527400278125 0.536774971875 0.5286563703125 0.538991559375 0.530906653125 0.5404000375 0.5307087046875 0.5609009234375 0.5207676375 0.585847871875 0.51534021875 0.5873671140625001 0.512550003125 0.5871905828124999 0.5112939125 0.5849631578125 0.5090451515625001
1 0.536335359375 0.46452410000000005 0.553781990625 0.4396116640625 0.556698875 0.436625025 0.5561447265624999 0.436062453125 0.5567234265625001 0.43341931718750004 0.55449395 0.43115595156250003 0.55309630625 0.431352378125 0.5341304328125001 0.45905502656249997 0.53122233125 0.4620255390625 0.5310233015625 0.463989759375 0.5221086781250001 0.48192414375 0.5158423640625001 0.508482440625 0.5160188953125 0.50973853125 0.5182483703125 0.512001896875 0.5204012453125 0.5104184296875001 0.5263782109374999 0.48518170156249996 0.5329280437499999 0.4707819203125 0.536335359375 0.46452410000000005
0 0.6172031375 0.77091199375 0.620536190625 0.7667200109375 0.6230772671875 0.766169259375 0.624637684375 0.7628072796875001 0.6270964921875 0.7667810375 0.6318861171875 0.76572065 0.6304562296875 0.7627789296875 0.6252542671875 0.7577608515625001 0.6212537359375 0.7583826671875 0.6188717625 0.7579429328125 0.6170298109375 0.756235765625 0.61108346875 0.7511882546875001 0.6054486625 0.750401390625 0.600174503125 0.7460488046875 0.594164309375 0.7394463765625 0.5868440859375 0.7422326828125 0.587649275 0.75212843125 0.590381840625 0.763317196875 0.5923671828125 0.7734343359375 0.6010224890625 0.7769244828125 0.6084763953125 0.77194483125 0.6138061375 0.7715830359375 0.6172031375 0.77091199375
0 0.5513087421875 0.5152494984375 0.55518429375 0.5252946109375001 0.5601392374999999 0.5294984328125001 0.56699718125 0.5316772921874999 0.57061739375 0.52842796875 0.5700221109375 0.5241923093749999 0.5737936515625 0.5220983609375 0.577652928125 0.5164621546875 0.58034900625 0.5148917078124999 0.581191290625 0.5094858875 0.5745619296875 0.5037449765625001 0.5618747015625 0.503562015625 0.5582911640625 0.4997612203125 0.55334423125 0.5049694125 0.5513087421875 0.5152494984375
1 0.5302685578124999 0.3299287703125 0.498972853125 0.3240649828125 0.49746239374999995 0.32683906875 0.49763892500000007 0.328095159375 0.49985756718749996 0.3303600484375 0.530687390625 0.3362893109375 0.5325617484375 0.3360258875 0.54529751875 0.3284570375 0.5476623093749999 0.3249224328125 0.547485778125 0.323666340625 0.5452671375 0.3214014515625 0.5438586578125 0.3215994 0.5302685578124999 0.3299287703125
1 0.48465961718750006 0.23236219375 0.48837295000000003 0.23504257499999998 0.5269345546875 0.24182145312499997 0.5283430328125001 0.2416235046875 0.529851440625 0.23883481406249998 0.5296749078125 0.23757872343750003 0.525961575 0.23489834062499998 0.48599149375 0.2283174109375 0.4844810328125 0.2310914953125 0.48465961718750006 0.23236219375
1 0.553167421875 0.5809100593750001 0.51667625625 0.582180959375 0.51516785 0.58496965 0.5153443828125 0.586225740625 0.5175609703124999 0.5884760250000001 0.55265449375 0.5874015531250001 0.5681326734375001 0.5993459484375 0.5693400671875 0.601097615625 0.571759790625 0.601412890625 0.5732681984375 0.5986241984375 0.571983371875 0.596242965625 0.5723609875 0.59554944375 0.553167421875 0.5809100593750001
2 0.56335240625 0.3349156921875 0.56475005 0.3347192671875 0.566269290625 0.331929053125 0.5643312171875 0.328358725 0.5311287171875 0.31568816875 0.529731075 0.3158845953125 0.528211834375 0.3186748078125 0.5301499078125 0.3222451375 0.56335240625 0.3349156921875
1 0.5758486828125 0.57964376875 0.57706979375 0.5781912515625 0.5865198453125 0.5505450609375 0.58840791875 0.547077453125 0.588430415625 0.5438571421875 0.586213828125 0.5416068593750001 0.585282065625 0.5417378109375 0.5845160015624999 0.543126375 0.583961853125 0.5425638046875 0.5841383859375 0.543819896875 0.5745226375 0.570208471875 0.565095084375 0.5946343515625 0.5638760281249999 0.596101475 0.56384064375 0.5993087046875 0.566068065625 0.601557465625 0.5677550578125 0.6000394703125 0.5683092046875 0.6006020421875 0.5758486828125 0.57964376875
0 0.5792868999999999 0.5860267921875 0.573670253125 0.5823032140625 0.56550384375 0.5811125374999999 0.5591827 0.580630646875 0.5562881375 0.586920665625 0.5593880796875 0.594512978125 0.56378474375 0.6009549234375 0.5661555578125 0.6116136546875001 0.5694040296875 0.6150742890625 0.5746249796875 0.613938390625 0.5770276828124999 0.6051705875 0.5815038171875 0.6018009734375 0.5837579921875 0.5971648484375 0.58311165 0.5894213296874999 0.5792868999999999 0.5860267921875
0 0.5968345765625 0.669455546875 0.60070211875 0.67008864375 0.6044526015625 0.6636783328125 0.6072833125 0.6558333953125 0.60269243125 0.649031496875 0.5957149546875 0.6480460796874999 0.5920467421875 0.6499318828125 0.5893437578125 0.646186065625 0.5847290875 0.646447365625 0.5804384859375 0.652159084375 0.5810527734375001 0.6606965015624999 0.5852531671875 0.6667638874999999 0.5888706484374999 0.674894125 0.5923474453125 0.677935421875 0.5968715796875 0.6759293296875 0.5968345765625 0.669455546875
1 0.5118532 0.127751253125 0.51660528125 0.1412031046875 0.520981803125 0.17910445625 0.52320044375 0.181369346875 0.52413220625 0.1812383953125 0.5256514484375 0.17844817968749999 0.521186659375 0.1399187828125 0.51652284375 0.1270949765625 0.51430625625 0.12484469375 0.5133744953125 0.12497564375 0.5118532 0.127751253125
1 0.628584434375 0.72115946875 0.6263678453125 0.7189091859375 0.6254360828125 0.7190401359374999 0.593497971875 0.759468478125 0.5925662109375 0.759599428125 0.5931203578125 0.760162 0.5925437125 0.762819740625 0.5947603 0.7650700234375 0.597012275 0.7641130796875 0.6029500796875 0.75557826875 0.6276281218750001 0.7244961265625001 0.628559884375 0.724365175 0.6280057375 0.7238026046875 0.628584434375 0.72115946875
0 0.55876969375 0.3324170734375 0.5569110484375 0.323280040625 0.5552315203125 0.3195840109375 0.55205458125 0.3135664125 0.547004221875 0.317016728125 0.5428760406250001 0.3207395859375 0.5391152390625 0.3208659875 0.5339366609375 0.327491896875 0.5324486187499999 0.335535384375 0.5370682390625 0.34254176406250003 0.5436324031249999 0.34435976562500004 0.551948590625 0.341820734375 0.5553085875 0.33467591093750004 0.55876969375 0.3324170734375
2 0.592943825 0.7589059078125 0.5684460890625 0.7540080812500001 0.5511572671875 0.7461608609375 0.5487287609375 0.7458617140625 0.5472183015625001 0.7486358 0.5473968859375 0.7499064984375 0.548593446875 0.7516596859375 0.553704421875 0.7541436390625 0.5703508312500001 0.76080024375 0.5933626578125 0.76526645 0.6177554609375 0.7592764609375 0.6192638671874999 0.75648776875 0.6190873359375 0.755231678125 0.616870746875 0.7529813937500001 0.592943825 0.7589059078125