0 0.503134765625 0.24896052656249998 0.5075000000000001 0.25259210468750004 0.50853515625 0.25744736874999996 0.512001953125 0.26194736875 0.5171484375000001 0.2600394734375 0.51625 0.25034210468749996 0.51830078125 0.24809210468749998 0.51779296875 0.2415131578125 0.5131640625 0.23752631562499998 0.50609375 0.23718421093750003 0.50390625 0.24323684218750002 0.503134765625 0.24896052656249998
0 0.505830078125 0.4185131578125 0.503779296875 0.42822368437499997 0.50634765625 0.43601315781250005 0.5127734375 0.435328946875 0.51701171875 0.4372368421875 0.5189453125 0.4337631578125 0.52087890625 0.43030263125 0.5238378906250001 0.42406578906250003 0.52486328125 0.4169605265625 0.5245996093749999 0.41280263125000005 0.518427734375 0.4112368421875 0.5130273437499999 0.4138421046875 0.505830078125 0.4185131578125
2 0.49832031250000003 0.2495131578125 0.5 0.251776315625 0.5016796875 0.251776315625 0.5164160156250001 0.24838157968750002 0.5286230468750001 0.250078946875 0.530302734375 0.24781578906249999 0.530302734375 0.24667105312499998 0.5286230468750001 0.2444078953125 0.5164160156250001 0.24271052656249997 0.5 0.24610526250000003 0.49832031250000003 0.24838157968750002 0.49832031250000003 0.2495131578125
3 0.513046875 0.213223684375 0.51388671875 0.2370394734375 0.51388671875 0.24667105312499998 0.510947265625 0.2869342109375 0.518515625 0.316421053125 0.5168359375 0.357828946875 0.5117871093749999 0.3986578953125 0.5100976562499999 0.43892105312499996 0.5100976562499999 0.44628947343750003 0.513046875 0.47918421093749997 0.513046875 0.5313421046875 0.515576171875 0.57275 0.510947265625 0.608473684375 0.510947265625 0.6504342109375 0.50546875 0.7060131578125 0.510517578125 0.7825657890625 0.510947265625 0.786526315625 0.51220703125 0.7882368421875 0.51388671875 0.78880263125 0.51599609375 0.786526315625 0.51599609375 0.7825657890625 0.510517578125 0.706578946875 0.51599609375 0.651 0.51599609375 0.6090394734375 0.520625 0.5733157890625 0.518095703125 0.5313421046875 0.518095703125 0.47918421093749997 0.51515625 0.44628947343750003 0.51515625 0.43892105312499996 0.5168359375 0.399223684375 0.5218847656250001 0.3583947375 0.523564453125 0.31528947343749997 0.51599609375 0.28580263125 0.518935546875 0.24725000000000003 0.518095703125 0.2126578953125 0.5113671875 0.1740921046875 0.5100976562499999 0.1723947375 0.50841796875 0.171828946875 0.50630859375 0.1740921046875 0.50630859375 0.1763552625 0.513046875 0.213223684375
1 0.51220703125 0.42303947343750004 0.51388671875 0.42530263125 0.5147265625 0.42530263125 0.5168359375 0.4213421046875 0.522724609375 0.38675000000000004 0.522724609375 0.3850394734375 0.521044921875 0.38277631562500003 0.5202050781249999 0.38277631562500003 0.518095703125 0.38675000000000004 0.51220703125 0.4213421046875 0.51220703125 0.42303947343750004
1 0.5025292968749999 0.49846052656250006 0.5042089843750001 0.500723684375 0.50546875 0.500723684375 0.537880859375 0.48542105312499995 0.540400390625 0.482578946875 0.540400390625 0.48144736874999994 0.538720703125 0.47918421093749997 0.5374609375 0.47918421093749997 0.505048828125 0.49448684218750005 0.5025292968749999 0.497328946875 0.5025292968749999 0.49846052656250006
2 0.487373046875 0.6271842109375 0.490322265625 0.62775 0.539140625 0.6328552625 0.542509765625 0.6328552625 0.544189453125 0.6305921046875 0.544189453125 0.62944736875 0.542509765625 0.6271842109375 0.539140625 0.6266184203125 0.487373046875 0.6215131578124999 0.485693359375 0.623776315625 0.485693359375 0.624921053125 0.487373046875 0.6271842109375
2 0.48316406250000005 0.5710394734375 0.48484375 0.5733157890625 0.5042089843750001 0.5710394734375 0.5239941406249999 0.5738815796875001 0.526513671875 0.5738815796875001 0.528203125 0.5716052625 0.528203125 0.570473684375 0.526513671875 0.5682105265625 0.5 0.5653684203125 0.48484375 0.5676447375 0.48316406250000005 0.5699078953125001 0.48316406250000005 0.5710394734375
1 0.539140625 0.585223684375 0.518935546875 0.6226447375 0.5168359375 0.6254868421875 0.5164160156250001 0.6283157890625 0.518095703125 0.6305921046875 0.51978515625 0.62944736875 0.5202050781249999 0.6300131578125 0.5202050781249999 0.6288815796875 0.540400390625 0.5914605265625 0.542509765625 0.5886184203125 0.5429296875 0.5857894734375 0.54125 0.5835131578125 0.540400390625 0.5835131578125 0.539560546875 0.5846578953125 0.539140625 0.5840921046875 0.539140625 0.585223684375
1 0.47685546875 0.20925 0.47853515625 0.21151315781250002 0.479375 0.21151315781250002 0.5079980468749999 0.19223684218749998 0.510947265625 0.189973684375 0.5117871093749999 0.1882631578125 0.5117871093749999 0.1871315796875 0.5100976562499999 0.1848684203125 0.5092578125 0.1848684203125 0.48064453125 0.2041447375 0.4776953125 0.206421053125 0.47685546875 0.20925
1 0.496630859375 0.6243552625000001 0.5223046874999999 0.6311578953125 0.523564453125 0.6311578953125 0.52525390625 0.6288815796875 0.52525390625 0.62775 0.523564453125 0.6254868421875 0.496630859375 0.6186842109375 0.49495117187500004 0.62094736875 0.49495117187500004 0.622078946875 0.496630859375 0.6243552625000001
0 0.5076269531250001 0.1853815796875 0.506474609375 0.1949078953125 0.5130273437499999 0.20027631562499998 0.5174023437499999 0.1985394734375 0.5221582031249999 0.19422368437499998 0.5269238281249999 0.1916184203125 0.52755859375 0.18589473750000002 0.5215234375 0.178973684375 0.513935546875 0.1781052625 0.5066015625 0.180526315625 0.5076269531250001 0.1853815796875
1 0.48653320312500004 0.47123684218750006 0.5025292968749999 0.48938157968749996 0.5096777343750001 0.49846052656250006 0.5117871093749999 0.499026315625 0.513466796875 0.4967631578125 0.513046875 0.49392105312499995 0.5117871093749999 0.4933552625 0.49579101562499994 0.47521052656249996 0.4886328125 0.46613157968749996 0.48653320312500004 0.4655657890625 0.48484375 0.4678421046875 0.48527343749999996 0.47067105312499996 0.48653320312500004 0.47123684218750006
1 0.50841796875 0.24725000000000003 0.5100976562499999 0.2495131578125 0.51220703125 0.24838157968750002 0.51388671875 0.24497368437499997 0.53283203125 0.20301315781249998 0.533671875 0.1996052625 0.531982421875 0.1973421046875 0.531142578125 0.1973421046875 0.528203125 0.20188157968749998 0.5092578125 0.24384210468749998 0.50841796875 0.24725000000000003
1 0.5218847656250001 0.7184868421874999 0.522724609375 0.7184868421874999 0.5244140625 0.7162105265625 0.523564453125 0.7133815796875 0.478955078125 0.6838947375 0.477275390625 0.6861578953125 0.478115234375 0.689 0.5218847656250001 0.7184868421874999
1 0.5399804687499999 0.316421053125 0.5374609375 0.3192631578125 0.527353515625 0.3266315796875 0.526513671875 0.329473684375 0.528203125 0.3317368421875 0.5315624999999999 0.3300394734375 0.5429296875 0.3209605265625 0.548818359375 0.3011184203125 0.548818359375 0.299421053125 0.547138671875 0.2971447375 0.5462988281250001 0.2971447375 0.545029296875 0.298276315625 0.544189453125 0.30055263125 0.5399804687499999 0.316421053125
2 0.48990234375 0.1905394734375 0.49158203125 0.19280263125 0.49326171875 0.19280263125 0.507578125 0.189973684375 0.531142578125 0.2013157890625 0.5324121093749999 0.2013157890625 0.5340917968750001 0.1990394734375 0.5340917968750001 0.1979078953125 0.5315624999999999 0.195078946875 0.50841796875 0.18430263125 0.50630859375 0.18430263125 0.49158203125 0.1871315796875 0.48990234375 0.1894078953125 0.48990234375 0.1905394734375
2 0.481064453125 0.42473684218749996 0.48274414062500004 0.42701315781250004 0.488212890625 0.42701315781250004 0.52904296875 0.42473684218749996 0.53072265625 0.422473684375 0.53072265625 0.4213421046875 0.52904296875 0.4190657890625 0.522724609375 0.4190657890625 0.48274414062500004 0.4213421046875 0.481064453125 0.4236052625 0.481064453125 0.42473684218749996
2 0.486953125 0.5024342109375 0.486953125 0.5035657890625 0.4886328125 0.505828946875 0.48990234375 0.505828946875 0.5092578125 0.4995921046875 0.531982421875 0.49789473749999996 0.533671875 0.4956184203125 0.533671875 0.49448684218750005 0.531982421875 0.492223684375 0.528203125 0.492223684375 0.50673828125 0.49448684218750005 0.4886328125 0.5001578953125 0.486953125 0.5024342109375
1 0.48990234375 0.445723684375 0.47979492187500006 0.46046052656249997 0.47095703125000005 0.4831447375 0.47095703125000005 0.484276315625 0.47264648437499995 0.48655263125000003 0.47474609375 0.48542105312499995 0.48316406250000005 0.4638684203125 0.4907421875 0.45196052656249996 0.49453125 0.4468552625 0.513046875 0.42701315781250004 0.51599609375 0.42473684218749996 0.515576171875 0.424171053125 0.5164160156250001 0.4219078953125 0.5147265625 0.4196315796875 0.513466796875 0.4196315796875 0.49326171875 0.44175000000000003 0.490322265625 0.44401315781250006 0.48990234375 0.445723684375
0 0.511494140625 0.6969078953125 0.504677734375 0.6984605265625 0.50416015625 0.7073026312499999 0.5051855468750001 0.717526315625 0.5056835937499999 0.7267105265625 0.512900390625 0.7308684203125 0.5201074218749999 0.7273947374999999 0.52486328125 0.7277368421875 0.52794921875 0.7275657890625 0.531416015625 0.724276315625 0.53373046875 0.7241052625 0.53552734375 0.721328946875 0.53720703125 0.7251447375 0.5415722656249999 0.72480263125 0.540673828125 0.722026315625 0.53669921875 0.71694736875 0.5330859375 0.717 0.53103515625 0.7163157890625 0.529619140625 0.714578946875 0.5249902343749999 0.7093815796875 0.5201074218749999 0.7079868421875 0.515986328125 0.7034868421875 0.511494140625 0.6969078953125
0 0.52048828125 0.5023684203125 0.5245996093749999 0.4978684203125 0.527177734375 0.4968157890625 0.52859375 0.4921447375 0.523447265625 0.48624999999999996 0.512255859375 0.4845131578125 0.509560546875 0.4807105265625 0.504541015625 0.48469736875 0.50146484375 0.49352631562499993 0.503642578125 0.5028815796874999 0.5075000000000001 0.5072105265625 0.513291015625 0.5099868421875 0.51689453125 0.5075657890625 0.51689453125 0.5037499999999999 0.52048828125 0.5023684203125
1 0.478955078125 0.32380263125000003 0.50546875 0.33286842031249997 0.507158203125 0.33286842031249997 0.5193554687499999 0.3277631578125 0.5218847656250001 0.3249342109375 0.5218847656250001 0.32380263125000003 0.5202050781249999 0.321526315625 0.518935546875 0.321526315625 0.505888671875 0.32719736875 0.478955078125 0.3181315796875 0.477275390625 0.32039473749999997 0.477275390625 0.321526315625 0.478955078125 0.32380263125000003
1 0.48064453125 0.238171053125 0.51388671875 0.24894736874999998 0.51515625 0.24894736874999998 0.5168359375 0.24667105312499998 0.5168359375 0.2455394734375 0.51388671875 0.24271052656249997 0.479375 0.2319342109375 0.4776953125 0.23419736875 0.4776953125 0.2353421046875 0.48064453125 0.238171053125
1 0.4625390625 0.554026315625 0.49369140624999996 0.5574342109375 0.505888671875 0.5699078953125001 0.50673828125 0.5716052625 0.508837890625 0.5721842109375 0.510517578125 0.5699078953125001 0.5096777343750001 0.5676447375 0.5100976562499999 0.5670789468749999 0.49495117187500004 0.5517631578125 0.4625390625 0.5483552625 0.46085937499999996 0.5506315796875 0.46085937499999996 0.5517631578125 0.4625390625 0.554026315625
2 0.5345117187499999 0.3357105265625 0.535771484375 0.3357105265625 0.5374609375 0.33343421093750003 0.5361914062500001 0.3300394734375 0.50841796875 0.314723684375 0.507158203125 0.314723684375 0.50546875 0.317 0.50673828125 0.32039473749999997 0.5345117187499999 0.3357105265625
1 0.52693359375 0.5228421046875 0.51515625 0.5449605265625 0.5037890625 0.5653684203125 0.5025292968749999 0.5665131578125 0.502099609375 0.5693421046875 0.5037890625 0.5716052625 0.50546875 0.570473684375 0.505888671875 0.5710394734375 0.51515625 0.5534605265625 0.5164160156250001 0.552328946875 0.528203125 0.529078946875 0.530302734375 0.52625 0.53072265625 0.5234078953125 0.52904296875 0.5211447375 0.528203125 0.5211447375 0.527353515625 0.522276315625 0.52693359375 0.5217105265625 0.52693359375 0.5228421046875
0 0.501845703125 0.5707894734375001 0.5026171875000001 0.5805 0.5050585937500001 0.5839605265625 0.509814453125 0.5836052625 0.5130273437499999 0.5761578953125001 0.5174023437499999 0.5737368421875 0.519970703125 0.5699210531250001 0.520361328125 0.563 0.5174023437499999 0.559526315625 0.512900390625 0.5555394734375 0.505830078125 0.553473684375 0.5003027343750001 0.5522631578125 0.496962890625 0.5574605265625 0.498759765625 0.56455263125 0.501845703125 0.5707894734375001
0 0.518818359375 0.613921053125 0.5147070312500001 0.6135789468749999 0.510205078125 0.6180921046875001 0.5096875 0.6257105265625 0.512646484375 0.6315921046875 0.5148339843749999 0.639223684375 0.517529296875 0.6423421046875 0.52177734375 0.6411315796875 0.5225488281249999 0.6354078953125 0.525888671875 0.6364473687500001 0.53 0.63125 0.5334765625 0.6246710531249999 0.530263671875 0.6180921046875001 0.52421875 0.6163552625000001 0.5207421875 0.6175657890624999 0.518818359375 0.613921053125
1 0.5164160156250001 0.19280263125 0.518095703125 0.195078946875 0.518935546875 0.195078946875 0.520625 0.19280263125 0.52146484375 0.1582105265625 0.518935546875 0.14630263125 0.517255859375 0.1440394734375 0.5164160156250001 0.1440394734375 0.5147265625 0.14630263125 0.517255859375 0.158776315625 0.5164160156250001 0.19280263125
1 0.5079980468749999 0.7150789468750001 0.507158203125 0.7173552625 0.508837890625 0.7196184203125 0.510947265625 0.7190526312500001 0.517255859375 0.7122499999999999 0.5429296875 0.6878552625000001 0.5437695312499999 0.6878552625000001 0.543349609375 0.6872894734375 0.544189453125 0.6850263156249999 0.542509765625 0.6827631578125 0.541669921875 0.6827631578125 0.50841796875 0.7145131578125 0.507578125 0.7145131578125 0.5079980468749999 0.7150789468750001
0 0.518173828125 0.3206447375 0.5148339843749999 0.3202894734375 0.5094335937500001 0.3255 0.507119140625 0.332421053125 0.51033203125 0.3391842109375 0.515908203125 0.3416052625 0.52357421875 0.3403947375 0.5274316406249999 0.3345 0.530771484375 0.33293421093750003 0.530263671875 0.3246315796875 0.5292382812499999 0.3211578953125 0.527177734375 0.31544736875 0.5222851562499999 0.3178684203125 0.518173828125 0.3206447375
2 0.46969726562499997 0.7020394734375001 0.47390625000000003 0.7048684203125 0.48779296875 0.7128157890625 0.507578125 0.7196184203125 0.5298828125 0.7173552625 0.5315624999999999 0.7150789468750001 0.5315624999999999 0.71394736875 0.5298828125 0.7116842109375 0.5079980468749999 0.71394736875 0.486953125 0.706578946875 0.47264648437499995 0.6975 0.47053710937500004 0.6969342109375 0.468857421875 0.6991973687499999 0.468857421875 0.7003421046875 0.46969726562499997 0.7020394734375001