1 0.49189064687500006 0.58131155625 0.49149143593750005 0.5829127046875 0.49485737187499995 0.5871532921875 0.500462034375 0.5868500078125 0.5214677296875 0.5691281015625 0.521866940625 0.5675269546874999 0.5185010046875 0.5632863671874999 0.5164188234375 0.562767221875 0.510215346875 0.565472228125 0.49189064687500006 0.58131155625
1 0.56513016875 0.265388096875 0.5564726578125 0.251324759375 0.5632318890625 0.24195558906249998 0.559865953125 0.23771500156249997 0.557783771875 0.2371958546875 0.5530205968749999 0.2385592859375 0.54686018125 0.24552673593750002 0.5452633375 0.2519313265625 0.547987396875 0.25431119375 0.5579286640625 0.2720959734375 0.5616938125 0.2747354125 0.5787231046875 0.2951377765625 0.5826878578125 0.29697664218750003 0.5876506390625 0.29481263750000003 0.587407971875 0.29135076875 0.56513016875 0.265388096875
0 0.4866459515625 0.8263222656250001 0.4874743140625 0.8229998828125 0.4875744203125 0.8185180328125 0.4904482078125 0.8141325015625 0.496932075 0.8116334593750001 0.48831912656250004 0.8073261421875 0.48043243750000003 0.8041862999999999 0.47429803281250005 0.80324355625 0.47341385625 0.805769709375 0.46839279375 0.80648210625 0.4669018921875 0.8104216125000001 0.46729059062499995 0.8160032265625 0.47006439999999994 0.8202237312499999 0.47586753593750003 0.8214750375 0.47666992343750003 0.8244216968750001 0.48162688437499995 0.8270266546875 0.4866459515625 0.8263222656250001
0 0.522214671875 0.6642379328125 0.52087756875 0.6603756390625 0.5249847421875 0.6592483078125 0.5197606125 0.6536345578125 0.51117538125 0.6522763312500001 0.5043122125 0.6511518890625 0.502424325 0.6536233640625 0.5042502343749999 0.6585854234374999 0.5091612859375 0.6613745140625 0.51211873125 0.664858490625 0.5157027078125 0.6688898375 0.5174524890625001 0.6720727078125 0.523062084375 0.6730801796875 0.5254392859375 0.6707307015625 0.522214671875 0.6642379328125
1 0.55073526875 0.40295569843749995 0.5458586109375 0.41364458906249996 0.516281528125 0.42582804375 0.5144420171874999 0.42877076562500005 0.5178079531249999 0.43301135312500005 0.52217191875 0.433249071875 0.5542303937499999 0.4199836140625 0.5611461656250001 0.4055514265625 0.5577802296875001 0.4013108390625 0.5556980499999999 0.40079169375 0.55073526875 0.40295569843749995
2 0.5813493875 0.32895589375 0.5817485984374999 0.32735474375 0.5783826609375 0.32311415781249997 0.555635228125 0.3123405375 0.547306509375 0.3102639546875 0.5113106390625 0.3038402 0.48616793906250005 0.3026734671875 0.48120515781249995 0.3048374734375 0.480805946875 0.3064386203125 0.484171884375 0.31067920781249997 0.487295153125 0.31145792656250004 0.518883996875 0.313381521875 0.5525980828125 0.3200867046875 0.5732633359375 0.33034117812499997 0.57638660625 0.331119896875 0.5813493875 0.32895589375
0 0.51759821875 0.7481720703125 0.51275126875 0.7420656250000001 0.50490258125 0.7377532796875 0.4968239671875 0.7394635515625 0.493104003125 0.7452027359375 0.4968914296875 0.7504582765625 0.5024650187499999 0.75263024375 0.50610319375 0.7523638703125 0.5078732890625 0.7565297 0.5135486015625 0.7593137640625 0.5197831140625 0.7557746578125 0.51759821875 0.7481720703125
1 0.5320189546874999 0.318357115625 0.5284964734375001 0.319179546875 0.525416265625 0.3226632703125 0.528782203125 0.3269038578125 0.5308643828124999 0.327423003125 0.5594865 0.3235048625 0.56300898125 0.32268243281250003 0.5660891875 0.3191987078125 0.5627232515625 0.314958121875 0.560641071875 0.3144389765625 0.5320189546874999 0.318357115625
1 0.5140240687500001 0.798565015625 0.5106581328125 0.7943244296875 0.508575953125 0.7938052828125 0.5060945625 0.7948872859375 0.505253078125 0.7938271390625 0.5048538671875 0.7954282874999999 0.48688531562500004 0.805404025 0.4848461984375 0.8091473234375 0.48821213593749996 0.8133879109375 0.49277570624999995 0.8128250546875 0.4936171890625 0.8138852015625 0.4940164 0.8122840531250001 0.511984953125 0.8023083140624999 0.5140240687500001 0.798565015625
1 0.52429361875 0.60214564375 0.5222114390625 0.6016264984374999 0.5172486578125 0.603790503125 0.516051025 0.608593946875 0.511076590625 0.6507210859375 0.5109200484375 0.6557841046874999 0.5142859859375 0.660024690625 0.5163681640625 0.6605438375 0.5213309453125 0.6583798328125 0.5225285796875 0.6535763875 0.5275030125 0.6114492484375 0.5276595562499999 0.60638623125 0.52429361875 0.60214564375
2 0.4202591078125 0.6246763796875 0.4152963265625 0.626840384375 0.414897115625 0.6284415328125 0.418263053125 0.6326821203125 0.4320398890625 0.6395184359375 0.5015933015625 0.6577103906249999 0.5246968828125 0.66262041875 0.529659665625 0.660456415625 0.5300588765625001 0.6588552671875 0.5266929390625 0.6546146796875 0.435077034375 0.63177226875 0.4202591078125 0.6246763796875
0 0.553939775 0.5012037828125 0.55525694375 0.49898116562499994 0.5548963421875001 0.49124668906249996 0.55313615 0.48806122187499995 0.55043596875 0.48660567656250003 0.54911918125 0.483726340625 0.5465567265625 0.4817184 0.5419148375 0.48193009687500005 0.5350521765625 0.47982788593750003 0.5329525546875 0.485188753125 0.53234545 0.4917040609375 0.5344004 0.49672322500000005 0.53885086875 0.500383875 0.548256175 0.502533303125 0.553939775 0.5012037828125
2 0.48604383125000006 0.8043438796875 0.43234943281250005 0.7935073859374999 0.38758256874999997 0.782345753125 0.38261978750000003 0.7845097578125 0.3822205765625 0.78611090625 0.3855865140625 0.79035149375 0.4313944671875 0.8017726984375001 0.49654085312499996 0.8154644937500001 0.501503634375 0.8133004875 0.5019028453125001 0.8116993406249999 0.498536909375 0.8074587546875 0.48604383125000006 0.8043438796875
1 0.5772397406249999 0.292216909375 0.5710362640625 0.294921915625 0.5609541578125 0.304312940625 0.5552790796875 0.318204128125 0.5586450171874999 0.322444715625 0.5607271953125 0.32296386093749996 0.5656899765625 0.32079985781250003 0.5709658453124999 0.30850981875 0.582288646875 0.298577790625 0.5826878578125 0.29697664218750003 0.5793219203125 0.2927360546875 0.5772397406249999 0.292216909375
1 0.5432247328125 0.4818655328125 0.5382619515625 0.4840295375 0.5363520187499999 0.5005601640624999 0.5149197546875001 0.5377335640625 0.5143209390625 0.5401352859374999 0.517686875 0.5443758734374999 0.51976905625 0.5448950203125 0.5247318375 0.542731015625 0.54676291875 0.5031558921875 0.5486728484375 0.486625265625 0.5453069109375 0.482384678125 0.5432247328125 0.4818655328125
2 0.5796897203125 0.2469093296875 0.5800889312499999 0.24530818124999998 0.57672299375 0.24106759375000003 0.5621477359375 0.2374335734375 0.524468896875 0.2288895234375 0.5092948234375 0.2276572265625 0.48495054531250004 0.2232882 0.47954549062499996 0.22279090781250002 0.474582709375 0.2249549140625 0.4741834984375 0.2265560609375 0.4775494359375 0.2307966484375 0.4827548859375 0.23209451250000002 0.5224728421875 0.236895265625 0.5747269390625 0.249073334375 0.5796897203125 0.2469093296875
2 0.43144866875 0.5398810984375 0.4264858875 0.542045103125 0.4260866765625 0.5436462515625 0.4294526125 0.5478868390625 0.4407049953125 0.551542715625 0.502129296875 0.5668575140625001 0.528798421875 0.5752075546875 0.5337612015625 0.57304355 0.5341604125 0.571442403125 0.5307944765625 0.5672018140625 0.5205831828124999 0.5638055125 0.43144866875 0.5398810984375
1 0.553047953125 0.22070894062500002 0.553032246875 0.1985961515625 0.5453297015625 0.1762675 0.5405234640625001 0.1733684875 0.5355606828125 0.1755324921875 0.535161471875 0.177133640625 0.5428640171875 0.1994622921875 0.5433219953124999 0.2242363765625 0.5532632640624999 0.24202115468750002 0.552864053125 0.243622303125 0.554104746875 0.24308130156250002 0.557869896875 0.2457207421875 0.562832678125 0.2435567359375 0.5627896156250001 0.23929429375 0.553047953125 0.22070894062500002
0 0.5640607421875 0.40335293749999995 0.5597584109375 0.3991424875 0.5521028859375 0.40017593125 0.546107825 0.40377473906250005 0.5481351828125 0.409969 0.5526769640625 0.4142391515625 0.5582604578125 0.41739147968749996 0.562082271875 0.41638857968750004 0.560699765625 0.4117326515625 0.5626434671875 0.41005740468749996 0.5664672765625001 0.4090464984375 0.5640607421875 0.40335293749999995
3 0.4667246453125 0.6600710953125 0.44776212031249996 0.736125628125 0.4515429734375 0.76087785625 0.45142949374999997 0.7702033171875 0.4487211390625 0.7899362390625 0.44253336875000004 0.814754034375 0.445057821875 0.817934475 0.449022575 0.8197733406250001 0.455026446875 0.817868909375 0.4614138234375 0.792250540625 0.46467793124999995 0.7658534515625 0.460654409375 0.7376393546875 0.4798165390625 0.660784246875 0.472955478125 0.63951574375 0.49965955781250004 0.52797638125 0.5049627812499999 0.49783599531249995 0.50538935 0.47838450000000005 0.50829730625 0.45785100468750006 0.5232246593750001 0.393545509375 0.530692134375 0.31037323125 0.5390755671874999 0.276749121875 0.537975709375 0.2501143171875 0.540641 0.2261189515625 0.5381165453125 0.2229385125 0.5341517921875 0.221099646875 0.528147921875 0.223004078125 0.5269502890625 0.22780752187500003 0.5254826312499999 0.24699944375 0.5265824875 0.2736342484375 0.51799945 0.30805893125 0.5105319765624999 0.391231209375 0.5003520953125 0.4320604859375 0.49325241875000003 0.4694060359375 0.4903171046875 0.5077898796875 0.459863584375 0.6388025921875 0.4667246453125 0.6600710953125
2 0.4032652828125 0.71057551875 0.3983025015625 0.7127395234375 0.3979032890625 0.7143406718749999 0.40126922656249997 0.718581259375 0.4668578859375 0.7349343484374999 0.5133507796875 0.7524787171875 0.5175151390625 0.753517009375 0.5224779203125001 0.7513530046875 0.52287713125 0.74975185625 0.51951119375 0.74551126875 0.468853940625 0.7269286078125 0.4032652828125 0.71057551875
0 0.5578521109375 0.32495961093750003 0.5661717921875 0.3284029890625 0.5722607953125001 0.3285520984375 0.5733468 0.3221561953125 0.5664741078125 0.3149494359375 0.559361584375 0.31278492812500003 0.5559248593749999 0.3142835 0.554166409375 0.3203161671875 0.5578521109375 0.32495961093750003
0 0.5094518625 0.562059075 0.5045523296875001 0.5653442921875 0.508375759375 0.569435340625 0.5114448312500001 0.5745117765625001 0.5183335921875 0.57446913125 0.523308746875 0.5739408671875 0.527148753125 0.5698047421875 0.52556229375 0.5649023859375 0.5170051578125 0.5613913 0.5094518625 0.562059075
0 0.5479896140625 0.24898010781250002 0.5589599546875 0.24897722187500002 0.5693610671875 0.25019295625 0.569265509375 0.24135109375 0.56019185 0.23379115 0.553097140625 0.2335953703125 0.5478407453125 0.238356240625 0.5458783453125 0.24414247812499998 0.5479896140625 0.24898010781250002
1 0.5350839671875 0.5189515109375 0.5301211859375 0.521115515625 0.5188845093750001 0.5395724296875 0.51105683125 0.5665323734375 0.51442276875 0.5707729609375 0.5165049484375 0.5712921078125001 0.5214677296875 0.5691281015625 0.5290958015625 0.5429687328125 0.53993326875 0.526112965625 0.540532084375 0.52371124375 0.5371661484375 0.5194706578125 0.5350839671875 0.5189515109375
1 0.48628649843750005 0.8078057484375 0.4829205609375 0.8035651609375 0.48083838125 0.8030460156249999 0.4758756 0.8052100203125001 0.475276784375 0.8076117406250001 0.47688933437500003 0.8233199390625 0.48025527187500006 0.8275605265625 0.5127286609375 0.834806709375 0.5176914421875 0.83264270625 0.518090653125 0.83104155625 0.514724715625 0.8268009703124999 0.48849786406250006 0.8211122234375001 0.486814896875 0.8189919281250001 0.48628649843750005 0.8078057484375
1 0.5513887984375 0.364853284375 0.5464260171875 0.3670172890625 0.5458272 0.3694190109375 0.5464417234375001 0.389130078125 0.5509779359375 0.4064175671875 0.5557841734375 0.40931657968749996 0.5607469546875 0.407152575 0.561345771875 0.4047508515625 0.5568095578125 0.3874633625 0.556836915625 0.3696130171875 0.553470978125 0.3653724296875 0.5513887984375 0.364853284375
2 0.5588213203125 0.40157041250000003 0.52590565625 0.3916629328125 0.47593334374999996 0.3792034359375 0.4580352125 0.37559127187499997 0.45307242968750006 0.37775527656249996 0.45267321718750003 0.379356425 0.45603915625 0.3835970125 0.5228685109375 0.3994091 0.5566256593750001 0.41037672656249996 0.5659954671875 0.41271288281249996 0.5709582484375 0.410548878125 0.5713574593749999 0.4089477296875 0.567991521875 0.4047071421875 0.5588213203125 0.40157041250000003
2 0.43391029843749995 0.454610384375 0.4335110875 0.45621153124999997 0.4368770265625 0.46045211875 0.5187239124999999 0.482559521875 0.5412286765625 0.4898712734375 0.552680665625 0.492726575 0.557643446875 0.49056256875 0.5580426578125001 0.488961421875 0.5546767203125 0.484720834375 0.43887308125 0.452446378125 0.43391029843749995 0.454610384375
1 0.6002577109375 0.514792959375 0.5587276 0.49508458437499997 0.5497139390625 0.48688483906249996 0.548230575 0.4839639703125 0.5432247328125 0.4818655328125 0.5382619515625 0.4840295375 0.5395457078125 0.4877509796875 0.5383050125 0.48829198125 0.5517257 0.5009918875 0.5903321484374999 0.51912096875 0.615404428125 0.533875603125 0.6185276984375 0.534654321875 0.623490478125 0.5324903171875001 0.623889690625 0.53088916875 0.6186411796875 0.5253288625 0.6002577109375 0.514792959375
1 0.543331128125 0.800770040625 0.5472958828125 0.8026089046875 0.5522586640625 0.8004448999999999 0.552015996875 0.79698303125 0.511182475 0.7434346859375001 0.507217721875 0.7415958203125 0.502254940625 0.7437598249999999 0.5024976078125001 0.7472216953124999 0.543331128125 0.800770040625
1 0.5217301578125 0.6567786843750001 0.5183642203125001 0.6525380968750001 0.5162820406249999 0.6520189515625 0.511319259375 0.65418295625 0.5124895359375 0.6672298578125 0.4736718296875 0.6898644859374999 0.47014934999999997 0.690686915625 0.4681102328125 0.6944302125 0.47147616875000004 0.6986708 0.4760397390625 0.6981079421875 0.47688122499999996 0.699168090625 0.48244282343749995 0.6946023625 0.5223016171875 0.6722273078125001 0.5217301578125 0.6567786843750001
1 0.5113506703125 0.6984085328125 0.5038087234375 0.733092790625 0.5018557296874999 0.7453609734375 0.5052216671875 0.7496015609375 0.507303846875 0.7501207062499999 0.512266628125 0.7479567015625 0.519808575 0.7132724453125 0.52176156875 0.7010042624999999 0.51839563125 0.6967636749999999 0.5163134515625 0.6962445296875 0.5113506703125 0.6984085328125