1 0.505404340625 0.571280940625 0.5057429578125 0.5728740140624999 0.5105648875 0.5751791796875 0.5154071359375 0.5724848796875001 0.5263783890625 0.5476746953125 0.5260397703125 0.546081621875 0.5212178390625 0.5437764546875 0.51914549375 0.5442169453125 0.514811171875 0.5493008578125 0.505404340625 0.571280940625
1 0.43368496093750003 0.2593430734375 0.41991672500000005 0.250614253125 0.4218603984375 0.23937828749999998 0.41703846875000006 0.23707312187500001 0.41496612187500004 0.2375136125 0.41132935625 0.24078420625 0.4088777546875 0.24963055937499998 0.41023222812500004 0.25600285624999997 0.4136793671875 0.25693519375 0.43019718593749995 0.26840967187500003 0.434680496875 0.2691217640625 0.4586208390625 0.279851059375 0.462934840625 0.279766615625 0.466402296875 0.2756994875 0.4646888859375 0.27273358281250004 0.43368496093750003 0.2593430734375
0 0.6067748859375001 0.7908914578124999 0.606072253125 0.7875858265625 0.604221634375 0.78356680625 0.60487401875 0.7784329875 0.60954628125 0.7734104484375 0.6000393578125001 0.77331659375 0.5916821125 0.773944096875 0.5858305765625 0.7757623203125 0.5861391265625 0.7783857921874999 0.581991790625 0.78119046875 0.5823735484375 0.7853302249999999 0.5851338312500001 0.79011329375 0.5894216250000001 0.7926568734375 0.5951127234375 0.7912557125 0.5970998734374999 0.7935223875 0.602625859375 0.7936881671875 0.6067748859375001 0.7908914578124999
0 0.5681985265625 0.63172030625 0.565340653125 0.6288727875 0.5684974609375 0.6260954984375 0.561432384375 0.6233763265625 0.55322623125 0.6258865218749999 0.546649375 0.6278589171875 0.546043584375 0.6308682171875 0.549811125 0.6344797843750001 0.5553760515625 0.63482876875 0.5595080796875 0.6366395359375 0.56443295 0.6386647390625 0.5673630171874999 0.6407309890625 0.5727768531249999 0.63919728125 0.5738696437499999 0.6360844640625001 0.5681985265625 0.63172030625
1 0.48044140625000004 0.38760382031249996 0.4807393875 0.39919583125 0.459765340625 0.422802075 0.45940640468750005 0.42620846874999996 0.4642283328125 0.42851363437499995 0.4682037171875 0.42683611718750003 0.49091149375 0.40119630781250004 0.4908031390625 0.385401365625 0.48598120937499995 0.3830961984375 0.4839088625 0.3835366890625 0.48044140625000004 0.38760382031249996
2 0.47558562968749996 0.3087135546875 0.4752470125 0.3071204796875 0.47042508125 0.3048153125 0.44557724062500004 0.3051017359375 0.43728785312499996 0.30686369999999996 0.4025658890625 0.31674165625 0.37974975781250003 0.3265865234375 0.3762823015625 0.330653653125 0.3766209203125 0.332246728125 0.38144285 0.3345518953125 0.38455136875 0.33389115937499997 0.41341523125 0.32192828125 0.446234159375 0.313287353125 0.469009653125 0.313441421875 0.47211817343750007 0.3127806859375 0.47558562968749996 0.3087135546875
0 0.6004231625 0.7081731921875 0.59347958125 0.7048537515625 0.584648678125 0.7044247234375 0.57821993125 0.7094376546875 0.5774024375 0.7161384156249999 0.5830375937500001 0.7191615265625 0.5889233968750001 0.7186763828125 0.592036590625 0.7168657703125 0.5954100437500001 0.7197951796875001 0.6016509906249999 0.719808990625 0.6056519078125 0.7139717453125 0.6004231625 0.7081731921875
1 0.42722410312500003 0.320658165625 0.4244542 0.322911975 0.4232284 0.3273351515625 0.42805033124999997 0.32964031875 0.43012267812499994 0.32919982812500004 0.45382598906249993 0.3133387078125 0.45659589218749996 0.3110848984375 0.45782169218749996 0.30666172187499996 0.4529997609375 0.3043565546875 0.450927415625 0.3047970453125 0.42722410312500003 0.320658165625
1 0.6190582874999999 0.7544217515625 0.6142363578125 0.7521165843750001 0.6121640109375 0.752557075 0.6104302828125 0.754590640625 0.6092248 0.7540143484375 0.60956341875 0.7556074234375 0.59793525 0.772231990625 0.597745621875 0.776434921875 0.6025675515625 0.7787400875 0.606373625 0.77626603125 0.607579109375 0.7768423234374999 0.607240490625 0.77524925 0.6188686609375 0.7586246828125 0.6190582874999999 0.7544217515625
1 0.543173871875 0.5757406515625 0.5411015234375001 0.5761811421874999 0.5376340671875 0.5802482734375001 0.5386499234375 0.585027496875 0.5524655578125001 0.6245496625 0.5545175875 0.6291086390625 0.5593395171875 0.63141380625 0.5614118625 0.630973315625 0.5648793203125 0.6269061859375 0.563863465625 0.6221269625 0.5500478296875 0.582604796875 0.5479958 0.5780458187499999 0.543173871875 0.5757406515625
2 0.4606050703125 0.6407451125 0.45713761406250003 0.6448122421875 0.4574762328125 0.646405315625 0.4622981609375 0.648710484375 0.477481825 0.6488131953125 0.547074746875 0.6348532890625 0.5697012499999999 0.6292113515625 0.5731687062499999 0.6251442218750001 0.5728300875000001 0.6235511484375 0.5680081578125 0.62124598125 0.47682490624999996 0.6406275796875 0.4606050703125 0.6407451125
0 0.5258003812500001 0.4733698265625 0.5260074125 0.4708282453125 0.52234044375 0.4641232859375 0.519400015625 0.4620592375 0.5163740515625 0.461936503125 0.513959565625 0.45995214375 0.5108167781249999 0.4592797984375 0.5067892453125 0.46147624218749994 0.49978972656250004 0.46258107343750005 0.5002463859375 0.46824508125 0.5025270484375 0.4742873046875 0.5065225453125 0.47785041875 0.5120559140625 0.47917183906250005 0.5213321703125 0.4770086296875 0.5258003812500001 0.4733698265625
2 0.5967297671875 0.7716556984375 0.5443928546875 0.7852778265625 0.499837403125 0.79474838125 0.49636994687499997 0.7988155109374999 0.496708565625 0.8004085859375 0.5015304953124999 0.8027137515625 0.5471221203125001 0.7930229515625 0.6108569375 0.7769781234375001 0.61432439375 0.7729109937499999 0.613985775 0.7713179203125 0.609163846875 0.769012753125 0.5967297671875 0.7716556984375
1 0.45604056406250004 0.277901940625 0.45170624375 0.282985853125 0.446823359375 0.2956790921875 0.447798578125 0.31045725 0.45262050781249996 0.3127624171875 0.45469285312499996 0.3123219265625 0.4581603109375 0.3082547953125 0.4575237109375 0.2950697109375 0.46327345937500003 0.281359690625 0.462934840625 0.279766615625 0.45811291093750006 0.27746145 0.45604056406250004 0.277901940625
1 0.5079236859375 0.46085214687500003 0.5044562296875 0.464919278125 0.509914759375 0.48040952968750006 0.5069823125 0.5226590875 0.5074902406249999 0.525048696875 0.512312171875 0.5273538640625001 0.5143845171875 0.5269133734375 0.5178519734375 0.5228462421875 0.5202764921874999 0.4782070765625 0.5148179625 0.4627168234375 0.5099960328125 0.46041165624999997 0.5079236859375 0.46085214687500003
2 0.4386084796875 0.23665089843749998 0.4382698625 0.235057825 0.4334479328125 0.2327526578125 0.41894150625000004 0.23583609375 0.3818085765625 0.2445614671875 0.367810078125 0.2500345140625 0.34431670937500003 0.2566932328125 0.339305153125 0.2585909984375 0.3358376953125 0.262658128125 0.3361763140625 0.264251203125 0.3409982453125 0.26655636875 0.3461791109375 0.2654551421875 0.38350166875 0.2525268375 0.43514102499999996 0.2407180296875 0.4386084796875 0.23665089843749998
2 0.4338406640625 0.560683996875 0.43037320625 0.5647511265625 0.43071182500000005 0.5663442015625 0.43553375625 0.5686493671874999 0.44710097187500003 0.5670232046875 0.5082351968750001 0.554028725 0.5355143203125 0.5498954171875 0.5389817765625 0.5458282859375 0.5386431593750001 0.5442352125000001 0.533821228125 0.541930046875 0.5232901859375 0.5433359624999999 0.4338406640625 0.560683996875
1 0.40362916875000004 0.2249379078125 0.394046265625 0.20532917031250003 0.37754876406250004 0.18885522187499998 0.3720292796875 0.1883633765625 0.3685618234375 0.19243050625 0.3689004421875 0.19402358125000002 0.3853979421875 0.21049752656249998 0.3965249484375 0.23227563125 0.4130427671875 0.2437501078125 0.41338138593749996 0.24534318437499997 0.41424824843749997 0.2443264 0.418731559375 0.2450384921875 0.4221990171875 0.2409713625 0.4203162984375 0.23720892187499998 0.40362916875000004 0.2249379078125
0 0.49243812656249997 0.38218995312500004 0.486798296875 0.38031671875 0.48045210781250003 0.384546178125 0.476689509375 0.3903327671875 0.48116902968749997 0.3949502078125 0.487047178125 0.3967727859375 0.49336600625000004 0.397153003125 0.496323434375 0.394609575 0.4930818390625 0.391077696875 0.4940817125 0.38875055468749997 0.49703744843750003 0.3861991609375 0.49243812656249997 0.38218995312500004
3 0.51715439375 0.6520358796875 0.5332387671875 0.7277069078125 0.5473049828125001 0.7480277390625 0.55123973125 0.75634915625 0.5573754984375 0.7750255562499999 0.562624084375 0.7997182078125 0.56624053125 0.8014470828125001 0.570554534375 0.8013626390624999 0.5750581640625 0.7970752625 0.56964026875 0.771586075 0.5611138546875 0.7467576218749999 0.545334228125 0.7234708890625 0.5290805453125 0.6470033234375 0.513788528125 0.63110566875 0.4892183765625 0.520607253125 0.48088158906249995 0.49157586875000003 0.47284278437499994 0.4741364984375 0.46653770781250004 0.45466356093750004 0.45195679999999994 0.3911608359375 0.4225918 0.3141500671875 0.41548081249999996 0.2806955078125 0.402979015625 0.25754457343750004 0.39496052812500004 0.235105734375 0.39134408125000003 0.2333768578125 0.38703007968750003 0.233461303125 0.38252644999999996 0.2377486796875 0.3835423046875 0.2425279015625 0.3905449359375 0.26018751875 0.403046734375 0.28333845156250004 0.4103270296875 0.3175895484375 0.43969202812499997 0.3946003171875 0.448326796875 0.4352237109375 0.45818736718749997 0.471423928125 0.4721926296875 0.5067431640625 0.501862375 0.6361382265625 0.51715439375 0.6520358796875
2 0.4826965375 0.724297065625 0.47922908125 0.728364196875 0.47956770000000004 0.729957271875 0.4843896296875 0.7322624390625 0.5496685484375 0.7183869765625001 0.598517684375 0.7138314453125 0.602662378125 0.7129504640625 0.606129834375 0.7088833328125 0.6057912156249999 0.707290259375 0.6009692859375 0.70498509375 0.54797545625 0.7104216046875 0.4826965375 0.724297065625
0 0.453005178125 0.31533640625000003 0.4618780046875 0.3147907953125 0.467345815625 0.312288209375 0.46554179375000004 0.306144671875 0.45632445781250003 0.3027257671875 0.44907625468749995 0.3038834578125 0.4466750421875 0.3066999453125 0.447725165625 0.31281225 0.453005178125 0.31533640625000003
0 0.512656678125 0.5466035406249999 0.5097305375000001 0.5516378921875 0.514893728125 0.5536124390625 0.519813925 0.5567875203125 0.5259084515625 0.5537687625000001 0.5300947265625 0.551147290625 0.5317124453125001 0.545816609375 0.5281832265624999 0.5421543859375 0.5190703875 0.5427426890625 0.512656678125 0.5466035406249999
0 0.411374390625 0.2522052 0.42110805312500005 0.247455515625 0.43086393125000005 0.2440331515625 0.4269529546875 0.23623117031250002 0.4156296796875 0.2334513765625 0.409249221875 0.23634775624999999 0.40664497187500004 0.242845534375 0.40740747343750006 0.24882749375 0.411374390625 0.2522052
1 0.5167480828125 0.4972726109375 0.5132806249999999 0.501339740625 0.511296315625 0.522574640625 0.5160166562499999 0.54987715 0.5208385843750001 0.552182315625 0.52291093125 0.551741825 0.5263783890625 0.5476746953125 0.5218273578125 0.521168725 0.5241502859375 0.501526896875 0.5236423578125 0.49913728593749995 0.5188204296875 0.4968321203125 0.5167480828125 0.4972726109375
1 0.5984431765625 0.7746216015625 0.5936212453125 0.772316434375 0.5915489 0.772756925 0.5880814437499999 0.77682405625 0.588589371875 0.7792136671875001 0.596817803125 0.7924501078125 0.6016397328124999 0.7947552765625 0.633591796875 0.7871311296875 0.6370592515625 0.7830639984375 0.636720634375 0.781470925 0.6318987046875 0.779165759375 0.6061636796875 0.78546843125 0.603752715625 0.7843158484375 0.5984431765625 0.7746216015625
1 0.46453310625000005 0.35352161249999997 0.46106564843750003 0.35758874218750003 0.4615735765625 0.359978353125 0.4706485546875 0.3771974796875 0.48215481718750003 0.390569721875 0.4876743015625 0.39106156875 0.49114175624999995 0.38699443906250003 0.4906338296875 0.38460482812499996 0.47912756874999995 0.37123258593749997 0.47142738125 0.3553862875 0.466605453125 0.35308112187499996 0.46453310625000005 0.35352161249999997
2 0.4870173828125 0.382875953125 0.45352121875 0.38833073281249997 0.40378489999999995 0.3989025140625 0.3863392625 0.40344322187500004 0.38287180625 0.407510353125 0.383210425 0.4091034265625 0.3880323546875 0.41140859531249996 0.4541781375 0.3965163484375 0.4888797828125 0.3916378609375 0.49820534375000003 0.3896556515625 0.5016727984375 0.3855885234375 0.5013341812500001 0.3839954484375 0.49651225156249995 0.38169028125 0.4870173828125 0.382875953125
2 0.3991254890625 0.48397791718749994 0.39946410781249997 0.48557099375 0.4042860359375 0.487876159375 0.486482346875 0.47206984375000005 0.5096167781250001 0.46881751875 0.521014684375 0.46639481875 0.524482140625 0.4623276890625 0.524143521875 0.46073461406250005 0.5193215921875 0.458429446875 0.4025929453125 0.47991078906249995 0.3991254890625 0.48397791718749994
1 0.5727827140625 0.4653814828125 0.5274010328125 0.46586988281249997 0.5158541359375 0.462496578125 0.5132738609375 0.46054745781250006 0.5079236859375 0.46085214687500003 0.5044562296875 0.464919278125 0.5072058125 0.467664934375 0.5063389484374999 0.46868171875 0.52374395 0.47413994531250003 0.5658478 0.47351574375 0.5944813984375 0.475754734375 0.59758991875 0.4750939984375 0.601057375 0.47102686718750003 0.60071875625 0.46943379375000005 0.5936551703124999 0.46677258125 0.5727827140625 0.4653814828125
1 0.6460191125 0.7436959015625 0.6503331140624999 0.74361145625 0.653800571875 0.7395443265625 0.6520871609375 0.7365784234375 0.5926799 0.70674705625 0.588365896875 0.7068315000000001 0.584898440625 0.71089863125 0.5866118515625 0.7138645343750001 0.6460191125 0.7436959015625
1 0.5645407015624999 0.6253131109375001 0.5597187703125 0.62300794375 0.557646425 0.623448434375 0.55417896875 0.627515565625 0.5608633000000001 0.6385826406249999 0.53621185 0.6754584140625 0.5334419484375 0.6777122265625 0.5332523203124999 0.68191515625 0.53807425 0.6842203234374999 0.5418803249999999 0.6817462671875 0.5430858078125 0.682322559375 0.5460453375000001 0.6758658171875 0.571732959375 0.6387697984375 0.5645407015624999 0.6253131109375001
1 0.5733447796875 0.6667330421875 0.5816612484375 0.7007638921875 0.585237059375 0.7124917046875 0.5900589890625 0.714796871875 0.592131334375 0.71435638125 0.5955987921875 0.7102892515625 0.5872823234375 0.6762583984375 0.5837065124999999 0.6645305875 0.57888458125 0.6622254203125 0.5768122359375 0.6626659109374999 0.5733447796875 0.6667330421875