1 0.51953125 0.540540540625 0.5234375 0.54354354375 0.5283203125 0.5420420421875 0.54296875 0.521771771875 0.54296875 0.5202702703125001 0.5390625 0.5172672671874999 0.537109375 0.5172672671874999 0.5322265625 0.5210210203125001 0.51953125 0.5390390390625 0.51953125 0.540540540625
1 0.494140625 0.2364864859375 0.4970703125 0.2379879875 0.509765625 0.2515015015625 0.513671875 0.253003003125 0.533203125 0.2672672671875 0.537109375 0.26801801875 0.541015625 0.265015015625 0.5400390625 0.2620120125 0.5146484375 0.24399399375000003 0.50390625 0.2334834828125 0.5078125 0.22372372343750002 0.50390625 0.22072072031249998 0.501953125 0.22072072031249998 0.498046875 0.22297297343750003 0.494140625 0.23048048125 0.494140625 0.2364864859375
0 0.55263671875 0.7412762765625 0.548359375 0.7430105109375 0.5479101562500001 0.7468168171875 0.549482421875 0.751659159375 0.552861328125 0.754774775 0.5582617187500001 0.7546021015625 0.559619140625 0.7570270265625 0.5645703125 0.7582357359375 0.56884765625 0.756509009375 0.56884765625 0.7533933937499999 0.56794921875 0.7494144140625 0.5695214843749999 0.744909909375 0.574697265625 0.7412762765625 0.566142578125 0.73936936875 0.558486328125 0.7383333328125 0.552861328125 0.7388513515625 0.55263671875 0.7412762765625
0 0.544755859375 0.6005630625 0.5474609375 0.6045420421875 0.552412109375 0.6059234234375 0.555791015625 0.6083483484375 0.55984375 0.6111186187500001 0.56208984375 0.61354354375 0.567265625 0.6131981984375 0.56884765625 0.6106005999999999 0.5645703125 0.605578078125 0.5625390625 0.6024624625 0.56591796875 0.6005630625 0.560068359375 0.59675675625 0.5521874999999999 0.5974474468750001 0.54587890625 0.597965465625 0.544755859375 0.6005630625
1 0.5068359375 0.396396396875 0.505859375 0.39939939999999996 0.509765625 0.402402403125 0.513671875 0.4016516515625 0.5390625 0.3828828828125 0.5419921875 0.36861861875 0.5380859375 0.365615615625 0.5361328125 0.365615615625 0.5322265625 0.36861861875 0.5302734375 0.3791291296875 0.5068359375 0.396396396875
2 0.44921875 0.297297296875 0.44921875 0.2987987984375 0.453125 0.3018018015625 0.4560546875 0.3018018015625 0.484375 0.29654654687500004 0.515625 0.29504504531250003 0.5361328125 0.29954955 0.5390625 0.29954955 0.54296875 0.29654654687500004 0.54296875 0.29504504531250003 0.5390625 0.29204204218749996 0.5166015625 0.2875375375 0.5087890625 0.2875375375 0.4755859375 0.28978978906249997 0.453125 0.29429429375 0.44921875 0.297297296875
0 0.5587109375 0.6775825828125 0.556689453125 0.68346846875 0.5611914062500001 0.687274775 0.5665917968749999 0.6879654656249999 0.56974609375 0.6869294296875 0.5722265625 0.6902177171874999 0.5778515625 0.6914264265625001 0.5825781250000001 0.6869294296875 0.578974609375 0.6806981984375 0.573349609375 0.6763738734375 0.56546875 0.6742942937499999 0.5587109375 0.6775825828125
1 0.4921875 0.303303303125 0.49609375 0.30630630625 0.498046875 0.30630630625 0.5224609375 0.29654654687500004 0.525390625 0.29504504531250003 0.52734375 0.291291290625 0.5234375 0.2882882890625 0.521484375 0.2882882890625 0.4970703125 0.2980480484375 0.494140625 0.29954955 0.4921875 0.303303303125
1 0.578125 0.725225225 0.564453125 0.7379879875 0.5634765625 0.7417417421875 0.5673828125 0.7447447453125 0.5712890625 0.7432432437500001 0.572265625 0.74399399375 0.572265625 0.7424924921875 0.5859375 0.7297297296874999 0.5869140625 0.7259759765625 0.5830078125 0.7229729734375 0.5810546875 0.7229729734375 0.5791015625 0.724474475 0.578125 0.7237237234375 0.578125 0.725225225
1 0.5517578125 0.596096096875 0.552734375 0.6006006 0.556640625 0.603603603125 0.55859375 0.603603603125 0.5625 0.6006006 0.5625 0.596096096875 0.5576171875 0.5578078078125001 0.556640625 0.553303303125 0.552734375 0.5503003 0.55078125 0.5503003 0.546875 0.553303303125 0.546875 0.5578078078125001 0.5517578125 0.596096096875
2 0.4658203125 0.6006006 0.4794921875 0.603603603125 0.544921875 0.6043543546875 0.56640625 0.603603603125 0.5703125 0.6006006 0.5703125 0.5990990984375 0.56640625 0.596096096875 0.48046875 0.596096096875 0.4658203125 0.5930930937500001 0.4619140625 0.596096096875 0.4619140625 0.597597596875 0.4658203125 0.6006006
0 0.54587890625 0.4390765765625 0.541826171875 0.4402852859375 0.535302734375 0.43993994062499997 0.53462890625 0.44513513437499996 0.53552734375 0.4510210203125 0.538447265625 0.45499999999999996 0.54318359375 0.4572522515625 0.551962890625 0.4570795796875 0.556689453125 0.4546546546875 0.55736328125 0.45240240312499996 0.555341796875 0.445653153125 0.5530859375 0.443228228125 0.5503808593749999 0.44253753749999997 0.548583984375 0.4402852859375 0.54587890625 0.4390765765625
2 0.4677734375 0.7424924921875 0.4677734375 0.74399399375 0.4716796875 0.746996996875 0.5146484375 0.746996996875 0.5751953125 0.7447447453125 0.5791015625 0.7417417421875 0.5791015625 0.740240240625 0.5751953125 0.7372372375 0.5634765625 0.7372372375 0.513671875 0.7394894890625 0.4716796875 0.7394894890625 0.4677734375 0.7424924921875
1 0.517578125 0.2927927921875 0.521484375 0.2957957953125 0.5234375 0.2957957953125 0.52734375 0.2927927921875 0.529296875 0.28078078125 0.537109375 0.26951951875 0.537109375 0.26801801875 0.533203125 0.265015015625 0.53125 0.265015015625 0.5263671875 0.26876876875 0.51953125 0.2792792796875 0.517578125 0.2927927921875
1 0.5302734375 0.49549549531250003 0.5302734375 0.4977477484375 0.5341796875 0.50075075 0.5361328125 0.50075075 0.5400390625 0.4977477484375 0.55078125 0.45795795781250004 0.548828125 0.44294294218749997 0.544921875 0.43993994062499997 0.54296875 0.43993994062499997 0.5390625 0.44294294218749997 0.541015625 0.45795795781250004 0.5302734375 0.49549549531250003
2 0.4345703125 0.224474475 0.4296875 0.22522522500000003 0.42578125 0.22822822812500002 0.42578125 0.2297297296875 0.4296875 0.2327327328125 0.4345703125 0.2327327328125 0.470703125 0.22822822812500002 0.51953125 0.22747747812500002 0.5234375 0.224474475 0.5234375 0.22297297343750003 0.51953125 0.21996997031249998 0.505859375 0.21996997031249998 0.470703125 0.22072072031249998 0.45703125 0.22297297343750003 0.4345703125 0.224474475
2 0.45703125 0.5232732734375001 0.4677734375 0.5240240234375 0.525390625 0.5240240234375 0.55078125 0.525525525 0.5546875 0.522522521875 0.5546875 0.5210210203125001 0.55078125 0.5180180187500001 0.541015625 0.5172672671874999 0.45703125 0.515765765625 0.453125 0.51876876875 0.453125 0.5202702703125001 0.45703125 0.5232732734375001
1 0.48046875 0.190690690625 0.486328125 0.2124624625 0.4990234375 0.2259759765625 0.4990234375 0.22747747812500002 0.5 0.2267267265625 0.50390625 0.22822822812500002 0.5078125 0.22522522500000003 0.5068359375 0.221471471875 0.494140625 0.20720720781250002 0.4892578125 0.1876876875 0.4775390625 0.1696696703125 0.47265625 0.16816816875 0.46875 0.171171171875 0.46875 0.17267267343749998 0.48046875 0.190690690625
0 0.5283203125 0.3703603609375 0.531474609375 0.3753828828125 0.53642578125 0.37815315312500003 0.5420507812500001 0.3797072078125 0.545205078125 0.37798048125 0.542958984375 0.37417417343750003 0.544306640625 0.3722672671875 0.5474609375 0.3705330328125 0.54408203125 0.3660360359375 0.53935546875 0.363265765625 0.532822265625 0.36586336406250003 0.5283203125 0.3703603609375
3 0.4755859375 0.2364864859375 0.482421875 0.259759759375 0.482421875 0.29204204218749996 0.494140625 0.3671171171875 0.494140625 0.40540540468749997 0.49609375 0.43993994062499997 0.501953125 0.47447447499999995 0.50390625 0.596846846875 0.5146484375 0.6141141140624999 0.5146484375 0.6854354359375 0.5234375 0.70645645625 0.525390625 0.7147147140625 0.52734375 0.7327327328125001 0.52734375 0.75600600625 0.5302734375 0.7582582578125 0.5341796875 0.7590090093749999 0.5390625 0.75600600625 0.5390625 0.7319819812499999 0.5361328125 0.7079579578125 0.5263671875 0.6839339343749999 0.5263671875 0.6118618625 0.515625 0.5945945953125 0.5146484375 0.49024024062500005 0.5126953125 0.4624624625 0.5087890625 0.44519519531249996 0.5068359375 0.4264264265625 0.505859375 0.36636636562499997 0.494140625 0.291291290625 0.494140625 0.259759759375 0.4873046875 0.2364864859375 0.484375 0.2147147140625 0.4814453125 0.2124624625 0.4775390625 0.21171171093750002 0.47265625 0.2147147140625 0.47265625 0.21921921875 0.4755859375 0.2364864859375
2 0.4697265625 0.6801801796875 0.53125 0.6801801796875 0.576171875 0.6854354359375 0.580078125 0.6854354359375 0.583984375 0.6824324328125 0.583984375 0.68093093125 0.580078125 0.677927928125 0.53125 0.6726726734375 0.4697265625 0.6726726734375 0.4658203125 0.675675675 0.4658203125 0.6771771765625 0.4697265625 0.6801801796875
0 0.521337890625 0.298190690625 0.529443359375 0.2993994 0.5348535156249999 0.298190690625 0.534404296875 0.2923048046875 0.526748046875 0.2874549546875 0.519990234375 0.28710960937499996 0.51728515625 0.2891891890625 0.517060546875 0.294902403125 0.521337890625 0.298190690625
0 0.527197265625 0.5221546546875 0.531474609375 0.524924925 0.535302734375 0.52873123125 0.541376953125 0.5271771765625 0.545654296875 0.525615615625 0.548134765625 0.52111861875 0.545654296875 0.5171396390624999 0.53732421875 0.5159234234375 0.53080078125 0.518175675 0.527197265625 0.5221546546875
0 0.4958984375 0.23328078125 0.5055859375 0.23086336406250002 0.5150390625 0.229647146875 0.5130078124999999 0.2218618625 0.5033300781250001 0.217184684375 0.497021484375 0.2185735734375 0.493427734375 0.22393393437500003 0.49296875 0.229474475 0.4958984375 0.23328078125
1 0.533203125 0.521771771875 0.537109375 0.524774775 0.5390625 0.524774775 0.54296875 0.521771771875 0.5439453125 0.496996996875 0.5498046875 0.47972972968749994 0.5498046875 0.47747747812499997 0.5458984375 0.47447447499999995 0.5439453125 0.47447447499999995 0.5400390625 0.47747747812499997 0.5341796875 0.496246246875 0.533203125 0.521771771875
1 0.5595703125 0.75600600625 0.5634765625 0.7590090093749999 0.59375 0.7582582578125 0.59765625 0.7552552546875 0.59765625 0.753753753125 0.59375 0.75075075 0.5693359375 0.7515015015625 0.5673828125 0.75 0.564453125 0.740240240625 0.560546875 0.7372372375 0.55859375 0.7372372375 0.5546875 0.740240240625 0.5546875 0.7424924921875 0.5595703125 0.75600600625
1 0.525390625 0.3573573578125 0.533203125 0.37162162187500003 0.5380859375 0.3731231234375 0.5419921875 0.3701201203125 0.5419921875 0.36786786718750003 0.5341796875 0.353603603125 0.5302734375 0.3378378375 0.5263671875 0.334834834375 0.5244140625 0.334834834375 0.5205078125 0.3378378375 0.5205078125 0.340090090625 0.525390625 0.3573573578125
2 0.4404296875 0.36936936875000004 0.4443359375 0.372372371875 0.5068359375 0.37162162187500003 0.5390625 0.3738738734375 0.5478515625 0.3738738734375 0.5517578125 0.3708708703125 0.5517578125 0.36936936875000004 0.5478515625 0.36636636562499997 0.5390625 0.365615615625 0.5078125 0.3641141140625 0.4609375 0.3641141140625 0.4443359375 0.364864865625 0.4404296875 0.36786786718750003 0.4404296875 0.36936936875000004
2 0.4443359375 0.44444444375 0.521484375 0.4459459453125 0.54296875 0.44744744687500004 0.5537109375 0.44744744687500004 0.5576171875 0.44444444375 0.5576171875 0.44294294218749997 0.5537109375 0.43993994062499997 0.4443359375 0.43693693749999996 0.4404296875 0.43993994062499997 0.4404296875 0.4414414421875 0.4443359375 0.44444444375
1 0.5400390625 0.446696696875 0.5546875 0.4549549546875 0.5927734375 0.4624624625 0.6181640625 0.4699699703125 0.62109375 0.4699699703125 0.625 0.46696696718749997 0.625 0.465465465625 0.619140625 0.4617117109375 0.6005859375 0.45645645625000003 0.5595703125 0.44819819843750003 0.5498046875 0.44294294218749997 0.5478515625 0.440690690625 0.54296875 0.43993994062499997 0.5390625 0.44294294218749997 0.541015625 0.4459459453125 0.5400390625 0.446696696875
1 0.61328125 0.7214714718749999 0.6171875 0.722222221875 0.62109375 0.71921921875 0.6201171875 0.716216215625 0.572265625 0.677927928125 0.568359375 0.6771771765625 0.564453125 0.6801801796875 0.5654296875 0.6831831828125 0.61328125 0.7214714718749999
1 0.52734375 0.6388888890625 0.5244140625 0.640390390625 0.5234375 0.64414414375 0.52734375 0.647147146875 0.53125 0.6456456453125 0.5322265625 0.646396396875 0.5361328125 0.641141140625 0.56640625 0.6126126125 0.5625 0.5990990984375 0.55859375 0.596096096875 0.556640625 0.596096096875 0.552734375 0.5990990984375 0.556640625 0.6103603609375 0.52734375 0.6388888890625
1 0.564453125 0.68168168125 0.568359375 0.684684684375 0.5703125 0.684684684375 0.57421875 0.68168168125 0.5732421875 0.6493994 0.572265625 0.6381381375 0.568359375 0.635135134375 0.56640625 0.635135134375 0.5625 0.6381381375 0.5634765625 0.6704204203125 0.564453125 0.68168168125