2 0.46986328125 0.5296703296875 0.46676757812499997 0.5328371625 0.46676757812499997 0.534415584375 0.46986328125 0.5375724281250001 0.49613281249999996 0.5391608390625 0.513134765625 0.5367832171875 0.557958984375 0.5336263734375 0.586552734375 0.5336263734375 0.5896484375 0.530459540625 0.5896484375 0.52888111875 0.586552734375 0.5257142859374999 0.557958984375 0.5257142859374999 0.5123632812500001 0.52888111875 0.495361328125 0.5312487515625001 0.46986328125 0.5296703296875
1 0.572646484375 0.6245354640625 0.5749609375 0.62928071875 0.577275390625 0.6308591406249999 0.609736328125 0.6427172828125001 0.6321484374999999 0.6482517484375 0.6414257812499999 0.649840159375 0.64451171875 0.6466733265625 0.64451171875 0.6450949046875001 0.6414257812499999 0.641928071875 0.613603515625 0.6356043953125 0.5819140625 0.6245354640625 0.579599609375 0.621378621875 0.57109375 0.6000299703125 0.567236328125 0.5984515484374999 0.5641406250000001 0.6016083921875001 0.5641406250000001 0.603196803125 0.572646484375 0.6245354640625
1 0.5811425781249999 0.271158840625 0.58037109375 0.274325675 0.583466796875 0.2774825171875 0.586552734375 0.27669330625 0.6151464843750001 0.24981018906250002 0.6460546875000001 0.22926073906250002 0.647607421875 0.22926073906250002 0.67697265625 0.2087012984375 0.678515625 0.2087012984375 0.677744140625 0.2079120875 0.6792871093749999 0.20475524531249997 0.6762011718750001 0.2015884109375 0.6746484374999999 0.2015884109375 0.609736328125 0.24428571406250002 0.583466796875 0.268791209375 0.5811425781249999 0.271158840625
1 0.564912109375 0.6055644359375 0.578828125 0.61584415625 0.5811425781249999 0.6190009984375 0.606650390625 0.6284915078125 0.649921875 0.6616983015625 0.6537890625 0.6624875125 0.656875 0.6593206796875 0.6553320312500001 0.6561638359375 0.656103515625 0.6553646359374999 0.654560546875 0.6553646359374999 0.6105078125000001 0.621378621875 0.585009765625 0.6118881125 0.57109375 0.599240759375 0.567236328125 0.5984515484374999 0.5641406250000001 0.6016083921875001 0.56568359375 0.604775225 0.564912109375 0.6055644359375
3 0.52859375 0.24032967031250002 0.525498046875 0.28064935 0.5324609375 0.382627371875 0.5324609375 0.389740259375 0.527822265625 0.41424575468749997 0.52705078125 0.43005994062499997 0.5262792968750001 0.504375625 0.527822265625 0.5312487515625001 0.5247265624999999 0.5597102890625 0.5247265624999999 0.5668231765625 0.52859375 0.592127871875 0.525498046875 0.7154545453125001 0.5293652343749999 0.7186113890625 0.5324609375 0.717822178125 0.534775390625 0.7154545453125001 0.53787109375 0.6134665328125 0.53787109375 0.5913386609375 0.5340039062499999 0.566033965625 0.53708984375 0.5312487515625001 0.535546875 0.504375625 0.535546875 0.45694305625 0.53708984375 0.41504495468749997 0.541728515625 0.3905294703125 0.541728515625 0.38183816249999997 0.534775390625 0.28064935 0.53787109375 0.24111888124999997 0.544052734375 0.19843156875 0.544052734375 0.1936863140625 0.541728515625 0.19131868125 0.5386425781249999 0.19051948125 0.534775390625 0.1936863140625 0.5340039062499999 0.19843156875 0.52859375 0.24032967031250002
2 0.478359375 0.354165834375 0.4752734375 0.3573326671875 0.4752734375 0.3589110890625 0.478359375 0.362077921875 0.48068359374999997 0.362077921875 0.5 0.3573326671875 0.535546875 0.3533766234375 0.595830078125 0.351008990625 0.598916015625 0.3478421578125 0.598916015625 0.3462637359375 0.595830078125 0.343096903125 0.5857812499999999 0.343096903125 0.534775390625 0.34547452500000003 0.50541015625 0.34863136875 0.478359375 0.354165834375
1 0.6622851562500001 0.54390609375 0.6646093750000001 0.5478521484375001 0.668466796875 0.54943056875 0.6715625000000001 0.5462737265625 0.6715625000000001 0.5446953046874999 0.60896484375 0.41820179843750005 0.606650390625 0.41424575468749997 0.602783203125 0.4126673328125 0.5996875 0.41583416562500003 0.5996875 0.4174125875 0.6622851562500001 0.54390609375
1 0.56568359375 0.469590409375 0.564912109375 0.472747253125 0.5680078125 0.4759140859375 0.57109375 0.475124875 0.61591796875 0.4316383609375 0.639873046875 0.3905294703125 0.639873046875 0.3889510484375 0.6367871093749999 0.38579420625 0.635244140625 0.38579420625 0.631376953125 0.389740259375 0.6105078125000001 0.42610389687500005 0.56568359375 0.469590409375
1 0.56955078125 0.7075424578125 0.56568359375 0.7225674328125 0.55564453125 0.77 0.55564453125 0.7723676328125 0.55873046875 0.7755344656250001 0.5602734375 0.7755344656250001 0.563369140625 0.7723676328125 0.56955078125 0.7391708296874999 0.5765039062499999 0.7114985015624999 0.58732421875 0.6838261734375 0.58732421875 0.6814585421875 0.58423828125 0.6782917078125 0.582685546875 0.6782917078125 0.58037109375 0.6798801203125 0.577275390625 0.68699300625 0.56955078125 0.7075424578125
1 0.56568359375 0.475124875 0.567236328125 0.475124875 0.5749609375 0.48223776249999994 0.577275390625 0.4830269734375 0.677744140625 0.47828171875000003 0.686240234375 0.4774925078125 0.6893359375 0.47433566406249994 0.6893359375 0.472747253125 0.686240234375 0.469590409375 0.677744140625 0.469590409375 0.578828125 0.475124875 0.571875 0.46880119843749996 0.5680078125 0.4680119875 0.564912109375 0.47116883125 0.5664648437500001 0.47433566406249994 0.56568359375 0.475124875
2 0.48376953125 0.28064935 0.48376953125 0.28222777187500003 0.486865234375 0.2853946046875 0.48917968749999996 0.2853946046875 0.500771484375 0.28064935 0.595830078125 0.2774825171875 0.598916015625 0.274325675 0.598916015625 0.2727372625 0.595830078125 0.26958042031249996 0.5819140625 0.26958042031249996 0.49922851562500004 0.2727372625 0.486865234375 0.2774825171875 0.48376953125 0.28064935
0 0.585439453125 0.6766133859375 0.575966796875 0.67938061875 0.5734277343749999 0.6831868125 0.577490234375 0.6875124875 0.579853515625 0.6935664328125 0.58205078125 0.6966833171875 0.58509765625 0.6985914078125 0.589326171875 0.69305694375 0.591357421875 0.689240759375 0.5939062500000001 0.6809390609375 0.5996484375 0.6745354640625 0.595087890625 0.673146853125 0.589833984375 0.6753946046875 0.585439453125 0.6766133859375
0 0.5734277343749999 0.3518881125 0.5801953125 0.35621378593749997 0.585615234375 0.35968032031249997 0.590009765625 0.3574325671875 0.595595703125 0.35829170781249997 0.599482421875 0.3544855140625 0.596435546875 0.3477422578125 0.5927148437499999 0.3461738265625 0.586455078125 0.3409890109375 0.57765625 0.341678321875 0.5700390625 0.3421978015625 0.56767578125 0.3486013984375 0.5734277343749999 0.3518881125
2 0.46212890624999997 0.469590409375 0.45904296875000006 0.472747253125 0.45904296875000006 0.47433566406249994 0.46212890624999997 0.4774925078125 0.48917968749999996 0.4774925078125 0.5038671875 0.475124875 0.520869140625 0.47433566406249994 0.5409570312499999 0.47433566406249994 0.5780566406250001 0.47670329687499996 0.5811425781249999 0.473546453125 0.5811425781249999 0.47195804218750004 0.5780566406250001 0.46880119843749996 0.5409570312499999 0.46642357656250005 0.520869140625 0.46642357656250005 0.5038671875 0.4672127875 0.48917968749999996 0.469590409375 0.46212890624999997 0.469590409375
0 0.5639453125 0.602177821875 0.564462890625 0.606853146875 0.5690234375000001 0.611528471875 0.568681640625 0.6167232765625 0.5720703125 0.622947053125 0.576806640625 0.622947053125 0.580703125 0.6182717281250001 0.5822265625 0.6044255749999999 0.580537109375 0.60096903125 0.575458984375 0.5990709296875 0.56919921875 0.601828171875 0.5639453125 0.602177821875
1 0.586552734375 0.343096903125 0.583466796875 0.3462637359375 0.583466796875 0.3478421578125 0.585009765625 0.3494205796875 0.58423828125 0.3502197796875 0.5857812499999999 0.3502197796875 0.591962890625 0.3557542453125 0.5966015625 0.35654345625 0.695517578125 0.32808191875000003 0.69861328125 0.324915084375 0.69861328125 0.3233366640625 0.695517578125 0.3201698296875 0.6932031249999999 0.3201698296875 0.595830078125 0.34863136875 0.5904199218749999 0.34388611406249997 0.586552734375 0.343096903125
1 0.5888671875 0.5391608390625 0.611279296875 0.5391608390625 0.64296875 0.54943056875 0.67697265625 0.5628771234375 0.6792871093749999 0.5628771234375 0.6823828125 0.5597102890625 0.6823828125 0.55813186875 0.677744140625 0.5541758234375 0.63755859375 0.5391608390625 0.61283203125 0.5312487515625001 0.5904199218749999 0.5312487515625001 0.578828125 0.5257142859374999 0.575732421875 0.52888111875 0.577275390625 0.5328371625 0.5888671875 0.5391608390625
2 0.470634765625 0.6000299703125 0.497685546875 0.604775225 0.527822265625 0.6071428578125 0.557958984375 0.6071428578125 0.58423828125 0.6063536468749999 0.58732421875 0.603196803125 0.58732421875 0.6016083921875001 0.58423828125 0.5984515484374999 0.527822265625 0.599240759375 0.49845703124999996 0.5968731265625 0.470634765625 0.592127871875 0.46753906250000005 0.595284715625 0.46753906250000005 0.5968731265625 0.470634765625 0.6000299703125
2 0.474501953125 0.675134865625 0.49458984375000004 0.6806693312500001 0.5170019531250001 0.6822477515625 0.53787109375 0.6854145859375 0.567236328125 0.686203796875 0.593505859375 0.686203796875 0.5966015625 0.6830369625 0.5966015625 0.6814585421875 0.593505859375 0.6782917078125 0.53787109375 0.6775024968750001 0.48995117187500004 0.67196803125 0.474501953125 0.6672227765625001 0.47140624999999997 0.6703896109375 0.47140624999999997 0.67196803125 0.474501953125 0.675134865625
0 0.553125 0.473746253125 0.56328125 0.48014985 0.56970703125 0.48118881093750004 0.576982421875 0.4834365640625 0.5817187500000001 0.4796303703125 0.576982421875 0.469940059375 0.5690234375000001 0.46405594375000003 0.56056640625 0.4652647359375 0.5492285156250001 0.46873126875000004 0.553125 0.473746253125
0 0.57494140625 0.5336363640624999 0.578330078125 0.5412487515625 0.5891699218750001 0.5422877125000001 0.5905175781249999 0.5381418578125 0.5878027343750001 0.5301798203125 0.584755859375 0.525674325 0.57359375 0.5242857140625 0.570205078125 0.5277522484375 0.57494140625 0.5336363640624999
1 0.579599609375 0.5470629375 0.592734375 0.5652447546875 0.5966015625 0.5684115890625 0.6197851562500001 0.5960739265624999 0.620556640625 0.5984515484374999 0.6244238281250001 0.599240759375 0.6275097656249999 0.5960739265624999 0.62673828125 0.592127871875 0.6228710937499999 0.5889610390625 0.583466796875 0.5407392609375 0.58423828125 0.5280919078124999 0.5811425781249999 0.524925075 0.579599609375 0.524925075 0.5765039062499999 0.5280919078124999 0.5765039062499999 0.5446953046874999 0.579599609375 0.5470629375
1 0.604326171875 0.6964735265625001 0.661513671875 0.7186113890625 0.663837890625 0.7186113890625 0.6669238281250001 0.7154545453125001 0.665380859375 0.7114985015624999 0.6622851562500001 0.7099200796875 0.611279296875 0.6909490515625001 0.586552734375 0.6790909093749999 0.582685546875 0.6782917078125 0.579599609375 0.6814585421875 0.5811425781249999 0.6854145859375 0.604326171875 0.6964735265625001
0 0.582734375 0.2840359640625 0.589833984375 0.2840359640625 0.59626953125 0.28126873125 0.5979589843750001 0.2764235765625 0.59525390625 0.2722677328125 0.589326171875 0.271228771875 0.58205078125 0.2688011984375 0.57494140625 0.2724375625 0.57783203125 0.2785014984375 0.582734375 0.2840359640625
0 0.5842578125 0.41645354687499997 0.589326171875 0.42060939062499997 0.59322265625 0.424065934375 0.59931640625 0.4259740265625 0.60625 0.4292607390625 0.612685546875 0.424065934375 0.603037109375 0.41004995 0.60033203125 0.40727272656249996 0.59322265625 0.40936063906250003 0.5857812499999999 0.4119480515625 0.5842578125 0.41645354687499997
1 0.583466796875 0.3462637359375 0.583466796875 0.3478421578125 0.586552734375 0.351008990625 0.5888671875 0.351008990625 0.61205078125 0.34151848125 0.6437402343749999 0.3383616390625 0.677744140625 0.33756243750000003 0.680830078125 0.33440559375 0.680830078125 0.3328271734375 0.677744140625 0.32966033906250003 0.6622851562500001 0.32966033906250003 0.6105078125000001 0.333616384375 0.586552734375 0.343096903125 0.583466796875 0.3462637359375
2 0.47294921875 0.418991009375 0.47294921875 0.42057942031250006 0.47604492187499997 0.42373626406250003 0.482998046875 0.42373626406250003 0.49613281249999996 0.42215784218749997 0.5455957031249999 0.42057942031250006 0.608193359375 0.42057942031250006 0.611279296875 0.4174125875 0.611279296875 0.41583416562500003 0.608193359375 0.4126673328125 0.54482421875 0.4126673328125 0.482998046875 0.41504495468749997 0.47604492187499997 0.41583416562500003 0.47294921875 0.418991009375
1 0.601240234375 0.4174125875 0.604326171875 0.42057942031250006 0.606650390625 0.42057942031250006 0.697060546875 0.387372628125 0.70169921875 0.3834165828125 0.70169921875 0.38183816249999997 0.69861328125 0.378671328125 0.6962890625 0.378671328125 0.6058691406250001 0.41187812187499995 0.601240234375 0.41583416562500003 0.601240234375 0.4174125875
1 0.582685546875 0.278271728125 0.60201171875 0.28380619375 0.6792871093749999 0.2845954046875 0.697060546875 0.28380619375 0.70015625 0.28064935 0.70015625 0.27906093906249996 0.697060546875 0.2759040953125 0.602783203125 0.2759040953125 0.582685546875 0.2703696296875 0.579599609375 0.2735364640625 0.579599609375 0.275114884375 0.582685546875 0.278271728125