2 0.5861867546874999 0.528658896875 0.5862999125 0.527040671875 0.5833583265625 0.523572409375 0.55409111875 0.521525846875 0.5071944828125 0.52150908125 0.48962235156249995 0.5227195265625 0.46363691406249996 0.519276309375 0.46024126875000004 0.5223014312500001 0.4601281109375 0.52391965625 0.46307041250000003 0.5273776765625 0.48984478749999993 0.530886353125 0.507417634375 0.5296656671875 0.5535238984374999 0.5296374562499999 0.5827911078125 0.53168401875 0.5861867546874999 0.528658896875
1 0.6311923968750001 0.6466442609375 0.6031681875 0.6381697734375 0.5715258953125 0.6245535796875 0.5693832453125001 0.6211514765625 0.5622075375 0.5986556734375 0.5583724203125 0.5967613578125001 0.5549774921874999 0.5997762375 0.55486361875 0.6014047046875 0.562040040625 0.6238902640624999 0.5640688171875 0.6289208359375 0.566324625 0.6307047156250001 0.5986999921875 0.6451852406249999 0.6212432 0.6524633875 0.6306251765625001 0.6547558703125 0.634010828125 0.6517300500000001 0.6341239859375001 0.650111825 0.6311923968750001 0.6466442609375
1 0.700213909375 0.2051473546875 0.69948083125 0.20428302343750002 0.70128645625 0.201157009375 0.69835486875 0.1976894453125 0.6967655625 0.197578309375 0.627263621875 0.2367063171875 0.59861856875 0.25994956406249997 0.5960698718749999 0.2622105484375 0.5950531859375 0.265402021875 0.5979954875 0.26886004375 0.601210684375 0.268271803125 0.6324051500000001 0.2427573296875 0.66551451875 0.2239018953125 0.6671038234375 0.22401302968749998 0.6986345984375 0.20503691875 0.700213909375 0.2051473546875
1 0.6452525609374999 0.6614701968750001 0.64367325 0.6613597609374999 0.6010194203125 0.6233636921875 0.5756012015625 0.6118088687500001 0.562264115625 0.5978465625 0.5583724203125 0.5967613578125001 0.5549774921874999 0.5997762375 0.5563297703125001 0.603133365625 0.5554835375 0.6038872609375 0.5689903562499999 0.6154222296875 0.57113300625 0.6188243328125 0.5965612218749999 0.6303798578124999 0.6384712640625 0.6675211390625 0.64237295625 0.668607040625 0.64575860625 0.665581221875 0.6444056125000001 0.662234334375 0.6452525609374999 0.6614701968750001
3 0.517638803125 0.5540005671875 0.5171288796875 0.561292821875 0.5192730515624999 0.5875124203125 0.5072631265624999 0.713727484375 0.5109950796875 0.7172407234375 0.514220275 0.7166531828125 0.5167589765625 0.7143914984374999 0.5272391296875 0.6100532000000001 0.52882548125 0.5873673234375001 0.526681309375 0.5611477234375 0.5323336859375 0.5257061937499999 0.5326809156250001 0.49804496406250004 0.5360813640625001 0.4494162765625 0.5406643578125 0.4065720546875 0.5471698015625 0.3817703640625 0.5477928828125 0.37285988593749997 0.5479302359375 0.2686217078125 0.5539327984375 0.22831595937500002 0.56332029375 0.18499463124999999 0.56366048125 0.1801297140625 0.5614512578124999 0.17753602500000001 0.5583499328125 0.17649579843750002 0.55416463125 0.1794657 0.5530347890625 0.1842754 0.5444935265625 0.22684283125000002 0.5384343859375 0.2679576921875 0.5382504484374999 0.37300568125 0.537740525 0.3802979359375 0.531235796875 0.4050893859375 0.5293124203125 0.42124714374999994 0.5231950609375 0.4973816484375 0.52284783125 0.5250428781250001 0.517638803125 0.5540005671875
2 0.6087644812499999 0.3420997203125 0.6088776390625 0.3404814953125 0.60594605 0.33701393125 0.59566054375 0.33629469843750004 0.5432829078125 0.33508159531250004 0.5129997281249999 0.336216265625 0.4849150625 0.3399541671875 0.4815294109375 0.3429799875 0.481416253125 0.3445982125 0.4843478421875 0.34806577656250004 0.4867268046875 0.3482321296875 0.5068383515625 0.3447497609375 0.5435060593750001 0.34323818125 0.60537883125 0.3451255390625 0.6087644812499999 0.3420997203125
1 0.604679778125 0.41186151718749997 0.6045666203125 0.41347974218749994 0.659570278125 0.5476434203125 0.6616663453125 0.5518553359375 0.6655014625 0.5537496515625 0.6688963921875 0.5507347734375 0.66900955 0.5491165484375 0.614005890625 0.4149528703125 0.6119205375 0.4107314125 0.6080754234375 0.4088363984375 0.604679778125 0.41186151718749997
1 0.6432274421875 0.38360895625 0.6389862796875 0.38737772812500004 0.6150186984375 0.4231646734375 0.5660211937499999 0.464539559375 0.5650052234375 0.46772079218749996 0.567946809375 0.47118905624999996 0.57116200625 0.47060081406250004 0.6201595109375 0.429225928125 0.6476259015625 0.38879493906249996 0.6477390578125 0.3871767140625 0.644806753125 0.3837193921875 0.6432274421875 0.38360895625
1 0.5597539203124999 0.7133223625 0.5728129140625 0.6857266640625 0.5729826499999999 0.6832993265625 0.5700510609375 0.6798317640625 0.56846175625 0.679720628125 0.5659789171875 0.681183440625 0.562300378125 0.688254125 0.5529206390625 0.708768896875 0.5478852265625 0.7238959703125001 0.5342092671875001 0.7718061234375 0.53403953125 0.7742334625 0.5369711203125 0.7777010265625 0.53855043125 0.7778114625 0.541946075 0.7747863421875001 0.5506531953125 0.7411948484375 0.5597539203124999 0.7133223625
1 0.6894172671875001 0.47316825468749996 0.6807210671874999 0.47256015625 0.5790785453125 0.4711543921875 0.5724150031249999 0.4641735890625 0.5685133109375 0.46308768906250003 0.56511838125 0.4661025671875 0.5664806546875 0.46946039375000004 0.5656244265625 0.4702135890625 0.5672137312500001 0.4703247234375 0.5746103515625001 0.478169859375 0.5769227375 0.479144625 0.6800979859375 0.4814706359375 0.688850765625 0.481269621875 0.69224569375 0.47825474218749997 0.6923595671875 0.476626275 0.6894172671875001 0.47316825468749996
2 0.611216459375 0.2616435625 0.5969726843750001 0.260647540625 0.51211335625 0.2579658734375 0.499118696875 0.2619459046875 0.49572305156249996 0.264971025 0.4956098953125 0.26658925 0.498551478125 0.2700575140625 0.50092044375 0.27022316874999996 0.513125446875 0.26618791875 0.61064995625 0.26974492968749997 0.6140348921875 0.2667293515625 0.614148765625 0.265100884375 0.611216459375 0.2616435625
0 0.5765529375 0.6915664625 0.579756946875 0.6832378484375 0.5860934546875 0.677083759375 0.5815250437499999 0.675333715625 0.5759862515624999 0.6772621078125 0.5714008421875 0.678197090625 0.5615066953125 0.6803561109375 0.558634965625 0.6840765578125 0.5624830390625 0.6888020828125 0.564467975 0.695177840625 0.5664935421874999 0.698530590625 0.5694753875 0.700704875 0.5742002625 0.695333496875 0.5765529375 0.6915664625
0 0.5965013578125 0.3341818796875 0.5874458765624999 0.33425880625 0.5796120421875 0.334246196875 0.5767340265625001 0.34064212656250004 0.582385828125 0.3444234109375 0.5890026921875 0.349342546875 0.5943017515625 0.35328442031249996 0.598960928125 0.3512945203125 0.6046168359374999 0.3525751328125 0.608867965625 0.34895114375 0.606232753125 0.3418197640625 0.6025368578125 0.33994547656249996 0.5965013578125 0.3341818796875
2 0.578175734375 0.47271739999999995 0.58156066875 0.46970182187500004 0.5816745421875 0.46807335468750005 0.5787422375 0.4646160328125 0.540939284375 0.45952309375 0.52037826875 0.45808532812499997 0.502919296875 0.45767754531250004 0.48771541406249996 0.45906388593749997 0.46002751406250003 0.45712775937499994 0.45664257968750005 0.4601433375 0.45652870625 0.4617718046875 0.4594610109375 0.465229128125 0.4871489109375 0.46716525468750003 0.502352078125 0.46578915624999995 0.51981105 0.4661969375 0.540372065625 0.46763470468749996 0.578175734375 0.47271739999999995
0 0.5718059921875 0.6002943125 0.566744340625 0.597984884375 0.560139471875 0.6003636234374999 0.55473675625 0.6003460484375001 0.55493135 0.6051763171875 0.559264134375 0.61029595625 0.5585418718749999 0.6155972968750001 0.561564171875 0.6222205609375 0.5664120515625 0.6225595562499999 0.570735484375 0.6180452203125 0.5732874375 0.6039589421875 0.5718059921875 0.6002943125
1 0.7090578859375001 0.32875531874999997 0.7124535328125 0.3257301984375 0.7125666890625 0.3241119734375 0.7096251046875001 0.3206437109375 0.7072561390625001 0.3204780578125 0.6055492828125 0.3426879609375 0.600351890625 0.3374358171875 0.5964501984374999 0.3363499171875 0.59306455 0.3393757375 0.5929513921875 0.34099396249999997 0.59441754375 0.3427226234375 0.5935705953125 0.343486759375 0.5951499046875 0.3435971953125 0.6010803734375 0.34971366718749997 0.60577171875 0.3508547875 0.7090578859375001 0.32875531874999997
1 0.6346015265625 0.54100873125 0.60985980625 0.5311273484375 0.5869198296875 0.529523228125 0.5754517828125 0.5230195296875 0.5720561375 0.52604465 0.5733518375 0.5302108921875 0.58476330625 0.537523703125 0.60770328125 0.539127821875 0.6394028671875 0.5519246609375 0.673243671875 0.5681440859375 0.6756126375 0.568309740625 0.6790082828124999 0.5652846203124999 0.679121440625 0.5636663953125 0.6746571234375 0.5592785828125 0.6346015265625 0.54100873125
2 0.517973471875 0.5947494578125 0.48808634375000004 0.5902203390625 0.4599489765625 0.583364078125 0.456554046875 0.58637895625 0.4564401734375 0.5880074234375 0.45938247499999996 0.5914654453125 0.4867301859375 0.5982664890625 0.5174069703125 0.602850825 0.5482534890624999 0.605007825 0.5752083140625001 0.6060796203125001 0.5785932484375 0.6030640421875 0.5787071218750001 0.601435575 0.575774815625 0.597978253125 0.517973471875 0.5947494578125
2 0.579536915625 0.6804950796875 0.52264838125 0.675703975 0.47399658125000005 0.6666001374999999 0.45852367968749996 0.6606294609375001 0.45512803437500005 0.66365458125 0.4550148765625 0.66527280625 0.4579564609375 0.6687410703125 0.478120709375 0.675852865625 0.5009475265625001 0.679075209375 0.5220811609375 0.683815584375 0.552081446875 0.686726478125 0.5789696953125001 0.6886066875 0.5823653421875 0.685581565625 0.5824785 0.683963340625 0.579536915625 0.6804950796875
0 0.5492401453125 0.4624810015625 0.5528688765625 0.4679013375 0.5628052593749999 0.4751933359375 0.5693079015625 0.4767184140625 0.5765935046874999 0.4795435765625 0.5817142546875 0.475980396875 0.577561071875 0.4657067265625 0.569836465625 0.459104575 0.5610935890625 0.459738546875 0.5492401453125 0.4624810015625
0 0.5709055875 0.53086319375 0.5738283375 0.5389100859375 0.58484900625 0.54075109375 0.5865256203125 0.53659715 0.5843176328124999 0.5282400203125001 0.5815219968750001 0.5234028328125 0.5701965390625 0.521180290625 0.5664795375 0.5244917 0.5709055875 0.53086319375
1 0.6159979109375 0.5910135140625 0.579122565625 0.5387554015625 0.5808189109375 0.5258443359375 0.5778773265625 0.522376071875 0.5762980171875001 0.5222656359375 0.5729023703125 0.52529075625 0.5717120703125 0.5423128453125 0.5747109499999999 0.5449617546875001 0.586851615625 0.5645421734375 0.59058285625 0.5680656546875 0.6123293671875001 0.598084896875 0.6129485703124999 0.6005776953125 0.6168502609375001 0.601663596875 0.6202359125 0.5986377765625 0.6197291515625001 0.5945369953124999 0.6159979109375 0.5910135140625
1 0.56846175625 0.679720628125 0.56507610625 0.682746446875 0.5663718046875 0.6869126890625 0.5893086171874999 0.69990984375 0.6462559703124999 0.7266990859375 0.6486349312499999 0.7268654390625 0.652019865625 0.7238498609375 0.6507241640625 0.719683621875 0.64766870625 0.717843825 0.5968215578125 0.694743715625 0.5723627296875 0.680816771875 0.56846175625 0.679720628125
0 0.59215495625 0.26950141875 0.596775996875 0.2755263265625 0.604042821875 0.2760344734375 0.6108283265625001 0.273658075 0.6129049203125 0.26881165937499996 0.6104340625 0.264357403125 0.6044411984375 0.262867971875 0.5971684859375 0.25985845625000004 0.5896309750000001 0.2630776734375 0.59215495625 0.26950141875
0 0.59852675625 0.404762034375 0.59072459375 0.406882084375 0.588842275 0.4113921578125 0.5937320749999999 0.4160155625 0.59747253125 0.41983815625 0.603573015625 0.4222305171875 0.6104342890625001 0.4260963765625 0.6173938265625 0.4212311890625 0.60852295 0.40617118437500005 0.605953259375 0.403130315625 0.59852675625 0.404762034375
1 0.6936842671875 0.33256899687499997 0.690752678125 0.32910143281250004 0.6749295937500001 0.327994975 0.6216491453125 0.32834487968750004 0.5964501984374999 0.3363499171875 0.59306455 0.3393757375 0.5929513921875 0.34099396249999997 0.5958829796875 0.344461525 0.5982519453124999 0.344627178125 0.6226619515625 0.3365566828125 0.6553240921875 0.3355883671875 0.690186175 0.33720279999999997 0.693571109375 0.334187221875 0.6936842671875 0.33256899687499997
2 0.6165445921875 0.41269118593750004 0.613613003125 0.4092236234375 0.5487513484375001 0.4046880546875 0.4852985515625 0.4027005015625 0.4781250828125 0.40301195156249997 0.47473015468749996 0.40602683125 0.47461628125 0.40765529687499996 0.47755857968750004 0.41111331875 0.48467547031249997 0.41161097968749993 0.49823275312500004 0.410932859375 0.5489737859375 0.41285488125 0.613045784375 0.41733523124999994 0.616431434375 0.4143094109375 0.6165445921875 0.41269118593750004
1 0.611290621875 0.4082481578125 0.6062690828124999 0.41197265312500003 0.606155925 0.41359087812500006 0.6090875140625001 0.4170584421875 0.6114664750000001 0.4172247953125 0.706386634375 0.38965161406250004 0.7114181687500001 0.38592781875000004 0.7115313265625 0.38430959374999996 0.7085997374999999 0.380842028125 0.7062207765624999 0.380675675 0.611290621875 0.4082481578125
1 0.5977057609374999 0.26151187187499997 0.5943201109375 0.2645376921875 0.5942069531249999 0.2661559171875 0.5971392578125 0.2696132390625 0.6165238453125 0.276670515625 0.6955627015625 0.2830105203125 0.71381133125 0.28347351875000004 0.7172062593749999 0.280458640625 0.7173201328125 0.2788301734375 0.714377834375 0.2753721515625 0.6178800046874999 0.268624365625 0.5977057609374999 0.26151187187499997