2 0.5869802 0.5157985046875 0.58730506875 0.5141272 0.584674415625 0.5101359703125 0.5543558046875 0.504242628125 0.5053578375 0.49819827187500004 0.4868429703125 0.49720102656250004 0.46013167343749994 0.49027442343749994 0.4561974328125 0.49298956875 0.4558725640625 0.49466087343750004 0.4585052734375 0.49864152500000003 0.48603253593750007 0.5057377140625 0.504549459375 0.5067243828125 0.5527273484374999 0.512620309375 0.5830459593749999 0.5185136499999999 0.5869802 0.5157985046875
1 0.61893859375 0.644498096875 0.5907395359375001 0.632067965625 0.5594166734375 0.6138162921875 0.5576123421875 0.6099966609374999 0.5529873359375 0.5856386234375 0.54922209375 0.58317228125 0.545289909375 0.58587685 0.544962984375 0.58755873125 0.549590046875 0.611906190625 0.5510674515625 0.6174077046875001 0.5531966515625 0.6195560328124999 0.585175103125 0.6388023656249999 0.60780008125 0.6492817796875 0.6173101375 0.6528757765625001 0.6212340234375 0.6501586203125 0.6215588921874999 0.648487315625 0.61893859375 0.644498096875
1 0.7474320062500001 0.19342222656250002 0.7467764156250001 0.1924275671875 0.7490622 0.189402971875 0.746441903125 0.18541375625 0.744795503125 0.185093728125 0.6671797921875 0.21692481406250003 0.6342819125 0.2374580453125 0.6313301874999999 0.23948596718749998 0.629860371875 0.242680146875 0.632493078125 0.24666079999999999 0.6359276031250001 0.2464611765625 0.671779265625 0.2238894453125 0.70878140625 0.20850111093749998 0.71042780625 0.20882113906250002 0.745795959375 0.1931042125 0.7474320062500001 0.19342222656250002
1 0.6317362375 0.6617505125 0.6301001921875 0.661432496875 0.5903850234375 0.616367025 0.56530218125 0.601062740625 0.5531497703125 0.5848029718750001 0.54922209375 0.58317228125 0.545289909375 0.58587685 0.5462741609374999 0.5895480531249999 0.5452937046875 0.590224696875 0.5579334171875 0.6039775078125 0.5597377484375 0.6077971390625 0.58483094375 0.6231034359375001 0.6238781140625 0.667182815625 0.6278161484375 0.66881551875 0.63174003125 0.6660983609375 0.630753725 0.6624377359375 0.6317362375 0.6617505125
3 0.5121216859375 0.533389753125 0.5106577203125 0.540921203125 0.5095500078125 0.5685120203125 0.4808846203125 0.6984578953125 0.4843353515625 0.7025975546875001 0.4877802296875 0.702399946875 0.4907216015625 0.7003700109375 0.5149950921875 0.5930184875 0.5195494234375 0.5695884828125 0.5206571359375001 0.5419976656250001 0.5310886765625 0.5058015203124999 0.534983625 0.4770290109375 0.5447461375 0.42680524062499997 0.555005596875 0.3827596296875 0.5649698359374999 0.357757571875 0.5667586703125 0.34855481718750003 0.5802126640624999 0.23997839999999998 0.5916312234375 0.198759775 0.606971609375 0.1548345703125 0.607948271875 0.149810078125 0.6059711515624999 0.146824084375 0.6028635515625 0.14534182499999998 0.5981112890625 0.1478979625 0.5963166046875 0.15276344687500001 0.5819566765624999 0.19601200624999998 0.570375684375 0.23806628437500002 0.5567696078125 0.3474803671875 0.5553056421875 0.35501181718749997 0.5453434609375 0.380003296875 0.5412705828125 0.396589071875 0.5251569984375 0.4751189078125 0.52126205 0.5038914171875 0.5121216859375 0.533389753125
2 0.6343929078125 0.32434497812499996 0.6347177765625001 0.32267367343750003 0.6320974781250001 0.3186844546875 0.621442475 0.3166133328125 0.566870428125 0.30861825781249996 0.5350840578125 0.30590851875 0.50526239375 0.3061933375 0.501338509375 0.30891049531250003 0.501013640625 0.3105818 0.5036339375 0.31457101875000004 0.5060983609374999 0.315050053125 0.527556653125 0.31400678593750003 0.5660620515625 0.3171443671875 0.630469021875 0.3270621359375 0.6343929078125 0.32434497812499996
1 0.6212169000000001 0.39649703125 0.62089203125 0.3981683359375 0.6612310328125 0.5450071890625 0.6628832828125 0.5496644859375001 0.6666485265625 0.5521308281249999 0.6705807109374999 0.5494262609375 0.6709055796875 0.54775495625 0.630566578125 0.400916103125 0.6289267374999999 0.396250240625 0.6251511375 0.3937818859375 0.6212169000000001 0.39649703125
1 0.6651012125 0.37201778281250003 0.660188571875 0.37539899375 0.6305762234375 0.4096012203125 0.57409773125 0.44640819218749994 0.572629971875 0.44959179374999997 0.5752606234375001 0.45358302500000003 0.578695146875 0.45338340156249995 0.6351736390625 0.41657643125000005 0.6690347421875 0.377985740625 0.6693596109375 0.3763144359375 0.66673725625 0.37233579687499996 0.6651012125 0.37201778281250003
1 0.5357815359375 0.704781665625 0.552950046875 0.6777110703125 0.55343735 0.6752041140625 0.5508170515625 0.6712148953125 0.549170653125 0.67089486875 0.5463896609375001 0.672099728125 0.5416432484375 0.678993134375 0.52922320625 0.6991597453125 0.522030315625 0.714271825 0.5016231546875 0.7624264859375 0.5011358515625 0.7649334421875 0.5037561484374999 0.768922659375 0.50539219375 0.769240675 0.5093264328125 0.7665255296875 0.52271349375 0.7326493109375 0.5357815359375 0.704781665625
1 0.7019267140625 0.4712556296875 0.692918109375 0.46950453437500006 0.586896084375 0.45497750156250005 0.5808250562499999 0.446848625 0.5768870234375 0.44521592187500003 0.572954840625 0.4479204890625 0.5739494453125 0.4515937046875 0.572958634375 0.4522683359375 0.5746050359375 0.45258836406249997 0.58133165 0.46171190156249997 0.583623284375 0.46302457812500003 0.691129275 0.4787072890625 0.7003003140625 0.47962273125 0.7042324984375 0.4769181640625 0.7045594234375 0.47523628125000006 0.7019267140625 0.4712556296875
2 0.64722855 0.2408418421875 0.6324730781250001 0.2379736703125 0.5441499515625 0.2242742984375 0.5300642156250001 0.22675064531250003 0.526129978125 0.229465790625 0.525805109375 0.23113709531249998 0.5284357609375 0.2351283265625 0.5308898281250001 0.23560534843749997 0.5441575390625 0.23296999375 0.64560215 0.2492089453125 0.6495239796875001 0.246502365625 0.6498509046875001 0.24482048281250002 0.64722855 0.2408418421875
0 0.556112121875 0.684275546875 0.5605233484375 0.6760106593749999 0.5679299015625 0.6704137375 0.56338005 0.6680034578125 0.5573465843750001 0.66930061875 0.5524361125 0.6696853796875 0.5418224890625 0.6706630828125 0.5383468765625 0.6741699390625 0.5417641328125 0.6795874656249999 0.5430239609374999 0.6864847468749999 0.5447122578125 0.6902379140625 0.547550209375 0.6928862687499999 0.5531728984375001 0.6878976453125001 0.556112121875 0.684275546875
0 0.6225907953125 0.3145202796875 0.613119321875 0.3134366625 0.6049357234375 0.312416765625 0.6011119015624999 0.3187101 0.6065343640624999 0.3233757328125 0.612819878125 0.32935079218749996 0.6178532671875 0.3341383953125 0.6229755203125 0.332664109375 0.628721590625 0.334725103125 0.633626153125 0.3314960078125 0.631783371875 0.323727959375 0.6281610359375 0.3213003734375 0.6225907953125 0.3145202796875
2 0.58575319375 0.45648979843750004 0.5896750203125001 0.4537832203125 0.5900019453125 0.4521013359375 0.5873795937499999 0.44812269687499995 0.54853138125 0.43795871406250003 0.5272317281250001 0.4338184796875 0.50904173125 0.43114992812499997 0.4929788765625 0.430640284375 0.46429631093749996 0.42506495781250003 0.46037448281250004 0.42777153749999997 0.46004755781249995 0.4294534203125 0.4626699109375 0.433432059375 0.4913524765625 0.4390073859375 0.5074132765625 0.43952760937499996 0.525603271875 0.44219616093749997 0.546902925 0.44633639374999995 0.58575319375 0.45648979843750004
0 0.562807071875 0.5885792765625 0.557813284375 0.58552285 0.55060841875 0.58715216875 0.544965615625 0.5864395328125 0.544552146875 0.59149665625 0.5484255296875 0.5973870609375 0.5469939265625 0.602817109375 0.5493060437499999 0.6101055546875 0.55432808125 0.611081740625 0.5594218828125 0.60693438125 0.5638870171875 0.5925874296875 0.562807071875 0.5885792765625
1 0.740888796875 0.3233320859375 0.7448230359375 0.3206169421875 0.7451479062499999 0.31894563593749997 0.742517253125 0.3149544046875 0.7400631843750001 0.3144773828125 0.6309583828124999 0.32454459999999996 0.62619853125 0.3184050421875 0.622260496875 0.316772340625 0.6183366140625 0.31948949843749996 0.6180117453125 0.321160803125 0.619322921875 0.32315012187500003 0.6183404078125 0.32383734531249997 0.6199764546875 0.324155359375 0.62539189375 0.331289578125 0.63014795 0.3330812875 0.740888796875 0.3233320859375
1 0.6359895515625 0.5348864046874999 0.6113998625 0.521412434375 0.5876357875 0.516793165625 0.5764838343750001 0.5085438812499999 0.5725495953124999 0.5112590265625 0.5733714125 0.5157658828125 0.58436093125 0.52485081875 0.60812500625 0.5294700859375 0.6396123609375 0.5468755296875 0.6728999328125 0.5681217625 0.675354 0.568598784375 0.679288240625 0.5658836390624999 0.679613109375 0.564212334375 0.6755088453125 0.5590674359375 0.6359895515625 0.5348864046874999
2 0.5072680187499999 0.5758844625 0.47661868749999997 0.56732515625 0.4480947609375 0.55656633125 0.4441625796875 0.559270896875 0.4438356546875 0.5609527812499999 0.4464683625 0.5649334328125 0.474174265625 0.5755332531249999 0.50564161875 0.584251565625 0.537596278125 0.590462921875 0.5656232546875 0.5950435875 0.569545084375 0.5923370078125 0.569872009375 0.5906551265625 0.5672496546875 0.5866764843750001 0.5072680187499999 0.5758844625
2 0.560643678125 0.6731249984375001 0.501815290625 0.660822690625 0.452143790625 0.645085965625 0.436739290625 0.6368772984375 0.4328050515625 0.63959244375 0.43248018281249995 0.6412637484375 0.435110834375 0.645254978125 0.455271390625 0.6552553578125 0.47871059843749997 0.6615459296874999 0.500186834375 0.6692003718749999 0.531161034375 0.6760883734375 0.5590152234375 0.681502678125 0.5629494625 0.678787534375 0.5632743312499999 0.6771162296875 0.560643678125 0.6731249984375001
0 0.5568268609375 0.4421070046875 0.559926215625 0.44822018906250005 0.569377140625 0.45709387343749996 0.5759767078125 0.45951836406249996 0.5832283421875 0.46339788750000005 0.589033765625 0.4603439 0.586006175 0.44910717343749995 0.5787781421875 0.4412364078125 0.5695621640625 0.4407732875 0.5568268609375 0.4421070046875
0 0.5707321453125 0.516131065625 0.5727584593749999 0.5248898343749999 0.5840383578125 0.528224090625 0.5863206046875 0.5241120296874999 0.585080728125 0.5151219140625 0.582777371875 0.5097233125 0.5712277328125 0.5059524093750001 0.5669211671875 0.508924509375 0.5707321453125 0.516131065625
1 0.610166240625 0.5845899515624999 0.578309903125 0.5254090703125 0.5817309875000001 0.5121764828125001 0.5791003375 0.508185253125 0.577464290625 0.5078672375 0.573530053125 0.5105823828125 0.5701127625 0.5281628171875 0.5729079046875001 0.5313078171875001 0.583092840625 0.553266709375 0.5865415140625 0.5574169484375 0.6054301843750001 0.5914853718749999 0.6057588484374999 0.5941619140625 0.60969688125 0.5957946171875 0.613620765625 0.593077459375 0.613614915625 0.5887401890625 0.610166240625 0.5845899515624999
1 0.549170653125 0.67089486875 0.54524676875 0.6736120265625 0.5460685859375001 0.67811888125 0.568374546875 0.69460686875 0.6244553828125 0.7298341296874999 0.6269198046875 0.7303131656249999 0.6308416343750001 0.7276065859374999 0.630019815625 0.72309973125 0.627062240625 0.7207903828125 0.5768841453125 0.6901903828125 0.5531066296875 0.6725381484375 0.549170653125 0.67089486875
0 0.62630868125 0.24657838437500001 0.630367653125 0.25344893125 0.6378955328125 0.254912203125 0.6452888390625 0.253308534375 0.648077428125 0.24852646875 0.646064521875 0.24356853906249998 0.639993046875 0.24124669999999998 0.6327784234375 0.23717677343750002 0.6244917562500001 0.23956183593749997 0.62630868125 0.24657838437500001
0 0.61569445 0.38831012187499997 0.6072716171875 0.389516075 0.604728965625 0.393972709375 0.6092477140625 0.39941772656249996 0.612667825 0.40388075937499995 0.6187364468750001 0.40715709375 0.6254118296875 0.41206627031250004 0.6333047765625001 0.4078921765625 0.6259590687500001 0.3910628125 0.623662415625 0.3875646296875 0.61569445 0.38831012187499997
1 0.724338640625 0.3253293984375 0.7217183421875 0.32134018124999997 0.7053268265625 0.31815399375000003 0.6496118875 0.311671215625 0.622260496875 0.316772340625 0.6183366140625 0.31948949843749996 0.6180117453125 0.321160803125 0.6206320421875 0.3251500203125 0.623086109375 0.3256270421875 0.6496215328125 0.3203563328125 0.6838723265625 0.32354510625 0.7200919421875 0.3297072828125 0.7240137718749999 0.327000703125 0.724338640625 0.3253293984375
2 0.6335079484375 0.39888616875 0.6308876531250001 0.3948969515625 0.5636958921875 0.3818361953125 0.4976508203125 0.37161099062499997 0.49011582656249997 0.37101356406249997 0.48618364375 0.37371812968749996 0.48585671875 0.3754000125 0.48848942656250005 0.379380665625 0.4958619859375 0.3808137453125 0.5101139484375 0.38184959375 0.562885459375 0.39037288281250004 0.629259196875 0.40327463124999996 0.6331830796875 0.40055747343750003 0.6335079484375 0.39888616875
1 0.6285856640625 0.3935822625 0.6228633 0.3968170578125 0.62253843125 0.3984883625 0.625158728125 0.40247758125 0.62762315 0.40295661562499996 0.730321703125 0.3864298140625 0.736054421875 0.38319703125000004 0.736379290625 0.3815257265625 0.73375899375 0.37753650781250003 0.731294571875 0.37705747343749996 0.6285856640625 0.3935822625
1 0.6331286671874999 0.23896832968749998 0.6292047828125 0.2416854875 0.6288799140625 0.24335679062499999 0.6315022671875 0.2473354328125 0.6508551546875 0.2571788140625 0.7326295968750001 0.2739413828125 0.7516376171875 0.276768940625 0.7555698 0.2740643734375 0.755896725 0.272382490625 0.7532640171875 0.2684018390625 0.6532995765625 0.2489707203125 0.6331286671874999 0.23896832968749998