0 0.5835839843749999 0.28434854375 0.5862402343750001 0.291324903125 0.600419921875 0.292078065625 0.611494140625 0.28808686093749997 0.615029296875 0.2793567890625 0.609716796875 0.2658933484375 0.598642578125 0.2641506328125 0.5880078125 0.269389775 0.582255859375 0.276866409375 0.5835839843749999 0.28434854375
0 0.5880078125 0.632715778125 0.5862402343750001 0.6401979109375 0.5853515625 0.6461847171875 0.589794921875 0.6526663 0.59421875 0.6539142390625 0.597763671875 0.6484277078125 0.608388671875 0.6441891156249999 0.6163671875000001 0.6416932375 0.6163671875000001 0.632715778125 0.6234472656250001 0.6337218250000001 0.628759765625 0.6314733375 0.6216796875 0.6262396921875 0.614150390625 0.6257394171875 0.600419921875 0.628730071875 0.5880078125 0.632715778125
1 0.5927050781250001 0.295547003125 0.63125 0.3225233640625 0.635419921875 0.32662451875 0.636455078125 0.32604178125 0.640625 0.3272127546875 0.644794921875 0.32486531093750004 0.64375 0.32193512968750004 0.640625 0.32076415625 0.603125 0.2937877953125 0.597919921875 0.2709180875 0.59375 0.26857064375 0.591669921875 0.26857064375 0.5875 0.2709180875 0.5875 0.27384826875 0.5927050781250001 0.295547003125
1 0.586455078125 0.38937328125000004 0.586455078125 0.391132490625 0.590625 0.3934744359375 0.595830078125 0.3923034640625 0.597919921875 0.3899560203125 0.6375 0.33190214375 0.6375 0.3301429359375 0.633330078125 0.3278009890625 0.63125 0.3278009890625 0.628125 0.3289719625 0.6260449218749999 0.33131940625 0.586455078125 0.38937328125000004
1 0.598955078125 0.27384826875 0.598955078125 0.27502473906249997 0.603125 0.277366684375 0.619794921875 0.277366684375 0.660419921875 0.2568444203125 0.661455078125 0.2544969765625 0.6572949218749999 0.25215502968750003 0.654169921875 0.25215502968750003 0.616669921875 0.271506321875 0.603125 0.271506321875 0.598955078125 0.27384826875
0 0.619462890625 0.16865310625000002 0.6292089843750001 0.16217152343750002 0.6309765625 0.1551841671875 0.62123046875 0.151451346875 0.61193359375 0.15045079687500001 0.596875 0.15294667343749999 0.59642578125 0.1601759203125 0.6052929687499999 0.1679054421875 0.619462890625 0.16865310625000002
0 0.5654296875 0.5210170421875 0.5654296875 0.5269983500000001 0.5707421874999999 0.53198460625 0.57693359375 0.5269983500000001 0.584912109375 0.5255030234375 0.590224609375 0.5220175921875 0.600869140625 0.5220175921875 0.6075 0.5215173171874999 0.6123730468749999 0.5192688296875 0.61326171875 0.514535459375 0.600869140625 0.5120395828125 0.58580078125 0.514535459375 0.5756152343750001 0.5165255640625 0.5654296875 0.5210170421875
1 0.605205078125 0.62920835625 0.586455078125 0.6438702578125 0.5375 0.662633315625 0.535419921875 0.662633315625 0.536455078125 0.66322155 0.534375 0.66556899375 0.538544921875 0.667910940625 0.54375 0.6673282015625001 0.544794921875 0.66615173125 0.567705078125 0.657355690625 0.59375 0.647388675 0.595830078125 0.647388675 0.595830078125 0.6462177015624999 0.611455078125 0.6333150078124999 0.613544921875 0.6327267734375 0.614580078125 0.6297965921875 0.6104199218749999 0.6274491484375 0.6083300781250001 0.6274491484375 0.60625 0.62862561875 0.605205078125 0.6280373828125 0.605205078125 0.62920835625
1 0.488544921875 0.5441836171875 0.49270507812500003 0.5465255640625 0.497919921875 0.545942825 0.6 0.521313909375 0.6083300781250001 0.5189664656249999 0.6104199218749999 0.5172072562500001 0.6104199218749999 0.5160362843749999 0.60625 0.513688840625 0.604169921875 0.513688840625 0.498955078125 0.5389059921875 0.490625 0.5412479390625 0.488544921875 0.5441836171875
2 0.4625 0.2603628375 0.5458300781250001 0.2627102796875 0.609375 0.27912589374999996 0.614580078125 0.279714128125 0.61875 0.277366684375 0.616669921875 0.274436503125 0.546875 0.2568444203125 0.4625 0.2544969765625 0.45833007812500004 0.2568444203125 0.45833007812500004 0.25801539375 0.4625 0.2603628375
1 0.620830078125 0.1864760859375 0.625 0.1888235296875 0.627080078125 0.1888235296875 0.63125 0.1864760859375 0.629169921875 0.1794392515625 0.620830078125 0.1600879609375 0.616669921875 0.15774051718749998 0.614580078125 0.15774051718749998 0.6104199218749999 0.1600879609375 0.6125 0.16712479375 0.620830078125 0.1864760859375
1 0.589580078125 0.44742715781250003 0.59375 0.44976910312499996 0.595830078125 0.44976910312499996 0.6 0.44742715781250003 0.597919921875 0.3999285328125 0.596875 0.3899560203125 0.5927050781250001 0.3876140734375 0.590625 0.3876140734375 0.586455078125 0.3899560203125 0.588544921875 0.4374546453125 0.589580078125 0.44742715781250003
0 0.589345703125 0.400285871875 0.603955078125 0.4017866953125 0.611982421875 0.3960582734375 0.6052929687499999 0.387075315625 0.59642578125 0.3835843875 0.58580078125 0.38532710312499996 0.587568359375 0.39380428749999996 0.589345703125 0.400285871875
2 0.455205078125 0.391132490625 0.46875 0.391715228125 0.515625 0.3928916984375 0.611455078125 0.3934744359375 0.615625 0.391132490625 0.615625 0.3899560203125 0.611455078125 0.3876140734375 0.515625 0.3870258390625 0.455205078125 0.3852666296875 0.451044921875 0.3876140734375 0.451044921875 0.388785046875 0.455205078125 0.391132490625
3 0.5302050781250001 0.1729906546875 0.558330078125 0.250978559375 0.542705078125 0.3178284765625 0.533330078125 0.396410115625 0.533330078125 0.407548103125 0.542705078125 0.529521715625 0.571875 0.5910940078125 0.554169921875 0.677883453125 0.554169921875 0.68140186875 0.557294921875 0.683161078125 0.5614550781250001 0.683743815625 0.566669921875 0.68140186875 0.567705078125 0.6772952171875 0.584375 0.590505771875 0.555205078125 0.5289334796875 0.5458300781250001 0.396410115625 0.555205078125 0.31841671250000003 0.570830078125 0.250395821875 0.541669921875 0.170054975 0.504169921875 0.11669598750000001 0.5010449218749999 0.114936778125 0.496875 0.11434854375 0.49166992187499997 0.11669598750000001 0.49166992187499997 0.1190379328125 0.5302050781250001 0.1729906546875
1 0.5947949218749999 0.6309675640625 0.5947949218749999 0.6321440359375 0.598955078125 0.63448598125 0.605205078125 0.6327267734375 0.615625 0.61865310625 0.627080078125 0.5940241890625 0.627080078125 0.59226498125 0.622919921875 0.589923034375 0.620830078125 0.589923034375 0.616669921875 0.59226498125 0.60625 0.615722925 0.5947949218749999 0.6309675640625
2 0.464580078125 0.1641946125 0.46875 0.1665365578125 0.470830078125 0.1665365578125 0.498955078125 0.15832875156249998 0.621875 0.1641946125 0.629169921875 0.1641946125 0.633330078125 0.16184716875 0.633330078125 0.1606761953125 0.629169921875 0.15832875156249998 0.620830078125 0.15774051718749998 0.496875 0.1524628921875 0.469794921875 0.1600879609375 0.466669921875 0.1612589328125 0.464580078125 0.1641946125
2 0.4625 0.5154480484375 0.521875 0.5201374375000001 0.6125 0.5195547 0.616669921875 0.5172072562500001 0.616669921875 0.5160362843749999 0.6125 0.513688840625 0.521875 0.5142770750000001 0.4625 0.5095821875000001 0.45833007812500004 0.51192963125 0.45833007812500004 0.5131006046875 0.4625 0.5154480484375
2 0.510419921875 0.6303848265625 0.5635449218749999 0.6362451890624999 0.619794921875 0.6333150078124999 0.6260449218749999 0.6327267734375 0.630205078125 0.6303848265625 0.630205078125 0.62920835625 0.6260449218749999 0.626866409375 0.564580078125 0.6303848265625 0.510419921875 0.6245189671875 0.50625 0.626866409375 0.50625 0.6280373828125 0.510419921875 0.6303848265625
1 0.584375 0.5172072562500001 0.588544921875 0.5195547 0.595830078125 0.5195547 0.644794921875 0.5172072562500001 0.648955078125 0.5148598125 0.648955078125 0.513688840625 0.644794921875 0.511341396875 0.6375 0.511341396875 0.588544921875 0.513688840625 0.584375 0.5160362843749999 0.584375 0.5172072562500001
1 0.609375 0.159499725 0.6104199218749999 0.1612589328125 0.614580078125 0.16360637656250002 0.616669921875 0.16360637656250002 0.620830078125 0.1612589328125 0.616669921875 0.1495327109375 0.601044921875 0.1131775703125 0.6 0.11141836249999999 0.595830078125 0.10907091875 0.59375 0.10907091875 0.589580078125 0.11141836249999999 0.5927050781250001 0.120797140625 0.609375 0.159499725