2 0.38541461093749996 0.20782778125 0.381071509375 0.20581747031250003 0.36891048125000003 0.2084023765625 0.2369259125 0.2408607359375 0.1754236390625 0.259816278125 0.1708841578125 0.261512553125 0.1677459453125 0.265121015625 0.168045040625 0.26652814999999996 0.1723780171875 0.2685406125 0.17706623906250002 0.2675441 0.23935295937499998 0.24769838906250002 0.38256536875 0.212845528125 0.38571370625 0.2092349140625 0.38541461093749996 0.20782778125
1 0.38950637499999996 0.535379003125 0.3863564203125 0.5389820125 0.3991377734375 0.589902359375 0.4166416328125 0.6354067828125001 0.420976225 0.637426853125 0.4228494890625 0.637028678125 0.42599782656249996 0.6334180625 0.425250896875 0.6299040328125 0.40849396718750003 0.5879136390624999 0.395722740625 0.5369911390625 0.3913796390625 0.5349808281249999 0.38950637499999996 0.535379003125
0 0.3556915421875 0.13037887343750001 0.366870546875 0.1304432828125 0.37148191875 0.1216166796875 0.3813789421875 0.11734271562500001 0.37767706875 0.108391103125 0.36673240156250003 0.10773630000000001 0.3521703 0.11381273437499999 0.347049746875 0.12193668906249999 0.3556915421875 0.13037887343750001
1 0.41609136874999997 0.3291475078125 0.41358563125 0.3311508265625 0.411678084375 0.33596841093749996 0.38525384687500003 0.4187296359375 0.3850590828125 0.42244382968750005 0.389402184375 0.424454140625 0.393782803125 0.422060253125 0.39569035 0.41724266875 0.4221145875 0.33448144218750003 0.422309353125 0.3307672484375 0.4179646328125 0.3287493328125 0.41609136874999997 0.3291475078125
1 0.38297891562499997 0.30680342031249996 0.37815046093750004 0.3070904125 0.3750021234375 0.310701028125 0.3766907484375 0.31401489374999997 0.393449565625 0.31926899375 0.44450332187499997 0.3385388671875 0.4489866546875 0.3412586984375 0.45381510625 0.340971709375 0.45696344375000003 0.33736109375 0.45528494531249997 0.334045075 0.438516003125 0.328793128125 0.387472371875 0.309521103125 0.38297891562499997 0.30680342031249996
1 0.3758191109375 0.1488926203125 0.40185193124999996 0.11029607500000001 0.40435766875 0.10829275625000001 0.40455243281250003 0.10457856406249999 0.400207715625 0.102560646875 0.39833445156249997 0.1029588203125 0.3967602828125 0.104764128125 0.3956799734375 0.10426237499999999 0.39297947031249997 0.10997988750000001 0.36665768125 0.1471671484375 0.36374865 0.21170164374999997 0.36419648437499996 0.21380854062500002 0.3685310765625 0.215828609375 0.370404340625 0.21543043437499998 0.373552678125 0.2118198203125 0.37388767343749996 0.2088151484375 0.3758191109375 0.1488926203125
1 0.402781728125 0.478188753125 0.3989993 0.48339690781250005 0.38620768125 0.5382822484374999 0.386655515625 0.5403891453125 0.391000234375 0.5424070624999999 0.3928734984375 0.5420088875 0.3966543109375 0.536793128125 0.3997701171875 0.519237578125 0.40943741874999995 0.48191754531250003 0.40898796718749997 0.4798030421875 0.4046549921875 0.47779057812500003 0.402781728125 0.478188753125
2 0.44298569062500004 0.6305385593749999 0.43924928906250005 0.63133275625 0.3845974734375 0.650302896875 0.3092782140625 0.6641024640625 0.29883158593750003 0.665591584375 0.2705442140625 0.6613172453125 0.267395878125 0.6649278609375 0.2676949734375 0.6663349937499999 0.27312 0.6688546640624999 0.29846230625 0.673015665625 0.310773690625 0.6711381281250001 0.387022903125 0.65713294375 0.44089350468750005 0.639068184375 0.44448116718749997 0.6375742234375 0.4476295046875 0.6339636093750001 0.447330409375 0.632556475 0.44298569062500004 0.6305385593749999
0 0.361718721875 0.20623438749999998 0.354616409375 0.2118063640625 0.3606573234375 0.2164767078125 0.3677149875 0.2225447359375 0.377940721875 0.2214603078125 0.382131334375 0.2192181046875 0.38186914375000003 0.20439186406249998 0.3762649046875 0.1966475375 0.3631072140625 0.19917400000000002 0.361718721875 0.20623438749999998
2 0.2164327015625 0.44358734687499995 0.2132944890625 0.447195809375 0.213593584375 0.4486029421875 0.21792817812499998 0.4506230109375 0.22462827812500002 0.449930240625 0.3498066640625 0.4314076703125 0.41466593593749995 0.4190841640625 0.4178158890625 0.41548115625 0.41751679375000006 0.41407402343750005 0.413172075 0.41205610625 0.330381628125 0.427451671875 0.2164327015625 0.44358734687499995
1 0.3588073609375 0.1194454796875 0.3631419546875 0.12146555 0.36501521875 0.121067375 0.3681635546875 0.117456759375 0.36289914687499997 0.0972703578125 0.3676234046875 0.073490090625 0.3936460984375 0.0348956984375 0.42872556250000005 0.0039795515625 0.4128924859375 0.007344976562499999 0.38949614375 0.029163589062500002 0.3835429734375 0.0333703875 0.3609575859375 0.0697634515625 0.3584518484375 0.07176677031249999 0.35338246875 0.0985538609375 0.3588073609375 0.1194454796875
1 0.40591981875 0.23065748125000002 0.37186405312500004 0.20850595312500003 0.371082840625 0.209411334375 0.3670372171875 0.2088005515625 0.3638973890625 0.2124014078125 0.36557750312500004 0.2157250328125 0.373174890625 0.219253659375 0.4016451484375 0.2381803 0.4024364875 0.23727276874999997 0.404608846875 0.2382817265625 0.43204495468750004 0.23392070937499998 0.4351831671875 0.230312246875 0.434884071875 0.22890511406249997 0.4305510953125 0.2268926515625 0.40591981875 0.23065748125000002
1 0.4301820625 0.6347307625 0.428318925 0.6351267843749999 0.4258030609375 0.6371322546875 0.4232614234375 0.643547378125 0.3991941859375 0.7236055234375 0.3996420203125 0.7257124187499999 0.4039867390625 0.7277303359375 0.40836574062500003 0.7253288421875 0.40964243125 0.7221240078125 0.4193081171875 0.6847963671875 0.4343421421875 0.6404607203125 0.43452678125000005 0.6367486796875 0.4301820625 0.6347307625
1 0.39281546093749997 0.583161290625 0.390942196875 0.5835594656249999 0.38780398437499997 0.587167928125 0.391460078125 0.5952070968750001 0.4167459625 0.640528109375 0.4181354921875 0.6424348421875 0.422470084375 0.6444549109375 0.4243433484375 0.6440567359375 0.4274916859375 0.6404461218749999 0.42382546718749997 0.6324091046875 0.3985395828125 0.5870880921875 0.397160178125 0.5851792078125 0.39281546093749997 0.583161290625
2 0.40322957343750004 0.3054324765625 0.40293047812499994 0.30402534375 0.398587375 0.30201503281250003 0.3873579171875 0.304401928125 0.22026116093749998 0.34653364999999997 0.2090317015625 0.3489205453125 0.177102134375 0.35056388125 0.1739521796875 0.354166890625 0.17425127499999998 0.355574025 0.181549565625 0.35769551875 0.20958386718750002 0.3561487671875 0.2217550203125 0.353561709375 0.388068946875 0.3123277625 0.4000812359375 0.3090430921875 0.40322957343750004 0.3054324765625
1 0.387908325 0.41742608125 0.38475998749999996 0.421036696875 0.3902191625 0.43750890625 0.3561170953125 0.5439468203125 0.3559324546875 0.5476588625 0.3602654328125 0.549671325 0.3646444328125 0.5472698312500001 0.3665637234375 0.5424577 0.39972409531249997 0.43621995 0.3941263078125 0.419045825 0.3897815890625 0.41702790624999997 0.387908325 0.41742608125
2 0.2951413484375 0.5561682875 0.2345809078125 0.556551715625 0.23143257031250003 0.56016233125 0.2317300484375 0.5615618578125 0.2360747671875 0.563579775 0.2956935140625 0.5633965109375 0.35215002812499996 0.552867015625 0.4141017515625 0.5360259765625 0.41723996406249997 0.5324175125 0.416942484375 0.531017984375 0.41260789062500003 0.5289979171875 0.35065616875 0.54583895625 0.2951413484375 0.5561682875
1 0.37096663125 0.22265650468749998 0.3703700578125 0.21984984531250001 0.3660253390625 0.217831928125 0.364152075 0.21823010312500002 0.36100373750000003 0.2218407171875 0.36081909843750004 0.22555275937500002 0.362485584375 0.2656072234375 0.38514965624999997 0.3078047734375 0.386530678125 0.309721265625 0.39087377968750003 0.3117315765625 0.39274704374999997 0.3113334015625 0.3958969984375 0.3077303921875 0.395447546875 0.305615890625 0.3716914234375 0.2629111328125 0.37096663125 0.22265650468749998
2 0.380623678125 0.11627898750000001 0.383772015625 0.112668371875 0.3834729203125 0.1112612390625 0.37912981874999996 0.109250928125 0.373520153125 0.1104433 0.3193488375 0.1270933203125 0.22292752500000002 0.15200042656249999 0.1662060640625 0.17507532812499998 0.1635515875 0.1763788828125 0.1604016328125 0.1799818921875 0.160700728125 0.181389025 0.165045446875 0.1834069421875 0.1678502796875 0.18281075625 0.2253529546875 0.1588304734375 0.321786009375 0.133928821875 0.380623678125 0.11627898750000001
0 0.387799609375 0.43399266406250003 0.4025947875 0.43409135781249997 0.41164088125 0.4156568765625 0.4050358125 0.4100252796875 0.39412007187500003 0.4061208203125 0.3766083171875 0.415248903125 0.3796637640625 0.4262379140625 0.387799609375 0.43399266406250003
0 0.42638184062500006 0.6341791125 0.4149283453125 0.63959479375 0.4134170703125 0.6477703984375001 0.4164000125 0.6549827796875001 0.423049921875 0.6608751374999999 0.4309639234375 0.66081471875 0.4345829734375 0.6540910859375 0.440998353125 0.648673071875 0.4422476296875 0.6375719906249999 0.4351104109375 0.6328723328125 0.42638184062500006 0.6341791125
0 0.4085642625 0.32321106093749996 0.41014370468749994 0.3204347578125 0.4075296265625 0.3115222203125 0.39549842812499997 0.3040628203125 0.3812802484375 0.3032929453125 0.3711937296875 0.308418065625 0.3613240125 0.3094347703125 0.3504070078125 0.3122958359375 0.351617940625 0.3179928234375 0.3672436015625 0.320355571875 0.37536463124999997 0.32296201875 0.3850826421875 0.32631018749999996 0.390544590625 0.32487097187499997 0.3998633546875 0.328033709375 0.4085642625 0.32321106093749996
1 0.3699223640625 0.11193941249999999 0.366784153125 0.11554787500000001 0.3693942203125 0.11866588281249998 0.41262167656250004 0.1241687796875 0.464273759375 0.12788096875 0.4670785921875 0.1272847828125 0.47022854687500004 0.1236817734375 0.4699294515625 0.12227464218749999 0.4635728546875 0.1199529828125 0.42404590000000003 0.11806769218749999 0.383772015625 0.112668371875 0.3699223640625 0.11193941249999999
0 0.40416947499999994 0.527039265625 0.38669302656250004 0.5322008578124999 0.38180247343749996 0.5413570937500001 0.382340771875 0.5507108515625 0.3881793484375 0.5578647828125 0.3955248609375 0.5584657828124999 0.4041418765625 0.5566341796875001 0.40356452656249997 0.550532228125 0.4050801375 0.5407339484375 0.40579761249999996 0.5373379375 0.4132964515625 0.5335816734375001 0.40416947499999994 0.527039265625
3 0.34771298125 0.6838524984375 0.3366800453125 0.5767292703125 0.3334958125 0.497320103125 0.30914136718749996 0.3827414453125 0.2920391890625 0.2746982375 0.2662370421875 0.1303056125 0.262799871875 0.1141349921875 0.2595472046875 0.11262428124999999 0.25565193750000004 0.1127208671875 0.2515704125 0.1165218875 0.2540760140625 0.13289051875 0.2808097296875 0.2770851328125 0.297911909375 0.3851283390625 0.32211761562499996 0.49900723437499994 0.3253002296875 0.5784087953125 0.3352887578125 0.6806184671875 0.3364835234375 0.6862393921875001 0.3417598109375 0.6880592984375 0.34534585624999997 0.6865577328125 0.34771298125 0.6838524984375