0 0.5224225546875 0.20535652187500003 0.5244907734375001 0.21360257031250002 0.5280038640625 0.221180396875 0.5439101546875 0.2209127375 0.555975475 0.2155931984375 0.5592451781250001 0.2055744140625 0.552257178125 0.1909647828125 0.5397444046875 0.18988543125 0.5282676093750001 0.19656328750000002 0.5224225546875 0.20535652187500003
0 0.5883152609375 0.599808275 0.5963066125 0.6003776734375 0.602068509375 0.5974532453125 0.5937472515625 0.59216596875 0.5852933124999999 0.5921961046875001 0.5701812312500001 0.596606646875 0.556620228125 0.6020246078125 0.5552286234375 0.6105125890624999 0.5547026125000001 0.61726314375 0.5601744046875 0.624149146875 0.5652159515624999 0.6251960796875 0.56874968125 0.6187962296875 0.580293640625 0.613235721875 0.589015828125 0.6098268609375 0.5883152609375 0.599808275
1 0.5470668265625 0.22260934062499999 0.5394648546874999 0.197494190625 0.534621278125 0.19520039843749998 0.5322965390625 0.19536295937499998 0.52781933125 0.198308525 0.5280479921875 0.2015785234375 0.5355585875 0.2253869 0.580742334375 0.2524793890625 0.5857227671875 0.256730271875 0.5868342046875 0.2559990546875 0.591585975 0.2569799390625 0.59606318125 0.254034375 0.59466669375 0.25084604062500004 0.59108275 0.249783490625 0.5470668265625 0.22260934062499999
1 0.58115418125 0.25836906718749997 0.57775299375 0.2599200625 0.575611440625 0.262702303125 0.5358953109375 0.3305827625 0.5360325921875 0.3325459890625 0.5408757421875 0.334833646875 0.5466016687499999 0.3331200875 0.5487541359375 0.3303370859375 0.5884593515625001 0.2624573875 0.5883220703125 0.2604941609375 0.5834789203125 0.2582065046875 0.58115418125 0.25836906718749997
1 0.5604661515625 0.1966853015625 0.5453280625 0.19774386093750002 0.540850428125 0.200683290625 0.5409422359375 0.2019961984375 0.545785384375 0.20428385468750002 0.5644160406250001 0.20298107187499997 0.608217909375 0.1769039078125 0.6091916359375 0.174203328125 0.6043594015625 0.17191490781250002 0.6008668359375 0.17215913124999999 0.5604661515625 0.1966853015625
0 0.5555613484374999 0.081685809375 0.5659479890625 0.0736908765625 0.567378203125 0.0657550515625 0.55619446875 0.0623510046875 0.5457260078124999 0.061960985937500004 0.5290909765625 0.06592316718749999 0.5291530625 0.0740259046875 0.5396664015625 0.0819588421875 0.5555613484374999 0.081685809375
0 0.5749983453125 0.47351690625 0.57562216875 0.4681651515625 0.56157719375 0.46634832656249997 0.5449312484375 0.4703112703125 0.5337029671875 0.47332818593750003 0.5226698843750001 0.4791365640625 0.52313664375 0.48581153125 0.5294631140625 0.4909608671875 0.5359936515625 0.48491248281250005 0.5447939171875 0.48262020625 0.5504592890625 0.478315384375 0.562355840625 0.47748349687499997 0.5697275890625 0.47640699218749993 0.5749983453125 0.47351690625
1 0.5109338109375 0.642715325 0.5358522734375 0.6311087296875 0.5641828359375001 0.617950375 0.5665075749999999 0.6177878125 0.566416196875 0.616481040625 0.5828721453125 0.6008608875 0.5851618953125 0.600041109375 0.5860901468749999 0.5966902125 0.5812574828125 0.59439565625 0.5789218296875001 0.59455898125 0.5766888984375 0.5960344484375 0.5754751671875 0.5954596578125 0.5755665453125001 0.5967664312500001 0.5557553125 0.614594034375 0.502506290625 0.639358984375 0.5001815515625 0.6395215453125 0.5013843671875 0.6400971 0.4992428140625 0.642879340625 0.5040859625 0.6451669984375 0.5098577921875 0.6441098937499999 0.5109338109375 0.642715325
1 0.56539491875 0.4679308875 0.449772453125 0.5042952171875 0.440645340625 0.507559771875 0.43854969062500004 0.510998465625 0.4433819265625 0.5132868875 0.44916466875000005 0.51222901875 0.5613295578125 0.47676613124999995 0.57045624375 0.4734954421875 0.5726546140625 0.4713688921875 0.5725632359375 0.47006211875000004 0.5677196578125 0.46776832500000004 0.56539491875 0.4679308875
2 0.3823580578125 0.1926975671875 0.3824494375 0.1940043390625 0.38729301562499996 0.19629813125 0.4806076453125 0.19240542656249998 0.5529077984375 0.2057586328125 0.55877100625 0.2060083 0.5632482125 0.203062734375 0.5606948125 0.19995529843749998 0.481317721875 0.18577763281249998 0.386835265625 0.1897520015625 0.3823580578125 0.1926975671875
1 0.5447863453124999 0.072834078125 0.5476602125000001 0.08052441875 0.5584801859375 0.10146889218749999 0.5633237640625001 0.1037626859375 0.565648503125 0.1036001234375 0.5701257078124999 0.10065455781249999 0.567251840625 0.092964215625 0.5564209546875001 0.07202050625 0.5515882890625 0.06972595000000001 0.5492526359375 0.069889275 0.5447863453124999 0.072834078125
1 0.5359407859374999 0.33123308125 0.5419830546875 0.38407684999999997 0.5439181859375 0.3951249859375 0.5487613359375 0.39741264374999996 0.551086075 0.39725008281249996 0.555563709375 0.3943106515625 0.549532353125 0.3414661203125 0.547586309375 0.33041874843749997 0.5427431609375 0.3281310890625 0.540418421875 0.3282936515625 0.5359407859374999 0.33123308125
0 0.556422375 0.34306811875 0.564946878125 0.336048015625 0.5567696078125 0.3265460859375 0.5465870328125 0.32334329687499996 0.53484830625 0.326118478125 0.5374853171875 0.33544063281250003 0.5399775124999999 0.34253499062500004 0.556422375 0.34306811875
2 0.3888870875 0.33625726562499997 0.3844207953125 0.3392020671875 0.3845121734375 0.3405088390625 0.38934483750000004 0.3428033953125 0.4045284015625 0.34239515625 0.4570086921875 0.34004470468750003 0.564155875 0.333205740625 0.568633509375 0.33026631093750003 0.5685417015625001 0.328953403125 0.563698553125 0.32666574531250003 0.45655094218750003 0.3334985734375 0.3888870875 0.33625726562499997
3 0.5226015734375 0.659001365625 0.5262314203125 0.6607203671875 0.5309263734375 0.6610455625 0.5365718359375 0.65802446875 0.5374082796875 0.653360665625 0.5492662078125 0.5552033703125 0.511860415625 0.48877015 0.4910410859375 0.341610578125 0.4954324671875 0.253839521875 0.5075871953125 0.17670905312500002 0.468727690625 0.08932990625000001 0.42265296562500004 0.0327135046875 0.4190231171875 0.030994503125 0.41431682187499996 0.030663934375 0.40868270312500005 0.033690399999999995 0.408865459375 0.0363039453125 0.45614342968750005 0.093502034375 0.4936624078125 0.17833626875 0.48141629999999996 0.25415996406249997 0.4770708234375 0.34258747343749996 0.47793999062500003 0.35501714687499997 0.4979360578125 0.49040350000000005 0.5353418484375 0.5568367203125 0.522327009375 0.6550749140625001 0.5226015734375 0.659001365625
1 0.58996369375 0.5517040265625 0.5854969718749999 0.55464269375 0.5756820203124999 0.581635415625 0.56406921875 0.5995432265625 0.5641610265625 0.6008561343750001 0.5689932609375 0.6031445546875001 0.575841109375 0.6006928828125 0.5863883765625 0.5841727421875 0.5972688640625 0.55579235 0.59713158125 0.5538291234375 0.592299346875 0.5515407015625 0.58996369375 0.5517040265625
2 0.56560445625 0.0694055078125 0.55623776875 0.06940082812500001 0.41729112500000004 0.073198446875 0.3876208921875 0.0838241578125 0.38421970625 0.085375153125 0.38211314218750003 0.08881461093750001 0.38695629062500003 0.09110226875 0.3892810296875 0.09093970625 0.42007361249999997 0.079582015625 0.5579092484375 0.07652174843750001 0.56606220625 0.07595163906249999 0.5705284984375 0.0730068359375 0.5704371187499999 0.0717000640625 0.56560445625 0.0694055078125
2 0.402263965625 0.477365290625 0.40235534375000004 0.4786720625 0.40719892187499995 0.4809658546875 0.47392361093749996 0.4815588234375 0.5751625390624999 0.4738260078125 0.5796397437499999 0.47088044375000004 0.579548365625 0.4695736703125 0.5747047890625 0.467279878125 0.47346629062499995 0.47501882812499996 0.406741171875 0.474419725 0.402263965625 0.477365290625
2 0.46926672343750003 0.598940825 0.46478951718749995 0.6018863921875 0.4648808953125 0.6031931625 0.4697244734375 0.60548695625 0.529555409375 0.6078751437500001 0.5921929312499999 0.6002091140625 0.5991321578125001 0.5990642140625 0.603598878125 0.5961255453125001 0.6035070703125001 0.5948126390625 0.5986748359375 0.5925242171875 0.5302550015625 0.60125425 0.46926672343750003 0.598940825
1 0.5479320890625 0.46915200781250005 0.543454884375 0.47209757343750003 0.5435462625 0.47340434687500005 0.5483898390624999 0.47569813749999995 0.556531884375 0.475128790625 0.611072834375 0.468682428125 0.615539128125 0.46573762500000004 0.61544775 0.464430853125 0.610615084375 0.4621362984375 0.602462128125 0.46270640781249994 0.5479320890625 0.46915200781250005
1 0.5244992484375001 0.0170407546875 0.522174509375 0.017203315625 0.5176973015625 0.0201488796875 0.521921753125 0.030371103125 0.5435726140625 0.0722592875 0.5448777234375 0.07414085000000001 0.5497103859375 0.07643540625 0.5520460390624999 0.07627208125 0.5565123328125 0.07332727812499999 0.5509477828125 0.060566275 0.530647934375 0.021216109375 0.529342825 0.0193345453125 0.5244992484375001 0.0170407546875