2 0.44363107656249995 0.21336533281249997 0.34512675000000004 0.21350423593749998 0.3257758890625 0.21519721718749998 0.27600089375 0.2210943796875 0.27220168125 0.2245032578125 0.2723356 0.2260339546875 0.2766697640625 0.22873959375 0.3457956203125 0.22114945156250002 0.44538036875 0.2216830625 0.450471540625 0.22123764218750003 0.4542810484375 0.21781952499999999 0.454147853125 0.2162971015625 0.44980267031250004 0.21359242812499998 0.44363107656249995 0.21336533281249997
1 0.538932146875 0.5872044609375 0.5345987078125 0.5845070953125 0.532560034375 0.58468545625 0.4644164375 0.6268564640625 0.462377765625 0.627034825 0.4634589125 0.6277156125000001 0.46168735468750005 0.6309470953125 0.4660325375 0.6336517703125 0.47105711093749997 0.6324451375 0.4719480390625 0.6308247765624999 0.53621408125 0.5912941265625 0.5382527546875 0.591115765625 0.5371723296875001 0.5904432515625 0.538932146875 0.5872044609375
1 0.437975575 0.1252421765625 0.3969328078125 0.10186988593749999 0.39388030937499996 0.10213694531249999 0.3900700765625 0.1055467890625 0.3913517421875 0.10851948593750001 0.4366730953125 0.13383523749999998 0.44271149374999996 0.1325399078125 0.45949902812500004 0.12490153281250001 0.477222771875 0.1164142109375 0.479060928125 0.11394394062499999 0.478927009375 0.1124132421875 0.47458255156250007 0.1097168421875 0.47254387812500004 0.10989520312500001 0.437975575 0.1252421765625
1 0.4418681390625 0.6272867703125 0.44206937812499997 0.629586953125 0.49143992968749994 0.7246657640625 0.49693213593749996 0.7288041640625 0.49897080781250003 0.728625803125 0.5027810390624999 0.725215959375 0.5025797984375 0.7229157765625 0.45206150312500004 0.6263949656250001 0.44771704375 0.6236985671874999 0.44567837031249996 0.623876928125 0.4418681390625 0.6272867703125
0 0.48158186875000003 0.47567380625 0.46989406562499997 0.477380021875 0.4599172734375 0.48633179374999996 0.4544737171875 0.49912234531250005 0.44403059375 0.500586265625 0.441383871875 0.5057452109375 0.44383073125 0.510867059375 0.45174104687499994 0.5116757234375 0.4583561125 0.5080871890624999 0.4641583015625 0.50142658125 0.4678113265625 0.50370824375 0.47458233749999995 0.50393291875 0.47656286718749996 0.501566915625 0.47740233437499996 0.49656608437500005 0.47681355 0.494024671875 0.4826872421875 0.48830826875 0.490499684375 0.485840571875 0.4916587984375 0.4824625734375 0.48956384999999997 0.4773016015625 0.48158186875000003 0.47567380625
1 0.4205906921875 0.3371234421875 0.40445758749999994 0.31695778125 0.3798569 0.28212547187500003 0.36107305312500004 0.2668189640625 0.34215528906250003 0.2499817578125 0.3420213703125 0.248451059375 0.341074140625 0.24930097031249998 0.336862875 0.24812699375 0.3330533671875 0.2515451125 0.33441264843749996 0.2552780578125 0.33651864374999996 0.25586918125 0.3721142609375 0.28742176875 0.3897295453125 0.3128520375 0.4139292 0.343100528125 0.4387617453125 0.3571024671875 0.44181424375 0.3568354078125 0.4456244765625 0.353425565625 0.44433179218749996 0.35045383281250003 0.4205906921875 0.3371234421875
2 0.378157078125 0.34468776874999996 0.34020134375 0.3449236359375 0.28813085781250003 0.3479368 0.28432135000000003 0.3513549171875 0.28445526875 0.352885615625 0.288799728125 0.35558201562499997 0.3398563859375 0.35265755 0.37882594687500004 0.352332984375 0.4469727375 0.357159475 0.4500252359375 0.356892415625 0.45383474375 0.3534742984375 0.45370082500000003 0.35194359999999997 0.4493563671875 0.3492472 0.378157078125 0.34468776874999996
2 0.42680045 0.1031086734375 0.42666653125 0.10157797500000001 0.4223213484375 0.0988733015625 0.40908650468749996 0.10003120000000001 0.34002796874999996 0.108390828125 0.3005795328125 0.11491860937500001 0.25357940156250003 0.12905211249999998 0.24978019062499998 0.13246099218750002 0.249914109375 0.133991690625 0.254248271875 0.136697328125 0.25731178906249996 0.1364293046875 0.30227324843750003 0.12247416250000001 0.3406968375 0.11603604218750001 0.42299021718749996 0.106518515625 0.42680045 0.1031086734375
0 0.3951353109375 0.11153175156249999 0.40442395624999994 0.118956428125 0.4233977890625 0.12082314218750001 0.42258052343749997 0.1114817484375 0.433366071875 0.1093625640625 0.42595946875 0.10529994218750001 0.411033178125 0.096009021875 0.3970269453125 0.0972344078125 0.38815352187499996 0.1033133015625 0.3951353109375 0.11153175156249999
1 0.4271282796875 0.16549357343749999 0.42190979375 0.10584600156249999 0.4175646109375 0.10314132812500001 0.4155259375 0.1033196890625 0.4117274484375 0.10673684218749999 0.41694593593749996 0.16638441406249999 0.42240679999999997 0.19364509375 0.42950458124999996 0.2161353171875 0.430797265625 0.2191070515625 0.43513142812499994 0.22181268906249998 0.43717010156249997 0.221634328125 0.44097960937499997 0.2182162125 0.44071177187500005 0.215154815625 0.432521821875 0.1919847671875 0.4271282796875 0.16549357343749999
0 0.42672602031249995 0.22156425781250003 0.4287407671875 0.22796617968750002 0.435502515625 0.230242659375 0.44547557187500003 0.22759426875000002 0.45254432031249997 0.22081451406250002 0.4472915859375 0.2149710140625 0.44390691406249994 0.20966441875 0.43774553125000004 0.21006173437500003 0.4297939984375 0.215001128125 0.42672602031249995 0.22156425781250003
1 0.42390050625000003 0.3514743 0.4262736140625 0.355118546875 0.4663130765625 0.36702301406250004 0.524545359375 0.375801740625 0.5275978593749999 0.37553468125 0.5314073671874999 0.37211656406250004 0.5312734484375 0.370585865625 0.5248340140625001 0.367297378125 0.46768288125 0.3591994390625 0.42771001562500005 0.3480561828125 0.42390050625000003 0.3514743
2 0.3254632859375 0.5049399765625 0.3086409921875 0.5002504171875 0.303483221875 0.49993462656250004 0.2996729890625 0.5033444703125001 0.3020460984375 0.506988715625 0.3251190515625 0.512682165625 0.438160703125 0.5027923015625 0.4832455578125 0.5019243796875 0.4913892296875 0.5012119 0.4951994609375 0.49780205781250003 0.4950655421875 0.496271359375 0.490720359375 0.49356668593749997 0.43851595468750004 0.49504915 0.3254632859375 0.5049399765625
1 0.483009784375 0.47574897812500005 0.48687559374999995 0.47310130937499995 0.5056770640625 0.4298445609375 0.5054765484375 0.4275526515625 0.5011313656249999 0.42484797656250006 0.49909269375000004 0.4250263375 0.4961741125 0.4268240953125 0.49352337031250004 0.43168324687500004 0.47738366250000003 0.4700798796875 0.45582814374999997 0.4935345296875 0.4519520390625 0.496191434375 0.45127264843750003 0.500102740625 0.45561710624999996 0.502799140625 0.45955023749999996 0.5009209609374999 0.46064168125 0.5015925109375 0.465197903125 0.49503257187500005 0.483009784375 0.47574897812500005
3 0.38537926875 0.685396340625 0.388242271875 0.6828364078125 0.3974239984375 0.5649096796874999 0.387590021875 0.45250681562499995 0.3789951234375 0.37774717343750003 0.37672728125 0.2931878390625 0.363051009375 0.2073088234375 0.3542555953125 0.1302572734375 0.34609379218749997 0.0369674453125 0.3428407765625 0.034942595312500005 0.33870713124999996 0.0345288671875 0.333872775 0.0380366453125 0.3420345765625 0.13132647343749998 0.3508299921875 0.20837802343749998 0.3645062640625 0.294257040625 0.3667067859375 0.3780468875 0.37536900625 0.45357601562500005 0.38513638437500003 0.56521766875 0.375620221875 0.6793217890625 0.37602125468750003 0.683905609375 0.381380265625 0.686521584375 0.38537926875 0.685396340625
0 0.4697611828125 0.634259340625 0.47397220156250003 0.6219768171875 0.4683590171875 0.6182325203125 0.453817815625 0.6167700515625001 0.44273342031249996 0.6233425265625 0.44053664374999996 0.6316136359375 0.43981837500000004 0.640030525 0.4440172109375 0.6485508140625 0.4492362328125 0.656039728125 0.455527915625 0.6571317390625 0.4664724984375 0.653022684375 0.46894290156249996 0.6478791640625 0.46413123437500003 0.63666949375 0.4697611828125 0.634259340625
1 0.43548740468749997 0.21407781250000002 0.43032891093750003 0.213753746875 0.42651940312500003 0.2171718625 0.4288251890625 0.22004662343749998 0.4278676640625 0.220905771875 0.43099778125 0.2213989609375 0.44931399843750003 0.23136043750000002 0.524678771875 0.2247668734375 0.528477259375 0.22134972187500002 0.528343340625 0.2198190234375 0.524009178125 0.2171133859375 0.45169690312500005 0.2234398890625 0.43548740468749997 0.21407781250000002
2 0.4126909109375 0.6221357140625 0.3407235921875 0.6207283046875001 0.309239853125 0.6126942125 0.29675099843749997 0.6107020171875 0.29294149062499997 0.614120134375 0.29531459843749996 0.61776438125 0.3403786359375 0.62846221875 0.42571471406250005 0.6302424265625 0.467057384375 0.6335621078125 0.4701098828125 0.6332950484375 0.4739083703125 0.62987789375 0.4737744515625 0.6283471953124999 0.4694410140625 0.6256498328125 0.461152403125 0.624832578125 0.4126909109375 0.6221357140625
0 0.43420528437500006 0.36327890625000003 0.44285577812500004 0.364297946875 0.44822496718749993 0.3590342125 0.4498033265625 0.35410213437500004 0.4412601875 0.343902590625 0.435169271875 0.3432015453125 0.427136975 0.34924853749999996 0.4280386265625 0.3575237015625 0.43420528437500006 0.36327890625000003
1 0.46132107343750006 0.4976812046875 0.456975890625 0.49497652968750006 0.4549482375 0.49515392656249996 0.4511387296875 0.49857204375 0.4503817203125 0.5017231015625 0.4455725984375 0.5522264515625 0.436741709375 0.6038486984375 0.437009546875 0.60691009375 0.44135472968749995 0.6096147671875001 0.443393403125 0.6094364062500001 0.447191890625 0.6060192546875001 0.45643433437500003 0.54742430625 0.4615889109375 0.5007425999999999 0.46132107343750006 0.4976812046875
1 0.380271359375 0.017027415625 0.3759261765625 0.014322740625 0.37389852343749996 0.0145001359375 0.3700890140625 0.0179182546875 0.37035612812499996 0.020971376562499998 0.3807644484375 0.0578207328125 0.38867553906249996 0.0779303515625 0.3932564953125 0.10681042656249999 0.39760167812499997 0.1095151015625 0.3996403515625 0.10933674062500001 0.4034388390625 0.10591958593749999 0.3988023046875 0.076277334375 0.3894646109375 0.051665287500000004 0.380271359375 0.017027415625