2 0.5397957828125 0.216235909375 0.5366768859375 0.21267555 0.5246404578125 0.210117128125 0.3922370359375 0.1863239625 0.32899910625 0.1786928640625 0.32421200781250004 0.1783977265625 0.3199230484375 0.18039135 0.31962762968749997 0.181781190625 0.32273650625 0.18533941874999998 0.3273766921875 0.18632572187500002 0.3916819609375 0.1934691515625 0.5352013828125 0.21961724375 0.5395003640625 0.21762575 0.5397957828125 0.216235909375
1 0.411769890625 0.5134082249999999 0.40747250468749996 0.5153922046875 0.398552534375 0.566474178125 0.3960810359375 0.6145689125 0.399188315625 0.6181346546875 0.4010423875 0.6185287484375 0.4053413671875 0.6165372578125 0.40607911874999997 0.6130664109375 0.40781286562499997 0.568442521875 0.41674285937500005 0.517362678125 0.413623959375 0.51380231875 0.411769890625 0.5134082249999999
0 0.54406436875 0.1344058765625 0.554147346875 0.1389596671875 0.5618669390625 0.132850515625 0.57253535 0.1329745390625 0.5727877671875 0.12340939531249999 0.563154125 0.1184171734375 0.5475423390625 0.11804331406249999 0.5396448765625 0.12331374531249999 0.54406436875 0.1344058765625
1 0.5187467812500001 0.3380310765625 0.515675265625 0.3388308390625 0.5120129109375 0.3424102859375 0.454835428125 0.4064534046875 0.4531656296875 0.40972613750000003 0.45628452812500003 0.41328649687499996 0.4612085171875 0.412888340625 0.464870871875 0.40930889531250003 0.52204835625 0.3452657765625 0.523718153125 0.34199304218750004 0.52060085 0.33842517031249997 0.5187467812500001 0.3380310765625
1 0.49778981875 0.3045552546875 0.49330816093749996 0.30287240625 0.48900917968749996 0.3048638984375 0.48920347499999994 0.30853285625 0.502245075 0.32001288906249997 0.540662190625 0.357930225 0.5436225578125 0.36218713125 0.548104215625 0.3638699796875 0.5524031968750001 0.36187848749999996 0.5522189234375 0.3582116578125 0.5391673015625 0.3467294953125 0.500760209375 0.3088142921875 0.49778981875 0.3045552546875
1 0.5548198265625001 0.1592039265625 0.5938823671875 0.1348501328125 0.5969538812499999 0.13405036875 0.598623678125 0.1307776359375 0.595506378125 0.1272097625 0.59365230625 0.12681566718749998 0.591502815625 0.127811415625 0.590727703125 0.1269242671875 0.585986390625 0.130996765625 0.547229290625 0.15396284843750002 0.5186459359375 0.21101797968749997 0.5182036046875 0.21309898437500002 0.521310884375 0.2166647265625 0.52316495625 0.21705882187499997 0.5274639375 0.215067328125 0.5289752046875 0.212491140625 0.5548198265625001 0.1592039265625
1 0.44677371875 0.467148153125 0.441258890625 0.47032599375000006 0.40761941718749994 0.5147010390625 0.4071770859375 0.5167820453124999 0.4102943875 0.520349915625 0.4121484578125 0.5207440109375 0.417664884375 0.5175586609375 0.42754245625 0.5029725375 0.4512927390625 0.4731889953125 0.4517366671875 0.4711004765625 0.4486277890625 0.4675422484375 0.44677371875 0.467148153125
2 0.42186104843749994 0.6207710140625 0.4181629296875 0.6199849546875 0.3611138171875 0.6151219640625001 0.28745504843749997 0.5972824328125 0.27740958125000004 0.5944248109375 0.2535489984375 0.5791924984375 0.2492500171875 0.581183990625 0.248954596875 0.5825738328125001 0.2528470109375 0.58702885 0.2740900296875 0.6009745390625 0.2859779484375 0.6042316375000001 0.36056033906249996 0.622259640625 0.41653891875 0.627625325 0.42038395 0.6277202203125001 0.42468293125 0.625728728125 0.4249783515625 0.6243388875 0.42186104843749994 0.6207710140625
0 0.5190090046875 0.20526890937500003 0.510345778125 0.20743989687500003 0.5139302234375001 0.21408299999999997 0.5178720015625 0.222396028125 0.527554971875 0.22552994375000002 0.5322461421875 0.225192228125 0.537971478125 0.2117100953125 0.5360181234375 0.2024691609375 0.52310394375 0.19945719687500002 0.5190090046875 0.20526890937500003
2 0.2921782890625 0.3609887296875 0.2878893296875 0.3629823515625 0.287593909375 0.36437219375 0.29070118906250003 0.3679379359375 0.2970385140625 0.370007365625 0.4176829546875 0.40363669687500003 0.4812894296875 0.41860145312499997 0.48558681249999996 0.4166174734375 0.4858822328125 0.41522763281249997 0.48276493125000003 0.4116597609375 0.401708325 0.392255621875 0.2921782890625 0.3609887296875
1 0.577732078125 0.0878775078125 0.6167845953125 0.063521584375 0.66656499375 0.0479788703125 0.66578145625 0.0470820796875 0.6682247703125 0.0447040046875 0.6651074671874999 0.041136134375 0.6623313734375 0.040546056250000004 0.6153370921875 0.056680978125 0.608262015625 0.0580823921875 0.5732030359375 0.0818345359375 0.5701315203124999 0.0826343015625 0.554774884375 0.10476376875 0.551278828125 0.12579447187499998 0.5543861078125001 0.12936021250000002 0.556240178125 0.1297543078125 0.560539159375 0.127762815625 0.5638967296875 0.10743291875000001 0.577732078125 0.0878775078125
1 0.549157053125 0.24507981562499997 0.5272696421874999 0.21139836875 0.526199109375 0.2119010640625 0.5227863875 0.20972303281250002 0.518499025 0.21170914375 0.5186817015625 0.215383484375 0.5241327671875 0.22162243906249998 0.5422662500000001 0.250148059375 0.5433468046875001 0.2496474953125 0.54490545625 0.25143143125 0.57146900625 0.2585303234375 0.575757965625 0.2565367 0.5760533859375 0.25514685937500003 0.572944509375 0.2515886296875 0.549157053125 0.24507981562499997
1 0.4085971546875 0.6194043234375 0.40675310624999994 0.6190123578125 0.4036715703125 0.6198099921875 0.39879336875 0.6245757828125 0.3448343109375 0.6871279734375 0.3443919796875 0.6892089796875001 0.34750928281250004 0.6927768515625 0.3524348671875 0.6923711828125 0.35487818125000004 0.6899931078125 0.378630059375 0.6602020546875 0.41005468125 0.6262470578125 0.4117144578125 0.62297219375 0.4085971546875 0.6194043234375
1 0.3955463796875 0.5578496359375 0.393692309375 0.557455540625 0.38940335 0.5594491640625 0.3894764765625 0.5681726609375 0.39411581875 0.6192314875 0.394605534375 0.6215106046875001 0.39771281406250003 0.625076346875 0.399566884375 0.6254704421875 0.403865865625 0.6234789484375 0.4037827171875 0.614753321875 0.399143375 0.5636944953125 0.39866368125 0.5614175078125 0.3955463796875 0.5578496359375
2 0.5166532859374999 0.311462225 0.51694870625 0.310072384375 0.51382980625 0.306512025 0.5027154031250001 0.30414958593749997 0.33467077500000003 0.2749635265625 0.3235563734375 0.2726010875 0.29402243125 0.261243159375 0.2897250453125 0.2632271390625 0.2894296265625 0.26461697968750003 0.2951761125 0.26946609375 0.3211488234375 0.27934466874999997 0.33319527187500003 0.2819052203125 0.5001709671875 0.3115864609375 0.5123543046875 0.3134537171875 0.5166532859374999 0.311462225
1 0.45776003125000003 0.40634480625 0.4534610484375 0.40833629687500006 0.45177327656250005 0.42539345937500006 0.3781312625 0.5077107468750001 0.37647148750000003 0.5109856125000001 0.3795803640625 0.514543840625 0.38450595 0.5141381703125 0.3881767296875 0.51056836875 0.460886696875 0.42805296875 0.462731403125 0.41030677187500003 0.45961410156250004 0.4067389 0.45776003125000003 0.40634480625
2 0.3180775921875 0.4942157015625 0.26316018125 0.47020703125 0.2588612 0.4721985234375 0.2585673765625 0.473580853125 0.2616846796875 0.4771487234375 0.3156700421875 0.5009592828125 0.3709566578125 0.5141634500000001 0.43375065937499996 0.523883065625 0.43803961718749995 0.52188944375 0.438333440625 0.520507115625 0.4352261609375 0.516941375 0.372432159375 0.50722175625 0.3180775921875 0.4942157015625
1 0.520767428125 0.22380453125000002 0.521356671875 0.2210323609375 0.5182393703125 0.217464490625 0.5163852999999999 0.2170703953125 0.51208631875 0.21906188750000002 0.51042654375 0.22233675156250002 0.49582544687499996 0.2591453078125 0.4993500671875 0.306331678125 0.49982816249999995 0.3086161796875 0.5029470609375 0.3121765390625 0.5048011328124999 0.3125706328125 0.5090985156250001 0.310586653125 0.50954244375 0.3084981359375 0.5052342859375 0.2604149734375 0.520767428125 0.22380453125000002
2 0.572280165625 0.131711078125 0.576579146875 0.1297195859375 0.5768745656250001 0.12832974375 0.57375566875 0.1247693859375 0.5682034781249999 0.12358923125000001 0.512521915625 0.11682619218750001 0.4153141734375 0.10052195312500001 0.3547427921875 0.0985300875 0.3518181875 0.0986386875 0.3475208046875 0.100622665625 0.347225384375 0.1020125078125 0.350342684375 0.1055803796875 0.35311878124999996 0.10617045624999999 0.414760696875 0.10765962656250001 0.5119768625 0.123973509375 0.572280165625 0.131711078125
0 0.45099941093749996 0.421247965625 0.46433860625 0.42728694687499996 0.4799322484375 0.4142927125 0.476224228125 0.4065554578125 0.46792360312500003 0.398642928125 0.44841729218750004 0.399836146875 0.4467609796875 0.41097953125000003 0.45099941093749996 0.421247965625
0 0.4053825625 0.617378334375 0.39284753125 0.6176584593750001 0.3881930734375 0.624426978125 0.387989984375 0.6321338109375 0.3916336875 0.6401243640625001 0.398814409375 0.6432524984375 0.40479095625 0.6386416453125 0.4127710890625 0.6363333156250001 0.41836511875 0.6268199796875 0.41380110468750003 0.61970954375 0.4053825625 0.617378334375
0 0.5143275796875 0.329647975 0.5168723296875 0.327778290625 0.5180926984374999 0.31868586250000003 0.510213028125 0.30711736875 0.4976655109375 0.300704871875 0.48648345 0.3012725796875 0.47714965468750004 0.2982207375 0.4661271046875 0.2964117640625 0.46493105312500005 0.30203874218750004 0.47811074062500003 0.31045440625 0.48440618124999996 0.3160719265625 0.4918474421875 0.32300088125 0.4973653265625 0.3238989203125 0.5045201328125 0.33050001562500003 0.5143275796875 0.329647975
1 0.564348425 0.1234922046875 0.560059465625 0.1254858265625 0.5611657640625001 0.1293486390625 0.598042203125 0.1516976078125 0.6432569499999999 0.175818940625 0.6460330453124999 0.1764090171875 0.6503304296875 0.1744250375 0.6506258484375 0.173035196875 0.645811409375 0.16838419531249998 0.610826403125 0.1507873140625 0.576579146875 0.1297195859375 0.564348425 0.1234922046875
0 0.42838320156250004 0.5117806765624999 0.41050395625 0.509409403125 0.40239934218749995 0.5157036875000001 0.3991244625 0.524359415625 0.40152715156249996 0.5331619171875001 0.4079278109375 0.536658184375 0.41645653749999995 0.5384710218750001 0.41838837812499996 0.5327334703125 0.42369932187500003 0.5245026687500001 0.42571383437500004 0.5217272187499999 0.43400543281250004 0.5213538875 0.42838320156250004 0.5117806765624999
3 0.31426804375 0.6305582109375 0.3473712625 0.5294713984375 0.37642654375 0.45654545312500006 0.400481703125 0.34337482656249996 0.42846663906250004 0.2390172125 0.46320248125 0.09836531093749999 0.4665974140625 0.0823934078125 0.4642636515625 0.0797223265625 0.46070242187500005 0.078242971875 0.45548301249999995 0.08003096875 0.45116605625000006 0.0958068890625 0.4173522375 0.23665477343750002 0.3893673015625 0.3410123875 0.36545905312500004 0.4534918484375 0.33640536875 0.5264102828125 0.3043337234375 0.6226439187499999 0.30315364218749996 0.628195771875 0.3071929671875 0.631959625 0.311039596875 0.6320470078125 0.31426804375 0.6305582109375