0 0.5652541281250001 0.29068912187499996 0.5655734531250001 0.299521565625 0.56750505625 0.307986584375 0.5837225703125 0.311150375 0.597129559375 0.3083470421875 0.6026162484375 0.298864909375 0.5986738421875 0.2824983875 0.586194971875 0.278697821875 0.573092375 0.2830096046875 0.5652541281250001 0.29068912187499996
0 0.5469616875 0.7060538937499999 0.5549573015625 0.7083591796875 0.561442909375 0.7066298828125 0.5541315906250001 0.69945556875 0.5455364703125001 0.6976600421875 0.52923060625 0.6988808468750001 0.514282840625 0.70146118125 0.5110349484375 0.7097922859375 0.5090418703124999 0.716543521875 0.5131128703125001 0.724728109375 0.5180085015625 0.726881815625 0.5229814312500001 0.72113693125 0.5359108234375001 0.717975925 0.5455085562499999 0.7163934578125 0.5469616875 0.7060538937499999
1 0.58656291875 0.31355759375000003 0.5842668375 0.2863750359375 0.579841753125 0.282996121875 0.5774448546875 0.282659259375 0.5722598375 0.2846875625 0.5717855453125 0.2880623265625 0.574271165625 0.31389624375 0.614320428125 0.35120781874999996 0.6184616484375 0.356606525 0.6197487953125 0.35610301093749996 0.6243643062500001 0.35812695625 0.6295493265625 0.356098653125 0.6288195421875 0.35255466874999997 0.6254081046875 0.35069994531250004 0.58656291875 0.31355759375000003
1 0.61346616875 0.3572861890625 0.6096756546875 0.3581287453125 0.6068987875 0.360495490625 0.5518820859375 0.42094612812500004 0.5515973328125 0.4229722515625 0.55602330625 0.42634483593750006 0.5622107171875 0.42583914375000004 0.5649988375 0.423473978125 0.6200042859375 0.363021759375 0.6202890390625 0.360995634375 0.6158630671875 0.35762305156249996 0.61346616875 0.3572861890625
1 0.6057774703125001 0.290089025 0.5901694953125001 0.2878954671875 0.5849853671874999 0.28991744062499997 0.5847949390625 0.291272409375 0.5892209109375 0.2946449921875 0.6084298625 0.297344634375 0.6585643578125 0.280287725 0.6601371484375 0.2777517546875 0.655722428125 0.2743807546875 0.652121453125 0.2738746703125 0.6057774703125001 0.290089025
0 0.6256441125000001 0.1720827359375 0.637923790625 0.1661960859375 0.6410915968750001 0.158434828125 0.6304652671875 0.152557296875 0.61991431875 0.1498993390625 0.6021581281249999 0.1503352109375 0.6004703328125001 0.1585885640625 0.6094369640624999 0.1689268578125 0.6256441125000001 0.1720827359375
0 0.560722209375 0.5747473875 0.5625123999999999 0.5694397671875 0.548636278125 0.5645582625000001 0.530868834375 0.564992553125 0.51880978125 0.5656350890625 0.5063458421875 0.56915851875 0.5053776812499999 0.5760473390625 0.5106922421875 0.5826504781249999 0.5186337703125 0.5779103609375 0.52806955 0.577480253125 0.534755375 0.5743263359374999 0.54702119375 0.576050184375 0.5547429890625 0.576547853125 0.560722209375 0.5747473875
1 0.4590760203125 0.73297200625 0.486899434375 0.726551615625 0.5185246125 0.71929025 0.5209215109375 0.7196271125 0.52111105 0.7182784734375 0.5412044109374999 0.7059485421875 0.5437077765625 0.7056095 0.5453748921875 0.7024023781250001 0.5409610609375 0.6990250453125 0.538552909375 0.6986866015625 0.5359655812499999 0.699704709375 0.5348567203125 0.6988580015625 0.53466718125 0.7002066390625 0.51068809375 0.7140566125000001 0.4512395015625 0.7277383687500001 0.448842603125 0.72740150625 0.4499402109375 0.7282466328125 0.4471633453125 0.7306133781249999 0.45158931874999997 0.7339859625 0.45768151718750005 0.7341577546875 0.4590760203125 0.73297200625
1 0.5521728515625 0.56699230625 0.42685077343750005 0.5789963109375 0.41687284687500004 0.5803445578125 0.414000765625 0.583388790625 0.4184154859375 0.586759790625 0.4245189390625 0.586933165625 0.546133575 0.57509898125 0.556112390625 0.5737444015625 0.5588052953125 0.5720567234375 0.558994834375 0.5707080828125 0.55456975 0.56732916875 0.5521728515625 0.56699230625
2 0.42569381875 0.24755990468750003 0.42550427968750004 0.24890854375 0.4299293640625 0.252287459375 0.5255716406250001 0.2684861140625 0.596138109375 0.297683284375 0.60204076875 0.2992037171875 0.6072257859375 0.2971754125 0.6053031796874999 0.2934637875 0.5277251890625 0.26189947812500003 0.4308788375 0.24553160156249998 0.42569381875 0.24755990468750003
1 0.616610184375 0.160753565625 0.617868071875 0.16919492187500002 0.624334634375 0.192831315625 0.62875971875 0.19621023124999998 0.6311566156249999 0.19654709374999998 0.636341634375 0.1945187890625 0.6350837484375 0.1860774328125 0.62860593125 0.1624394578125 0.6241921015624999 0.15906212343749998 0.62178395 0.1587236796875 0.616610184375 0.160753565625
1 0.5517877609374999 0.4216172828125 0.5465075781250001 0.476661071875 0.54608620625 0.488314303125 0.5505121796875 0.4916868859375 0.552909078125 0.49202374843749996 0.5580932062499999 0.4900017765625 0.5633846421875 0.43495956874999997 0.5637947609375 0.42330475625 0.5593687875 0.41993217187500004 0.5569718906250001 0.419595309375 0.5517877609374999 0.4216172828125
0 0.5700382546875 0.4380770359375 0.5802154859375 0.4327794734375 0.5739611703125 0.421350240625 0.5643084625 0.4158936390625 0.5517830625 0.4161800828125 0.5524477109375 0.42622972031249995 0.5534466265625 0.43398255625 0.5700382546875 0.4380770359375
2 0.4013058640625 0.3949608671875 0.3961321 0.3969907515625 0.3959425609375 0.3983393921875 0.400356390625 0.4017167234375 0.41587004062500005 0.4045814359375 0.469694234375 0.41352766562500004 0.580026053125 0.42971820312500003 0.58521018125 0.42769622968750004 0.5854006093749999 0.4263412609375 0.5809746375 0.4229686765625 0.4706437078125 0.406771809375 0.4013058640625 0.3949608671875
3 0.4674104921875 0.7520542203125 0.47072671250000003 0.754586428125 0.4754261859375 0.75593130625 0.48181439218750005 0.75407855625 0.48367193437499995 0.7495164640625 0.516929003125 0.652258546875 0.4932825140625 0.5766202328125 0.5039304015625 0.4224715328125 0.527357678125 0.33416284687500003 0.5563727093749999 0.25835191874999996 0.535775434375 0.161098975 0.50120065625 0.09357109531249999 0.49788443281249994 0.09103888906249999 0.49317459843749994 0.089686096875 0.48679675624999996 0.091546759375 0.48641767812500003 0.0942440375 0.5220891765625 0.162623375 0.5418744859375 0.2569987359375 0.51304899375 0.33146102499999996 0.4895265015625 0.420447196875 0.48772365781250004 0.43327509375 0.4787834015625 0.5752733812499999 0.5024298890625001 0.650911696875 0.46797999843750004 0.7480019734375001 0.4674104921875 0.7520542203125
1 0.5590309484375 0.65749118125 0.5538580734375 0.6595147328125 0.5380540671875 0.68484435625 0.52238668125 0.7005468718750001 0.5221962515625 0.7019018421875 0.5266109718750001 0.70527284375 0.534097675 0.7042588875 0.5483827 0.6897373703125 0.5655690671875 0.66322675 0.5658538203125001 0.661200625 0.5614391015625 0.657829625 0.5590309484375 0.65749118125
2 0.6385007859375 0.1617639453125 0.6289858984375 0.1597358484375 0.48700524375 0.1335833375 0.45456631875 0.1379797859375 0.4507758046875 0.13882233906250002 0.44789247187500003 0.141864990625 0.45231844375 0.1452375734375 0.4547153421875 0.1455744359375 0.48845266875000004 0.1406760578125 0.6291452875 0.16733841249999998 0.6375513125000001 0.1685198015625 0.642725078125 0.1664899171875 0.6429146171875 0.16514127812499999 0.6385007859375 0.1617639453125
2 0.3844046125 0.541347875 0.3842150734375 0.5426965125 0.3886401578125 0.546075428125 0.456299634375 0.5610919109375 0.5608222265625 0.57509719375 0.56600724375 0.573068890625 0.5661967828125001 0.57172025 0.5617717015625 0.5683413374999999 0.45724821718750003 0.554342384375 0.38958963125 0.5393195703125 0.3844046125 0.541347875
2 0.426204159375 0.6794555921875001 0.4210191421875 0.681483896875 0.42082960312499995 0.682832534375 0.42525468593750004 0.68621145 0.4855226734375 0.701564403125 0.5508145125 0.7072991531249999 0.5581116749999999 0.7076338359375 0.5632845515625 0.7056102828124999 0.5634749796875 0.7042553109374999 0.559060259375 0.7008843109375 0.48766408125 0.6949825187500001 0.426204159375 0.6794555921875001
1 0.5341679781249999 0.5644618859375 0.5289829593750001 0.5664901890625 0.5287934203125 0.567838828125 0.5332185046875 0.5712177421875 0.5416132765625 0.5723975515624999 0.59841601875 0.577623646875 0.603589784375 0.5755937609374999 0.6037793234375 0.5742451234375 0.5993654921875 0.5708677890625 0.590959465625 0.5696863984375 0.5341679781249999 0.5644618859375
1 0.608055975 0.099633190625 0.6056590749999999 0.09929632968749999 0.6004740578125001 0.1013246328125 0.602556940625 0.11263248906250001 0.6155013234375 0.1599068578125 0.6164206453125 0.162102203125 0.6208344765625 0.1654795359375 0.6232426281250001 0.1658179796875 0.6284163921875 0.163788096875 0.6255206531249999 0.1496089890625 0.61340038125 0.10520745312499999 0.6124810578125001 0.10301210624999999 0.608055975 0.099633190625