1 0.7771821421875 0.4914548890625 0.745683375 0.4763505421875 0.723901040625 0.46917612656249996 0.6664222343749999 0.45377472656249995 0.6276246999999999 0.439377890625 0.6088416015625 0.4210101671875 0.6045937640625 0.419203034375 0.5995009671875 0.4205078859375 0.5999425515625 0.42329566874999996 0.6205899171875 0.443494528125 0.663645653125 0.45970127187500004 0.7342335249999999 0.4792841640625 0.7417994078125 0.4819741140625 0.774238328125 0.49800555468749996 0.7775548109375 0.498894203125 0.782647609375 0.49758935156249995 0.782980509375 0.496346946875 0.7771821421875 0.4914548890625
2 0.5138274546875 0.6429484515625 0.45214743437499993 0.6210886671875 0.4016930484375 0.6015678546875 0.3495898109375 0.5749347031250001 0.346273328125 0.574046053125 0.341180528125 0.5753509046875 0.340847628125 0.576593309375 0.34460569531249996 0.5802697421875 0.3946686296875 0.60568726875 0.442915484375 0.624616575 0.5119925890625 0.6497962578124999 0.5164180218750001 0.65098205 0.5215108203125001 0.6496772 0.521843721875 0.64843479375 0.5180856546875 0.6447583609375 0.5138274546875 0.6429484515625
2 0.5871266171875 0.4091900546875 0.52136599375 0.3848990171875 0.4438692421875 0.3601327578125 0.4387868078125 0.36144038749999996 0.43845390625 0.362682790625 0.44220160937499997 0.36635644843750004 0.50991614375 0.387832640625 0.5843604 0.4151193765625 0.6276246999999999 0.439377890625 0.629832234375 0.43996939843750005 0.63492346875 0.43867037968749995 0.63354016875 0.43496133437499995 0.5945356328125 0.4125068984375 0.5871266171875 0.4091900546875
2 0.369427915625 0.5008978890625 0.3643351171875 0.5022027390625 0.364002215625 0.5034451437499999 0.3677602828125 0.5071215765625 0.41500686875000004 0.5297839296875 0.5518398421875 0.5851156953125 0.555156325 0.58600434375 0.560247559375 0.584705325 0.5605820234375 0.5834570875 0.55367314375 0.5782737203125 0.42629105 0.5274685921875 0.369427915625 0.5008978890625
0 0.61493889375 0.510973746875 0.61123063125 0.50454116875 0.5959612828124999 0.50282539375 0.5888505484375 0.50909100625 0.595887334375 0.5143774156250001 0.608728534375 0.51611775 0.61493889375 0.510973746875
1 0.7856821625 0.375700975 0.7860150640625 0.37445857031249996 0.7822569968749999 0.3707821375 0.7756240296875 0.3690048390625 0.6755708406250001 0.348866196875 0.6711454078125 0.34768040624999996 0.66093040625 0.341611165625 0.6576139249999999 0.3407225171875 0.6525226890625 0.342021534375 0.652188225 0.343269771875 0.65483890625 0.34664323124999996 0.668379190625 0.3536097296875 0.6750121578125 0.355387028125 0.780589365625 0.3770058265625 0.7856821625 0.375700975
1 0.8022817984374999 0.3668140265625 0.7956488312500001 0.365036728125 0.712512525 0.34809309375 0.6566722078125 0.33980125625 0.651579409375 0.34110610625 0.6512465078125 0.3423485125 0.655004575 0.3460249453125 0.6583210578124999 0.34691359374999997 0.7108448921875 0.354316784375 0.8006141671875 0.37303771406249997 0.8057069640625001 0.3717328640625 0.806039865625 0.37049045937499997 0.8022817984374999 0.3668140265625
1 0.6247267109375 0.622650475 0.6214102265625 0.6217618265625 0.5962926265624999 0.6270347890625 0.5352267562499999 0.642680775 0.5083034375000001 0.6414682953125 0.5039866875000001 0.6443126921875 0.5077447546875 0.6479891265625 0.5110612359375 0.648877775 0.5392607390624999 0.6497632796875 0.6105002796875 0.6315106453125 0.6267084625 0.628520409375 0.6284744140625 0.62632413125 0.6247267109375 0.622650475
1 0.6124896109375 0.7567457015625 0.6122152578125 0.7533337984374999 0.60735704375 0.7493688328125 0.59642610625 0.73709990625 0.595817290625 0.734936240625 0.5751699234375 0.7147373828125 0.5466046078125 0.6930795937500001 0.5130843203125 0.6634235937499999 0.5083933375 0.6588345109375 0.49962860468750003 0.638481203125 0.4944286875 0.6357500328125 0.4893462515625 0.6370576625 0.48901335156250003 0.638300065625 0.49854220624999995 0.6601959749999999 0.5350564375 0.6919858046875 0.5395801890625 0.6971990078125 0.5632784890625 0.714883221875 0.5905002734375 0.741513684375 0.601431209375 0.7537826109375 0.602040025 0.7559462765625 0.607398375 0.75804471875 0.6124896109375 0.7567457015625
1 0.6391503171874999 0.41845976562500004 0.67262550625 0.404091940625 0.70382580625 0.39377830468749997 0.7100156265625001 0.3927736515625 0.711959171875 0.3899560328125 0.7081995437499999 0.38628543125000003 0.705992009375 0.385693925 0.7025098562500001 0.3854235625 0.7009007734375 0.38699294375000004 0.6697004734374999 0.397306578125 0.6635090890625001 0.398317065625 0.6631761875 0.39955946875000004 0.631310084375 0.4123579140625 0.6087830515625 0.42566447500000004 0.60845015 0.42690687968749996 0.6122082171875001 0.43058331250000004 0.6180667 0.43081523125 0.6391503171874999 0.41845976562500004
2 0.668496290625 0.34430111406249997 0.57957726875 0.3091410609375 0.5363543015625 0.293558434375 0.5098224328125001 0.2864492421875 0.48423228125 0.280261309375 0.47914104531249996 0.281560328125 0.47880658125000003 0.2828085640625 0.4825662125 0.286479165625 0.533588084375 0.29948775781250003 0.5768006875 0.3150676078125 0.666661425 0.351148921875 0.669977909375 0.3520375703125 0.6750707078125 0.3507327203125 0.675403609375 0.349490315625 0.668496290625 0.34430111406249997
0 0.6081858390625 0.434650640625 0.6198869953125 0.43608550468749996 0.629958521875 0.4323261875 0.619425175 0.4220142875 0.6061460953125 0.417430896875 0.5962688140625 0.41818519531250004 0.6042379046875 0.4267909828125 0.6081858390625 0.434650640625
3 0.471708103125 0.592320859375 0.502996059375 0.5153504234375 0.5295773765625 0.44711526093750004 0.5599408328125 0.35589336875 0.577571403125 0.2812650484375 0.5747550546875 0.2785098765625 0.570496853125 0.276699965625 0.5643054703125 0.2777104515625 0.5466749 0.3523387734375 0.5164771109374999 0.44294237968749994 0.4861205078125 0.5208313015625 0.4586094015625 0.5881421453125 0.419222515625 0.642274465625 0.41855515 0.644765109375 0.423413365625 0.648730075 0.4280044671875 0.6492975796875 0.431821084375 0.64831970625 0.471708103125 0.592320859375
0 0.5263862390625 0.5842220031250001 0.538087396875 0.5856568656250001 0.544451465625 0.5822607515625 0.5398020953125 0.572500184375 0.5222678625 0.5657638578124999 0.5172731390624999 0.57088975 0.5250734359375 0.5801254890624999 0.5263862390625 0.5842220031250001
0 0.6502658140625 0.35201963593749996 0.6644930078125 0.3531060734375 0.6753303640625 0.34648864375 0.6644794328125 0.3418806921875 0.6498413703125 0.3355702984375 0.6355146921875 0.33717667812499996 0.6396712015625 0.346455090625 0.6502658140625 0.35201963593749996
0 0.5013539812500001 0.6550915749999999 0.5061297640625 0.6485441546875 0.519471671875 0.648374359375 0.5123759390625 0.6410278593750001 0.4962762859375 0.6356949484375 0.49270421249999996 0.6422273125 0.49123462656249994 0.6499919640625 0.5013539812500001 0.6550915749999999
2 0.5646895265625 0.4885320734375 0.47040335625 0.4512649671875 0.4171326203125 0.42898898125 0.4120398203125 0.4302938328125 0.4117069203125 0.43153623750000003 0.4186142390625 0.4367254375 0.467626775 0.4571915140625 0.5576547453125 0.49264870937499994 0.608383484375 0.5155814265625 0.61169996875 0.516470075 0.6167927640624999 0.515165225 0.6171256656249999 0.51392281875 0.6133676 0.5102463875 0.5646895265625 0.4885320734375
1 0.6691359171875 0.571870665625 0.665819434375 0.5709820171875 0.6456274015625 0.5755742453125 0.5410745734375 0.57222848125 0.5339414734375 0.57231770625 0.530899340625 0.574840959375 0.5346486078125 0.5785087843750001 0.540348659375 0.57937343125 0.5958043796875 0.5802290109375 0.6472778156250001 0.58268075 0.6711192328125 0.577734765625 0.6728955484375 0.575541265625 0.6691359171875 0.571870665625
1 0.6008777140625 0.5082313375 0.6349513515625 0.4960243984375 0.69208506875 0.49065906562499995 0.7635143921875 0.4937942265625 0.766565325 0.49127958281249995 0.7628072578125 0.48760315 0.7594907734375 0.48671450156249996 0.6891600359375001 0.48387370625 0.6307605015625 0.489568790625 0.6285529671875 0.4889772828125 0.6269438843749999 0.49054666406249997 0.5954106828125 0.50210270625 0.591761296875 0.5024564625 0.5898193125 0.5052682468749999 0.59357738125 0.50894468125 0.598335715625 0.5088880671875 0.59926863125 0.50980071875 0.6008777140625 0.5082313375
1 0.6583339687499999 0.5016208234375 0.6185690796875 0.512971725 0.6006017984375001 0.5048252671875 0.5955193640625 0.5061328953124999 0.5951864625 0.5073753 0.6009863953125001 0.5122615265625 0.6156252656250001 0.5195223890625 0.6213165171874999 0.5203784265625 0.66253361875 0.5080850406249999 0.6642995703125 0.5058887640624999 0.6605518671875 0.5022151078125 0.6583339687499999 0.5016208234375
1 0.624806246875 0.6400139140625 0.5994021093749999 0.6198658375 0.597694709375 0.6174078062499999 0.5425975249999999 0.5886408249999999 0.5285831265625001 0.5702192640625 0.528917590625 0.5689710265625 0.5276414078125 0.5692980046875 0.5235488765625 0.5668698078125 0.51846800625 0.5681716031249999 0.51873199375 0.571580728125 0.5338657046875 0.5903022078125 0.533531240625 0.5915504453125 0.5906599265625 0.62152444375 0.62767429375 0.6514477484375 0.6309907781249999 0.6523363984375 0.6360716484375 0.6510346046875 0.6345314796875 0.6479524546875 0.6358076609375 0.6476254765625 0.624806246875 0.6400139140625