1 0.7329715453125 0.4288250640625 0.7003700375 0.4250400671875 0.678825621875 0.42532910468749996 0.6230545515625 0.42922899687499994 0.584185796875 0.4283058609375 0.5618816609375 0.41773039375 0.55755540625 0.41742416875000005 0.553430503125 0.42014191093750003 0.5546755515624999 0.42248414843750004 0.579195903125 0.43411644687499995 0.62240096875 0.43534510624999995 0.69109625 0.43115021093749994 0.6986400578125 0.4312257546875 0.7323603234375 0.435546959375 0.7355782734375 0.43532193750000003 0.739703175 0.432604196875 0.73961885 0.43139828593749996 0.7329715453125 0.4288250640625
2 0.545368878125 0.6440248828125 0.4838901578125 0.643470984375 0.433098925 0.64156099375 0.3786673234375 0.6338351578125 0.375449375 0.6340601796875001 0.371324471875 0.636777921875 0.371408796875 0.6379838296875 0.37587179375 0.640101046875 0.4281190875 0.6473708765625 0.4767683734375 0.649430646875 0.5458336578125 0.6506715375 0.5501276078124999 0.650371275 0.5542525109375 0.6476535328125 0.554168184375 0.646447625 0.5497051890625 0.6443304078125001 0.545368878125 0.6440248828125
2 0.5389759625 0.413870459375 0.473128628125 0.41240454687500006 0.3967104375 0.414107121875 0.3925955890625 0.4168241609375 0.3926799140625 0.4180300703125 0.39713285625 0.420147990625 0.463854840625 0.4185146921875 0.5383324359375 0.419985865625 0.584185796875 0.4283058609375 0.58632774375 0.42815608125000004 0.5904530421875 0.42544400156249995 0.5880896328125 0.42257121875000003 0.5465721875 0.41455108437500005 0.5389759625 0.413870459375
2 0.3736422453125 0.5619731796874999 0.3695173421875 0.564690921875 0.36960166875 0.5658968296875 0.3740646640625 0.5680140484375 0.422967321875 0.5736972046875 0.561445246875 0.58100191875 0.5646631953125001 0.5807768984375 0.5687884953125 0.5780648171875 0.5687037734375 0.5768532484375 0.5609808640625 0.5743609281250001 0.43228307499999996 0.5681871828125 0.3736422453125 0.5619731796874999
0 0.59481775 0.495810375 0.5895558953125 0.49122869218750004 0.5754669125 0.494375796875 0.5710669171875 0.5021192937500001 0.57893496875 0.504664046875 0.5908744796875001 0.502281684375 0.59481775 0.495810375
1 0.7051133796875 0.3233604796875 0.7050290546875 0.32215457187499996 0.7005660578125 0.3200373546875 0.6941301609375 0.320487396875 0.5990901234375 0.33320365 0.594796175 0.3335039109375 0.583865371875 0.331235909375 0.5806474234375 0.3314609296875 0.576522125 0.334173009375 0.5766068453125001 0.3353845796875 0.5799934453125 0.337571378125 0.5941526484375 0.3396193171875 0.60058854375 0.339169275 0.7009884765625001 0.326078221875 0.7051133796875 0.3233604796875
1 0.7171407328125 0.3103843234375 0.7107048359375 0.3108343640625 0.6316698203125 0.32121394375 0.5795290609375 0.3309303859375 0.5754041578125 0.3336481265625 0.5754884828125 0.3348540375 0.5799514796875 0.3369712546875 0.583169428125 0.3367462328125 0.6320922390625 0.32725481093750003 0.7175631515625 0.316425190625 0.7216880546875 0.3137074484375 0.7216037296875 0.312501540625 0.7171407328125 0.3103843234375
1 0.6376742390625 0.59205644375 0.634456290625 0.592281465625 0.6137567125000001 0.6046522375000001 0.5642965125 0.6372396765625 0.54000898125 0.644399684375 0.5370444062499999 0.64824809375 0.541507403125 0.6503653093749999 0.5447253515625 0.6501402890625 0.5700465203125 0.6422992546875 0.62774686875 0.604282696875 0.64123028125 0.59666638125 0.6421271796875 0.5941743640625 0.6376742390625 0.59205644375
1 0.6678232453125 0.71496330625 0.6665358375 0.712015284375 0.661007290625 0.709978265625 0.64754403125 0.7024200031250001 0.64634134375 0.70068355 0.6218209921875 0.6890512531249999 0.5898206515625 0.6785450640625 0.5509720484375 0.662447346875 0.5454011421875 0.65980454375 0.5313891734375 0.64439938125 0.5259345 0.643563315625 0.521819653125 0.646280353125 0.521903978125 0.6474862625 0.5370666125 0.6640284578125 0.5792275453125 0.681106359375 0.5848408125 0.684354946875 0.6113021562500001 0.692819159375 0.643630140625 0.708155346875 0.6570933984375 0.7157136109375 0.6582960875 0.7174500625 0.6636979453125 0.7176753859375 0.6678232453125 0.71496330625
1 0.5880254609375 0.4061907296875 0.6133671781250001 0.383180778125 0.6379282328125 0.3644695796875 0.643119478125 0.36168296093749996 0.6439840718750001 0.35858445625 0.639521471875 0.3564729015625 0.6373795234374999 0.35662268125 0.634203540625 0.357447825 0.6332542250000001 0.359334759375 0.6086931718749999 0.3780459578125 0.603502321875 0.3808382375 0.603586646875 0.3820441484375 0.5791942437500001 0.4031671640625 0.5632533953125 0.42188432656249997 0.5633377203125 0.42309023593750006 0.5678007171874999 0.42520745312499997 0.5730758921875 0.42362108125000003 0.5880254609375 0.4061907296875
2 0.5914091796875 0.331311453125 0.5016648671875 0.3272724171875 0.45850216093749996 0.32664954218750003 0.432758571875 0.328449709375 0.40813334687499997 0.33078041874999997 0.404008046875 0.3334925 0.40409276875 0.3347040703125 0.4085553703125 0.336815625 0.45785863437499996 0.33276494687499997 0.5010112828125 0.3333885265625 0.591873959375 0.3379581046875 0.5950919078125 0.337733084375 0.599216809375 0.3350153421875 0.599132484375 0.333809434375 0.5914091796875 0.331311453125
0 0.5654717312499999 0.43005254531250003 0.576305071875 0.427747534375 0.5841018828125 0.42132535625 0.5715904640625 0.4153845453125 0.558392284375 0.4153744203125 0.549848796875 0.41906677812500004 0.5595604296875 0.4242760234375 0.5654717312499999 0.43005254531250003
3 0.49246634218749996 0.61192188125 0.496715053125 0.5339497578125 0.4994548484375 0.46518022343750004 0.4985228046875 0.3748265046875 0.491355778125 0.30311430625 0.4880111453125 0.3015276328125 0.4836748328125 0.3012221109375 0.47848398437500006 0.3040143890625 0.48565101093749996 0.3757265875 0.48654108906250004 0.4654801828125 0.4834006875 0.543983553125 0.4795521890625 0.612216178125 0.4611228609375 0.6723713203125 0.46129190781249996 0.6747888 0.4668204546875 0.6768258171875 0.47107243906249996 0.67592543125 0.4741637015625 0.673888715625 0.49246634218749996 0.61192188125
0 0.5385608203125 0.5879955421874999 0.5493941609374999 0.5856905296875 0.5540086515625 0.5807254453125 0.5468927640625 0.5734743078125 0.52925605 0.5728528984375 0.5263871203125 0.578936175 0.5361415093749999 0.58475686875 0.5385608203125 0.5879955421874999
0 0.577575690625 0.34374826718749996 0.5905463906249999 0.34036076406250004 0.5981492125 0.3311644296875 0.5871005046875 0.3303895609375 0.572166821875 0.329260540625 0.5599314765625001 0.3350714375 0.56646205625 0.3420449046875 0.577575690625 0.34374826718749996
0 0.5380029515625 0.6586321765625 0.54024255 0.65135265625 0.5520425484375 0.647119671875 0.54349195625 0.6427622703125 0.527558915625 0.6429490734375001 0.5263839984375001 0.6498469250000001 0.527453725 0.657196565625 0.5380029515625 0.6586321765625
2 0.5433151546875 0.49124205625000006 0.44815852968750003 0.4869727390625 0.3940226609375 0.483476078125 0.38989775937500004 0.48619381875 0.38998208437500004 0.48739972812500004 0.3977053890625 0.489897709375 0.4475049453125 0.4930888484375 0.5383252609375 0.49705264375 0.590403903125 0.50191065625 0.5936218515625 0.5016856359374999 0.5977467546875 0.49896789375 0.5976624296875 0.497761984375 0.5931994328125 0.4956447671875 0.5433151546875 0.49124205625000006
1 0.66159054375 0.5333438578125 0.6583725953124999 0.533568878125 0.64184028125 0.5438276937500001 0.5479400234375 0.57284353125 0.5416308109375 0.57510526875 0.5397002718749999 0.5782783125 0.5441528171875001 0.5803905703125001 0.549480803125 0.5794149421875 0.5990051765625 0.563207990625 0.6454802515625 0.5496378796875 0.6651461890625 0.5379481328125 0.6660531453125 0.5354554125 0.66159054375 0.5333438578125
1 0.5814879656249999 0.49767551875000005 0.608022315625 0.476402721875 0.6571343265625 0.45415419999999995 0.7215457546875 0.4350856921875 0.723486746875 0.43191760625000003 0.7190237500000001 0.4298003890625 0.7158058015625001 0.43002540937499995 0.65246031875 0.44901938125 0.6023247234375 0.47194822500000005 0.6001827765625001 0.47209800468749996 0.5992334609375 0.473984940625 0.5747567328125001 0.49390204843749996 0.571623109375 0.495332978125 0.5707581187499999 0.498425821875 0.575221115625 0.5005430390625001 0.579430740625 0.49903686875000003 0.5805386515625 0.4995624546875 0.5814879656249999 0.49767551875000005
1 0.6305055953125 0.474221790625 0.598653709375 0.49647517187499995 0.5802009531250001 0.49473315625 0.57608610625 0.4974501953125 0.57617043125 0.49865610312499997 0.5828173390625 0.501223665625 0.5980424875 0.503197065625 0.6033600234375001 0.50221648125 0.6362136406250001 0.478681246875 0.6371105390625 0.476189228125 0.6326575984375 0.4740713078125 0.6305055953125 0.474221790625
1 0.6430563421875 0.6074620078125 0.61432596875 0.5973302203124999 0.6120573375 0.5956683046875 0.55431340625 0.5869622828125001 0.5362289515625001 0.5748799453125 0.53614423125 0.5736683734375 0.5351105890625 0.5743494 0.5307323125 0.5734437546875 0.5266170703124999 0.57615513125 0.5278944234375 0.5791038578125 0.5470649359374999 0.591110253125 0.54714965625 0.5923218218749999 0.6070674421875 0.6014788906249999 0.6491016890625 0.616745096875 0.6523196359375001 0.6165200765625001 0.6564348796874999 0.6138087 0.6541238875000001 0.611541 0.6551575265625 0.610859975 0.6430563421875 0.6074620078125