2 0.4342734046875 0.30568465 0.354745225 0.310028 0.34432205625 0.3152920703125 0.3426446890625 0.31780567656250003 0.34285435625 0.31929752968749997 0.3472551546875 0.3217134546875 0.3597750234375 0.316919484375 0.435426003125 0.3138858109375 0.440398871875 0.3131869203125 0.4439621390625 0.3096434953125 0.443752471875 0.308151640625 0.4393516734375 0.305735715625 0.4342734046875 0.30568465
1 0.4562702703125 0.44775179375 0.45983467187500005 0.4442164328125 0.4573197734375 0.44077068906249994 0.4281008375 0.434992675 0.4245375703125 0.4385361 0.42705246875 0.44198184218750003 0.454278971875 0.44803165156249997 0.4562702703125 0.44775179375
0 0.4212391140625 0.5105839421875 0.42910475156250005 0.5134421546875 0.435982775 0.5115380484375 0.443259075 0.5100467015625 0.44876099218750004 0.507176503125 0.4454603296875 0.5036849484375 0.4563645828125 0.501453471875 0.4594451390625 0.4968183953125 0.4585232546875 0.49252379375000005 0.45145192187500005 0.4909436953125 0.4438187765625 0.49411341875000003 0.4380170984375 0.4949287921875 0.43007342656249997 0.496045203125 0.42675608593750003 0.5011822875 0.420973753125 0.5043221499999999 0.4212391140625 0.5105839421875
0 0.414168253125 0.38287401249999997 0.42234984375 0.3812636578125 0.42857239218750004 0.3789911640625 0.4317783421875 0.379700090625 0.43604460468750006 0.37467634375 0.4398581765625 0.368540278125 0.43661936093750003 0.36759749531249997 0.4283635390625 0.368757775 0.4181476953125 0.3734664125 0.412955746875 0.37862025625 0.414168253125 0.38287401249999997
0 0.4482173875 0.43684456562499996 0.4448628890625 0.43289184687500004 0.43841480937500005 0.4335595875 0.43403667031250004 0.43114870156249996 0.4283549640625 0.42844406562500004 0.42287515000000003 0.43154963437499994 0.416221528125 0.43505042656250004 0.4150342828125 0.4398799234375 0.420251490625 0.4438093328125 0.4221873828125 0.44657167812500004 0.4323586171875 0.4458411875 0.43899985468749997 0.4444390921875 0.4482173875 0.43684456562499996
2 0.449569190625 0.50113388125 0.4451672578125 0.4987098921875 0.43323022343749995 0.5003875328125 0.376841678125 0.51059851875 0.36422830781250004 0.5146490796875 0.3606650390625 0.5181925046875 0.3608747046875 0.519684359375 0.36527550625 0.522100284375 0.3682570734375 0.5216812515625 0.3788899078125 0.517909034375 0.3917129453125 0.5153503265625 0.4462155890625 0.506169159375 0.44977885625 0.502625734375 0.449569190625 0.50113388125
0 0.4336834515625 0.22276105156249998 0.42236164374999996 0.22413019687500002 0.41534365468749995 0.22511651093750001 0.40471706249999995 0.22916744375000003 0.40117314375 0.23503535625 0.40522512187500004 0.241685990625 0.41668965 0.23914551875 0.42320119843750004 0.238929365625 0.43072829375 0.23274012812499997 0.43652187812500004 0.2274935078125 0.4336834515625 0.22276105156249998
1 0.4149029203125 0.2255731734375 0.41133852031249996 0.2291085328125 0.41154818750000005 0.2306003859375 0.41595011875 0.233024375 0.41893168750000004 0.23260534375000003 0.45301926249999996 0.2224941390625 0.45657176406250005 0.2189522265625 0.45636209843750003 0.21746037343750002 0.45197206406249996 0.21504293593749998 0.44897973281250003 0.21546348124999998 0.4149029203125 0.2255731734375
2 0.35008538906250003 0.44291439062500004 0.35029505625 0.44440624531250006 0.35469699062500004 0.44683023437499997 0.3607643921875 0.44673406250000003 0.44119047031249997 0.44151619531249997 0.44715360625 0.44067813125 0.4507168734375 0.43713470625 0.4505072078125 0.43564285312499995 0.446105275 0.4332188640625 0.35364979218750003 0.43937902968750003 0.35008538906250003 0.44291439062500004
1 0.434336653125 0.50099680625 0.43077338593750003 0.50454023125 0.43098191874999997 0.5060240203124999 0.43538385156250003 0.508448009375 0.43836542031250003 0.5080289765625 0.47690226406249997 0.49349328124999997 0.48045476562499995 0.48995136875 0.4802462328125 0.48846757968750004 0.47585506562499996 0.48604207656250004 0.4728627328125 0.486462621875 0.434336653125 0.50099680625
1 0.43443249687499996 0.47285947500000003 0.43522152187499996 0.500107675 0.43595478749999994 0.5053251296875 0.4403567203125 0.50774911875 0.4423480203125 0.507469259375 0.4459005234375 0.5039273468750001 0.44512226093749996 0.476677634375 0.4443889953125 0.4714601796875 0.439988196875 0.46904425625 0.437996896875 0.4693241140625 0.43443249687499996 0.47285947500000003
2 0.34511833593749996 0.3858598671875 0.34532686875 0.38734365625 0.3497180375 0.3897691578125 0.4024390484375 0.3823597015625 0.44940658906250003 0.377280165625 0.45296985625 0.373736740625 0.452760190625 0.3722448875 0.448359390625 0.3698289640625 0.40139185 0.3749085 0.3486708390625 0.3823179546875 0.34511833593749996 0.3858598671875
3 0.41422334687499995 0.38678058437499996 0.4002935703125 0.287665071875 0.38971275312500003 0.226827328125 0.3863141546875 0.20983034687500002 0.383018653125 0.20801563125000003 0.3789306546875 0.2078253921875 0.37437711875 0.2115079890625 0.38835653593749997 0.2893427140625 0.40228631249999997 0.388458225 0.40684359218750005 0.471416334375 0.41465133906249996 0.5486053328125 0.41674573437499995 0.5635077390625 0.4221379359375 0.5657925546875 0.42601513593749996 0.5644828765625001 0.42868277031249996 0.561830096875 0.41888602812500003 0.47048865156249997 0.41422334687499995 0.38678058437499996
0 0.4449446390625 0.3139789171875 0.43975916562500006 0.3102753 0.4340123703125 0.3092162609375 0.430561540625 0.30457809375 0.42444771093749994 0.3054373375 0.418548075 0.30766444531250003 0.41812340312499996 0.3135462640625 0.4221571703125 0.317880471875 0.427986778125 0.321715590625 0.43296986875 0.3217142484375 0.4411202171875 0.3177728515625 0.4449446390625 0.3139789171875
1 0.426208853125 0.37826252656250003 0.4314010171875 0.3790459109375 0.43495465468749994 0.3755120640625 0.4347449890625 0.37402021093750004 0.41710298906250004 0.3567389171875 0.41192045468750005 0.35594595625 0.40835718906249996 0.35948938125 0.4085668546875 0.36098123437499996 0.426208853125 0.37826252656250003
1 0.419083290625 0.2264987578125 0.4149029203125 0.2255731734375 0.41133852031249996 0.2291085328125 0.4128523875 0.23269496250000002 0.4160543859375 0.2337662703125 0.4377843859375 0.251237803125 0.43866925468750007 0.2503486703125 0.44286152031250003 0.2512808078125 0.4464140234375 0.2477388953125 0.44490015625 0.24415246562499998 0.441708921875 0.2430796453125 0.4199800546875 0.2256161765625 0.419083290625 0.2264987578125
1 0.4312918359375 0.30610368125 0.42930053749999997 0.306383540625 0.4257372703125 0.309926965625 0.426051203125 0.3121607125 0.4351678296875 0.3336828078125 0.43799666249999997 0.3393622984375 0.44238783125000003 0.3417878015625 0.44437913125 0.34150794218749997 0.4479423984375 0.3379645171875 0.44762846562499997 0.33573076875 0.4385118375 0.3142086734375 0.43568300625 0.30852918281249997 0.4312918359375 0.30610368125
1 0.420816653125 0.3759777109375 0.42102631874999996 0.3774695640625 0.42542711874999994 0.37988548906249997 0.447892721875 0.3736937375 0.45144522499999995 0.370151825 0.45123555781249997 0.368659971875 0.4468455234375 0.366242534375 0.4428629234375 0.36680225312500003 0.42437992031249994 0.3724342859375 0.420816653125 0.3759777109375
2 0.4357846625 0.2226384359375 0.3999735546875 0.22767135781249997 0.36327644531250003 0.23358534999999997 0.3360487734375 0.24197590937500002 0.3324843734375 0.24551127031250003 0.3326940390625 0.247003121875 0.337095971875 0.2494271109375 0.3400775390625 0.2490080796875 0.36432364375000004 0.2410365515625 0.4368318609375 0.23008963750000003 0.44039512812500003 0.2265462125 0.44018546093750005 0.22505436093750003 0.4357846625 0.2226384359375
1 0.4244321703125 0.437786140625 0.4247472375 0.440027953125 0.4340154671875 0.4554434625 0.438416265625 0.45785938593750003 0.44040756718749996 0.45757952812499997 0.44396120312500004 0.4540456796875 0.4436472703125 0.4518119328125 0.43437790625000006 0.43638835781249996 0.42998787031249996 0.43397092031250006 0.42799657187499995 0.43425077968750003 0.4244321703125 0.437786140625
1 0.4257372703125 0.309926965625 0.4259469359375 0.31141881875 0.42825216875 0.31337270625 0.438826903125 0.316450484375 0.48050651093749996 0.3098280265625 0.484069778125 0.3062846015625 0.4838612453125 0.3048008125 0.47945931249999996 0.30237682499999996 0.439769871875 0.308711359375 0.42930053749999997 0.306383540625 0.4257372703125 0.309926965625