1 0.538206553125 0.6617417359375 0.5378916984375001 0.66398204375 0.5565947312499999 0.68721604375 0.5554235859375 0.7206175499999999 0.55844699375 0.724100390625 0.5601744390625 0.7243431671875 0.564040725 0.7218286093749999 0.56553799375 0.686179490625 0.5469290515624999 0.6622031203125001 0.5420728390625 0.659227178125 0.538206553125 0.6617417359375
1 0.634848028125 0.41819112968749994 0.6381887390625 0.4194162296875 0.6420638453125 0.4169118015625 0.6416203359375 0.41380043125 0.5937209453125 0.36052409218750003 0.590381459375 0.3592902765625 0.586506353125 0.36179470468749997 0.5869486359375 0.36491479375 0.634848028125 0.41819112968749994
0 0.56475495 0.41505163281249996 0.56513583125 0.42261664374999997 0.569449128125 0.4279252921875 0.5747519828125001 0.428670559375 0.5741995859375 0.42232594843750004 0.5741333734375 0.417623078125 0.5764733640624999 0.41387174218749995 0.5739806062499999 0.408507828125 0.5664615921875 0.40808224062500004 0.56475495 0.41505163281249996
1 0.554478196875 0.6022210734375 0.550613134375 0.6047269156249999 0.5504818703125001 0.6306564125 0.5557348421875 0.6558047625000001 0.559422521875 0.6609010343749999 0.561139925 0.6611424 0.5650150296875001 0.658637971875 0.565329884375 0.6563976640625 0.5593097296875 0.6303681234375 0.5592302734375 0.605937975 0.5562056421875 0.60246385 0.554478196875 0.6022210734375
2 0.52342921875 0.4040523125 0.5052258562499999 0.402258478125 0.5013507515625 0.4047629078125 0.5011400312500001 0.40626225781249997 0.5041747078125 0.4097377921875 0.5465209062499999 0.4149335703125 0.5644094140625 0.4189677109375 0.5738902765625 0.420300159375 0.57776538125 0.41779573125 0.5779761015625 0.41629638125 0.5749414265625 0.41282084531249996 0.52342921875 0.4040523125
2 0.5315023125 0.4654654390625 0.4965802015625 0.45750841875 0.49271513906250003 0.46001425781250005 0.49250441875 0.46151360781250006 0.49552905156250004 0.46498773125000004 0.50145970625 0.46658571249999997 0.5304511625 0.472944753125 0.5776548 0.48110775625 0.59230795625 0.4831671234375 0.5961730171874999 0.4806612828125 0.5963837375 0.479161934375 0.5933591046875 0.475687809375 0.5315023125 0.4654654390625
2 0.555986146875 0.34758487968749996 0.5378781015625 0.345039959375 0.52052841875 0.34336610312500004 0.5166621296875 0.3458806625 0.5164526359375 0.34737129375000003 0.5194760453125 0.350854134375 0.5540700515625 0.35495152343749997 0.5951556046875 0.369117246875 0.5977367296875 0.36948 0.6016017921875 0.366974159375 0.6018125125 0.365474809375 0.5963121140625 0.3608882578125 0.555986146875 0.34758487968749996
1 0.6107298703125 0.38961808124999997 0.6077052375 0.38614395625000003 0.6059777921875 0.3859011796875 0.581984453125 0.3939697015625 0.5817737328125 0.39546905 0.5619103546875001 0.4117539296875 0.5605210578125 0.4153721984375 0.563545690625 0.418846321875 0.5672100765625 0.41784124375 0.567959621875 0.41870217812500005 0.5681691171875001 0.41721154531250004 0.5871788140625 0.4008066875 0.60847685 0.3931149609375 0.6107298703125 0.38961808124999997
2 0.49636908125 0.58413388125 0.49377791406249993 0.583769715625 0.4899116265625 0.586284275 0.48970213281249997 0.5877749062500001 0.49272553906249994 0.591257746875 0.5140910062499999 0.6018875109375 0.559357703125 0.61129836875 0.566257440625 0.6122680640625 0.570122503125 0.6097622234375 0.5703332234375 0.608262875 0.5673085890625 0.60478875 0.5168595578125 0.5946495625 0.49636908125 0.58413388125
1 0.5516594625 0.5346838390624999 0.5474562515625 0.533328634375 0.5435911890625 0.5358344734375 0.5439293375 0.53969551875 0.5464051015625 0.540807946875 0.558731990625 0.5532253484375 0.5816495015625 0.57780725 0.5858527109375 0.5791624546875 0.5897177734375 0.5766566125 0.5893796250000001 0.5727955687499999 0.5869038609375 0.571683140625 0.5745769734375 0.5592657375 0.5516594625 0.5346838390624999
1 0.562774078125 0.41187531718750003 0.5605210578125 0.4153721984375 0.563545690625 0.418846321875 0.5652731359375001 0.4190890984375 0.5845276484374999 0.41340361875 0.6325950078125 0.42168800937500006 0.6364713375 0.4191748640625 0.6366808328125 0.4176842328125 0.6336473812500001 0.4141999796875 0.5847251171875001 0.40580432968749997 0.562774078125 0.41187531718750003
0 0.5416877734375001 0.5380826453124999 0.5493158796875 0.5429060015625 0.5526944515625 0.5471410156250001 0.557105459375 0.5465075453125 0.5586453921875 0.5432749109375 0.5567137390625 0.5339185421875 0.5509515015625001 0.5287173859375 0.5425527046874999 0.5319283375 0.5416877734375001 0.5380826453124999
1 0.60382850625 0.513783215625 0.6008051 0.5103003765625 0.59821393125 0.5099362109375 0.5565648734375 0.518581309375 0.556354153125 0.520080659375 0.540461196875 0.533110025 0.5390718999999999 0.53672829375 0.5420965328125 0.540202415625 0.5457521 0.5391872078125 0.5465104625 0.540058271875 0.54671995625 0.5385676390625 0.561759234375 0.5254182984375 0.6006164484375 0.51790979375 0.60382850625 0.513783215625
0 0.5666209656250001 0.47107663281249995 0.5636810062500001 0.47661929843750006 0.5686544546875 0.4823318515625 0.571844209375 0.4852869328125 0.5800261609375 0.48361891406249996 0.5849506984375 0.4871289296875 0.593603984375 0.48458488437499997 0.59346205625 0.4804936265625 0.58813709375 0.47473167031249996 0.579634440625 0.47102991093749996 0.5666209656250001 0.47107663281249995
1 0.612492634375 0.4020708671875 0.6086263468750001 0.4045854234375 0.5901275874999999 0.44242314218749995 0.5724604390625 0.47427076875 0.572144359375 0.47651979375 0.5751689921875001 0.479993915625 0.5768964375000001 0.48023669375000005 0.581835940625 0.47635289218750004 0.6169286328125 0.40803679062500003 0.6172434875 0.405796484375 0.6142200796874999 0.40231364375 0.612492634375 0.4020708671875
2 0.4866739015625 0.5217283015625 0.48280761562499996 0.5242428609374999 0.4825981203125 0.5257334921875 0.485621528125 0.5292163328124999 0.49241590625000004 0.530935703125 0.51289558125 0.5353340078125 0.5610582578125001 0.5428673125000001 0.5649333624999999 0.540362884375 0.5651440828125 0.5388635359375 0.56210940625 0.5353880015625 0.51394673125 0.5278546953125 0.4866739015625 0.5217283015625
3 0.51314138125 0.6399070421874999 0.535413721875 0.5690246765625 0.5576344921875 0.4546395859375 0.569019828125 0.3173706203125 0.5667435140625 0.3147661484375 0.5634040265625 0.31353233281250004 0.55867524375 0.3159167828125 0.557517509375 0.3241544890625 0.550536690625 0.4238894765625 0.5472899078125 0.45318575 0.525174496875 0.566821165625 0.5029021546875 0.63770353125 0.5022906796875 0.6795841078125 0.506179034375 0.68317961875 0.5097292421875 0.6829140859375 0.5126352640625 0.68103794375 0.51314138125 0.6399070421874999
0 0.52918263125 0.6578867125000001 0.524734775 0.66133291875 0.530848528125 0.666583478125 0.5420046140625 0.669404759375 0.547669028125 0.670200840625 0.55152294375 0.6710535984375 0.5557551796875 0.6691416109375 0.5482682015625 0.66338693125 0.5398412640625 0.659073559375 0.52918263125 0.6578867125000001
2 0.44831734218749997 0.644530628125 0.44810784843749996 0.646021259375 0.45113125781249996 0.6495040999999999 0.4596543046875 0.6514575312499999 0.5487738828125 0.66780488125 0.55911846875 0.6692587171875 0.5629947984375 0.666745571875 0.5632042937499999 0.6652549390625 0.5601708421875 0.6617706875 0.45218363124999994 0.642016071875 0.44831734218749997 0.644530628125
0 0.57585395625 0.3642800265625 0.581884734375 0.3676432765625 0.5857018046875 0.37130877500000004 0.5950842390625 0.37137399531250004 0.5979372171875 0.36645024843749996 0.5942941140625 0.361546915625 0.5861490093749999 0.3604021953125 0.5790195796875001 0.35720455625 0.57585395625 0.3642800265625
1 0.66426451875 0.48412395156250004 0.656501059375 0.4830328671875 0.6086664875000001 0.47935919687500006 0.576220140625 0.47251460312500004 0.5723550796875 0.47502044374999997 0.572144359375 0.47651979375 0.5751689921875001 0.479993915625 0.5964058062500001 0.48527200156249994 0.6076141125000001 0.4868472265625 0.6632133703124999 0.4916032640625 0.66707843125 0.48909742500000003 0.6672891515625 0.487598075 0.66426451875 0.48412395156250004
1 0.5207553453125 0.6295276624999999 0.520439265625 0.6317766859375 0.5251666640625 0.6606646921875 0.5281900703125 0.6641475328124999 0.529917515625 0.664390309375 0.5337838046875001 0.661875753125 0.534098659375 0.6596354437499999 0.529372484375 0.630738721875 0.5263478515625 0.627264596875 0.5246204062500001 0.6270218203125 0.5207553453125 0.6295276624999999
0 0.5403112265625001 0.601803446875 0.5464851562499999 0.6092492390625 0.5496420750000001 0.61251083125 0.5580416703125 0.6143224593750001 0.566347453125 0.6092227859375 0.562617365625 0.6049383703125 0.5554718609375 0.59923168125 0.546006453125 0.597279153125 0.5403112265625001 0.601803446875
1 0.62473524375 0.32749435781249997 0.6217106125 0.324020234375 0.6199831671875 0.3237774578125 0.6171925468749999 0.3249053359375 0.6029349265625 0.3450270953125 0.5859675296875 0.35943442187499997 0.5845782328125 0.3630526890625 0.5876028640625 0.3665268140625 0.59125720625 0.3655203234375 0.59201556875 0.3663913859375 0.5922262890625001 0.36489203593749997 0.6091936875 0.350484709375 0.624524525 0.32899370625 0.62473524375 0.32749435781249997
1 0.5584939796875 0.6111769796875001 0.560221425 0.61141975625 0.5958344703125 0.6019263515625 0.5980874890625001 0.5984294703125 0.59506285625 0.594955346875 0.5933354109375 0.5947125703125 0.5577123234375 0.6042045640625 0.555469346875 0.6077028578125 0.5584939796875 0.6111769796875001