2 0.5064703203125 0.3133268703125 0.42512519375 0.28864890625 0.41274960624999996 0.2901255359375 0.4101495359375 0.2920353828125 0.40981507031250003 0.2936089234375 0.41334649062500006 0.29763992968749997 0.4276532140625 0.29740053906249997 0.5046316578125001 0.321977096875 0.5098741640625 0.3230914265625 0.5147416437500001 0.3208367703125 0.5150761109374999 0.31926322812499996 0.511544690625 0.315232221875 0.5064703203125 0.3133268703125
1 0.47665605156249996 0.46391448750000003 0.4815217234375 0.4616683375 0.4802577125 0.457292521875 0.45306371875 0.440826578125 0.448196240625 0.44308123281249995 0.44946025 0.44745704999999997 0.4745567796875 0.46346827343749997 0.47665605156249996 0.46391448750000003
0 0.418580334375 0.5141729171875 0.4254251578125 0.5199127703124999 0.4330184328125 0.5205133187500001 0.440860425 0.521673459375 0.4474263578125 0.5208021640625 0.4453910328125 0.516093490625 0.45714176875 0.51783554375 0.4619237421875 0.5143092359375 0.4625673328125 0.509663259375 0.45605242500000004 0.505495928125 0.4472397015625 0.5058896546875 0.4411234421875 0.504589603125 0.432749046875 0.5028095703125001 0.42754629218750007 0.506753165625 0.42060066406249996 0.507792671875 0.418580334375 0.5141729171875
0 0.4581215046875 0.383441540625 0.4669148734375 0.38481279375 0.47398528281249996 0.38480437031250003 0.476941684375 0.38668625156249997 0.48305473125000004 0.38320284375 0.48911992968750007 0.37843800625 0.48621595781250004 0.37630946249999997 0.47751248593750006 0.37445948281249997 0.4655476390625 0.3754544625 0.45845871562499996 0.378730440625 0.4581215046875 0.383441540625
0 0.472562490625 0.45002953437500004 0.4706415625 0.4448384515625 0.46393093125 0.44315425468749997 0.46042039843750004 0.439136578125 0.45570977187499995 0.4343481984375 0.4490800609375 0.4354637484375 0.4411288171875 0.4365473125 0.438174659375 0.440959971875 0.44197221875 0.44680774999999995 0.4429050796875 0.45028641562500005 0.453372590625 0.45326699687499994 0.46054508437499997 0.45428483281250004 0.472562490625 0.45002953437500004
2 0.45044333437499995 0.515033809375 0.446913721875 0.5109942984375 0.43432943437500005 0.5083194265625 0.374048621875 0.497977740625 0.359919575 0.497437025 0.355052096875 0.49969168125 0.3547176296875 0.5012652234375 0.3582490484375 0.505296228125 0.36139228437500004 0.50596434375 0.37343340625 0.50606125625 0.3872279875 0.5081755125 0.44524138906250005 0.5188620078125 0.45010886875 0.5166073515625 0.45044333437499995 0.515033809375
0 0.5361577421875 0.22990229062499998 0.5243031125 0.2271424828125 0.51690459375 0.2255698796875 0.504767959375 0.22575492343749998 0.4990711109375 0.23034913750000002 0.5007064171875 0.23850208125 0.513131884375 0.240138634375 0.519741271875 0.24229914687499998 0.529550196875 0.2388367890625 0.5372763828125 0.235687375 0.5361577421875 0.22990229062499998
1 0.5162958328125 0.2258672 0.5114301609374999 0.22811335000000002 0.5110956953125 0.22968689062499997 0.5146253078125 0.233726403125 0.5177685421875 0.23439451875 0.555647175 0.23669409375 0.56050330625 0.23443702656249998 0.5608377734375 0.232863484375 0.5573177015625 0.228834890625 0.55416311875 0.2281643625 0.5162958328125 0.2258672
2 0.37192910156250003 0.4202916140625 0.37159463593750003 0.42186515468749997 0.375124246875 0.42590466562499996 0.3812443875 0.42802341562499996 0.4638093453125 0.452151678125 0.47009581562499997 0.453487909375 0.47496329375 0.45123325468750003 0.4752977609375 0.4496597109375 0.47176814843750003 0.4456202 0.376794771875 0.4180454625 0.37192910156250003 0.4202916140625
1 0.43521660781250004 0.5093347625 0.43034912812500004 0.5115894171875001 0.43001647031249995 0.5131544531250001 0.43354608125 0.517193965625 0.4366893171875 0.51786208125 0.4806457203125 0.5173463843749999 0.485501853125 0.515089315625 0.48583451093749996 0.5135242796874999 0.48231624531249995 0.5094871796875 0.4791616625 0.508816653125 0.43521660781250004 0.5093347625
1 0.44558691718750004 0.4811355203125 0.4364287078125 0.508765640625 0.435258978125 0.5142687828125 0.4387885890625 0.5183082953125 0.4408878625 0.518754509375 0.44574399375 0.516497440625 0.45491355312500004 0.488869734375 0.45608328125 0.48336659062500004 0.4525518625 0.47933558437499996 0.45045258906249996 0.47888936875 0.44558691718750004 0.4811355203125
2 0.3877807609375 0.3612270921875 0.387448103125 0.362792128125 0.3909663671875 0.36682922812499996 0.4465460296875 0.37864305 0.4955047546875 0.3906941828125 0.500372234375 0.38843952812500004 0.5007067000000001 0.3868659859375 0.4971752796875 0.3828349796875 0.4482165546875 0.37078384531249997 0.3926368921875 0.3589700234375 0.3877807609375 0.3612270921875
3 0.456750296875 0.38738168281249996 0.4789715375 0.28283896875000003 0.49057454843750004 0.217928575 0.4933724328125 0.19963220625 0.49072999375000004 0.19660803124999998 0.486699584375 0.19492457968750002 0.48078814375 0.19695733437500001 0.4663872484375 0.2801640953125 0.44416600781250004 0.3847068109375 0.41844483437499996 0.4696145140625 0.398090128125 0.549920009375 0.3947490765625 0.565638415625 0.3993226515625 0.5698998296875 0.403689334375 0.5700012328125 0.4073333640625 0.5683132890625 0.4308609859375 0.4730804109375 0.456750296875 0.38738168281249996
0 0.5141439437499999 0.3255458390625 0.5102957640625 0.31993621875 0.504918978125 0.31677533593749996 0.503151725 0.310861275 0.496706390625 0.30949127656250003 0.489976403125 0.3095720609375 0.48740278437500006 0.3153190828125 0.48986565468750004 0.32114097343750003 0.49431182500000004 0.32711772968749997 0.49930987812499994 0.3289357421875 0.508923078125 0.3279565203125 0.5141439437499999 0.3255458390625
1 0.47188093750000004 0.383210278125 0.476802134375 0.3858920546875 0.4816564578125 0.38364349375 0.48199092343750005 0.382069953125 0.47060784843750003 0.35828793124999997 0.46569980781250003 0.35560006093749996 0.4608323296875 0.357854715625 0.4604978625 0.3594282578125 0.47188093750000004 0.383210278125
1 0.520150371875 0.22832225312499999 0.5162958328125 0.2258672 0.5114301609374999 0.22811335000000002 0.5116388625 0.2322648515625 0.514458978125 0.234508921875 0.529872459375 0.25997439375 0.5310845609375 0.259405271875 0.5349486375 0.261871240625 0.5398047703125 0.259614175 0.5395960703125 0.2554626703125 0.5367873000000001 0.2532210140625 0.5213720109375 0.2277640484375 0.520150371875 0.22832225312499999
1 0.503327084375 0.31265875468750004 0.5012278109375 0.312212540625 0.4963603328125 0.3144671953125 0.4958595375 0.3168232546875 0.4971439703125 0.3417480125 0.497907184375 0.3484798890625 0.5014254499999999 0.3525169875 0.5035247218750001 0.3529632015625 0.5083922015625 0.3507085484375 0.508892996875 0.34835248750000003 0.5076085625 0.3234277296875 0.5068453500000001 0.31669585312500004 0.503327084375 0.31265875468750004
1 0.46730736093749997 0.378948865625 0.4669728953125 0.38052240625 0.47050431562500006 0.38455341249999997 0.49529605625000006 0.3865426796875 0.5001521875 0.3842856140625 0.5004866531250001 0.3827120703125 0.49696658125 0.3786834765625 0.49276803593749996 0.3777910484375 0.472174840625 0.376694209375 0.46730736093749997 0.378948865625
2 0.5383098265624999 0.23054641875 0.5005569609375 0.2225218 0.46159380156249996 0.21505779687499998 0.43122327968749996 0.213536246875 0.426357609375 0.21578239843749997 0.4260231421875 0.2173559390625 0.42955275468750004 0.22139545 0.43269599062499997 0.222063565625 0.4599232765625 0.2229170015625 0.5366393015625001 0.2384056234375 0.5415067812500001 0.2361509671875 0.541841246875 0.23457742499999998 0.5383098265624999 0.23054641875
1 0.44836437812499996 0.442290209375 0.4478617734375 0.44465477499999995 0.4515280375 0.4635072671875 0.45505945781249996 0.4675382734375 0.45715872968750004 0.4679844875 0.462013053125 0.46573592656249996 0.46251385 0.463379865625 0.45884939375 0.44451886875 0.45532932031250006 0.44049027343749997 0.453230046875 0.440044059375 0.44836437812499996 0.442290209375
1 0.4963603328125 0.3144671953125 0.49602586718749997 0.31604073593750004 0.49762434375 0.318843009375 0.507105959375 0.3257922953125 0.5513247812500001 0.3343645328125 0.556192259375 0.3321098765625 0.55652491875 0.330544840625 0.5529953062499999 0.3265053296875 0.5108775640625 0.3183708 0.5012278109375 0.312212540625 0.4963603328125 0.3144671953125