1 0.6145578281249999 0.24669449999999998 0.6167596171875 0.24384762656249998 0.6129824890625 0.240582665625 0.6110002890625 0.24044405625 0.5635248015625 0.261114725 0.561531828125 0.26097536250000003 0.559340809375 0.263822990625 0.5257540046875 0.28620289374999996 0.525597109375 0.28844660625 0.5293748046875 0.2917034953125 0.5334126734375 0.2912396953125 0.570182159375 0.2660734 0.613514803125 0.2473677171875 0.615507778125 0.2475070796875 0.6145578281249999 0.24669449999999998
1 0.5834137578124999 0.34870252343749997 0.5796366296875 0.3454375640625 0.5776544265625 0.3452989546875 0.5755570453125001 0.3466527109375 0.57460709375 0.345840128125 0.5745026859375 0.347333246875 0.54988965 0.37034065781250003 0.5486270359375001 0.3739993578125 0.5524041656249999 0.37726431875 0.5564945203125 0.376049925 0.557433134375 0.3768698234375 0.55753754375 0.3753767078125 0.5821619171875 0.352361978125 0.5834137578124999 0.34870252343749997
2 0.549941571875 0.369598134375 0.5009950937500001 0.3684220359375 0.42532673593750003 0.3631307890625 0.42114274375000005 0.365839053125 0.4210383359375 0.3673321703125 0.42480525625 0.37058830625 0.5014754875 0.3759496109375 0.5623582593750001 0.37796037656250003 0.5665530249999999 0.375252865625 0.56665686875 0.37376781875 0.562879740625 0.370502859375 0.549941571875 0.369598134375
3 0.49860946406249995 0.588622115625 0.5037947640625 0.5859919812500001 0.50400358125 0.5830057453124999 0.49556200625 0.5606796578125001 0.5053488109375001 0.5208851546875 0.49945194375 0.46201324843749997 0.5039791671875 0.368630703125 0.4984690546875 0.31878024374999997 0.500492784375 0.2754420546875 0.49790392656250004 0.1980584 0.497382384375 0.1912741015625 0.4945438703125 0.188829040625 0.49062061718749994 0.18780854687499998 0.4854353171875 0.19043868125000002 0.48501768125 0.1964111515625 0.48854571562500004 0.274606634375 0.486470065625 0.318687346875 0.49197961250000005 0.3685458765625 0.48750487500000006 0.461177828125 0.4933909703125 0.52004898125 0.48351052812499995 0.5613373546875 0.49184769531250006 0.5851565609375 0.49467543750000004 0.58760086875 0.49860946406249995 0.588622115625
2 0.5441408359375 0.4381549953125 0.42535936406249997 0.43434213125000004 0.4211645984375 0.4370496421875 0.4210601890625 0.43854275937500004 0.42483788437500003 0.4417996484375 0.43578307812499995 0.4425650109375 0.5425763328125 0.44628573125 0.554575325 0.446378628125 0.5587700890625 0.4436711171875 0.558874496875 0.442178 0.5550968046875 0.4389211109375 0.5441408359375 0.4381549953125
0 0.5396971546875 0.3811041046875 0.553076828125 0.3797201359375 0.5618174453125 0.374702740625 0.5512106250000001 0.3683243328125 0.53668885 0.367308871875 0.5257392375000001 0.3721799078125 0.5324285 0.3776112140625 0.5396971546875 0.3811041046875
1 0.5258610359375 0.442116046875 0.52596488125 0.44063100000000005 0.52218775 0.4373660390625 0.48466679843750005 0.4302410640625 0.4816302375 0.43078299062500003 0.4741387375 0.4377531171875 0.46790985 0.4410645421875 0.46664723593749996 0.44472324375000005 0.4704243640625 0.447988203125 0.47545390000000004 0.4475856375 0.47660133125000004 0.4454193015625 0.487128828125 0.43791531875 0.5176803234375 0.4445448328125 0.5216662703125 0.4448235578125 0.5258610359375 0.442116046875
1 0.56630318125 0.4074660109375 0.5693911 0.40618963125 0.570642940625 0.40253017656249995 0.566876584375 0.3992659703125 0.564883609375 0.3991266078125 0.562786228125 0.4004803625 0.5618476125 0.399660465625 0.547907634375 0.4129274984375 0.5202467000000001 0.43648415468749996 0.51715878125 0.437760534375 0.5159069406250001 0.4414199890625 0.5196732984375 0.44468419531250003 0.523763653125 0.4434698015625 0.5247022671875 0.44428970156250003 0.5386422484375 0.43102266718750004 0.56630318125 0.4074660109375
0 0.5131112484375 0.4451742453125 0.51644885 0.44806783437500003 0.5222967203125 0.4464897171875 0.5282855671875 0.4495524796875 0.5382011703125 0.44692870312500005 0.54679115 0.4442203421875 0.5402068125 0.437133746875 0.5297188562499999 0.43540278125 0.5200797968749999 0.43407181406250006 0.5118281734375 0.43813393593749994 0.5131112484375 0.4451742453125
2 0.48410098437500004 0.2810436578125 0.4318052828125 0.2848807703125 0.4276105171875 0.2875882796875 0.427506109375 0.28908139843749997 0.4312838015625 0.2923382875 0.43526974999999996 0.2926170125 0.484570603125 0.28857048125 0.5512759671875 0.2932349734375 0.5554701671875 0.2905355328125 0.5555745765625 0.289042415625 0.5517974484375 0.28577745625 0.48410098437500004 0.2810436578125
1 0.5449645234375 0.36925010625 0.52091411875 0.384056721875 0.5026229796874999 0.38802509218750003 0.4984389875 0.3907333546875 0.498334578125 0.3922264734375 0.5021015 0.395482609375 0.5050963453125 0.3956920296875 0.5223331250000001 0.392404196875 0.5505156 0.37563183906250003 0.551725728125 0.37272373124999997 0.5479485984375 0.369458771875 0.5449645234375 0.36925010625
0 0.5349567703125 0.297179028125 0.54225616875 0.294039784375 0.5513572546875001 0.2903695859375 0.5454948765625 0.2856530421875 0.5338782140625 0.28086664375 0.5250681796875 0.286876759375 0.5267816046875 0.293955271875 0.5349567703125 0.297179028125
1 0.5311726 0.5092033812500001 0.506329015625 0.49247007187499997 0.5044923734375 0.49009506875 0.499567246875 0.48900451718750004 0.495373046875 0.49170395625 0.497157203125 0.4948295546875 0.49611418125 0.49550277343750004 0.5067049984375 0.5014907656250001 0.5315378109375 0.5182233218750001 0.533374453125 0.520598325 0.538299578125 0.521688878125 0.5424937796875 0.5189894374999999 0.5407096234375001 0.515863840625 0.5417634203125 0.515191375 0.5311726 0.5092033812500001
1 0.581579675 0.48949197499999997 0.5778025453125 0.4862270140625 0.5748184734375 0.486018346875 0.5239943265625 0.5116941546875 0.5126732078125 0.516149915625 0.5136225953125 0.5169705671875 0.51142136875 0.5198093703125 0.515198496875 0.5230743296875 0.5202274671875 0.5226798359375 0.5223773359375 0.5205754859375 0.5689959453125 0.4976064359375 0.5803170609375 0.493150675 0.5793784484375 0.4923307765625 0.581579675 0.48949197499999997
0 0.5281652578125 0.5018965125 0.51963335625 0.5036194703125 0.518942 0.51350633125 0.51665551875 0.52097019375 0.5181112437500001 0.5253867062500001 0.52682121875 0.527309646875 0.532828340625 0.523763734375 0.54014010625 0.5202928296875 0.5366599375 0.513090775 0.533888796875 0.5085985 0.5281652578125 0.5018965125
1 0.5408414796875001 0.285011340625 0.5378574046875 0.2848026734375 0.5146519140625 0.28768124375 0.4659662390625 0.297018203125 0.45973735156249995 0.30032962812499997 0.45963294218749995 0.30182274531250003 0.4634106359375 0.3050796359375 0.466394709375 0.305288303125 0.51915996875 0.294736196875 0.5403199984375 0.2924688578125 0.5445141984374999 0.2897694171875 0.5446186078124999 0.28827630000000004 0.5408414796875001 0.285011340625
2 0.583625259375 0.517364375 0.58372966875 0.5158712578125 0.5799627468749999 0.5126151203125 0.5759768000000001 0.512336396875 0.5146661828125 0.516289278125 0.46687790781249994 0.5129475968749999 0.430201934375 0.508136390625 0.42600716875 0.5108439 0.425902759375 0.51233701875 0.42968045468750005 0.5155939078125 0.4375890875 0.5169011968749999 0.46536532656249996 0.520335809375 0.5151465749999999 0.523816853125 0.5794412671875 0.5200726390625 0.583625259375 0.517364375