1 0.5767187500000001 0.27082783906249996 0.54783203125 0.2931648359375 0.54783203125 0.295201465625 0.5514453125000001 0.29790476250000003 0.55505859375 0.29723076875 0.586640625 0.2721758234375 0.62455078125 0.252542125 0.626357421875 0.252542125 0.62544921875 0.25186813125 0.6272558593750001 0.24915750937499997 0.623642578125 0.24644688593750003 0.621845703125 0.24644688593750003 0.580322265625 0.268117215625 0.578515625 0.268117215625 0.5767187500000001 0.27082783906249996
1 0.5956640625 0.34530402968749996 0.574912109375 0.367641025 0.57400390625 0.371025640625 0.5776171875 0.3737362640625 0.5812304687500001 0.372380953125 0.58212890625 0.3730622703125 0.58212890625 0.371706959375 0.602890625 0.34936263749999996 0.6037890625 0.34597802187500004 0.60017578125 0.3432674 0.59837890625 0.3432674 0.596572265625 0.3446227109375 0.5956640625 0.34394871718750003 0.5956640625 0.34530402968749996
2 0.45848632812499995 0.371706959375 0.45848632812499995 0.3730622703125 0.46208984375 0.3757655671875 0.531591796875 0.3757655671875 0.586640625 0.3737362640625 0.59025390625 0.371025640625 0.59025390625 0.36967765625000004 0.586640625 0.3669670328125 0.574912109375 0.3669670328125 0.53068359375 0.3689963375 0.46208984375 0.3689963375 0.45848632812499995 0.371706959375
3 0.51353515625 0.28504029375 0.514443359375 0.3249890109375 0.52255859375 0.36967765625000004 0.524365234375 0.4536337 0.5333886718749999 0.5064395609375001 0.527080078125 0.544358975 0.536103515625 0.5653479859375 0.53880859375 0.5673772890625 0.5424218749999999 0.5680512828125 0.5469335937500001 0.5653479859375 0.5469335937500001 0.5626373625000001 0.5379101562499999 0.5430036625 0.544228515625 0.5064395609375001 0.5351953125 0.4536337 0.5333886718749999 0.3689963375 0.5252734375 0.32431501875 0.524365234375 0.28504029375 0.5171484375000001 0.2153040296875 0.51625 0.20920879062500003 0.51353515625 0.2071794875 0.509931640625 0.20650549375 0.505419921875 0.20920879062500003 0.505419921875 0.21463003593750002 0.51353515625 0.28504029375
2 0.462998046875 0.437384615625 0.46661132812500006 0.4400879125 0.47653320312499997 0.4400879125 0.57310546875 0.43670329687500004 0.583935546875 0.4360293046875 0.587548828125 0.43331868125 0.587548828125 0.4319633703125 0.583935546875 0.4292600734375 0.57400390625 0.4292600734375 0.46661132812500006 0.43331868125 0.462998046875 0.4360293046875 0.462998046875 0.437384615625
0 0.559619140625 0.3753113546875 0.566396484375 0.3780073265625 0.57837890625 0.3759120875 0.585947265625 0.3708278390625 0.5759765625 0.36573626406250004 0.5628124999999999 0.36573626406250004 0.5532421875 0.3708278390625 0.559619140625 0.3753113546875
1 0.505419921875 0.43670329687500004 0.50451171875 0.4400879125 0.5081249999999999 0.44279853437499994 0.5126367187499999 0.442117215625 0.51353515625 0.4400879125 0.52255859375 0.43264468906250003 0.550537109375 0.43670329687500004 0.554150390625 0.43670329687500004 0.557763671875 0.43399267343750003 0.557763671875 0.43264468906250003 0.554150390625 0.42993406562500003 0.519853515625 0.42586813125 0.5171484375000001 0.42654945 0.5108300781249999 0.43331868125 0.505419921875 0.43670329687500004
1 0.575810546875 0.40623443281249993 0.55234375 0.4292600734375 0.549638671875 0.430608059375 0.5487402343750001 0.43399267343750003 0.55234375 0.43670329687500004 0.55595703125 0.43534798593749996 0.55685546875 0.4360293046875 0.56859375 0.4231648359375 0.592060546875 0.40013919375 0.594765625 0.398791209375 0.5956640625 0.39540659375 0.592060546875 0.39269597031250003 0.59025390625 0.39269597031250003 0.5884472656249999 0.3940512828125 0.587548828125 0.3933699640625 0.575810546875 0.40623443281249993
0 0.55482421875 0.4381684984375 0.560419921875 0.44055677656250003 0.56919921875 0.4375604390625 0.57677734375 0.43457142812500005 0.570390625 0.42858608125000003 0.5608203125 0.42768498125 0.552041015625 0.42709157500000006 0.5448535156250001 0.4312820515625 0.5464550781249999 0.4375604390625 0.5496484374999999 0.4399633703125 0.55482421875 0.4381684984375
2 0.459384765625 0.3019706953125 0.462998046875 0.3046739921875 0.46661132812500006 0.3046739921875 0.5108300781249999 0.29790476250000003 0.571298828125 0.29790476250000003 0.574912109375 0.295201465625 0.574912109375 0.293846153125 0.571298828125 0.29113553125 0.509931640625 0.29113553125 0.462998046875 0.29790476250000003 0.459384765625 0.300615384375 0.459384765625 0.3019706953125
1 0.52978515625 0.3893113546875 0.52978515625 0.3906666671875 0.5333886718749999 0.3933699640625 0.536103515625 0.3933699640625 0.5514453125000001 0.3893113546875 0.575810546875 0.372380953125 0.5767187500000001 0.36967765625000004 0.57310546875 0.3669670328125 0.5704003906249999 0.3669670328125 0.549638671875 0.38186080625 0.5333886718749999 0.38660073281249996 0.52978515625 0.3893113546875
0 0.5492480468750001 0.3001025640625 0.5568261718749999 0.30249816875 0.563212890625 0.299201465625 0.57119140625 0.2953113546875 0.5656054687500001 0.2914212453125 0.55482421875 0.28783150156250004 0.547255859375 0.29381685 0.5492480468750001 0.3001025640625
1 0.534296875 0.48409523749999994 0.544228515625 0.48883516406250005 0.5676855468750001 0.5023809531250001 0.5694921875000001 0.50441025625 0.57400390625 0.5050842484375 0.5776171875 0.5023809531250001 0.575810546875 0.4996703296875 0.5767187500000001 0.49899633750000005 0.566787109375 0.49425641093749995 0.5433203125 0.48071062343750004 0.541513671875 0.47868131875 0.537001953125 0.4780073265625 0.5333886718749999 0.48071062343750004 0.5351953125 0.48342124531249997 0.534296875 0.48409523749999994
1 0.5514453125000001 0.5023809531250001 0.549638671875 0.5050842484375 0.553251953125 0.507794871875 0.557763671875 0.5071208796875 0.5595703125 0.5050842484375 0.60017578125 0.481391940625 0.610107421875 0.4766520140625 0.609208984375 0.47597069531249997 0.6110156250000001 0.4732674 0.60740234375 0.4705567765625 0.604697265625 0.4705567765625 0.56046875 0.49695970625 0.550537109375 0.501699634375 0.5514453125000001 0.5023809531250001
0 0.556025390625 0.4989157515625 0.55443359375 0.5058021984375001 0.556025390625 0.509699634375 0.56400390625 0.5108864468750001 0.56919921875 0.5073040296875 0.575576171875 0.503706959375 0.571982421875 0.49742124531250004 0.56919921875 0.49353846093750003 0.56361328125 0.487846153125 0.556025390625 0.48994139218750005 0.556025390625 0.4989157515625
1 0.489169921875 0.3100952375 0.489169921875 0.31145055 0.492783203125 0.314153846875 0.49548828125 0.314153846875 0.5424218749999999 0.3012893765625 0.5613671874999999 0.29790476250000003 0.56498046875 0.295201465625 0.56498046875 0.293846153125 0.5613671874999999 0.29113553125 0.5586621093749999 0.29113553125 0.5379101562499999 0.295201465625 0.494580078125 0.3067106234375 0.489169921875 0.3100952375
2 0.475634765625 0.4996703296875 0.472021484375 0.5023809531250001 0.472021484375 0.5037362640625 0.475634765625 0.5064395609375001 0.48285156249999994 0.5071208796875 0.5081249999999999 0.5084688640625 0.553251953125 0.5084688640625 0.6110156250000001 0.501025640625 0.614619140625 0.49831501874999995 0.614619140625 0.49695970625 0.6110156250000001 0.49425641093749995 0.60740234375 0.49425641093749995 0.55234375 0.501699634375 0.5090234375 0.501699634375 0.475634765625 0.4996703296875