1 0.6415231421875001 0.6227987796875001 0.6377984140625 0.6189513437499999 0.635678665625 0.618615609375 0.60781556875 0.623156240625 0.589246775 0.630788890625 0.5685454125 0.6380925796875 0.5664256640625001 0.63775684375 0.5673661203125 0.6387157703125 0.5647430609375 0.6415578140625 0.5684806078125 0.645398475 0.5738993984375 0.6454467546875 0.613169553125 0.6305104187499999 0.63878639375 0.6264327890625 0.6415231421875001 0.6227987796875001
1 0.6625437859375001 0.5244149953125 0.6277835671875 0.5587830359375 0.6275319125000001 0.5603719265625 0.631269459375 0.5642125874999999 0.6368133968749999 0.5634707171875 0.639311309375 0.5614188234374999 0.674058709375 0.5270575562500001 0.6743103640625 0.5254686671875 0.6705741781250001 0.5216194171875 0.6684658875 0.521285496875 0.6625437859375001 0.5244149953125
2 0.6506522015625 0.558337603125 0.643238809375 0.5571634359375001 0.5683627453125 0.5501816749999999 0.49741418125000003 0.5389445265624999 0.49267137187500004 0.541450834375 0.4924197171875 0.5430397250000001 0.496155903125 0.546888975 0.5671044671875001 0.558126125 0.6408026 0.5657224890625 0.6493952843749999 0.5662734640625 0.6541380921875 0.5637671546874999 0.6543883859374999 0.5621868531249999 0.6506522015625 0.558337603125
0 0.646703821875 0.561612434375 0.635201865625 0.5554767203125001 0.6203082234374999 0.5556269515625 0.614272540625 0.5604376421875 0.6230936734375 0.5682969421874999 0.6354146265625 0.566295371875 0.646703821875 0.561612434375
2 0.4745066609375 0.6150545625 0.469763853125 0.6175608718750001 0.4695121984375 0.6191497625 0.4732483828125 0.6229990125 0.516712015625 0.6363891640625 0.6284522640625 0.657344578125 0.6443446515625 0.659861684375 0.6490760015625 0.657353559375 0.64932765625 0.6557646703125 0.645602928125 0.651917234375 0.519034534375 0.628622078125 0.4745066609375 0.6150545625
2 0.5998227125 0.372093140625 0.5471740031250001 0.36864065 0.5424440125000001 0.371140184375 0.5421923578125 0.3727290734375 0.5459170859375 0.3765765109375 0.5512221875 0.37741675625000004 0.5985657953125 0.38002900156249997 0.6523161703125 0.39017097343749996 0.65705761875 0.3876732515625 0.657309275 0.3860843625 0.6535730875 0.3822351125 0.5998227125 0.372093140625
1 0.6529359828125 0.482218584375 0.6562363859375 0.481922540625 0.6553073875 0.4809654296875 0.657930446875 0.478123384375 0.6541942609375 0.474274134375 0.6510203671875 0.4737714390625 0.6241452484375001 0.48579351718749997 0.6208462078125 0.486080971875 0.5960908390624999 0.4984387859375 0.592791796875 0.49872624062500004 0.59110919375 0.5025272109375 0.5948339218750001 0.506374646875 0.600254071875 0.5064143375 0.6250080812500001 0.49406511406250003 0.628308484375 0.49376906875 0.6319957859375 0.49110438749999996 0.6529359828125 0.482218584375
1 0.6325263765625 0.5562767265625 0.6057288828125 0.5609861328125 0.5747105328125001 0.551187065625 0.5704824937499999 0.550517409375 0.5657396859375 0.55302371875 0.5654880296875 0.5546126078125 0.5692242171874999 0.558461859375 0.6055261109375001 0.5690889546875 0.635634103125 0.5640939078125 0.638370853125 0.5604598984375 0.6346461234375 0.5566124609374999 0.6325263765625 0.5562767265625
1 0.68706774375 0.45181847499999994 0.683755884375 0.45211270312499996 0.6690383265625 0.46279404843750005 0.6487741109375 0.4742344421875 0.64709150625 0.4780354125 0.6508162359375 0.48188284843750007 0.6562363859375 0.481922540625 0.6709667609375 0.4712344203125 0.6912296171875 0.459802615625 0.6929122203125 0.45600164374999996 0.689176034375 0.45215239531250007 0.68706774375 0.45181847499999994
0 0.6414746515624999 0.48561528281250005 0.6578347734375 0.48532754687499996 0.6632070328124999 0.47862455937500004 0.654221303125 0.47180448124999996 0.6330383109375 0.46917135468750004 0.6222074390625 0.4739268859375 0.6295292375 0.48227944999999994 0.6414746515624999 0.48561528281250005
1 0.576288084375 0.630365184375 0.5229030531250001 0.6178423578125 0.5181717031249999 0.6203504828125 0.5179214078125 0.6219307828125 0.5216461359375 0.6257782187500001 0.5677429234375 0.6363367296875 0.5717193078125 0.638595275 0.57495354375 0.6456137156249999 0.57787578125 0.6477053015625 0.57999553125 0.6480410375 0.5847383390625 0.6455347265625 0.58095326875 0.6351715453125 0.576288084375 0.630365184375
3 0.5920165859375001 0.5653205078125 0.5937064750000001 0.46551258593749995 0.6107868 0.3713909609375 0.6136026343750001 0.2782675609375 0.6107940859375 0.2753840078125 0.6066925546874999 0.2739156140625 0.6008955984375 0.2762549640625 0.6000154859375 0.2818117828125 0.598079765625 0.3693783640625 0.58087429375 0.464290140625 0.57918304375 0.5641066515625 0.561344790625 0.7109941265625 0.5641418828125 0.7138758625 0.56825623125 0.715337484375 0.574051825 0.7130067234374999 0.5764405109374999 0.6979251515625 0.5920165859375001 0.5653205078125
1 0.5774560281250001 0.3693693828125 0.581193575 0.37321004375 0.6406747390625 0.38832715156250003 0.6459683828125 0.38916558125 0.65070983125 0.3866678609375 0.6509614859374999 0.385078971875 0.6472253 0.381229721875 0.5824504921875 0.3652741828125 0.577707684375 0.3677804921875 0.5774560281250001 0.3693693828125
1 0.647350446875 0.380439571875 0.6403627421875 0.38340029531250003 0.6401110859375 0.384989184375 0.6438486343750001 0.388829846875 0.6470225265625 0.3893325421875 0.7056581421875 0.3823496375 0.712645846875 0.3793889125 0.7128975015625 0.377800021875 0.7091613156250001 0.3739507734375 0.705987421875 0.3734480765625 0.647350446875 0.380439571875
0 0.5749302968750001 0.6390862359375 0.5668373812499999 0.6417574609375001 0.5691689906249999 0.6482455625 0.580274240625 0.6478386671874999 0.5872000171875 0.6525364546875 0.5923447046875 0.65335129375 0.5896708 0.639977040625 0.5868122765625 0.6337752546875 0.5765114437500001 0.6321437624999999 0.5749302968750001 0.6390862359375
0 0.6398528234375 0.3806871234375 0.63329430625 0.3857583625 0.6373262671875 0.39359867187500003 0.6453454203125 0.39450781562500004 0.65322245 0.3871186453125 0.660689725 0.38543122812499997 0.66135763125 0.381214228125 0.6512899859375 0.378184609375 0.6398528234375 0.3806871234375
2 0.6520745125 0.4739383984375 0.5998140656250001 0.46810868125000005 0.509799221875 0.4538517296875 0.50506923125 0.45635126562500006 0.5048175765625 0.45794015625 0.5085423046875001 0.4617875921875 0.5985571484375 0.4760445421875 0.6645888734375001 0.4840642203125 0.66933168125 0.48155790937500004 0.6695833359375001 0.47996902031250005 0.6658471515625 0.4761197703125 0.6520745125 0.4739383984375