2 0.46712613281250004 0.508425778125 0.5755549234374999 0.49928289687499994 0.579205065625 0.49588923593749995 0.5790494578125001 0.4944087171875 0.574773496875 0.49184812187500004 0.46634470625 0.500991003125 0.46268297968749994 0.504377746875 0.4628394328125 0.5058663109375 0.46712613281250004 0.508425778125
1 0.6397694890625 0.747408871875 0.6448878140625001 0.748375921875 0.64853795625 0.7449822609375001 0.6472378140624999 0.7421170296875 0.5605074390625 0.6903328015625 0.5553891140625 0.68936575 0.5517273874999999 0.69275249375 0.5530391125 0.6956246421875 0.6397694890625 0.747408871875
1 0.6992363562499999 0.8358928265625 0.7042867703125 0.83611044375 0.707937759375 0.832724828125 0.705559303125 0.829208225 0.57985530625 0.79806724375 0.5748147859375 0.797840453125 0.5711646421875 0.8012341140625001 0.5735315125 0.8047438 0.6992363562499999 0.8358928265625
2 0.46060947187499995 0.17905017343750002 0.456948590625 0.1824449640625 0.4571050453125 0.183933528125 0.4613908984375 0.18648494843750002 0.46535395 0.186068415625 0.49474519531250005 0.1792208171875 0.4984060765625 0.1758260265625 0.4982504671875 0.1743455078125 0.49396376875000003 0.1717860421875 0.489989975 0.1722037046875 0.46060947187499995 0.17905017343750002
1 0.582748546875 0.4436468921875 0.554161459375 0.4962679796875 0.5543179140625 0.49775654375 0.558604615625 0.5003160109375 0.5634100296875 0.4983059328125 0.5651519265625 0.4958694078125 0.5937489078125 0.4432391421875 0.5935924546875 0.4417505796875 0.589305753125 0.4391911125 0.58731885625 0.43939994374999997 0.582748546875 0.4436468921875
1 0.5807914937499999 0.5491055484375 0.5765047953125 0.5465460828125 0.5745178984375 0.5467549140625 0.571621575 0.5478159 0.5708570140625 0.550149703125 0.5392504812500001 0.5835474453125 0.5336805046875 0.5878913265625 0.533083140625 0.591712565625 0.5373698421875 0.5942720328125 0.5422530609375 0.5930022125 0.5430068796875 0.5906695390625 0.57462415625 0.5572706671875001 0.5801833890625 0.552927915625 0.5807914937499999 0.5491055484375
0 0.57155159375 0.49394395781249995 0.5529400437499999 0.49177557343749995 0.5370547546875 0.48930437656250003 0.526626221875 0.4862677890625 0.52330101875 0.49833194062499997 0.5342913499999999 0.5068170000000001 0.5394176390625 0.511785721875 0.555159159375 0.512889046875 0.5688881859375 0.52108625625 0.5847544109375 0.5145944874999999 0.584603165625 0.504270571875 0.57155159375 0.49394395781249995
1 0.5279182078125 0.09378038749999999 0.5215952609375 0.10046498906250001 0.48971039687499995 0.15043080625 0.47847005468750003 0.17717295 0.478626509375 0.1786615140625 0.48291320937500004 0.18122098125 0.487718625 0.17921090312500002 0.5005543046875001 0.14853449531250001 0.53433751875 0.09762071562499999 0.534181065625 0.09613215 0.5298943656249999 0.093572684375 0.5279182078125 0.09378038749999999
2 0.47101585312500005 0.6982337375000001 0.4753017078125 0.70078515625 0.574187578125 0.6964118671875 0.58113634375 0.695681521875 0.584797225 0.6922867312500001 0.5846407703125001 0.690798165625 0.5803549171875 0.688246746875 0.47452028124999995 0.6933503812499999 0.4708594 0.696745171875 0.47101585312500005 0.6982337375000001
0 0.5790566359375 0.7927412921875 0.5842795187500001 0.7811691765625 0.5700672109375 0.777155434375 0.5561589640625 0.7848162578125 0.550720428125 0.79433656875 0.5579063828125 0.8101201140625 0.5698087671875001 0.8185011781249999 0.5814368921875 0.824169509375 0.5961151124999999 0.8150529140625 0.5949584515625 0.804151315625 0.5790566359375 0.7927412921875
2 0.4437617953125 0.2575112796875 0.44011080625 0.26089689531250004 0.4402672609375 0.262385459375 0.44454322187499995 0.26494605625 0.44751819531250003 0.26463337343750004 0.5197967593749999 0.24576122968749997 0.5234576421875 0.2423664390625 0.5233011890625 0.24087787343749997 0.5190144875 0.23831840781250002 0.5160395125 0.238631090625 0.4437617953125 0.2575112796875
2 0.49789213749999994 0.791639971875 0.5042435375000001 0.794730865625 0.591950003125 0.8080714 0.5949249765625 0.8077587171875 0.598585859375 0.804363928125 0.59843025 0.8028834093749999 0.5920780046874999 0.79978446875 0.5013974125 0.7867646640625 0.497736528125 0.790159453125 0.49789213749999994 0.791639971875
1 0.4977303625 0.341309665625 0.497885971875 0.342790184375 0.54836573125 0.4028995328125 0.551731415625 0.4063042375 0.5568497406249999 0.4072712890625 0.5605106234375 0.40387649843749995 0.56035416875 0.402387934375 0.5098752578125 0.3422866328125 0.5065095703125 0.338881928125 0.501391246875 0.3379148765625 0.4977303625 0.341309665625
0 0.494651109375 0.33949375625 0.51123364375 0.33981719843749997 0.5153899656250001 0.32698233593750003 0.5088707593749999 0.3173358546875 0.49410412812500004 0.31682968906250003 0.48650354374999993 0.323136059375 0.48869454843750004 0.335303790625 0.494651109375 0.33949375625
0 0.4817435671875 0.18176694531249998 0.49183653437499997 0.18305719843749998 0.497735346875 0.1676881265625 0.47524565 0.166537490625 0.46712937187500003 0.17145 0.4680748640625 0.1804457578125 0.4817435671875 0.18176694531249998
3 0.5506481234375 0.81617085625 0.555297084375 0.8126722140625 0.542285 0.7366010578125 0.5260614484375 0.5631313859375 0.5050111421875 0.4488074046875 0.48440760781250003 0.3577437578125 0.4777410625 0.256193359375 0.47730279062500003 0.13744952187499998 0.47659916874999997 0.13075500625 0.4733899390625 0.128838865625 0.4693482359375 0.1285070921875 0.46468853593750004 0.1320068640625 0.464404078125 0.13880523125 0.4657526234375 0.25670495781249997 0.472574778125 0.35973587500000004 0.4931783109375 0.45079952343749996 0.5141508140625 0.5643832453125001 0.530374365625 0.737852915625 0.5413048828125 0.803624065625 0.5433864500000001 0.8139240734375001 0.5466072671875 0.81584713125 0.5506481234375 0.81617085625
2 0.4662406859375 0.585957621875 0.4735801640625 0.5889446656249999 0.5485159171875 0.5953539765625 0.5514908921874999 0.5950412953125 0.5551517734375 0.591646503125 0.554996165625 0.5901659859375 0.547655840625 0.587170896875 0.46974511406249997 0.5810742671875 0.46608423125 0.584469059375 0.4662406859375 0.585957621875
2 0.5589646390625 0.39877552656250004 0.48097123125 0.420509903125 0.47806332031250004 0.4215639734375 0.474413178125 0.4249576359375 0.47456963124999996 0.4264462015625 0.478844746875 0.42899874843749997 0.4818304609375 0.42868493750000003 0.5598247140625 0.40695860625 0.566382765625 0.40251087500000005 0.5662263125 0.40102230937499994 0.5619396125 0.39846284375 0.5589646390625 0.39877552656250004
0 0.564462284375 0.688908365625 0.5561172812499999 0.6794537843749999 0.54234448125 0.6795183828125 0.5401965421875 0.6942084890625 0.55400819375 0.7030885062500001 0.560448884375 0.7031030515625 0.571725909375 0.714315803125 0.5808937078125 0.714035584375 0.5883612640625 0.7063602140625 0.5804995421875 0.692722165625 0.564462284375 0.688908365625
1 0.5859724468749999 0.7989293156249999 0.5823107203125 0.8023160609375 0.5824671734375 0.8038046234375 0.5867538734375 0.806364090625 0.5908054703125 0.8066866859375 0.665183315625 0.807891175 0.6691571062499999 0.8074735125 0.6728188359375 0.8040867687500001 0.67266238125 0.8025982046875001 0.6683756796875 0.8000387375000001 0.664324084375 0.7997161421875 0.5859724468749999 0.7989293156249999
1 0.6771455359375 0.6352175124999999 0.609249190625 0.66716600625 0.5702747234375 0.687801209375 0.5674562046875 0.68960245625 0.5658600218750001 0.693528675 0.5701458765625 0.69608009375 0.572132771875 0.6958712625000001 0.626277303125 0.666873153125 0.6818229515625001 0.6414943656250001 0.6834182890625 0.6375601015625 0.6791324328125 0.63500868125 0.6771455359375 0.6352175124999999
1 0.500453365625 0.3289915359375 0.5006098203125 0.33048010156249996 0.50909383125 0.33485185781250004 0.5860609546875 0.360588365625 0.592178096875 0.3614504375 0.595829084375 0.3580648203125 0.593451475 0.3545562640625 0.5871886187500001 0.3522045 0.51022065 0.3264599453125 0.5041035093749999 0.3255978734375 0.500453365625 0.3289915359375
1 0.6120820375 0.1593713125 0.49067588593749994 0.16912159531249998 0.483197665625 0.1744226125 0.4842742875 0.1750578921875 0.4826003 0.1782438515625 0.486887 0.18080331875 0.49177022031249995 0.17953349999999998 0.4944322859375 0.17624368906250001 0.597967115625 0.16837175625 0.6128634640625 0.1668060875 0.6165136078125 0.163412425 0.6163579984374999 0.16193190625 0.6120820375 0.1593713125
1 0.53927585 0.4978325203125 0.5405768375 0.5007057968749999 0.5619093640624999 0.5127490359375 0.653231390625 0.5031507046875 0.6568922734375 0.49975591250000007 0.65673581875 0.4982673484375 0.6524499640625 0.495715928125 0.5641136515625 0.50500045 0.5480443171875 0.49540590937499995 0.5429259937500001 0.4944388578125 0.53927585 0.4978325203125
0 0.5340093031250001 0.41662749374999997 0.5504489125 0.4155911125 0.5617002453125 0.408892896875 0.5625131453125001 0.3991672703125 0.5497143875 0.399820984375 0.53509068125 0.40067464218750004 0.52824933125 0.40552636875000003 0.5340093031250001 0.41662749374999997
2 0.4226048265625 0.3522075609375 0.41895468437499994 0.3556012234375 0.4191111375 0.3570897859375 0.423386253125 0.3596423359375 0.426371965625 0.359328525 0.5145851546875 0.3297596703125 0.518235296875 0.326366009375 0.5180796890625 0.324885490625 0.513803728125 0.3223248953125 0.5108180156250001 0.32263870625 0.4226048265625 0.3522075609375
1 0.6131558796875 0.22692687656250002 0.6168167625 0.223532084375 0.6166603078125 0.22204352031250002 0.6123736078124999 0.2194840546875 0.609398634375 0.2197967375 0.5861245312500001 0.2275064046875 0.537902340625 0.2461117015625 0.509325853125 0.24159830468750002 0.506350878125 0.2419109875 0.5026891515624999 0.24529773124999998 0.5028456046875001 0.24678629531250001 0.50919700625 0.2498771890625 0.536696871875 0.2537553078125 0.5406706625 0.25333764531249997 0.5714908953125 0.24107639375 0.6131558796875 0.22692687656250002
1 0.54170589375 0.5877962625 0.536588415625 0.5868372578125001 0.5329266859375 0.5902240015625 0.533083140625 0.591712565625 0.5469983843749999 0.6000285015625 0.6199797265625 0.587842828125 0.6268506875 0.5863722250000001 0.63051156875 0.5829774343749999 0.6303551140625 0.5814888687499999 0.626068415625 0.578929403125 0.6201184671875 0.57955476875 0.549201825 0.5922718687499999 0.54170589375 0.5877962625
0 0.49419802968750004 0.238998684375 0.4836439421875 0.2435491453125 0.49129085625 0.2551434375 0.494878040625 0.26303175156249997 0.5145999265625 0.25820107187499997 0.53221016875 0.2508426453125 0.5296796515625 0.24422625 0.5090976890625 0.2408738484375 0.49419802968750004 0.238998684375
0 0.529772653125 0.603710090625 0.5478298828125 0.6093860515625 0.5559963734375 0.5995790203125 0.551077415625 0.587698009375 0.534466771875 0.578428825 0.51678464375 0.5851033171875 0.5194696703125 0.593086453125 0.529772653125 0.603710090625
1 0.54515605625 0.1814393296875 0.539898990625 0.1887603375 0.504285334375 0.2413715125 0.5027678015625 0.24604603749999998 0.5070536546875 0.24859745625000002 0.5118599171875 0.24659542656250003 0.5527306390625 0.1866632421875 0.5542481718750001 0.1819887171875 0.5499614703125 0.1794292515625 0.547974575 0.1796380828125 0.54515605625 0.1814393296875
1 0.5170836515625 0.258070184375 0.49068608124999996 0.331523128125 0.49092034062499995 0.3337519515625 0.4951963015625 0.336312546875 0.4971831953125 0.336103715625 0.501675703125 0.3311165078125 0.52807411875 0.2576716109375 0.527839015625 0.2554347421875 0.5235639 0.25288219375 0.5215770046875 0.25309102499999997 0.5170836515625 0.258070184375
1 0.52814440625 0.411036778125 0.5324203671875 0.41359737343749997 0.6420714937499999 0.40657946406249995 0.6529940484375001 0.4054314578125 0.656655778125 0.40204471406250003 0.6564993234375 0.40055615 0.6522126218750001 0.3979966828125 0.531638940625 0.4061625984375 0.5279879515625 0.4095482140625 0.52814440625 0.411036778125