2 0.489169921875 0.5348791203125 0.587548828125 0.536908425 0.5911523437499999 0.5341978015625 0.5911523437499999 0.5328498171875 0.587548828125 0.53013919375 0.489169921875 0.5281098906249999 0.48555664062500004 0.5308131875 0.48555664062500004 0.5321684984374999 0.489169921875 0.5348791203125
1 0.621845703125 0.7664322343750001 0.626357421875 0.7677875453125 0.6299609375 0.7650769234375 0.6290625000000001 0.7623736265625001 0.55595703125 0.7075311359375 0.5514453125000001 0.7061758234375 0.54783203125 0.7088791203125 0.5487402343750001 0.7115897437500001 0.621845703125 0.7664322343750001
1 0.666962890625 0.8517435890625 0.671484375 0.8524175828124999 0.675087890625 0.8497142859375 0.6732812499999999 0.84632234375 0.5631738281249999 0.8063809531249999 0.5586621093749999 0.805699634375 0.55505859375 0.80841025625 0.55685546875 0.811794871875 0.666962890625 0.8517435890625
2 0.5108300781249999 0.24171428593750002 0.514443359375 0.2444175828125 0.518046875 0.2444175828125 0.545126953125 0.2410329671875 0.5487402343750001 0.23832234375 0.5487402343750001 0.236974359375 0.545126953125 0.2342637359375 0.541513671875 0.2342637359375 0.514443359375 0.2376483515625 0.5108300781249999 0.240358975 0.5108300781249999 0.24171428593750002
1 0.56859375 0.533523809375 0.5722070312499999 0.5362344328125 0.5767187500000001 0.5348791203125 0.578515625 0.5328498171875 0.609208984375 0.488161171875 0.609208984375 0.4868058609375 0.605595703125 0.48409523749999994 0.6037890625 0.48409523749999994 0.5992773437500001 0.48748717968750005 0.56859375 0.5321684984374999 0.56859375 0.533523809375
1 0.5469335937500001 0.6093553109375 0.541513671875 0.6127399265625 0.5406152343749999 0.6161245421875 0.544228515625 0.6188351640625 0.5487402343750001 0.6181538468750001 0.549638671875 0.6161245421875 0.5812304687500001 0.58904029375 0.586640625 0.585655678125 0.587548828125 0.5822710625 0.583935546875 0.5795604390625 0.58212890625 0.5795604390625 0.579423828125 0.5802417578125 0.578515625 0.5822710625 0.5469335937500001 0.6093553109375
0 0.544775390625 0.5205567765625 0.54064453125 0.5311062265625 0.5497265625 0.5397875453125 0.5538671875000001 0.5447472531249999 0.567919921875 0.54723076875 0.5794921875 0.5559120875 0.594375 0.551567765625 0.59521484375 0.5422564109375 0.584453125 0.5317216124999999 0.567919921875 0.5280073265625 0.5538671875000001 0.5242783875 0.544775390625 0.5205567765625
1 0.53068359375 0.2376483515625 0.53068359375 0.2390036625 0.534296875 0.24171428593750002 0.53880859375 0.240358975 0.553251953125 0.2139487171875 0.5884472656249999 0.171296703125 0.5884472656249999 0.16994139218749998 0.584833984375 0.16723076875 0.583037109375 0.16723076875 0.5767187500000001 0.1726520140625 0.5433203125 0.21463003593750002 0.53068359375 0.2376483515625
2 0.47833984375 0.7088791203125 0.5676855468750001 0.714300365625 0.57400390625 0.714300365625 0.5776171875 0.7115897437500001 0.5776171875 0.7102344328125 0.57400390625 0.7075311359375 0.47833984375 0.702109890625 0.4747265625 0.7048205125 0.4747265625 0.7061758234375 0.47833984375 0.7088791203125
0 0.55634765625 0.7866227109375 0.543115234375 0.792205128125 0.53732421875 0.8002637359375001 0.5422949218750001 0.8151575093749999 0.55220703125 0.8238315015625 0.56212890625 0.8300366296874999 0.57619140625 0.8232161171874999 0.576181640625 0.8132893765625001 0.562958984375 0.8015091578125 0.56875 0.7915824171875 0.55634765625 0.7866227109375
2 0.48827148437499995 0.31076923125 0.491875 0.313479853125 0.494580078125 0.313479853125 0.5613671874999999 0.3033260078125 0.56498046875 0.300615384375 0.56498046875 0.2992600734375 0.5613671874999999 0.29654945 0.5586621093749999 0.29654945 0.491875 0.3067106234375 0.48827148437499995 0.30941391875 0.48827148437499995 0.31076923125
2 0.49548828125 0.7962197796875 0.57310546875 0.8165347984375 0.575810546875 0.8165347984375 0.579423828125 0.8138241765625001 0.579423828125 0.8124761906250001 0.57400390625 0.8090842484375 0.49368164062500003 0.78877655625 0.49006835937500004 0.7914871796875 0.49006835937500004 0.7928351640625 0.49548828125 0.7962197796875
1 0.5722070312499999 0.44753846093750005 0.574912109375 0.4509230765625 0.579423828125 0.4522783875 0.583037109375 0.449567765625 0.583037109375 0.44821245468750004 0.5433203125 0.3893113546875 0.5406152343749999 0.385926740625 0.536103515625 0.384571428125 0.532490234375 0.3872820515625 0.532490234375 0.3886300359375 0.5722070312499999 0.44753846093750005
0 0.524931640625 0.381018315625 0.529892578125 0.3853553109375 0.544775390625 0.38721611718750004 0.5497265625 0.3760512828125 0.544775390625 0.366747253125 0.53154296875 0.3648937734375 0.5241113281249999 0.36985347968750004 0.524931640625 0.381018315625
0 0.521025390625 0.23142124531250002 0.521025390625 0.23961172187500002 0.533193359375 0.2420952375 0.5421484375000001 0.24421245468750002 0.54890625 0.230930403125 0.5287890625 0.2277655671875 0.521025390625 0.23142124531250002
3 0.511728515625 0.30806593437499996 0.5081249999999999 0.40149450625 0.518046875 0.48545055000000004 0.526171875 0.5897216125 0.524365234375 0.747472528125 0.527978515625 0.8077362640624999 0.5288769531249999 0.8172087906250001 0.531591796875 0.8192454218749999 0.5351953125 0.8199194140625 0.5397070312500001 0.8172087906250001 0.5351953125 0.747472528125 0.537001953125 0.5897216125 0.5288769531249999 0.48477655625000005 0.5189550781250001 0.4008205125 0.52255859375 0.30873992656250004 0.5333886718749999 0.2017655671875 0.5333886718749999 0.1956703296875 0.53068359375 0.193641025 0.527080078125 0.19295970625 0.52255859375 0.1956703296875 0.5216601562500001 0.2017655671875 0.511728515625 0.30806593437499996
2 0.48736328125000006 0.608 0.554150390625 0.62086446875 0.55685546875 0.62086446875 0.56046875 0.6181538468750001 0.56046875 0.6168058609375 0.554150390625 0.61341391875 0.48465820312499996 0.60054945 0.481044921875 0.6032600734375 0.481044921875 0.604615384375 0.48736328125000006 0.608
2 0.50361328125 0.46040292968749996 0.50361328125 0.46175824218750006 0.507216796875 0.4644615390625 0.509931640625 0.4644615390625 0.58212890625 0.4522783875 0.5884472656249999 0.4488937734375 0.5884472656249999 0.44753846093750005 0.584833984375 0.4448278390625 0.58212890625 0.4448278390625 0.509931640625 0.45701831562499995 0.507216796875 0.4576923078125 0.50361328125 0.46040292968749996
0 0.54064453125 0.6960732593750001 0.53732421875 0.7090989015625 0.54890625 0.7184029296875 0.554697265625 0.719025640625 0.5637792968750001 0.7301904765625 0.57205078125 0.7308058609375 0.5794921875 0.7246007328124999 0.5737109375 0.7115750921874999 0.5596484375 0.7066227109375001 0.5530371093750001 0.69731868125 0.54064453125 0.6960732593750001
1 0.56859375 0.8145054937499999 0.5722070312499999 0.8151794875 0.6389843749999999 0.8233040296875 0.64259765625 0.8233040296875 0.6462109375 0.8206007328125 0.6462109375 0.8192454218749999 0.64259765625 0.8165347984375 0.6389843749999999 0.8158608062500001 0.56859375 0.8077362640624999 0.56498046875 0.8104395609375 0.56498046875 0.811794871875 0.56859375 0.8145054937499999
1 0.562275390625 0.7075311359375 0.56046875 0.7109157515625 0.56408203125 0.713619046875 0.565888671875 0.713619046875 0.61732421875 0.6926300359375 0.669677734375 0.6750329671874999 0.671484375 0.671641025 0.66787109375 0.6689377296875 0.666064453125 0.6689377296875 0.6019824218750001 0.6912820515625 0.56498046875 0.7061758234375 0.562275390625 0.7075311359375
1 0.5433203125 0.382542125 0.610107421875 0.4130036625 0.61552734375 0.414358975 0.619130859375 0.411655678125 0.61732421875 0.4082710625 0.6119140625 0.40556043906249994 0.545126953125 0.375091575 0.5397070312500001 0.3737362640625 0.536103515625 0.3764468859375 0.536103515625 0.3778021984375 0.5433203125 0.382542125
1 0.534296875 0.2390036625 0.5379101562499999 0.24171428593750002 0.5424218749999999 0.2410329671875 0.545126953125 0.23832234375 0.6389843749999999 0.2410329671875 0.6525292968749999 0.2410329671875 0.6561328125 0.23832234375 0.6561328125 0.236974359375 0.6525292968749999 0.2342637359375 0.5424218749999999 0.2315531140625 0.5351953125 0.235619046875 0.536103515625 0.23629304062499998 0.534296875 0.2390036625
1 0.57400390625 0.5477435890625 0.6570410156250001 0.5477435890625 0.660654296875 0.5450329671875 0.660654296875 0.5436776562500001 0.6570410156250001 0.540974359375 0.5767187500000001 0.540974359375 0.5631738281249999 0.5308131875 0.5586621093749999 0.5294578750000001 0.55505859375 0.5321684984374999 0.55595703125 0.5348791203125 0.57400390625 0.5477435890625
0 0.5538671875000001 0.44800000000000006 0.557998046875 0.45854212499999997 0.572880859375 0.4591648359375 0.5836328125 0.4541978015625 0.585283203125 0.44551648281249995 0.5737109375 0.4448937734375 0.5604785156250001 0.4442783875 0.5538671875000001 0.44800000000000006
2 0.46029296875 0.3940512828125 0.46389648437500003 0.39675457812500003 0.46661132812500006 0.39675457812500003 0.5487402343750001 0.378476190625 0.55234375 0.3757655671875 0.55234375 0.3744175828125 0.5487402343750001 0.371706959375 0.546025390625 0.371706959375 0.46389648437500003 0.3899853484375 0.46029296875 0.39269597031250003 0.46029296875 0.3940512828125
1 0.55234375 0.29858608124999997 0.549638671875 0.29858608124999997 0.546025390625 0.3012893765625 0.546025390625 0.30264468906249997 0.5514453125000001 0.3060293046875 0.575810546875 0.31212454218749996 0.579423828125 0.31212454218749996 0.60830078125 0.304 0.647109375 0.295201465625 0.6507226562499999 0.2924908421875 0.6507226562499999 0.29113553125 0.647109375 0.28842490781249996 0.644404296875 0.28842490781249996 0.6227441406249999 0.2931648359375 0.5776171875 0.3053553109375 0.55234375 0.29858608124999997
1 0.55234375 0.624930403125 0.619130859375 0.62086446875 0.62544921875 0.6201904765624999 0.6290625000000001 0.6174798531250001 0.6290625000000001 0.6161245421875 0.62544921875 0.61341391875 0.6200390625 0.61341391875 0.55505859375 0.6181538468750001 0.5487402343750001 0.61341391875 0.544228515625 0.612065934375 0.5406152343749999 0.61476923125 0.5406152343749999 0.6161245421875 0.55234375 0.624930403125
0 0.538984375 0.2948131875 0.5290625 0.2979120875 0.5348437500000001 0.30907692343750004 0.53732421875 0.31652014687499996 0.555517578125 0.3140366296875 0.57205078125 0.30907692343750004 0.5704003906249999 0.30287912031249997 0.55220703125 0.2979120875 0.538984375 0.2948131875
0 0.5282421875 0.616073259375 0.53650390625 0.626615384375 0.55220703125 0.633435896875 0.5604785156250001 0.6253772890625 0.557177734375 0.6142124546875001 0.543115234375 0.604293040625 0.52658203125 0.6086300359375 0.5282421875 0.616073259375
1 0.54783203125 0.29790476250000003 0.546025390625 0.3019706953125 0.549638671875 0.3046739921875 0.554150390625 0.3033260078125 0.596572265625 0.25322344375 0.59837890625 0.24915750937499997 0.594765625 0.24644688593750003 0.5929589843749999 0.24644688593750003 0.59025390625 0.2478021984375 0.584833984375 0.2538974359375 0.54783203125 0.29790476250000003
1 0.527080078125 0.3798315015625 0.53068359375 0.382542125 0.532490234375 0.382542125 0.537001953125 0.378476190625 0.5676855468750001 0.3148351640625 0.5676855468750001 0.312798534375 0.56408203125 0.3100952375 0.562275390625 0.3100952375 0.557763671875 0.314153846875 0.527080078125 0.3778021984375 0.527080078125 0.3798315015625
1 0.55685546875 0.455663003125 0.6561328125 0.4597216125 0.666064453125 0.4597216125 0.669677734375 0.45701831562499995 0.669677734375 0.455663003125 0.666064453125 0.45295238125 0.55685546875 0.4488937734375 0.553251953125 0.4515970703125 0.553251953125 0.45295238125 0.55685546875 0.455663003125