3 0.526050821875 0.47109704218750004 0.5260751546875 0.4456416984375 0.529369790625 0.38222171562499996 0.528098303125 0.2935066890625 0.5252800328125 0.29154283593749997 0.5215874828125 0.29097939687499996 0.5171030203125 0.2938906515625 0.5183745078124999 0.382605678125 0.5145995609375 0.4584234875 0.5274703 0.590770703125 0.5283818859375 0.6691795093749999 0.533058246875 0.6717634171875 0.536692840625 0.6709515546875 0.53937716875 0.668795546875 0.5393056109375001 0.614442015625 0.5384655828125 0.5903867390624999 0.526050821875 0.47109704218750004
0 0.5995602796874999 0.36797770937499996 0.59501946875 0.36302155625 0.58577906875 0.3633442375 0.5820963875 0.3693171734375 0.58419259375 0.373629084375 0.593893359375 0.3725607140625 0.5995602796874999 0.36797770937499996
1 0.56696383125 0.46072686875 0.5701519171875 0.47299659375 0.5752603640625 0.487953909375 0.5790248421874999 0.49057710625000006 0.5808491265625 0.49051340000000004 0.584421446875 0.4876339984375 0.5812432765625 0.475363928125 0.576134828125 0.4604066109375 0.5723703515625 0.45778341562499997 0.5705361531250001 0.4578474671875 0.56696383125 0.46072686875
2 0.46147427343749997 0.6185298296874999 0.4615223125 0.619905478125 0.4652768734375 0.6225290203125 0.5185250765625 0.62342420625 0.5853608734375 0.6197129218749999 0.58893319375 0.6168335203125 0.58888515625 0.61545786875 0.5851209390625 0.612842109375 0.519197025 0.61651410625 0.46503693906250004 0.6156582078125 0.46147427343749997 0.6185298296874999
1 0.648329290625 0.42622933593749995 0.6272368937499999 0.4262809578125 0.5757509625 0.4232619640625 0.5721786421874999 0.4261413671875 0.5722266796875 0.427517015625 0.5759908968749999 0.43013277656250004 0.626554771875 0.43318396875 0.6696479078124999 0.43237150937499996 0.6997913328124999 0.42856422343749995 0.703353740625 0.42568516718750005 0.7033057015625 0.4243095171875 0.6995514 0.4216934125 0.6694077140625 0.42549326093750006 0.648329290625 0.42622933593749995
0 0.5695881796875 0.317564440625 0.580800096875 0.318267328125 0.5864133125000001 0.3118621703125 0.5965009125 0.308226653125 0.5929828859375 0.30470145 0.5793955984375 0.3059055390625 0.5752551 0.31298143437500003 0.5695881796875 0.317564440625
0 0.5595194875 0.48945655468749993 0.5636070375 0.49479334374999995 0.5685412703125 0.496802425 0.57623541875 0.49398754531250005 0.5829503109374999 0.491556778125 0.5921270921875 0.4894122890625 0.5904785296874999 0.4839903296875 0.581711221875 0.48393168593749997 0.5662162984375 0.48593944687499996 0.5595194875 0.48945655468749993
2 0.5938602171875 0.54785466875 0.5620363625 0.5558451718749999 0.47592254062499995 0.55954471875 0.47236013281250006 0.562423775 0.4724079125 0.5637919890624999 0.4761624734375 0.56641553125 0.5631886984375 0.5626915671875 0.5968564078124999 0.5546292296875001 0.600419075 0.551757609375 0.6003710359375 0.550381959375 0.596616475 0.5477584171875 0.5938602171875 0.54785466875
0 0.5906142359375 0.43216086562499995 0.5984 0.4322537875 0.601200375 0.42887274687500004 0.5980946296874999 0.4235091171875 0.5859238062500001 0.4232045203125 0.5738547734375 0.4258148140625 0.5764138953125 0.42973830937499996 0.5906142359375 0.43216086562499995
2 0.59863969375 0.42177773125 0.5858102125 0.422225746875 0.5226567906249999 0.4264933796875 0.4569250328125 0.43566797343749997 0.4533527125 0.4385473765625 0.45340075 0.43992302656250004 0.4571649671875 0.4425387859375 0.46174550937500003 0.44237882968750003 0.5238088671875001 0.4333323390625 0.598879628125 0.42864854374999994 0.602442034375 0.4257694859375 0.6023939953124999 0.4243938359375 0.59863969375 0.42177773125
2 0.59840013125 0.3626131453125 0.5535068609375 0.36418085312500004 0.5068032796875 0.36649671875 0.47677982031250005 0.37373941093749996 0.473207240625 0.3766113765625 0.4732552796875 0.3779870265625 0.4770197546875 0.3806102234375 0.479766096875 0.38051431875 0.50795535625 0.373335678125 0.5986400656249999 0.3694839578125 0.6022123875000001 0.3666045546875 0.6021643484375 0.3652289046875 0.59840013125 0.3626131453125
1 0.6147469296875 0.51547654375 0.6109923671875 0.5128530015625 0.60915816875 0.512917053125 0.6047217421875 0.5172039578125001 0.59535840625 0.5381685046875 0.5838830703125 0.5509577328125 0.58308098125 0.5544253375 0.5868454562500001 0.55704853125 0.590465815625 0.5555447796874999 0.5914018484375 0.5561970328125 0.5913538093749999 0.5548213843750001 0.604591675 0.5399157859375 0.6148188578125 0.5175363 0.6147469296875 0.51547654375
1 0.5938057265625 0.3097874375 0.5902334046875 0.312666840625 0.5920913078125001 0.3394337828125 0.5856524921874999 0.3651205703125 0.5857244203125 0.3671803265625 0.5894789828125 0.3698038703125 0.5913131828125 0.36973981875 0.594885503125 0.366860415625 0.6012523921875 0.3391138703125 0.599404403125 0.3123465828125 0.595639925 0.30972338593750004 0.5938057265625 0.3097874375
1 0.650616334375 0.3078035671875 0.593589940625 0.30360816874999996 0.5745615046875 0.3104594609375 0.5728571859375 0.313958571875 0.5766117484375 0.3165821140625 0.579358090625 0.3164862109375 0.5974982734375 0.3103508765625 0.65088041875 0.315365921875 0.6545488171875 0.31523781875 0.6581112250000001 0.31235876406249996 0.6580631859375 0.3109831125 0.654308884375 0.30836700625 0.650616334375 0.3078035671875
1 0.58790860625 0.37742283906249996 0.587380328125 0.41459933906249996 0.58778826875 0.4262812078125 0.59154283125 0.42890474999999995 0.59337703125 0.42884069843750006 0.5969493515625001 0.4259612953125 0.5975355828125 0.3901600984375 0.597079603125 0.37710258125 0.5933153875 0.37448682187500004 0.5914811890625 0.3745508734375 0.58790860625 0.37742283906249996
1 0.6223687515625 0.3659006796875 0.58923905 0.36293305781249996 0.58567638125 0.3658046765625 0.5857244203125 0.3671803265625 0.5894789828125 0.3698038703125 0.598688103125 0.37085960625 0.6216965421875 0.37280334375 0.640964915625 0.37282286249999996 0.6583749375 0.37221489218750003 0.66193734375 0.36933583593749997 0.6618893046875 0.3679601859375 0.6581350031250001 0.3653440796875 0.6223687515625 0.3659006796875
0 0.5859228171875001 0.618464871875 0.5886443015625 0.6125403921875 0.5793372140625 0.6106691234375 0.568306240625 0.615432 0.5694944328125 0.621599646875 0.5798082531250001 0.624157925 0.5867269859375 0.6275643734374999 0.5910837875 0.6266826203125 0.5880062984375 0.622412421875 0.5859228171875001 0.618464871875
1 0.5752125859375 0.48658569687500003 0.5752603640625 0.487953909375 0.5790248421874999 0.49057710625000006 0.620345790625 0.4918888015625 0.6560157046875 0.48857346718750005 0.659578371875 0.48570184687499995 0.6595303328125001 0.484326196875 0.6557757703125 0.48170265468749995 0.62010585625 0.48501798906250004 0.5787849078125 0.48370629374999996 0.5752125859375 0.48658569687500003
1 0.599698828125 0.557284625 0.576031784375 0.615221778125 0.5761037124999999 0.6172815359375 0.5798681890624999 0.6199047296875 0.5817023875 0.619840678125 0.5861388140625 0.6155537734375 0.6097962015625 0.5576244015625 0.6097240140625 0.5555572093750001 0.6059697109375 0.552941103125 0.6041355109375 0.5530051546875 0.599698828125 0.557284625
1 0.5829368640625 0.5502983890625 0.57937445625 0.55317744375 0.5810785890625 0.5758252203125 0.5888612656250001 0.6147737625 0.5926257421875001 0.6173969593749999 0.594459940625 0.6173329078124999 0.5980223484375 0.6144538515625 0.5979023812500001 0.6110184453125 0.590239671875 0.5755053078125 0.5885355390625 0.55285753125 0.5847710640625 0.5502343375 0.5829368640625 0.5502983890625
2 0.5941178484375 0.3187254421875 0.59769016875 0.315846040625 0.5976421296875001 0.31447039062500004 0.5938779140625 0.31185463125 0.5717432328125 0.308495609375 0.5460842703125001 0.309391640625 0.5195370546875 0.3110036296875 0.5031451671875 0.314330703125 0.47674206718749995 0.320069640625 0.473169746875 0.32294904375 0.47321778437499995 0.3243246921875 0.47698200156250004 0.32694045312500003 0.4797283421875 0.3268445484375 0.5206993062499999 0.3178496796875 0.571071025 0.315398275 0.59137150625 0.31882134687499997 0.5941178484375 0.3187254421875
1 0.6286020671875 0.281740503125 0.631262246875 0.278892953125 0.6500985296875 0.2665390609375 0.65282098125 0.26575905 0.651874775 0.26509970625 0.6536131562499999 0.2622917921875 0.6498585953125 0.2596682484375 0.6471023375 0.2597645 0.62380548125 0.275713753125 0.6210832890625 0.2765012 0.606779509375 0.287319484375 0.6040570562500001 0.2880994953125 0.5969462171875 0.2945420609375 0.5736735109375 0.31118285625 0.5728571859375 0.313958571875 0.5766117484375 0.3165821140625 0.5802562578125 0.3157699046875 0.6151245265624999 0.289782725 0.6286020671875 0.281740503125
2 0.5869997828125 0.48272703906250003 0.4701282796875 0.49851183906249996 0.465571628125 0.499355903125 0.46199930624999996 0.5022353046875 0.462047084375 0.50360351875 0.4658115625 0.506226715625 0.470392103125 0.506066759375 0.5918205171875 0.48944533124999995 0.595392840625 0.486565928125 0.5953448015625 0.485190278125 0.5915803234375 0.48256708281250005 0.5869997828125 0.48272703906250003
0 0.5836187749999999 0.5524857437499999 0.5758174796875 0.5516637531249999 0.5662439499999999 0.5563757359375 0.56741941875 0.5621790203125 0.57871759375 0.5650677296875 0.5830163953125 0.5630935859374999 0.58867795625 0.5577886015625 0.5920532125 0.5569411234375 0.5977399640625001 0.5523574265625 0.5927701078125 0.5496125328125 0.5836187749999999 0.5524857437499999
1 0.5796282546875 0.61303391875 0.5760556734375 0.6159058843749999 0.5789939859375 0.647459465625 0.5749312515625 0.688883928125 0.5750992578125 0.693694984375 0.5788634734375 0.6963107453124999 0.5806976734375 0.69624669375 0.5842702531249999 0.6933747265625 0.5881789578125 0.6478236609375 0.5852167578125 0.6155859734375 0.581462453125 0.6129698671875 0.5796282546875 0.61303391875