3 0.509931640625 0.46581685000000006 0.518046875 0.5964908421875 0.51625 0.67367765625 0.52076171875 0.676380953125 0.524365234375 0.675706959375 0.527080078125 0.67367765625 0.5288769531249999 0.6201904765624999 0.5288769531249999 0.5964908421875 0.52076171875 0.47868131875 0.5216601562500001 0.4536337 0.527080078125 0.391340659375 0.5288769531249999 0.304 0.526171875 0.3019706953125 0.52255859375 0.3012893765625 0.518046875 0.304 0.51625 0.391340659375 0.509931640625 0.46581685000000006
0 0.58130859375 0.38476923125 0.5908886718749999 0.3840512828125 0.5966210937499999 0.3797362640625 0.59232421875 0.37470329687500004 0.58322265625 0.37470329687500004 0.57939453125 0.3804542125 0.58130859375 0.38476923125
1 0.56859375 0.49695970625 0.5722070312499999 0.4996703296875 0.57400390625 0.4996703296875 0.5776171875 0.49695970625 0.574912109375 0.48477655625000005 0.5704003906249999 0.46988278437500003 0.566787109375 0.4671721609375 0.56498046875 0.4671721609375 0.5613671874999999 0.46988278437500003 0.56408203125 0.482065934375 0.56859375 0.49695970625
2 0.45577148437500004 0.6256043953125 0.5081249999999999 0.6283150187500001 0.57400390625 0.62695970625 0.5776171875 0.6242490843749999 0.5776171875 0.6228937734375 0.57400390625 0.6201904765624999 0.5090234375 0.6215384609375 0.45577148437500004 0.6188351640625 0.45216796875 0.6215384609375 0.45216796875 0.6228937734375 0.45577148437500004 0.6256043953125
1 0.571298828125 0.4400879125 0.6209374999999999 0.4448278390625 0.663359375 0.4455091578125 0.69314453125 0.44279853437499994 0.696748046875 0.4400879125 0.696748046875 0.4387326 0.69314453125 0.4360293046875 0.663359375 0.4387326 0.64259765625 0.4387326 0.621845703125 0.4380586078125 0.571298828125 0.43331868125 0.5676855468750001 0.4360293046875 0.5676855468750001 0.437384615625 0.571298828125 0.4400879125
0 0.574599609375 0.3247838828125 0.5688671875 0.3290989015625 0.579873046875 0.33017582343749996 0.585615234375 0.324065934375 0.5956640625 0.3208351640625 0.59232421875 0.317245421875 0.5789160156250001 0.3179633703125 0.574599609375 0.3247838828125
0 0.55689453125 0.5032893765625001 0.5616796875000001 0.505435896875 0.569345703125 0.5029304031249999 0.57603515625 0.50076923125 0.5851367187500001 0.498974359375 0.583701171875 0.49358241718749996 0.575078125 0.49322344375 0.559765625 0.49466666718749996 0.553056640625 0.4978974359375 0.55689453125 0.5032893765625001
2 0.46480468750000004 0.566703296875 0.46480468750000004 0.5680512828125 0.468408203125 0.5707619046875 0.554150390625 0.5700879125 0.587548828125 0.5633113546875 0.5911523437499999 0.560608059375 0.5911523437499999 0.559252746875 0.587548828125 0.556542125 0.584833984375 0.556542125 0.553251953125 0.5633113546875 0.468408203125 0.5639926734375 0.46480468750000004 0.566703296875
0 0.571728515625 0.4397142859375 0.585615234375 0.44258608125 0.593271484375 0.44294505468749995 0.596142578125 0.4397142859375 0.593271484375 0.43432967031249997 0.58130859375 0.433611721875 0.569345703125 0.43576556718750004 0.571728515625 0.4397142859375
2 0.45036132812499996 0.44415384687500004 0.45036132812499996 0.4455091578125 0.453974609375 0.44821245468750004 0.45848632812499995 0.44821245468750004 0.519853515625 0.4414432234375 0.5938671875 0.43941391875 0.5974707031250001 0.43670329687500004 0.5974707031250001 0.43534798593749996 0.5938671875 0.43264468906250003 0.5812304687500001 0.43264468906250003 0.5189550781250001 0.43467399218749997 0.453974609375 0.4414432234375 0.45036132812499996 0.44415384687500004
2 0.472021484375 0.383890109375 0.472021484375 0.385245421875 0.475634765625 0.38795604375 0.47833984375 0.38795604375 0.506318359375 0.38186080625 0.5956640625 0.3811868125 0.5992773437500001 0.378476190625 0.5992773437500001 0.37712087968749997 0.5956640625 0.3744175828125 0.5514453125000001 0.3744175828125 0.505419921875 0.375091575 0.475634765625 0.3811868125 0.472021484375 0.383890109375
1 0.574912109375 0.559252746875 0.57400390625 0.5626373625000001 0.5776171875 0.5653479859375 0.5812304687500001 0.5639926734375 0.58212890625 0.5646666671875 0.58212890625 0.5633113546875 0.5956640625 0.5490989015625 0.606494140625 0.527428571875 0.606494140625 0.5253992671875001 0.602890625 0.5226886453125 0.601083984375 0.5226886453125 0.596572265625 0.526754578125 0.586640625 0.5470622703125 0.574912109375 0.559252746875
1 0.583037109375 0.3764468859375 0.583037109375 0.378476190625 0.586640625 0.3811868125 0.5884472656249999 0.3811868125 0.592060546875 0.378476190625 0.5992773437500001 0.351391940625 0.59837890625 0.3249890109375 0.594765625 0.32227838750000004 0.5929589843749999 0.32227838750000004 0.589345703125 0.3249890109375 0.59025390625 0.351391940625 0.583037109375 0.3764468859375
1 0.575810546875 0.3283736265625 0.578515625 0.3283736265625 0.596572265625 0.32295970625 0.648916015625 0.3297289375 0.6525292968749999 0.3297289375 0.6561328125 0.327018315625 0.6561328125 0.32566300312499996 0.6525292968749999 0.32295970625 0.648916015625 0.32227838750000004 0.5929589843749999 0.3161904765625 0.57400390625 0.32227838750000004 0.5722070312499999 0.32566300312499996 0.575810546875 0.3283736265625
1 0.583037109375 0.43670329687500004 0.586640625 0.43941391875 0.5884472656249999 0.43941391875 0.592060546875 0.43670329687500004 0.5938671875 0.40149450625 0.5938671875 0.3886300359375 0.59025390625 0.385926740625 0.5884472656249999 0.385926740625 0.584833984375 0.3886300359375 0.583037109375 0.42519413906250003 0.583037109375 0.43670329687500004
1 0.586640625 0.3811868125 0.5956640625 0.382542125 0.6182324218749999 0.385245421875 0.6371875 0.385926740625 0.6543359375 0.385926740625 0.657939453125 0.38321611718750004 0.657939453125 0.38186080625 0.6543359375 0.37915750937500003 0.619130859375 0.378476190625 0.586640625 0.3744175828125 0.583037109375 0.37712087968749997 0.583037109375 0.378476190625 0.586640625 0.3811868125
0 0.5774804687499999 0.6200146515625 0.568388671875 0.6178534796874999 0.557373046875 0.622161171875 0.558330078125 0.6282710625 0.568388671875 0.6311428578125 0.575078125 0.6347326 0.57939453125 0.6340146515625 0.576513671875 0.629706959375 0.574599609375 0.6257509156250001 0.5774804687499999 0.6200146515625
1 0.5722070312499999 0.4996703296875 0.6128125 0.5023809531250001 0.6480175781249999 0.500344321875 0.65162109375 0.49764102499999996 0.65162109375 0.4962857140625 0.6480175781249999 0.4935750921875 0.6128125 0.495611721875 0.5722070312499999 0.4929010984375 0.56859375 0.495611721875 0.56859375 0.49695970625 0.5722070312499999 0.4996703296875
1 0.56498046875 0.6242490843749999 0.56859375 0.62695970625 0.5704003906249999 0.62695970625 0.574912109375 0.6228937734375 0.60017578125 0.566703296875 0.60017578125 0.5646666671875 0.596572265625 0.5619633703125 0.594765625 0.5619633703125 0.59025390625 0.566021978125 0.56498046875 0.6222197796875 0.56498046875 0.6242490843749999
1 0.5776171875 0.6222197796875 0.5812304687500001 0.624930403125 0.583037109375 0.624930403125 0.586640625 0.6222197796875 0.586640625 0.6188351640625 0.580322265625 0.5836263734375 0.579423828125 0.5612820515625 0.575810546875 0.5585714281249999 0.57400390625 0.5585714281249999 0.5704003906249999 0.5612820515625 0.571298828125 0.5836263734375 0.5776171875 0.6222197796875
2 0.47744140625 0.3283736265625 0.473828125 0.3310842484375 0.473828125 0.3324395609375 0.47744140625 0.33514285781250003 0.48014648437499996 0.33514285781250003 0.52076171875 0.327699634375 0.5704003906249999 0.327018315625 0.59025390625 0.3310842484375 0.5929589843749999 0.3310842484375 0.596572265625 0.3283736265625 0.596572265625 0.327018315625 0.5929589843749999 0.32431501875 0.571298828125 0.320249084375 0.546025390625 0.320249084375 0.519853515625 0.3209230765625 0.50361328125 0.32363369999999997 0.47744140625 0.3283736265625
1 0.606494140625 0.300615384375 0.6037890625 0.3012893765625 0.596572265625 0.307384615625 0.57310546875 0.32295970625 0.5722070312499999 0.32566300312499996 0.575810546875 0.3283736265625 0.579423828125 0.327699634375 0.614619140625 0.3033260078125 0.628154296875 0.2958754578125 0.630869140625 0.2931648359375 0.64982421875 0.28165567812500003 0.6525292968749999 0.28098168437500004 0.65162109375 0.280300365625 0.653427734375 0.2775970703125 0.64982421875 0.27488644687499997 0.647109375 0.27488644687499997 0.623642578125 0.2897802203125 0.6209374999999999 0.2904615390625 0.606494140625 0.300615384375
2 0.4566796875 0.5071208796875 0.4566796875 0.5084688640625 0.46029296875 0.5111794875 0.46480468750000004 0.5111794875 0.584833984375 0.49899633750000005 0.5884472656249999 0.4962857140625 0.5884472656249999 0.494930403125 0.584833984375 0.4922197796875 0.580322265625 0.4922197796875 0.46480468750000004 0.5037362640625 0.46029296875 0.50441025625 0.4566796875 0.5071208796875
0 0.557373046875 0.563978021875 0.558330078125 0.5697289375000001 0.569345703125 0.57295970625 0.5736425781250001 0.5711648359375 0.57939453125 0.56613919375 0.582744140625 0.5654212453125 0.58849609375 0.5611062265625 0.583701171875 0.5582344328125 0.574599609375 0.560747253125 0.5669531250000001 0.5596703296875 0.557373046875 0.563978021875
1 0.5613671874999999 0.6946666671874999 0.5613671874999999 0.69940659375 0.56498046875 0.702109890625 0.566787109375 0.702109890625 0.5704003906249999 0.69940659375 0.575810546875 0.6547179484375001 0.57400390625 0.6228937734375 0.5704003906249999 0.6201904765624999 0.56859375 0.6201904765624999 0.56498046875 0.6228937734375 0.566787109375 0.65404395625 0.5613671874999999 0.6946666671874999