0 0.6305610749999999 0.847045740625 0.6200917203125 0.8579440734375 0.6180027734375 0.8677717968750001 0.6240632203125 0.8776157437500001 0.6303443625 0.8863706671875 0.6347193718749999 0.8850166515625 0.6390099 0.87680490625 0.6404139125 0.8605597875000001 0.638728475 0.8493618265625 0.6305610749999999 0.847045740625
0 0.663148715625 0.75126710625 0.6570312796875 0.7608186 0.649820753125 0.7684096796875 0.6491969640625 0.7785488328125 0.654646640625 0.7888309234374999 0.6666834671874999 0.7896855296874999 0.671366771875 0.7724214609375 0.673160859375 0.7568272234375 0.6720884781249999 0.747463471875 0.663148715625 0.75126710625
0 0.6805463046875 0.6454199546875 0.6795735374999999 0.6572009140625 0.673302125 0.6627076578125 0.671444190625 0.6714485515625 0.6783180984375 0.6774654671875 0.6891232390625001 0.6769102499999999 0.6961339484375 0.6607209375 0.6945664765624999 0.648968 0.6915415328125001 0.639201303125 0.6805463046875 0.6454199546875
1 0.6869522984375 0.67296849375 0.6898815609375 0.6745095421875 0.6937525671875 0.6716707765625001 0.6937105890625 0.6680123625000001 0.662982303125 0.6130344890625 0.6600505828125 0.6115050015625 0.656182034375 0.6143322046875 0.6562215546875 0.61800218125 0.6869522984375 0.67296849375
2 0.733369121875 0.5658576625 0.7309874140625 0.5616898390625 0.7286452234375 0.561191990625 0.6965437890625 0.5625981 0.6110398171875 0.53893735 0.589970434375 0.5344589156249999 0.586109746875 0.537299875 0.5857386515624999 0.539045740625 0.5881125015625 0.543199809375 0.6355330343750001 0.55419776875 0.695470025 0.5715056734374999 0.729127021875 0.5704422953125 0.7329980265625 0.567603528125 0.733369121875 0.5658576625
1 0.6511130265625 0.8262061265625 0.6476575515625 0.8309458765625 0.6231356828125 0.8695999796875 0.6214200890625 0.8738153078125 0.62380425625 0.8779715687499999 0.6290361875 0.8763404906250001 0.6560553609374999 0.8336493015625001 0.6577684984375 0.829445534375 0.6553867875 0.8252777124999999 0.65382876875 0.8249465453125 0.6511130265625 0.8262061265625
2 0.6901839328125 0.66542591875 0.664127803125 0.6690354125 0.6157466406250001 0.658751678125 0.5798210703125 0.6474538890625 0.542108728125 0.6330452328125 0.5382401796875 0.6358724375 0.5378666265625001 0.6376298671875 0.5402507937500001 0.6417861265625 0.5779606796875 0.6562063453125 0.6131148546875 0.667328084375 0.6630540375 0.6779429859375 0.69066573125 0.6746762234375 0.69452641875 0.6718352640624999 0.6948975140625 0.670089396875 0.6925261234375 0.6659237671875 0.6901839328125 0.66542591875
1 0.7516694375 0.2571844 0.7540116265625 0.257682246875 0.784557478125 0.2367554546875 0.7860838359375 0.233430403125 0.7837021265625 0.2292625796875 0.78137025625 0.228766925 0.7508244046875 0.2496937171875 0.7492955875 0.2530303328125 0.7516694375 0.2571844
1 0.642019303125 0.71551355625 0.6381507546875 0.7183407625 0.638190275 0.7220107359375 0.65818345625 0.7545862624999999 0.6539784390625 0.7820303859375 0.65636260625 0.7861866453124999 0.6579206265625 0.7865178125 0.66177885625 0.783688415625 0.6656522984375 0.761660134375 0.6661286718749999 0.751707165625 0.6443614921874999 0.7160114046875 0.642019303125 0.71551355625
0 0.7339291718750001 0.3463789109375 0.7426818921875 0.333967678125 0.7399212015625001 0.3253930828125 0.7285900140625 0.3235525328125 0.7196911796875 0.3319327703125 0.719318865625 0.34327339375 0.7339291718750001 0.3463789109375
3 0.671055296875 0.5060029015625 0.64448384375 0.5926556453125 0.6330314078125 0.654196190625 0.6008861328124999 0.7478936609375 0.584707340625 0.8047800984375 0.56668095625 0.889587575 0.5599968343749999 0.9402626875 0.5617811515625 0.943385115625 0.5647104140625 0.944926165625 0.569355271875 0.942251884375 0.5762340296875 0.8907118125 0.5938917781249999 0.8076386390625 0.61005779375 0.7507615703125 0.6422133875 0.6570662953124999 0.65365550625 0.5955235562500001 0.6806108281250001 0.507115578125 0.6814315296875 0.4725594453125 0.69826313125 0.3856611796875 0.6918412859374999 0.3468224359375 0.69325694375 0.332501215625 0.6966309203125001 0.320433075 0.719568003125 0.25859050781250004 0.7359207953125 0.200834725 0.73778849375 0.134513721875 0.736004178125 0.13139129375 0.7330645953125 0.12984805 0.7284197406249999 0.13252233125 0.7276775484375 0.1360140640625 0.7263780390625 0.1997126796875 0.7252622953125 0.2049618421875 0.7103860234375 0.255720403125 0.6874592578125001 0.317565165625 0.6838881890625 0.330509825 0.6820989765625 0.346588475 0.6885335968749999 0.38541784843750004 0.671875996875 0.47144676875 0.671055296875 0.5060029015625
0 0.719010434375 0.4453331359375 0.7092057953124999 0.45066891875000004 0.7076968375 0.4577680046875 0.7125231390625 0.46621369062499995 0.7202285125000001 0.4707034390625 0.7299585734375 0.47048767343750003 0.726913165625 0.45843267499999996 0.7310906453125 0.45075278281250003 0.719010434375 0.4453331359375
1 0.710169784375 0.736392040625 0.7086117640625 0.736060871875 0.6665417453125 0.7536197109375 0.664425853125 0.755913125 0.6545363109375 0.7794058046875 0.6539784390625 0.7820303859375 0.65636260625 0.7861866453124999 0.6579206265625 0.7865178125 0.66177885625 0.783688415625 0.6705106765625 0.761786484375 0.7100541890625001 0.7445969484375 0.7125411749999999 0.74055766875 0.710169784375 0.736392040625
0 0.7337743328124999 0.5483247312499999 0.7205341421875 0.548362359375 0.7059953703125 0.5544078578125 0.7011147078125 0.563062134375 0.70507630625 0.57075605625 0.7188014421875 0.5708215046875 0.729829909375 0.5668817875000001 0.739337578125 0.5512232203125 0.7337743328124999 0.5483247312499999
1 0.721658178125 0.5633684234375 0.7186869359375 0.5581689609375 0.7164603421875 0.5494662046875 0.715489396875 0.5501782390625001 0.7143049312499999 0.54808964375 0.6971357578124999 0.5444402234375 0.6790059562499999 0.5415050296875 0.675137409375 0.5443322359375 0.67476385625 0.5460896640625 0.677148021875 0.5502459234375 0.7093284984375 0.5561797640624999 0.7143000374999999 0.567290721875 0.7139289421874999 0.5690365890625 0.7148998875 0.5683245546875 0.71765515 0.5707349484375001 0.7215133796875 0.56790555 0.721658178125 0.5633684234375
2 0.6547604312499999 0.3179258796875 0.61949311875 0.31499748437499997 0.6156324296875 0.3178384453125 0.615261334375 0.3195843125 0.617635184375 0.323738378125 0.6223195625 0.3247340734375 0.6536763484375 0.326831259375 0.737180025 0.3445805140625 0.74103825625 0.341751115625 0.741411809375 0.3399936875 0.7390379593749999 0.3358396203125 0.6547604312499999 0.3179258796875
1 0.585784115625 0.8534432656250001 0.5854130203125 0.8551891312500001 0.58779473125 0.8593569531249999 0.6178514546875 0.867570453125 0.62457810625 0.87813605625 0.626136128125 0.8784672234374999 0.630004675 0.8756400187500001 0.6299651546875 0.87197004375 0.622051578125 0.85932740625 0.5896551234375 0.8506044968750001 0.585784115625 0.8534432656250001
1 0.7655084750000001 0.180610596875 0.7544271359375 0.2404052765625 0.7524116281250001 0.2536926671875 0.7547957953125 0.2578489265625 0.7563538140625 0.25818009375 0.7602223625 0.255352890625 0.7712933859375 0.1955560171875 0.77330889375 0.182268628125 0.7709247265625 0.17811236875 0.76936670625 0.1777812 0.7655084750000001 0.180610596875
2 0.763154084375 0.2568823765625 0.7635251796875 0.2551365109375 0.7611537875 0.25097088125 0.7582117484374999 0.2494392 0.7185307703125 0.23277526875 0.7021457671875 0.2292925296875 0.6572937171875 0.22158367656250003 0.6369221125 0.22914461249999998 0.634435125 0.23318389218750002 0.6368192921875 0.23734015312499998 0.6383773109375 0.2376713203125 0.6569913453125 0.2306673 0.7002878328125 0.23803342187499998 0.715888665625 0.24134948281250002 0.7561670375 0.2590588078125 0.759293396875 0.2597233359375 0.763154084375 0.2568823765625
2 0.5297156968750001 0.8524861093749999 0.509162209375 0.8417246796875 0.5053039781249999 0.8445540781249999 0.504930425 0.84631150625 0.507304275 0.8504655734375 0.5270711359375 0.861071884375 0.5697677718749999 0.8674041750000001 0.6386209218750001 0.8811209484375 0.642489471875 0.8782937437499999 0.6428630234375 0.876536315625 0.64047885625 0.8723800546874999 0.5716281640624999 0.85865171875 0.5297156968750001 0.8524861093749999
1 0.7629995203125 0.3189996140625 0.760628128125 0.314833984375 0.7582859390625 0.3143361375 0.7265428453125 0.333183703125 0.7240242 0.3335667625 0.7246137312500001 0.3345984015625 0.7223110625 0.33777052812499997 0.7246849109375 0.341924596875 0.7287797578124999 0.34188865156250003 0.7308956484375 0.3395952390625 0.7587677359375 0.323586440625 0.7612967015625001 0.3232055734375 0.760699309375 0.3221601796875 0.7629995203125 0.3189996140625
2 0.5414626 0.743492278125 0.5391204125 0.74299443125 0.53526218125 0.745823828125 0.5364886281250001 0.7515708359375 0.5568845421875 0.7668787609375001 0.6230244078125 0.781843553125 0.6674633828125 0.787639859375 0.6713343875 0.7848010921874999 0.6717054828125 0.783055225 0.669323775 0.7788874046875 0.6248823421874999 0.773102659375 0.560302953125 0.758457471875 0.5414626 0.743492278125
1 0.7776237796875 0.57252111875 0.77524206875 0.5683532984374999 0.733032125 0.55207023125 0.7179447453125001 0.5616606953125001 0.71541578125 0.5620415609375 0.71601563125 0.5630753937499999 0.7137129625 0.5662475203125 0.7160868109375 0.5704015874999999 0.7201713390625 0.5703634515625 0.7335139203125001 0.561320534375 0.7702656359375 0.57644341875 0.7733816765625 0.577105753125 0.7772526828124999 0.5742669859375 0.7776237796875 0.57252111875
1 0.7180622046875 0.4575060125 0.6978877156250001 0.48336838125000003 0.6975141625 0.48512580937500005 0.699898328125 0.48928207031250004 0.7041696328125 0.48836521875 0.706285525 0.4860718046875 0.726462471875 0.460197875 0.7268335671874999 0.4584520078125 0.724462175 0.4542863796875 0.7228938375 0.45395302031250007 0.7180622046875 0.4575060125
0 0.7542025421874999 0.26053849375000004 0.7631424765625 0.25445094375 0.7726316203125 0.2433442609375 0.768880571875 0.23227520781250002 0.7564332046875 0.22848141875 0.7551884984375 0.23677260625000002 0.7491555437499999 0.25318183125 0.7542025421874999 0.26053849375000004
1 0.6827377968749999 0.293709978125 0.678877109375 0.29655093906249996 0.6795061609374999 0.3012525515625 0.694856921875 0.3173128421875 0.7309376265624999 0.3432536515625 0.7332694984375 0.34374930625 0.737138046875 0.3409221015625 0.73650899375 0.3362204875 0.7337561890625001 0.33379853125 0.6996465765625001 0.31010143437500004 0.687051078125 0.296451540625 0.6827377968749999 0.293709978125
1 0.72504925 0.45532958125 0.6978555015625 0.4221298578125 0.697442428125 0.4202173109375 0.6937289953125 0.4185095828125 0.689868309375 0.42135054375000003 0.6906841375 0.4251734421875 0.6897131921875 0.42588547656250003 0.6912815296875 0.4262188359375 0.718475278125 0.459418559375 0.7188883515625 0.46133110625 0.7226017828125 0.4630388359375 0.726462471875 0.460197875 0.72564664375 0.456374975 0.7266175890625 0.4556629421875 0.72504925 0.45532958125
2 0.730547 0.4601597375 0.730920553125 0.458402309375 0.7285467031249999 0.45424824218750004 0.7254203453125 0.45358371406250003 0.696992821875 0.45302757656250003 0.646279790625 0.44224818906249996 0.6031305609375 0.43033337656250004 0.5992723296875 0.4331627765625 0.598901234375 0.43490864218749997 0.6012726265625 0.4390742703125 0.6104546046875 0.441944375 0.6444218562499999 0.4509890828125 0.6951348875 0.46176847031249996 0.72668876875 0.46298913593749996 0.730547 0.4601597375
1 0.7316589953125 0.6276321703125001 0.7332170171875 0.6279633375 0.732617165625 0.6269295046875001 0.7349198343750001 0.6237573765625 0.732545984375 0.6196033109375 0.730987965625 0.6192721437500001 0.6860598640625 0.642616128125 0.68450184375 0.6422849609375 0.6850889171875 0.6433281625 0.683159803125 0.6447428609375 0.673270259375 0.6682355421875 0.6727123875000001 0.670860121875 0.67509655625 0.6750163828125 0.6766545749999999 0.67534755 0.680523125 0.6725203453125 0.6894417203125001 0.6497396984375 0.7316589953125 0.6276321703125001