1 0.711708984375 0.27252909999999997 0.714716796875 0.27577777812500004 0.7162207031250001 0.27577777812500004 0.71921875 0.27252909999999997 0.716962890625 0.2578835984375 0.7162207031250001 0.255439153125 0.713212890625 0.2521904765625 0.711708984375 0.2521904765625 0.7087109375 0.255439153125 0.71095703125 0.27008465625 0.711708984375 0.27252909999999997
0 0.704697265625 0.8133544968749999 0.70755859375 0.81801058125 0.708994140625 0.826296296875 0.720927734375 0.8278412703125 0.725693359375 0.8278412703125 0.730947265625 0.8205925921875 0.72474609375 0.81025396875 0.7171093749999999 0.804052909375 0.70517578125 0.8061164015625 0.704697265625 0.8133544968749999
1 0.7087109375 0.2570687828125 0.711708984375 0.2603280421875 0.713212890625 0.2603280421875 0.7162207031250001 0.2570687828125 0.726728515625 0.21965079375 0.726728515625 0.21720634843750003 0.7237207031249999 0.21395767187499998 0.7222265625000001 0.21395767187499998 0.71921875 0.21720634843750003 0.7087109375 0.2546243390625 0.7087109375 0.2570687828125
2 0.588583984375 0.1626984125 0.5870898437500001 0.1667724875 0.590087890625 0.1700211640625 0.5923437500000001 0.1700211640625 0.630634765625 0.15375661406250002 0.6816796875 0.1529417984375 0.7222265625000001 0.154571428125 0.725224609375 0.15131216875 0.725224609375 0.1496825390625 0.7222265625000001 0.14643386249999998 0.650146484375 0.1448042328125 0.629130859375 0.145619046875 0.591591796875 0.161079365625 0.588583984375 0.1626984125
1 0.711708984375 0.5108888890625 0.714716796875 0.514137565625 0.7162207031250001 0.514137565625 0.71921875 0.5108888890625 0.7334863281249999 0.46125925937499995 0.7334863281249999 0.458825396875 0.730478515625 0.45556613749999997 0.728974609375 0.45556613749999997 0.7259765625 0.458825396875 0.711708984375 0.50844444375 0.711708984375 0.5108888890625
0 0.7066113281249999 0.4022328046875 0.708037109375 0.413089946875 0.717578125 0.4167089953125 0.72904296875 0.41878306875 0.732861328125 0.403269840625 0.7276074218749999 0.39965079375 0.718544921875 0.3929312171875 0.7108984375 0.394476190625 0.7066113281249999 0.4022328046875
2 0.5923437500000001 0.2578835984375 0.629130859375 0.2635767203125 0.685439453125 0.2627619046875 0.726728515625 0.2586984125 0.7297265625 0.255439153125 0.7297265625 0.25382010625 0.726728515625 0.250560846875 0.6846875 0.2546243390625 0.629130859375 0.255439153125 0.5923437500000001 0.24974603125 0.5893359375 0.253005290625 0.5893359375 0.2546243390625 0.5923437500000001 0.2578835984375
3 0.64939453125 0.1667724875 0.654658203125 0.25625396875 0.65541015625 0.3701481484375 0.6629101562499999 0.46370370312500003 0.6576562499999999 0.6532486765625001 0.656904296875 0.6678941796875 0.64865234375 0.717513228125 0.64564453125 0.8045608468750001 0.647900390625 0.880222221875 0.650146484375 0.882656084375 0.653154296875 0.8834709000000001 0.656904296875 0.880222221875 0.654658203125 0.8257142859375 0.656904296875 0.7321587296875001 0.6576562499999999 0.7183280421875 0.66591796875 0.6687089953124999 0.671923828125 0.46370370312500003 0.6644140625 0.3701481484375 0.6636621093749999 0.255439153125 0.658408203125 0.165957671875 0.647900390625 0.097619046875 0.64564453125 0.0951851859375 0.6426464843749999 0.0943703703125 0.63888671875 0.097619046875 0.63888671875 0.10169312187499999 0.64939453125 0.1667724875
2 0.5720703125 0.7020634921875 0.5735742187499999 0.7020634921875 0.595341796875 0.7191428578125 0.64865234375 0.7215873015625001 0.71095703125 0.7150793656250001 0.7162207031250001 0.71426455 0.71921875 0.711005290625 0.71921875 0.70938624375 0.7162207031250001 0.706126984375 0.64865234375 0.7134497359374999 0.596845703125 0.711005290625 0.578076171875 0.69555555625 0.574326171875 0.694740740625 0.571318359375 0.69798941875 0.5728222656249999 0.7012486765625 0.5720703125 0.7020634921875
0 0.708525390625 0.5180740734375 0.7147265625 0.5232380953125 0.724267578125 0.5232380953125 0.7266503906249999 0.516 0.7237890625000001 0.5061798937499999 0.718544921875 0.501005290625 0.7108984375 0.4984232796875 0.7066113281249999 0.5077248671875 0.708525390625 0.5180740734375
1 0.6921875 0.53773545 0.695947265625 0.5361058203125 0.718466796875 0.511703703125 0.71921875 0.50844444375 0.7162207031250001 0.5051957671875 0.714716796875 0.5051957671875 0.68994140625 0.5312275125 0.689189453125 0.534476190625 0.6921875 0.53773545
0 0.719013671875 0.708380953125 0.718544921875 0.7006243390625 0.708994140625 0.7001058203125 0.698974609375 0.701661375 0.695634765625 0.7099365078125001 0.694677734375 0.7192380953125 0.698974609375 0.73165079375 0.7061328125 0.7409629625 0.7147265625 0.7378518515625 0.7128125 0.7280317453125 0.70947265625 0.7197566140625 0.719013671875 0.708380953125
1 0.7124609375000001 0.8728994703125 0.7124609375000001 0.877777778125 0.71546875 0.8810370375 0.716962890625 0.8810370375 0.719970703125 0.877777778125 0.7259765625 0.8175767203125 0.7259765625 0.8126984125 0.7229687499999999 0.809439153125 0.721474609375 0.809439153125 0.718466796875 0.8126984125 0.7177148437499999 0.8175767203125 0.7124609375000001 0.8728994703125
2 0.588583984375 0.405132275 0.613359375 0.41245502656250005 0.665166015625 0.41245502656250005 0.726728515625 0.40756613750000004 0.7327343749999999 0.40675132343750003 0.735732421875 0.4035026453125 0.735732421875 0.401873015625 0.7327343749999999 0.3986243390625 0.7274804687499999 0.3986243390625 0.6644140625 0.4043174609375 0.614111328125 0.4043174609375 0.588583984375 0.39699470937500003 0.5855859375 0.40024338593750003 0.5855859375 0.401873015625 0.588583984375 0.405132275
2 0.59083984375 0.5979365078125001 0.59609375 0.598740740625 0.644140625 0.6028148140625 0.7259765625 0.6133862437500001 0.7297265625 0.6133862437500001 0.7327343749999999 0.610137565625 0.7327343749999999 0.6085079359375001 0.7297265625 0.6052486765625 0.725224609375 0.6044444437500001 0.644140625 0.5946772484375 0.59083984375 0.5897989421875 0.587841796875 0.59304761875 0.587841796875 0.5946772484375 0.59083984375 0.5979365078125001
0 0.7027929687500001 0.1478095234375 0.698974609375 0.15608465625 0.698974609375 0.1628042328125 0.704697265625 0.1659047625 0.7123339843750001 0.1617671953125 0.71806640625 0.1622751328125 0.7237890625000001 0.1545291 0.7237890625000001 0.1467619046875 0.7123339843750001 0.1478095234375 0.7027929687500001 0.1478095234375
1 0.713212890625 0.4043174609375 0.7162207031250001 0.40756613750000004 0.7177148437499999 0.40756613750000004 0.72072265625 0.4043174609375 0.731982421875 0.3587619046875 0.731982421875 0.3563174609375 0.728974609375 0.3530687828125 0.7274804687499999 0.3530687828125 0.7237207031249999 0.3587619046875 0.713212890625 0.401873015625 0.713212890625 0.4043174609375
2 0.5975976562499999 0.8110687828125 0.6223730468750001 0.820835978125 0.670419921875 0.820835978125 0.7222265625000001 0.8175767203125 0.7297265625 0.8167619046875 0.7327343749999999 0.8135132281249999 0.7327343749999999 0.8118835984375 0.7297265625 0.8086349203125 0.670419921875 0.8126984125 0.623876953125 0.8126984125 0.5975976562499999 0.8029312171875 0.59458984375 0.8061904765625 0.59458984375 0.80782010625 0.5975976562499999 0.8110687828125
1 0.716962890625 0.40756613750000004 0.7372363281250001 0.42708994687499996 0.7469921875 0.4425502640625 0.7477441406249999 0.44173545000000003 0.750751953125 0.4433650796875 0.7537499999999999 0.4401058203125 0.7530078125 0.436042328125 0.750751953125 0.4344126984375 0.74173828125 0.421396825 0.74173828125 0.4197671953125 0.7394921875 0.41896296250000004 0.72072265625 0.40024338593750003 0.716962890625 0.399439153125 0.71396484375 0.40268783125 0.714716796875 0.40675132343750003 0.716962890625 0.40756613750000004
1 0.7162207031250001 0.6085079359375001 0.71921875 0.6117566140624999 0.72072265625 0.6117566140624999 0.7237207031249999 0.6085079359375001 0.728232421875 0.5629523812499999 0.728232421875 0.5580740734375 0.725224609375 0.5548148140625 0.7237207031249999 0.5548148140625 0.72072265625 0.5580740734375 0.7162207031250001 0.6036296296875 0.7162207031250001 0.6085079359375001
1 0.709462890625 0.1561904765625 0.7124609375000001 0.157005290625 0.71546875 0.15375661406250002 0.714716796875 0.1504973546875 0.689189453125 0.12203174531250001 0.686181640625 0.12121693124999999 0.68318359375 0.1244656078125 0.683935546875 0.1277248671875 0.709462890625 0.1561904765625
1 0.7072070312500001 0.8126984125 0.707958984375 0.8151428578125 0.71095703125 0.818391534375 0.7124609375000001 0.818391534375 0.71546875 0.8151428578125 0.71396484375 0.8045608468750001 0.704951171875 0.759005290625 0.704208984375 0.756560846875 0.701201171875 0.7533121687500001 0.699697265625 0.7533121687500001 0.69669921875 0.756560846875 0.698193359375 0.7671428578125 0.7072070312500001 0.8126984125
0 0.70755859375 0.26312169375 0.70947265625 0.27295238125 0.719970703125 0.27295238125 0.72712890625 0.2703597890625 0.732861328125 0.2646772484375 0.72712890625 0.2553650796875 0.723310546875 0.2450264546875 0.715673828125 0.24244444375000002 0.7104296875 0.25278306875 0.70755859375 0.26312169375
1 0.68017578125 0.81025396875 0.68017578125 0.8126984125 0.68318359375 0.8159576718749999 0.6846875 0.8159576718749999 0.6876855468749999 0.8126984125 0.689189453125 0.80782010625 0.695947265625 0.7785291 0.71396484375 0.7134497359374999 0.71396484375 0.711005290625 0.71095703125 0.7077566140625 0.709462890625 0.7077566140625 0.7064550781250001 0.711005290625 0.704951171875 0.7158941796875 0.68017578125 0.81025396875
2 0.605859375 0.4970582015625 0.609609375 0.497873015625 0.654658203125 0.5035661375 0.7229687499999999 0.5157671953125 0.7259765625 0.5157671953125 0.728974609375 0.5125079359375 0.728974609375 0.5108888890625 0.7259765625 0.5076296296875 0.7229687499999999 0.5068148140625001 0.644892578125 0.4937989421875 0.605859375 0.488920634375 0.6028515624999999 0.49217989375000004 0.6028515624999999 0.4937989421875 0.605859375 0.4970582015625
1 0.7064550781250001 0.7126349203125 0.709462890625 0.7158941796875 0.71095703125 0.7158941796875 0.71396484375 0.7126349203125 0.7222265625000001 0.6760317453125 0.7222265625000001 0.6735873015625 0.71921875 0.6703386250000001 0.7177148437499999 0.6703386250000001 0.71396484375 0.6760317453125 0.7064550781250001 0.7102010578125 0.7064550781250001 0.7126349203125
1 0.71021484375 0.157005290625 0.768017578125 0.16026455 0.7762792968750001 0.16026455 0.77927734375 0.157005290625 0.77927734375 0.1553756609375 0.7762792968750001 0.152126984375 0.71021484375 0.148867725 0.7072070312500001 0.152126984375 0.7072070312500001 0.15375661406250002 0.71021484375 0.157005290625
0 0.7128125 0.61425396875 0.717578125 0.6225396828124999 0.723310546875 0.6235767203125 0.73142578125 0.6204656078124999 0.7338183593750001 0.618402115625 0.7280859375000001 0.6049523812500001 0.72521484375 0.59512169375 0.7161523437499999 0.59461375625 0.7108984375 0.60391534375 0.7128125 0.61425396875
1 0.745498046875 0.669523809375 0.7469921875 0.671957671875 0.750751953125 0.6735873015625 0.7537499999999999 0.6703386250000001 0.7537499999999999 0.6687089953124999 0.72447265625 0.607693121875 0.7229687499999999 0.6052486765625 0.71921875 0.6036296296875 0.7162207031250001 0.6068783062499999 0.7162207031250001 0.6085079359375001 0.745498046875 0.669523809375