1 0.8791597859375001 0.1663932359375 0.8797651249999999 0.1715584328125 0.9002701171874999 0.1883587484375 0.9399047953125 0.20053235625000002 0.9442246171875001 0.1974987046875 0.94466638125 0.1955852140625 0.9421107109375001 0.19097748750000001 0.9033351062499999 0.17900221249999998 0.887531484375 0.16530277499999999 0.8834683046875 0.163356975 0.8791597859375001 0.1663932359375
1 0.6696055609375 0.8119890015625 0.6736442859375 0.8179601171875 0.7127612484375 0.8440827859375 0.71533846875 0.8446777843750001 0.71964408125 0.8416541125 0.7200858453125 0.839740621875 0.7160442125 0.83378209375 0.6743529374999999 0.8070518359375001 0.67004441875 0.8100880984375 0.6696055609375 0.8119890015625
1 0.779412084375 0.6844682578125 0.758080496875 0.7338553796875 0.7574207562499999 0.7367130296875 0.7599622187499999 0.7413307328125 0.761680365625 0.7417273984375 0.765988884375 0.7386911375 0.787331775 0.6893066234375 0.787991515625 0.686448975 0.78543875 0.6818286609374999 0.78373190625 0.6814346046875001 0.779412084375 0.6844682578125
2 0.7407617046875 0.8284166921875 0.7390548609375001 0.8280226359375 0.7280730875 0.8325282156249999 0.71474628125 0.8354846640625 0.6388745546875 0.8159660734375 0.625384175 0.8118438343750001 0.6202870421875 0.8026184046875 0.6164447421875 0.799715859375 0.612124921875 0.8027495124999999 0.6116860640625 0.8046504156250001 0.6184768875 0.8182978249999999 0.6206039453125001 0.8207911171875001 0.6366715453125 0.82550835625 0.7142585125 0.8454361984375 0.72758531875 0.8424797500000001 0.7404948171875 0.8374114796875001 0.742875609375 0.8349379078125001 0.74331446875 0.8330370046875 0.7407617046875 0.8284166921875
1 0.8119244140624999 0.457621621875 0.80760459375 0.460655275 0.8071657359375 0.462556178125 0.8097185 0.4671764921875 0.8131434890625 0.46796721249999995 0.84704284375 0.46976031249999994 0.8513626640625 0.466726659375 0.8518015218749999 0.46482575625000006 0.8492487578125001 0.4602054421875 0.8458237687500001 0.459414721875 0.8119244140624999 0.457621621875
2 0.7431516578124999 0.293898046875 0.7388431390625 0.296934309375 0.73840428125 0.2988352125 0.7409457421875 0.303452915625 0.7870488484375 0.311073434375 0.8738421328125 0.334134465625 0.8781619546874999 0.3311008125 0.8786008125 0.329199909375 0.8760480484375 0.3245795953125 0.7892518578125001 0.3015311546875 0.7431516578124999 0.293898046875
1 0.789352253125 0.53187606875 0.7876454109375 0.5314820124999999 0.78332849375 0.534503075 0.782447871875 0.5383174703125 0.779586228125 0.5859355328125 0.7793193421875 0.594930321875 0.7818637093749999 0.5995354359375 0.78358185625 0.5999321015625 0.7878874687499999 0.5969084296875 0.788768090625 0.5930940359375 0.7916410375 0.5454785828125 0.7919079250000001 0.5364837921875 0.789352253125 0.53187606875
0 0.7881620171875 0.583857928125 0.77479916875 0.59274641875 0.776175975 0.6088035953125 0.7866190234375 0.6175129390625 0.7931022765625 0.6114516640625001 0.7947894609375 0.599244425 0.8035502687499999 0.595591846875 0.795398621875 0.5874778109375 0.7881620171875 0.583857928125
1 0.8121423796875 0.7030832671875 0.8159959828125001 0.7059884234375 0.8203045015624999 0.7029521609375 0.819908740625 0.696827609375 0.7881299 0.59193895625 0.7842876015625 0.5890364109374999 0.7799819890624999 0.592060084375 0.7803635390625 0.5981946140625001 0.8121423796875 0.7030832671875
1 0.8916483234375001 0.300017509375 0.8935873515624999 0.299457428125 0.89554793125 0.2948846203125 0.8930035625 0.29027950625 0.8912854156250001 0.28988284062499997 0.8891284109375001 0.291387078125 0.8884873140625 0.2902445859375 0.88804845625 0.29214548906250004 0.8606186375 0.3210174359375 0.858679609375 0.321577515625 0.8567190312499999 0.3261503234375 0.8592717953125 0.3307706375 0.8631385500000001 0.3296478671875 0.8637767406249999 0.3308029453125 0.86421850625 0.328889453125 0.8916483234375001 0.300017509375
1 0.8733456046875 0.1680608890625 0.8778373984375 0.172121121875 0.8821459171875 0.1690848609375 0.8828056578125001 0.16622721093749998 0.8633090546875 0.12551370781249999 0.8588285640625 0.121456084375 0.8545087421875 0.12448973593749998 0.8538490015625 0.1273473859375 0.8733456046875 0.1680608890625
0 0.728709940625 0.8315746859375001 0.720541540625 0.825286628125 0.710679228125 0.833710346875 0.706841453125 0.8454343421875 0.7014111062499999 0.8542580531249999 0.7055363984375 0.8608856218750001 0.7165538265625 0.862156259375 0.7297884703124999 0.8538746375 0.7332202718749999 0.8414337078124999 0.728709940625 0.8315746859375001
1 0.8571578890625 0.32424942031250004 0.8495233078125001 0.34561183125 0.848421803125 0.350382971875 0.850963265625 0.355000675 0.8526814109374999 0.355397340625 0.8569899296875001 0.35236107968749997 0.8646358140625001 0.331001278125 0.8657373187499999 0.32623013749999996 0.8631845546875001 0.321609825 0.8614777109375 0.32121576875 0.8571578890625 0.32424942031250004
2 0.7846461453125 0.141549821875 0.7803405328124999 0.14457349531250002 0.7798987687500001 0.1464869875 0.7824431359374999 0.1510921015625 0.821055165625 0.155988690625 0.905053253125 0.179398878125 0.909358865625 0.17637520625 0.9098006296875001 0.1744617140625 0.9072562625 0.1698565984375 0.8223990999999999 0.1462480765625 0.7846461453125 0.141549821875
0 0.8372176390625 0.4767340265625 0.8534551359375 0.48236563125 0.8596899484374999 0.4724812296875 0.858540646875 0.462761696875 0.8488006109375 0.4510588359375 0.839095834375 0.4563763640625 0.8378004140625 0.469310515625 0.8372176390625 0.4767340265625
0 0.8877532984375 0.191674575 0.9002849296875001 0.18638646718750002 0.9078675374999999 0.1805657375 0.9007826124999999 0.1720084671875 0.886841934375 0.16375130625 0.8755722484374999 0.16114949375 0.8785654671875 0.17757984843750002 0.8877532984375 0.191674575
1 0.70213324375 0.8979565078125 0.703851390625 0.8983531734374999 0.7081599093750001 0.8953169109375001 0.7200858453125 0.839740621875 0.717541478125 0.8351355046875 0.7158233296875001 0.8347388390624999 0.7115177171875 0.8377625140625 0.69959178125 0.893338803125 0.70213324375 0.8979565078125
2 0.7703058 0.735670071875 0.7746114125 0.7326463999999999 0.7750531765625001 0.7307329078125 0.772511715625 0.726115203125 0.769075421875 0.7253218718750001 0.7154268375 0.723000265625 0.6573437656250001 0.708582990625 0.6282246406249999 0.697842609375 0.624185915625 0.69187149375 0.6218726765625 0.682294296875 0.62079271875 0.683052709375 0.61780949375 0.680348496875 0.61350388125 0.68337216875 0.6130621171875 0.6852856609375 0.6191818984374999 0.7017881109374999 0.6187401328125001 0.7037016031250001 0.6198200890625001 0.702943190625 0.6210993765625 0.705240759375 0.62602163125 0.7073848890625001 0.65513785 0.7181378609375 0.7140829015625 0.732740878125 0.766648625 0.7358334875 0.7703058 0.735670071875
0 0.7503338390625001 0.7256889859375 0.7436901453125 0.7348690421875 0.7472242671875 0.748904921875 0.7550381984375 0.74692988125 0.76660201875 0.7458338343750001 0.7721651421875 0.7389104015625 0.770224828125 0.72524248125 0.75978345 0.719052871875 0.7503338390625001 0.7256889859375
2 0.8010178484375 0.5908834125 0.723360421875 0.583018928125 0.667854571875 0.5691966515625 0.663548959375 0.5722203234375 0.6631071953125 0.574133815625 0.6656486562499999 0.5787515203125 0.7220164875 0.592759540625 0.8031073 0.6014299453125 0.80741581875 0.5983936828124999 0.8078546765624999 0.5964927796875 0.8053132156249999 0.5918750765625 0.8010178484375 0.5908834125
2 0.7659133171875 0.433925015625 0.71797449375 0.4107911015625 0.7136575781250001 0.413812165625 0.7132158125 0.4157256578125 0.7157685781249999 0.42034597187499995 0.76862965625 0.44562401874999996 0.8125268468750001 0.4627994078125 0.861845365625 0.472170003125 0.866153884375 0.46913374062499996 0.8665927421875 0.4672328375 0.8640512812500001 0.462615134375 0.8155918359375001 0.4534428703125 0.7659133171875 0.433925015625
3 0.6962226796875 0.704484790625 0.6788578828125 0.80708414375 0.6576478781249999 0.906793540625 0.6595540546875001 0.910243578125 0.662769465625 0.9119936546874999 0.6679341515624999 0.9091683140625 0.6734445796874999 0.8853000249999999 0.6893650375 0.808502171875 0.706288071875 0.707816309375 0.7324027953125001 0.649469315625 0.7663342656250001 0.5416382734375 0.7900397265625 0.454584625 0.828251621875 0.2421412046875 0.862546375 0.07404894375 0.8628658953125001 0.0706221390625 0.8525388390625 0.06823795 0.8522601 0.0716741703125 0.8179653484375 0.23976643125 0.779753453125 0.452209853125 0.75604799375 0.5392635015625 0.7221165203125001 0.6470945421875001 0.6962226796875 0.704484790625
0 0.8633022890625 0.34415204843749997 0.8700491046875 0.33942455625 0.8753428546875 0.3311925171875 0.8691004453125 0.319037471875 0.8593089062500001 0.3148807734375 0.8517183359375 0.32573836875 0.8512444968749999 0.3375892625 0.8633022890625 0.34415204843749997
1 0.8628037390625 0.421089315625 0.84322209375 0.46284503906249996 0.842562353125 0.46570268906249995 0.8451151171875001 0.470323003125 0.8468219609375 0.4707170578125 0.8511417828125 0.46768340625000004 0.8722309375 0.42326575625 0.872890678125 0.42040810781250004 0.8703492171875 0.41579040312500004 0.8686310703125001 0.41539373749999997 0.8628037390625 0.421089315625
1 0.7152059546875 0.7239570125 0.7109003421875 0.726980684375 0.710458578125 0.7288941765625 0.7130029453125 0.7334992921875 0.7190051562499999 0.7348850109375 0.7619012484375001 0.740770653125 0.7662068609375 0.7377469796875 0.766648625 0.7358334875 0.7641071640625 0.731215784375 0.7581049531249999 0.7298300640625001 0.7152059546875 0.7239570125