3 0.6350408203125 0.46813395937499996 0.59594491875 0.3460760765625 0.5866323140625 0.2284755 0.58038675 0.1830427359375 0.5636583453124999 0.1530228515625 0.556695009375 0.113531815625 0.553636134375 0.111169959375 0.5500686921875 0.11083192187499999 0.5464664390625 0.11533538750000001 0.553762709375 0.15671459062499998 0.570477746875 0.18672410781249998 0.572135890625 0.19612791093749998 0.5764037421875 0.23027907343749998 0.5858727109374999 0.3488318765625 0.62481225 0.4699375328125 0.6387929984375 0.5392138937500001 0.6439328109375 0.568363215625 0.6571457921875 0.6881899953125 0.6843354421875001 0.8423901578124999 0.6976953859374999 0.8981987874999999 0.6988229765625 0.9726554500000001 0.7097565578125 0.970727565625 0.7080915125 0.8973454671875001 0.6945640140625 0.840586584375 0.6673743640625001 0.686386421875 0.6541613828124999 0.5665596421875 0.6490215703125 0.537410321875 0.6350408203125 0.46813395937499996
1 0.7431450703125 0.8368685234375001 0.740395509375 0.8412343609375 0.7396889296875 0.8471741125 0.7352760218750001 0.9119317375 0.7357743359375 0.914757815625 0.7398512828125 0.9179199562499999 0.7415523140625 0.9176200187499999 0.744301875 0.9132541812499999 0.7494191859375 0.8425444625 0.7489230484375 0.8397307250000001 0.744846103125 0.836568584375 0.7431450703125 0.8368685234375001
0 0.728993190625 0.89750278125 0.7311888171875001 0.909954796875 0.7418895984375 0.91724243125 0.7518362046875 0.9044817578125001 0.7571572015625 0.8937582718750001 0.7482954687500001 0.8812601015625001 0.7391822609375 0.8767591765624999 0.733034678125 0.8827294265625 0.728993190625 0.89750278125
1 0.6621140921875 0.2626671234375 0.64153143125 0.3254405484375 0.64030509375 0.3334060921875 0.644382040625 0.33656823281250003 0.6483038624999999 0.3339425640625 0.6495177703125 0.330814575 0.6701026062500001 0.268053490625 0.67132676875 0.26007560625 0.6672610125 0.2569114921875 0.6655487890625 0.2572134046875 0.6621140921875 0.2626671234375
0 0.682625809375 0.40504019687500004 0.676586403125 0.40854823749999997 0.676424459375 0.42019439375 0.6692062671875 0.4232995046875 0.669059240625 0.43188911562500004 0.6714765078125 0.44245697812499996 0.680201753125 0.43847535156250006 0.6953879296875 0.430300571875 0.7018765218749999 0.4199819890625 0.6938764984375 0.40916422656250007 0.682625809375 0.40504019687500004
2 0.6266847109375 0.33095964375000003 0.5220243203125 0.3406977140625 0.5192725828125 0.3450512109375 0.5196055171875 0.3469393765625 0.5236824640625 0.35010151718750004 0.5315248671874999 0.3496857625 0.5693678484375 0.34494716875 0.62834285625 0.340363446875 0.6546106125 0.334764659375 0.6573601734375 0.33039882187499997 0.6570294156250001 0.3285229984375 0.6529524671875 0.32536085625 0.6266847109375 0.33095964375000003
1 0.6209988296875 0.134195796875 0.6086791875 0.2139247890625 0.609175325 0.21673852500000002 0.613252271875 0.219900665625 0.61496449375 0.2195987546875 0.6182338125 0.2132071234375 0.6305422640625 0.1334801046875 0.63004395 0.1306540265625 0.62597819375 0.12748991406250001 0.624265971875 0.127791825 0.6209988296875 0.134195796875
2 0.672370178125 0.91915544375 0.6342371515624999 0.9123021296875 0.6314987796875 0.9166659953125 0.6318295375 0.91854181875 0.6358952953125 0.921705934375 0.6723251140625 0.92884684375 0.7171621609375001 0.9238548078125 0.746510234375 0.9157660062499999 0.74925078125 0.9114144828124999 0.748917846875 0.9095263156250001 0.7448542671875 0.9063745437499999 0.715504015625 0.914451003125 0.672370178125 0.91915544375
1 0.78179870625 0.7718757703125 0.777723934375 0.7687259703125 0.7373374828125 0.76905223125 0.734587921875 0.7734180703125 0.7355394859375 0.788761625 0.7363685578125 0.7934635265625001 0.7404455046875 0.7966256656249999 0.7421465375 0.796325728125 0.7448960984374999 0.791959890625 0.7442752921875 0.7784921609375 0.775968825 0.7787316234375 0.7793820796875 0.7781297734375 0.7821316406250001 0.773763934375 0.78179870625 0.7718757703125
1 0.675897884375 0.4405703265625 0.6898775765625 0.4051357765625 0.7014294515625 0.375957203125 0.70297629375 0.37471737968749996 0.7029977390625 0.3698655078125 0.698920790625 0.36670336875 0.697219759375 0.36700330625 0.6958382953125 0.36918104218750003 0.6948224 0.3683930984375 0.6951553359375 0.3702812640625 0.6811846578125 0.4057014984375 0.6696215921875 0.43488204531249997 0.668088115625 0.4361322375 0.668064496875 0.44097176562499996 0.6721302515625001 0.4441358796875 0.6752127484375 0.4416582078125 0.6762286421875 0.44244615156249995 0.675897884375 0.4405703265625
0 0.7415766875 0.7614207140625 0.73320581875 0.7610643734375 0.727554378125 0.77305496875 0.7164417265624999 0.7823438234375 0.71617533125 0.7933976140625 0.7234442046875 0.8000688171875 0.736556325 0.7989783625 0.743132896875 0.795375603125 0.7437275609375 0.783042365625 0.7444527812499999 0.7682429734375 0.7415766875 0.7614207140625
1 0.7209287984375 0.6061688609375 0.7186968171875 0.6084965640625 0.7176594796875 0.6125604921875001 0.705526659375 0.688375525 0.7060249734374999 0.6912016015625 0.7101019203125001 0.69436374375 0.71403275625 0.6917237609375 0.715072271875 0.687672175 0.7272029140625 0.6118447984375 0.7267067765624999 0.6090310624999999 0.722629828125 0.6058689234375 0.7209287984375 0.6061688609375
1 0.65659246875 0.171539759375 0.6576409984375 0.16747385937499998 0.6535662265625 0.16432405781249998 0.651865196875 0.1646239953125 0.6097277171875 0.20985888749999998 0.60801549375 0.21016079843750002 0.6090425796875001 0.21094676875 0.6079940515625 0.21501266874999997 0.6120709984375 0.2181748109375 0.6161693890625 0.21648508125000002 0.6166869703125 0.21444694687500002 0.63518784375 0.194706328125 0.6559073328125 0.172627640625 0.6576195546875 0.17232572968749998 0.65659246875 0.171539759375
1 0.6878334765624999 0.5082604328125 0.6875027171875 0.5063846078124999 0.6868175812499999 0.5074724890625 0.68307356875 0.506198515625 0.6803351984375 0.5105623796875001 0.6820147859375 0.5151143125 0.6838811984375 0.5157522875 0.7069266046875 0.54174436875 0.7082303703124999 0.554111878125 0.71230731875 0.55727401875 0.7140083484375 0.55697408125 0.7167579109375 0.5526082437500001 0.71377455625 0.5356888015625 0.7119059703125 0.5350384859374999 0.6878334765624999 0.5082604328125
1 0.7161882203125 0.3898332484375 0.712111271875 0.38667110781249997 0.7095597265625 0.3871210140625 0.6730348453125 0.43428019687499997 0.6706396625 0.4356823296875 0.6716667484375 0.43646830000000003 0.6706160437500001 0.440521859375 0.6746929890625 0.443684 0.6787913796875 0.44199427187499996 0.6806904265625 0.43777840156250003 0.7137694171875 0.3960749109375 0.7161667765625 0.39468511875 0.71515088125 0.393897175 0.7161882203125 0.3898332484375
1 0.738027759375 0.9075782406249999 0.7356304 0.9089680328125 0.7352760218750001 0.9119317375 0.7316759453125 0.9164475453125001 0.7316545015625 0.9212994171875 0.735731446875 0.9244615578125 0.7398298375000001 0.9227718265625 0.7401820406249999 0.91979578125 0.74378211875 0.9152799734375 0.7438035609375 0.910428103125 0.739728790625 0.9072783031249999 0.738027759375 0.9075782406249999
2 0.6158578984374999 0.2097450453125 0.589811775 0.20658837187499998 0.5263839984375001 0.21582552968750002 0.5057288421874999 0.22334860625 0.50297928125 0.22771444375 0.5033100390625 0.22959026875 0.5073869859375 0.23275240937500002 0.5280421421875 0.22522933125 0.5906082125000001 0.21614411718749998 0.61496449375 0.2195987546875 0.6175160421875 0.21914884843750002 0.620265603125 0.214783009375 0.6199348453125 0.21290718593750002 0.6158578984374999 0.2097450453125
0 0.69539803125 0.559275784375 0.7071059953125001 0.562721125 0.7200555203125 0.5482093921875 0.718932053125 0.5355555984375 0.713261940625 0.5316691296875 0.7050723140625 0.538622953125 0.6975109390625 0.54606405625 0.69539803125 0.559275784375
1 0.71652405625 0.7407324453124999 0.7202139890625 0.7517121359375001 0.7372190734374999 0.7933135578125 0.7412960203125001 0.796475696875 0.7429970515625001 0.796175759375 0.7457466140625 0.791809921875 0.742056678125 0.7808302312500001 0.7250515953125001 0.739228809375 0.7209746484374999 0.7360666671875 0.7192624265625 0.736368578125 0.71652405625 0.7407324453124999
2 0.6321788390624999 0.5665547421875 0.5914616296874999 0.5650051796875 0.560840246875 0.5558602859375 0.556411096875 0.555674190625 0.5536615359375 0.56004003125 0.5562028296875 0.5644400218750001 0.58955233125 0.5740709453124999 0.63298646875 0.5761085140625 0.690612646875 0.568848684375 0.7181067390625 0.5552843515625 0.7208563015625 0.5509185125 0.7205255421875 0.5490426875 0.7164485953125 0.5458805484375 0.6880927953125 0.559596821875 0.6321788390624999 0.5665547421875
1 0.7306131421875001 0.68105088125 0.736180678125 0.6926665734374999 0.740678240625 0.7132000359374999 0.7447551875 0.7163621765625 0.74645621875 0.7160622375 0.7492057812499999 0.7116964 0.744377459375 0.6892871125 0.7347544203124999 0.6696574109375 0.7294961984375 0.6647694140625 0.7277951671875 0.665069353125 0.72642489375 0.667245115625 0.7253978078125 0.6664591453125001 0.72125653125 0.677852615625 0.7190357421875 0.680178346875 0.71900310625 0.685032190625 0.7230800546875 0.68819433125 0.7247922765625 0.6878924203125 0.72616255 0.6857166593749999 0.72717844375 0.6865046015625 0.7295972484375 0.6802629390625 0.7306131421875001 0.68105088125
1 0.670523221875 0.28542481249999996 0.672070065625 0.2841849890625 0.6720915093750001 0.27933311875 0.6680145625 0.276170978125 0.6663135312499999 0.2764709171875 0.6649320671875001 0.278648653125 0.663916171875 0.27786070937499996 0.66424910625 0.2797488734375 0.6461259593750001 0.326564553125 0.6445903078125 0.32780240312500003 0.6445688640625 0.3326542734375 0.6486346203125 0.3358183875 0.651717115625 0.333340715625 0.6527330109375 0.334128659375 0.652402253125 0.33225283437500003 0.670523221875 0.28542481249999996
1 0.768105890625 0.5047694921875 0.76403111875 0.50161969375 0.7623300875 0.50191963125 0.7453974999999999 0.5155685546875 0.713796 0.53083693125 0.710878884375 0.534252515625 0.7082303703124999 0.554111878125 0.71230731875 0.55727401875 0.7140083484375 0.55697408125 0.716923290625 0.55354615625 0.7195503578125 0.5385386624999999 0.750292328125 0.5234345703125001 0.7672339312500001 0.5097713328125 0.768105890625 0.5047694921875
0 0.7182818640625 0.6481561 0.7091239015624999 0.652824809375 0.711558265625 0.6603484703125 0.7095908343749999 0.6680375 0.7024323390625 0.6809046109375 0.7024920375 0.6906666125 0.7139799124999999 0.6929291953125001 0.7290855703125 0.681091190625 0.733442584375 0.6681072734375 0.72845666875 0.655536475 0.7182818640625 0.6481561
2 0.682486390625 0.8019973328125 0.6373185890624999 0.8051135453124999 0.632889440625 0.8049274499999999 0.59359658125 0.7914964109375 0.5891674328125001 0.791310315625 0.5864156953124999 0.795663815625 0.5889569890625 0.8000638062500001 0.630966775 0.81398285 0.6381262171875 0.8146673171875 0.67476648125 0.813054740625 0.6841445359375 0.8114011375000001 0.743858759375 0.7960238171875 0.7465971296875 0.791659953125 0.7462663703125 0.7897841296875 0.7422006140625 0.7866200140624999 0.682486390625 0.8019973328125
0 0.63587530625 0.319146653125 0.6413983890625 0.331622734375 0.6469752421875 0.334914865625 0.656043671875 0.32659724375 0.6674973343749999 0.3129600546875 0.6615415312499999 0.30117105624999996 0.65005365625 0.2989084734375 0.6476273984375001 0.3103431046875 0.63587530625 0.319146653125
2 0.63017145625 0.6997285343749999 0.6248806015625 0.6996943812499999 0.5986883656249999 0.6907355843749999 0.5942592171875 0.690549490625 0.5915096546874999 0.694915328125 0.5940509515625 0.69931531875 0.622971303125 0.70876015 0.6309678937500001 0.7092842796875 0.6899429015625 0.7047005562499999 0.7247922765625 0.6878924203125 0.72992800625 0.6821387624999999 0.7295972484375 0.6802629390625 0.7255203 0.6771007984375 0.687434240625 0.6954467234374999 0.63017145625 0.6997285343749999
0 0.6119858218750001 0.2182152796875 0.623948990625 0.21060880312500002 0.63356733125 0.1991275796875 0.6296467359375 0.1863816609375 0.6204231734375 0.1843306015625 0.6114464515625 0.196309475 0.6033292625 0.20995641250000002 0.6119858218750001 0.2182152796875
2 0.6098389562500001 0.42991199687500004 0.53351074375 0.430773321875 0.530761184375 0.4351391609375 0.5310919421875 0.4370149828125 0.5351688875 0.44017712500000006 0.538747521875 0.44051318906250003 0.6017882859375 0.43909357968749996 0.67485836875 0.4446219125 0.6774211078125 0.4441700328125 0.6801616546875 0.43981850937500006 0.67982871875 0.43793034375 0.6730348453125 0.43428019687499997 0.6098389562500001 0.42991199687500004