1 0.725409484375 0.1532876484375 0.7276011718750001 0.151907696875 0.7266227468750001 0.1512015765625 0.7274721953125 0.14735262031250002 0.7235456171875 0.1445188421875 0.7211576 0.14502643125 0.705822928125 0.16661588125 0.7036208109375 0.16799805 0.7045992359375 0.168704171875 0.7029676859375 0.172719365625 0.6976054734375 0.23343152812499998 0.698163165625 0.23605526562499998 0.7020793171874999 0.23889125937500003 0.703674803125 0.23855212812499998 0.7065300453125001 0.23244864375000002 0.711288071875 0.1727910265625 0.725409484375 0.1532876484375
1 0.780483784375 0.5530432640625 0.784663278125 0.5961395875 0.7855952109375 0.600523990625 0.789521790625 0.6033577671875 0.79110685 0.603020853125 0.79354135625 0.598834984375 0.7893618640625 0.5557386625 0.7884299312499999 0.551354259375 0.78450335 0.54852048125 0.7829182921875 0.5488573953125 0.780483784375 0.5530432640625
2 0.7553207765625001 0.657354396875 0.7287329578125 0.6611776265625 0.6976119265625 0.663210115625 0.6683572843750001 0.6584352124999999 0.6659203296875 0.6626095734375 0.6684477484375 0.6666548453125001 0.6937213375 0.6722879749999999 0.6986728359375001 0.67214959375 0.7298042953125 0.6701148890625 0.7571846437499999 0.666123203125 0.80228760625 0.655622178125 0.8047221140625 0.651436309375 0.8043503187500001 0.6496871515625 0.8004237390625001 0.6468533734374999 0.7553207765625001 0.657354396875
3 0.75229723125 0.7798841249999999 0.7675079828125 0.82796045 0.7704457078125 0.8300903234374999 0.77381215 0.8302888562499999 0.7770391859375 0.8259345296875 0.7757354578125 0.8198009703125001 0.7616505203124999 0.7769699015625 0.747488065625 0.7103407890625 0.7338033375 0.6225258593749999 0.7277264328124999 0.5587606015625 0.7110470624999999 0.472496296875 0.6964304015625 0.38029696562500004 0.6617883765625 0.2602887453125 0.6390396734375 0.168903840625 0.6174193046875 0.067187996875 0.597652225 0.0054185828125 0.5947040703125 0.003290925 0.5913376296874999 0.0030923921875 0.5881105921875001 0.00744671875 0.5892284234375 0.0127057015625 0.6078881 0.0692139171875 0.62950846875 0.1709297609375 0.6522571734375 0.262314665625 0.6868991984374999 0.382322884375 0.7015158578125 0.4745222171875 0.7181848015625001 0.5607887390624999 0.724272134375 0.6245517796875 0.7379464328124999 0.712368925 0.75229723125 0.7798841249999999
1 0.7677482671875 0.7353574843749999 0.7744346578125 0.73943283125 0.8046108046875 0.748594353125 0.8061958640625001 0.7482574375000001 0.8086328171874999 0.7440830765625 0.8061158265625 0.7400355875 0.8015826140625 0.738244846875 0.7698109796875 0.72942245625 0.767376471875 0.733608325 0.7677482671875 0.7353574843749999
0 0.7658217390625001 0.44827277656250003 0.7720517921875001 0.44174061406250004 0.7736422953125001 0.4337891140625 0.767124559375 0.42876382343749997 0.7551130546875 0.42691486875000006 0.7511651703125 0.43736401875 0.7571832406250001 0.446909621875 0.7658217390625001 0.44827277656250003
1 0.7460565546875 0.31293051875 0.7300118359375001 0.342921784375 0.7305695296875 0.345545521875 0.73448568125 0.3483815171875 0.737480328125 0.34683089218749996 0.7523142296875001 0.31893720625 0.7847159453125 0.29554822812500003 0.7853690703125 0.2908269125 0.781444934375 0.288004640625 0.7790673484374999 0.2885100125 0.7460565546875 0.31293051875
2 0.76221390625 0.556926646875 0.7103756156250001 0.5670190953125 0.6750956140625 0.5690215078125 0.6464580296875 0.5632013515625001 0.644070015625 0.563708940625 0.6416355078125 0.567894809375 0.642007303125 0.56964396875 0.6459338828125001 0.572477746875 0.6753744234375 0.578127228125 0.7114469531250001 0.5759563578125 0.7640777734374999 0.565695453125 0.797308009375 0.55404965625 0.7997425171875 0.5498637875 0.799368275 0.548103121875 0.7954441421875 0.5452808515625 0.76221390625 0.556926646875
0 0.7788231171875 0.6426044875 0.7826431890625 0.6538080140625 0.7886880453125 0.661736234375 0.799202675 0.6651061140625 0.8057065625 0.6581188375 0.798828378125 0.647962240625 0.7932024671875 0.63513395625 0.784319365625 0.6326200390625 0.7788231171875 0.6426044875
1 0.8395059890625 0.7760088984375 0.8438508578125001 0.776913553125 0.8462749374999999 0.7727299015625 0.8435720484375 0.767807834375 0.8152727890625 0.736249003125 0.8109279218750001 0.7353443484375 0.8084934125000001 0.7395302171875 0.8112067296875001 0.7444500671875 0.8395059890625 0.7760088984375
0 0.65308395 0.0988891765625 0.6526600796875 0.1105858453125 0.6623250234375 0.1133425125 0.6681302328125 0.1065037453125 0.6754967140625 0.09331935 0.672781753125 0.0822898609375 0.664086875 0.0789180640625 0.6557632359375 0.085907259375 0.65308395 0.0988891765625
1 0.7454264734375 0.3451418859375 0.7427571281249999 0.35211995156250003 0.7430589796875 0.3887157203125 0.7565812609375 0.4444877390625 0.7605078390625 0.4473215171875 0.762092896875 0.44698460312500005 0.76452740625 0.442798734375 0.7511910234375 0.38790129375000004 0.7514958046875 0.3502624875 0.7509381109375 0.34763875 0.74701153125 0.34480497187500003 0.7454264734375 0.3451418859375
1 0.7123313875 0.0644296828125 0.7084048078125 0.0615959046875 0.706027221875 0.062101276562499995 0.670687778125 0.08336038125 0.6696524312500001 0.0863347578125 0.6537576203125 0.1052889625 0.654736046875 0.105995084375 0.653897025 0.1098418234375 0.6578131765624999 0.1126778171875 0.6602011921875001 0.11217022968749998 0.6777379828125001 0.0891986125 0.710268675 0.070364709375 0.7127031828125 0.0661788421875 0.7123313875 0.0644296828125
0 0.8153609625 0.739381475 0.8036420937500001 0.7354737484375 0.7963424859375 0.737025328125 0.795050125 0.7497124453125 0.8025651046875 0.7509175031249999 0.8088921703124999 0.756789165625 0.8182669546874999 0.75479649375 0.8276521656250001 0.75280160625 0.8274907593749999 0.7452224828125 0.823776109375 0.7380017171875 0.8153609625 0.739381475
1 0.7547206390625 0.2130404328125 0.7594862421874999 0.2120274734375 0.76192075 0.20784160468750001 0.7615489546875 0.206092446875 0.757622375 0.20325866874999998 0.7080351406250001 0.208302178125 0.706821878125 0.2103882484375 0.7058434499999999 0.209682128125 0.7062152453125 0.211431284375 0.6980237609375 0.2315024046875 0.698163165625 0.23605526562499998 0.7020793171874999 0.23889125937500003 0.7048880671875 0.23646605625 0.70586649375 0.23717217812500002 0.705492253125 0.23541151249999998 0.71307955 0.2163949359375 0.7547206390625 0.2130404328125
2 0.633783075 0.35512495 0.5974317359375 0.34819009843750004 0.595043721875 0.34869768749999996 0.5926196406249999 0.35288133906249997 0.5929914359375 0.354630496875 0.5986889718749999 0.358001940625 0.631487971875 0.363863678125 0.6705062078124999 0.363808959375 0.737666225 0.347705471875 0.7401007328125 0.3435196015625 0.7397289375 0.34177044375 0.7358023578124999 0.338936665625 0.6686447875 0.35505166093749996 0.633783075 0.35512495
2 0.668379728125 0.10767752187499999 0.6644531484375 0.10484374375000001 0.642305628125 0.10222657500000001 0.56346123125 0.118071375 0.547287609375 0.1279198625 0.5448531015625 0.13210573125 0.545224896875 0.1338548890625 0.5491514765625001 0.13668866875000002 0.5515394921875 0.13618107968749998 0.5661280546875 0.1266695078125 0.6433769671875 0.1111638375 0.6639394296875001 0.11411792031250001 0.666317015625 0.11361254843749999 0.66875396875 0.1094381875 0.668379728125 0.10767752187499999
1 0.850498721875 0.6792802140624999 0.8299467625 0.6607362125 0.8295749671875001 0.6589870531249999 0.827989909375 0.6593239671875 0.8015880624999999 0.6484340734375 0.796450665625 0.6476978765625 0.7940161578125 0.6518837453125 0.796543578125 0.6559290171875001 0.8264873375 0.667894240625 0.8452554671874999 0.6858912875 0.8456297078125001 0.6876519531249999 0.8751037187499999 0.7207892671875 0.8794381578125 0.721696140625 0.8818726671875 0.7175102703125 0.8791697765625001 0.7125882031249999 0.8508705171875001 0.6810293734374999 0.850498721875 0.6792802140624999
0 0.7361106578125 0.34602751875000004 0.7398010359375 0.3412379359375 0.752298325 0.3333736296875 0.7519591578125 0.3198305515625 0.7341399953125001 0.3248088578125 0.7280985249999999 0.33571504218750003 0.7303782156249999 0.34644014218749997 0.7361106578125 0.34602751875000004
1 0.768175175 0.43652679218749996 0.766579690625 0.43686592187500006 0.7641556109375001 0.44104957499999997 0.7648992015625 0.444547890625 0.7790771249999999 0.4800223984375 0.7840750421875 0.49179343906249995 0.788001621875 0.4946272171875 0.7895866812500001 0.494290303125 0.7920211875 0.4901044328125 0.7912751515625 0.486594609375 0.7770868 0.4511223203125 0.77210175625 0.4393605703125 0.768175175 0.43652679218749996
2 0.650217909375 0.23708136093749999 0.582967428125 0.244965215625 0.5805329203125 0.249151084375 0.580904715625 0.2509002421875 0.5848312953125 0.2537340203125 0.590575325 0.2534271828125 0.7020793171874999 0.23889125937500003 0.709232934375 0.2373707109375 0.71166744375 0.23318484218750002 0.7112956484375 0.231435684375 0.7073690671875 0.22860190625 0.700029553125 0.229247875 0.650217909375 0.23708136093749999
0 0.7185849109375 0.21235015468750001 0.7135021375 0.20382053125000002 0.7118894140625 0.201360909375 0.704915159375 0.1976233828125 0.6987494640625 0.2061504625 0.7001339109375 0.212663775 0.6931244624999999 0.21896469375 0.6935923828125 0.22967798906249998 0.6982750156249999 0.24150401875 0.706063828125 0.24225396406250002 0.708676275 0.23408524062499997 0.7140834296875 0.2253224828125 0.7185849109375 0.21235015468750001
1 0.7808555796875 0.5547924234375 0.7865531140625001 0.558163865625 0.8156218609374999 0.5620641890625 0.8179994468749999 0.5615588171875 0.8204339562499999 0.5573729468749999 0.8200621609375001 0.5556237890625 0.814364625 0.5522523453125 0.7829182921875 0.5488573953125 0.780483784375 0.5530432640625 0.7808555796875 0.5547924234375
0 0.8058107640625 0.5663626671875 0.8021417015625 0.555920859375 0.7957234890625 0.5496716625 0.788471915625 0.5480137078125 0.7829267234375 0.535565175 0.776991784375 0.5332304515625 0.7717485468749999 0.5359445984375 0.7693163421875 0.543269165625 0.77223279375 0.5518623484375 0.7760820984375 0.5614600000000001 0.7839248421875 0.564207078125 0.79618095 0.5672067937499999 0.799750521875 0.572052890625 0.8058107640625 0.5663626671875
2 0.771241165625 0.7556872890624999 0.735671853125 0.7641739000000001 0.70473671875 0.7670809671875001 0.6816548203125 0.7600678875 0.6792203125 0.76425375625 0.68174773125 0.7682990296875001 0.705015528125 0.7761866875 0.737533275 0.772931196875 0.7738975609375001 0.7642876375000001 0.81456274375 0.74465081875 0.8191993703125 0.73908278125 0.818827575 0.7373336234375001 0.81490099375 0.7344998453125 0.8125129796874999 0.735007434375 0.771241165625 0.7556872890624999
1 0.7862559109375 0.6544473296875 0.77510325 0.7035569078125 0.7754750453125 0.705306065625 0.779401625 0.7081398437499999 0.7830004578125 0.705534675 0.7840382499999999 0.7025718078125001 0.7951804828125 0.6534644468749999 0.7948086875 0.6517152875 0.790892534375 0.6488792937500001 0.7892970484374999 0.649218425 0.7862559109375 0.6544473296875
1 0.731529878125 0.3031969046875 0.7367472390625001 0.3277426578125 0.7278097203125 0.34430395156250004 0.7283698578125 0.346939196875 0.7322939921875 0.3497614671875 0.7352886375 0.34821084375 0.7454394203125 0.329563475 0.7394760234375 0.3015079 0.7355494453125 0.29867412187500003 0.7339643875 0.2990110375 0.731529878125 0.3031969046875
1 0.649004046875 0 0.6480319890625 0.0002066171875 0.6455974796875 0.0043924859375 0.645736884375 0.0089453453125 0.6499059484374999 0.052043884375 0.6575447953125 0.10356988125 0.659034421875 0.1105780203125 0.6629505734375 0.113414015625 0.6645460609375 0.11307488437499999 0.6669805671875 0.108889015625 0.6566052890625 0.040540820312499996 0.6542872156249999 0.006201796875 0.653543625 0.0027034796875 0.649797590625 0 0.649004046875 0
2 0.6784934 0.44825244375000006 0.6234434671875 0.44713231562500005 0.6210065124999999 0.451306678125 0.621380753125 0.45306734375 0.6278812453125 0.4562681109375 0.6795647375 0.45718970781249996 0.7223621687499999 0.4554296296875 0.7732195875000001 0.4446195515625 0.7756436671875 0.44043590000000005 0.775271871875 0.438686740625 0.7713557203125 0.4358507453125 0.721301259375 0.44649015 0.6784934 0.44825244375000006