1 0.7003454265625 0.21961398906250001 0.7025593046874999 0.218475975 0.701681646875 0.21771755312500002 0.70281710625 0.21410199843750002 0.6992949234375 0.21105833125 0.6969661015625 0.211344275 0.68047720625 0.23073814375 0.67825315625 0.23187740625000003 0.6791308171875 0.23263582968750002 0.677232640625 0.23634503125 0.667016775 0.294049565625 0.6673310984375 0.2966095265625 0.6708431140625 0.29965444375 0.67239905 0.29946339843750003 0.6756436156250001 0.2938565078125 0.68519275 0.23711142187499998 0.7003454265625 0.21961398906250001
1 0.7196127375 0.6071454453125 0.7200068484375 0.6487765046875 0.7205321 0.6530543343749999 0.724054284375 0.6560980015625 0.7256000515625 0.6559082046875 0.7282812812499999 0.6521028531249999 0.7278871703124999 0.61047179375 0.72736191875 0.6061939656249999 0.7238397359375 0.6031502984375 0.7222939671875 0.60334009375 0.7196127375 0.6071454453125
2 0.6867896906250001 0.7049515234375 0.66101394375 0.70638401875 0.6310479015625 0.7057210625 0.603438596875 0.6986940453125 0.6007559890625 0.70248816875 0.6028371781249999 0.706574953125 0.6265631015625 0.7140901859375 0.6313153515625001 0.7143728687500001 0.6612915625 0.715034575 0.6878401937499999 0.71350718125 0.7319016890625 0.707230925 0.7345829187499999 0.703425575 0.7343733703125 0.701718934375 0.7308511875 0.6986752671875001 0.6867896906250001 0.7049515234375
3 0.6736384140625 0.82206521875 0.6841772203125001 0.8693915421874999 0.686811575 0.8716780359375 0.69001805625 0.8721505140625 0.69347216875 0.868250265625 0.69273736875 0.8622657968749999 0.6828373812499999 0.8200581453125 0.6748552140624999 0.7550486171874999 0.669103815625 0.669785946875 0.6686231984375001 0.6081976671875 0.6598748671875 0.5241691578125 0.6535982171875 0.4346286609375 0.63047664375 0.3167716015625 0.6163460374999999 0.2273292625 0.60416048125 0.128085875 0.5904055500000001 0.067261290625 0.587761025 0.0649760453125 0.58455454375 0.0645035671875 0.5811004296875 0.06840381718750001 0.5817304546875001 0.073534965625 0.5948655328125 0.1292271515625 0.6070510875 0.22847053750000001 0.62118169375 0.317912878125 0.6443032671875 0.4357699359375 0.6505799171875 0.5253104343749999 0.659318078125 0.6093401921875 0.659808865625 0.6709272234375 0.6655500937500001 0.7561911421875 0.6736384140625 0.82206521875
1 0.692158696875 0.780710315625 0.6982192515625 0.78517468125 0.7263436390625 0.796480775 0.7278894078125 0.7962909781249999 0.730572015625 0.79249685625 0.728500996875 0.7884088234375 0.724310703125 0.7863133765625 0.6946303781250001 0.7751983265625 0.6919491484375 0.7790036765624999 0.692158696875 0.780710315625
0 0.714344915625 0.5055596390625 0.7208564796875 0.49982514375 0.7230448453125 0.4923420390625 0.7172252796875 0.48698189843749995 0.7058799890625 0.48420356093750005 0.7012255453125 0.49388139375 0.70618834375 0.5035294921875 0.714344915625 0.5055596390625
1 0.7067502859375 0.37426217500000003 0.6888782953125 0.4016443265625 0.68919261875 0.4042042859375 0.692704634375 0.40724920156250005 0.6957015656250001 0.406015040625 0.7122387156250001 0.3805405546875 0.745218578125 0.3608542203125 0.7462390953125 0.3563865953125 0.7427182906249999 0.35335415625 0.7403996375 0.35363885 0.7067502859375 0.37426217500000003
2 0.7017957203125 0.6093331 0.651319884375 0.614653171875 0.617374478125 0.6136126375 0.590443453125 0.6056361515625001 0.5881146296875001 0.6059220953125 0.5854333984375 0.609727446875 0.5856429484375 0.6114340859375 0.5891651312499999 0.614477753125 0.6168792109375001 0.6223580906249999 0.651597503125 0.6233037265625 0.7028462234374999 0.6178887578125 0.7356363546875 0.6095203140625001 0.7383175843750001 0.6057149640625 0.73810665625 0.6039970953125 0.7345858515625 0.6009646562500001 0.7017957203125 0.6093331
0 0.7105259687500001 0.6927939703125 0.71324558125 0.7038458171875 0.7183694109375 0.7119469203125 0.7281542515625 0.716056575 0.7349660828125 0.70990910625 0.7292309375 0.6996036265625001 0.7249183796875001 0.6868440421875001 0.7166239484375 0.68369110625 0.7105259687500001 0.6927939703125
1 0.7574582375000001 0.8256665875 0.7615423781249999 0.8268974890624999 0.7642134390625 0.8230933859375 0.76203764375 0.818152034375 0.73758501875 0.7855496796875 0.7335008796875 0.7843187796875 0.73081965 0.788124128125 0.7330056125 0.793064234375 0.7574582375000001 0.8256665875
0 0.6356529640625 0.1614422421875 0.6342680609375 0.1726105546875 0.6432907250000001 0.1760615796875 0.6494211984375 0.16999777031250002 0.6575776296875 0.1579866203125 0.65590150625 0.1471941546875 0.6478590921875 0.143235265625 0.63930483125 0.1492319703125 0.6356529640625 0.1614422421875
1 0.7034507484375 0.405063559375 0.70031095625 0.41152376874999996 0.6975366703125 0.44660298281250005 0.705814721875 0.5011591671875 0.70933690625 0.504202834375 0.710882675 0.5040130375 0.7135639046875 0.5002076859375 0.7053906265625 0.4465048234375 0.7088330234375 0.410477390625 0.7085187000000001 0.40791743125 0.704996515625 0.40487376406250003 0.7034507484375 0.405063559375
1 0.6952621375 0.1334031 0.691739953125 0.1303594328125 0.6894213 0.13064412812499998 0.6538070828125 0.14804396875 0.6525668484375 0.15080620312499998 0.6357622484375 0.167628884375 0.6366399078125 0.16838730625 0.6355146171875 0.1720016109375 0.6390266296875 0.1750465265625 0.641355453125 0.1747605828125 0.6600683953125001 0.15422745 0.69279045625 0.13891509062500002 0.6954716859375 0.1351097421875 0.6952621375 0.1334031
0 0.7374072296875 0.78855756875 0.7265144484375 0.7838317390625 0.7193957765625 0.7847058015624999 0.71709645625 0.7967500015625 0.72419058125 0.79853449375 0.7297567500000001 0.8046893562499999 0.7388991578125 0.8035668093749999 0.7480517343749999 0.8024430140625001 0.7485316203125 0.7951696828125 0.7455795578125 0.787941634375 0.7374072296875 0.78855756875
1 0.723406859375 0.27930727499999997 0.7280543328125 0.2787366375 0.7307355640625001 0.2749312859375 0.7305260140625001 0.27322464687500003 0.72700383125 0.2701809796875 0.6791058296875 0.2708536078125 0.6777696093750001 0.27275004531249997 0.6768919515625 0.2719916234375 0.6771015 0.2736982640625 0.6675787328125 0.2922368 0.6673310984375 0.2966095265625 0.6708431140625 0.29965444375 0.6737352703124999 0.2975669609375 0.674612928125 0.29832538125 0.6744020015625 0.2966075140625 0.6832580390625 0.279028425 0.723406859375 0.27930727499999997
2 0.5957254359374999 0.40526359999999995 0.5615024125 0.3955725078125 0.5591735890625 0.3958584515625 0.5565025296874999 0.399662553125 0.556712078125 0.4013691953125 0.5618848046875 0.40507638593750006 0.592796575 0.413441678125 0.6301580125 0.41666133125 0.695806340625 0.40686835937500004 0.6984875703125 0.403063009375 0.698278021875 0.40135636874999997 0.6947558375 0.3983127015625 0.6291088874999999 0.4081169 0.5957254359374999 0.40526359999999995
2 0.6495618171875 0.1711430171875 0.6460396328125 0.16809935 0.62505421875 0.1637351578125 0.548240678125 0.1723004890625 0.5319313453125 0.180377715625 0.529250115625 0.184183065625 0.529459665625 0.18588970625 0.5329818484375 0.1889333734375 0.5353106703125 0.18864743125 0.550074234375 0.18076 0.6253318375 0.1723857140625 0.6447714828125 0.1769397015625 0.6470901359375001 0.17665500781250001 0.6497727453125 0.172860884375 0.6495618171875 0.1711430171875
1 0.7760796765625 0.7339351734374999 0.7579550562499999 0.7144489859375 0.75774550625 0.712742346875 0.7561997390624999 0.71293214375 0.7318336203125 0.700287009375 0.7269765953125 0.6991510078125 0.724295365625 0.7029563578125 0.72637655625 0.7070431421875 0.754043759375 0.7210153234375001 0.7705062890625001 0.7398280046875 0.7707172171875001 0.7415458734375 0.7961624453125 0.7757587203125 0.8002364156249999 0.7769908703125 0.8029176453125 0.7731855203125 0.8007418515625 0.7682441671875 0.7762892265625 0.7356418125 0.7760796765625 0.7339351734374999
0 0.6944574640625001 0.40513065312499996 0.6983916234375 0.4008523421875 0.711015071875 0.394367403125 0.7118239843749999 0.381366484375 0.694346840625 0.384640728125 0.6876497015624999 0.39458076875 0.6889345671875 0.4050451703125 0.6944574640625001 0.40513065312499996
1 0.7175813546875001 0.49450589999999994 0.716025415625 0.49469694531249997 0.71335435625 0.49850104687499996 0.7137734546875001 0.501914328125 0.7243782578125 0.537083165625 0.7281780609374999 0.5487773875 0.73170024375 0.5518210546875 0.7332460125 0.5516312578125 0.7359272421874999 0.5478259078125001 0.7355067656250001 0.5444014 0.7248917921875 0.5092338109375001 0.7211035375 0.4975495671875 0.7175813546875001 0.49450589999999994
2 0.6213414421875 0.29357170312499997 0.5562945312500001 0.2954837671875 0.5536133015625 0.29928911875 0.55382285 0.3009957578125 0.557345034375 0.304039425 0.5628701687500001 0.304227209375 0.6708431140625 0.29965444375 0.6778194109375 0.2987978609375 0.680500640625 0.2949925109375 0.680291090625 0.2932858703125 0.6767689078125 0.2902422015625 0.6696878359375 0.29024546406249996 0.6213414421875 0.29357170312499997
0 0.68886755625 0.2756157390625 0.6847151859375 0.267019246875 0.683377015625 0.2645280125 0.6770125734375 0.2603630953125 0.6703956453125001 0.2680138546875 0.6711759390625 0.27436884375 0.6639375234375 0.279816478125 0.6634887546875 0.2901176359375 0.6669820921875 0.301838090625 0.6743764859375 0.3032096078125 0.6775614671875 0.2956041328125 0.6834718828125 0.287664015625 0.68886755625 0.2756157390625
1 0.7198222875 0.6088520859375001 0.7249950140625 0.6125592765625 0.75249954375 0.6187329734375 0.754818196875 0.618448278125 0.7574994265624999 0.614642928125 0.7572898765625 0.6129362875 0.7521171515625 0.609229096875 0.7222939671875 0.60334009375 0.7196127375 0.6071454453125 0.7198222875 0.6088520859375001
0 0.742746390625 0.6220275890625 0.7401075984375 0.6117180328125 0.734485765625 0.6051938984375 0.727681740625 0.6029976796875001 0.7234146781249999 0.590608615625 0.717927878125 0.5878745578125 0.7126807046875 0.5900346515625 0.7097389515625 0.5968466515624999 0.7118119203125 0.6053223546875001 0.7146939421875 0.6148384375 0.7219728 0.6181274671875 0.733455953125 0.6220285953125 0.7364678875 0.6269698578125 0.742746390625 0.6220275890625
2 0.6938011421875 0.8004764921874999 0.659035975 0.8056226984375 0.629174709375 0.805813065625 0.607662665625 0.7971598171875 0.6049814359375 0.8009651671875 0.6070626234375001 0.8050519515625 0.6286794421875 0.8145585203125 0.6600851 0.8141671296874999 0.6956245296875 0.8089372515625 0.736201925 0.7935379609375001 0.7411072015625 0.788593346875 0.740897653125 0.78688670625 0.73737546875 0.7838430390625 0.735046646875 0.7841289828125 0.6938011421875 0.8004764921874999
1 0.7166509578125 0.7047611578125 0.70186240625 0.7508663656250001 0.70207195625 0.75257300625 0.7055941390625 0.7556166734375 0.7092578031250001 0.7534230640625 0.7104994171875 0.750672059375 0.7252778 0.7045681 0.72506825 0.702861459375 0.7215562359375001 0.69981654375 0.7200002984375 0.7000075890625 0.7166509578125 0.7047611578125
1 0.6936569125000001 0.36372045625 0.69659749375 0.3876695625 0.6866542484375 0.4027835890625 0.68696995 0.40535477656249996 0.69049075625 0.408387215625 0.6934876875 0.40715305468749996 0.7047671515625 0.390142590625 0.70140609375 0.3627689765625 0.6978839109375 0.359725309375 0.6963381421875 0.35991510625 0.6936569125000001 0.36372045625
1 0.6441443875 0.069347634375 0.6406222046875001 0.06630396718750001 0.6390764359375 0.0664937640625 0.63639520625 0.07029911562499999 0.636147571875 0.0746718421875 0.6365315140625001 0.11630415000000001 0.639532065625 0.1662998234375 0.640371640625 0.17313761249999998 0.6438836546875 0.17618252968749998 0.6454395921875 0.175991484375 0.648120821875 0.1721861328125 0.6439084734375 0.1058475453125 0.6445634859375 0.072760915625 0.6441443875 0.069347634375
2 0.6307366828125 0.498216809375 0.5781245140625 0.49252738906250004 0.57544190625 0.4963215109375 0.575652834375 0.49803938125 0.5816086140625 0.501650425 0.631014303125 0.506867365625 0.6721367640625 0.5087704375000001 0.7217335640625 0.502680715625 0.724404625 0.49887661406249995 0.724195075 0.4971699734375 0.7206830609375 0.49412505781249993 0.671869315625 0.5001186328125 0.6307366828125 0.498216809375