3 0.7409704234375 0.3720504765625 0.7414868265625 0.44416766093750004 0.7409596828125 0.4743676625 0.7308601640625 0.5969722234375 0.7280715734375 0.7567304953125 0.7305891765625 0.8152360312500001 0.716869571875 0.8919775874999999 0.7167845421875 0.8968489703125 0.7193896421875 0.8998232749999999 0.7228988265625 0.90085654375 0.727386175 0.8970340218749999 0.7411736265625 0.8164055875 0.73867320625 0.7569155484375 0.741461796875 0.5971572765625 0.751561315625 0.47455271562499995 0.752088459375 0.4443527125 0.75157205625 0.372235528125 0.73616820625 0.24235612031249998 0.7497427640625001 0.1227410515625 0.7523335921875 0.0760144453125 0.7414170734375001 0.0426858578125 0.7420897265625 0.004149528125 0.73148809375 0.003964475 0.73078129375 0.044457029687499997 0.7416864359375 0.0777726296875 0.741516375 0.087515390625 0.7391411296875 0.122556 0.7255377890625 0.2431553703125 0.7409704234375 0.3720504765625
1 0.788081796875 0.76265084375 0.7844759828125001 0.7664887546875 0.7826109203125 0.7723010796875001 0.7655747390625 0.83631018125 0.76552363125 0.8392381234374999 0.76899330625 0.8431995375 0.770756378125 0.8432303125 0.774362190625 0.8393924015625001 0.7932636609375 0.7695581875 0.7933145453125 0.7666430328125 0.7898448703125001 0.7626816187500001 0.788081796875 0.76265084375
0 0.7620891078125 0.8206331499999999 0.7618639234375 0.8335339984375001 0.7711679296875 0.842917753125 0.783621290625 0.8320720609375 0.7910423890625 0.8223663390624999 0.7845962828124999 0.8081212359375 0.7763404125 0.8018380859375001 0.7690168359375 0.8066214859375 0.7620891078125 0.8206331499999999
1 0.8187249968750001 0.171688984375 0.7858711734375 0.2305619140625 0.7830906484375 0.2383022890625 0.7865603234375 0.24226370312499998 0.791001928125 0.2403972015625 0.7928277078125 0.23750023593749997 0.8256813078125 0.17864009375 0.82846205625 0.17088693125 0.825003978125 0.16692572187500002 0.82322930625 0.16689474375 0.8187249968750001 0.171688984375
0 0.8115480249999999 0.31829961406249996 0.804812459375 0.3206376625 0.8023816609375001 0.332272203125 0.7945432875 0.33397709531249997 0.7927228093750001 0.34255276874999996 0.7930867453125 0.353609396875 0.802606109375 0.351319940625 0.8194169140625001 0.34608823593750004 0.8279292203124999 0.3370154671875 0.8220193359374999 0.324621434375 0.8115480249999999 0.31829961406249996
2 0.7699178375 0.23319949375000001 0.663138046875 0.22257471875 0.65953245625 0.22639984375000002 0.6594983109375 0.2283560671875 0.6629679859375 0.23231748125 0.67090805 0.2334280890625 0.709754515625 0.2360501875 0.7697477765625 0.24294225468750003 0.7971619578125 0.24244875625 0.8007677703124999 0.2386108453125 0.8008016937500001 0.23666740625 0.7973320187499999 0.23270599375 0.7699178375 0.23319949375000001
1 0.802546740625 0.0349919546875 0.774670796875 0.112458428125 0.7746199125000001 0.115373584375 0.7780895875 0.119334996875 0.779864259375 0.11936597499999999 0.78438553125 0.1136000125 0.812249875 0.0361333375 0.8123009828125 0.033205395312500004 0.80884290625 0.029244184375 0.8070682343750001 0.029213207812500003 0.802546740625 0.0349919546875
2 0.70112805 0.8312972000000001 0.6642488640625 0.8170068921875 0.66065465 0.8208450046875001 0.6606207265624999 0.822788440625 0.664078803125 0.826749653125 0.699195140625 0.8409964015625 0.745099909375 0.84472650625 0.776085978125 0.8423385359375001 0.7796799703125 0.8385132078125 0.779714115625 0.836556984375 0.776255815625 0.8326085593749999 0.74526996875 0.83498374375 0.70112805 0.8312972000000001
1 0.8394773171875001 0.7050735765625 0.8360074187500001 0.70112495 0.7954715343750001 0.6935877078125 0.791865721875 0.69742561875 0.789830596875 0.7129807046875001 0.789745565625 0.7178520859375 0.7932152421875001 0.7218135 0.794978315625 0.7218442734375 0.798584128125 0.7180063640625 0.8005853296875 0.7043947140625 0.8322996140625 0.710805959375 0.8358373578125 0.7108677109375 0.8394431718750001 0.7070298 0.8394773171875001 0.7050735765625
1 0.7978850171875 0.35258045 0.818796596875 0.3198074234375 0.8360566171875 0.29282832812500004 0.8378482515625001 0.29188758593749997 0.8388148171875001 0.28703159375 0.8353451421875 0.28307017968750003 0.8335820703125 0.2830394046875 0.831773475 0.28495186562499997 0.8309089015625 0.283964759375 0.8308747546875 0.2859209828125 0.8099749968750001 0.3186814265625 0.7927033765625 0.34566031875 0.79092311875 0.3466140484375 0.7899567765625 0.35145725781250003 0.7934148515625 0.35541846875 0.7969865203125 0.35353678125 0.7978510937500001 0.35452388749999997 0.7978850171875 0.35258045
0 0.8012062671875 0.686768596875 0.792887009375 0.6847816703125 0.7848879484375 0.6956923234375 0.7719423265625001 0.70283320625 0.769522240625 0.7138540296875 0.7755071109375 0.7219520421875 0.78885951875 0.723412915625 0.7961518437499999 0.7210845875 0.799150115625 0.7088460484375 0.8027595953125 0.694162559375 0.8012062671875 0.686768596875
1 0.810755384375 0.5272306453125 0.8080652531249999 0.5291277187500001 0.8062341109375 0.5329966078124999 0.7793077734375 0.6065788046875 0.7792566671875 0.6095067484375 0.7827263421875 0.6134681609375 0.7871797671875 0.611589075 0.7890106859375 0.607732975 0.815937246875 0.534137990625 0.8159881312499999 0.5312228343750001 0.81251845625 0.5272614203125 0.810755384375 0.5272306453125
1 0.83094198125 0.079330590625 0.8327847234375 0.0754619046875 0.8293148234375 0.0715132765625 0.8275517515624999 0.071482503125 0.7765135375 0.10858974218749999 0.774738865625 0.108558765625 0.7756150374999999 0.10954607499999999 0.7737722984375 0.11341475781250002 0.7772419734375 0.117376171875 0.7816782156250001 0.11648159218750001 0.782593896875 0.1145407546875 0.8049793140625001 0.0983688703125 0.8300434843750001 0.0802869203125 0.8318181546875 0.08031789843750001 0.83094198125 0.079330590625
1 0.79666089375 0.4227104328125 0.7966948171875 0.42076699375000004 0.79579631875 0.42172332656249994 0.792292496875 0.41971813593749996 0.7886982828125 0.42355625 0.7894947890624999 0.4284430171875 0.7912409 0.4294455109375 0.809272415625 0.45996945624999996 0.8081699328124999 0.4726119875 0.811639609375 0.4765734015625 0.8134026828125 0.476604175 0.8170084953125001 0.4727662640625 0.8173144703125 0.455236965625 0.8155685828125 0.4542216875 0.79666089375 0.4227104328125
1 0.848143909375 0.3096019375 0.844674234375 0.30564052343750003 0.8420296265625 0.3055943625 0.7962411203124999 0.3457220703125 0.7935677265625001 0.3466602109375 0.7944439015625 0.34764751875 0.7926013843749999 0.35150341875 0.796071059375 0.35546483281249996 0.8005073015624999 0.354570253125 0.803231578125 0.3507169546875 0.8445041734375 0.3153832859375 0.84717734375 0.31445793125 0.84631276875 0.3134708234375 0.848143909375 0.3096019375
1 0.769180328125 0.83248505625 0.7665071593749999 0.8334104124999999 0.7655747390625 0.83631018125 0.761087390625 0.8401327046875 0.760120821875 0.844988696875 0.7635904984375 0.8489501109375001 0.768026740625 0.8480555296875 0.768959384375 0.8451429734374999 0.7734467328125 0.8413204515625001 0.7744132984375 0.8364644578125 0.7709434 0.83251583125 0.769180328125 0.83248505625
2 0.782678928125 0.109669375 0.7571922953125 0.10143559375 0.6918303703124999 0.098337878125 0.6696659 0.1018518453125 0.6660600875 0.1056897546875 0.6660261640625 0.10763319375 0.6694958390625 0.11159460624999999 0.691660309375 0.10808063906250001 0.7561290984375 0.111162765625 0.779864259375 0.11936597499999999 0.7825088671875 0.1194121359375 0.7861146796875 0.115574225 0.786148603125 0.1136307875 0.782678928125 0.109669375
0 0.7943044484375 0.475286009375 0.8053662062500001 0.48101702187499995 0.8211699515625 0.46900200156249994 0.8225088796875 0.456107803125 0.8175837421875001 0.4511106015625 0.8080221906249999 0.45648163124999996 0.7989953109375 0.46246310937499996 0.7943044484375 0.475286009375
1 0.78013015 0.6611666890625 0.781689240625 0.6728836625 0.7906271031250001 0.7178674734375 0.794096778125 0.7218288875 0.7958598515624999 0.7218596609375 0.7994656640625 0.71802175 0.7979065750000001 0.7063047765625 0.7889687109375 0.661320965625 0.7854990359375 0.6573595531249999 0.7837243640625 0.657328575 0.78013015 0.6611666890625
2 0.729532984375 0.470267359375 0.6890310234375 0.46078667968750003 0.6601258234375 0.44566354218750004 0.655723503125 0.444614684375 0.6521176890625 0.4484525953125 0.65380733125 0.453354953125 0.685351778125 0.4694961734375 0.7284813875 0.47999473281249994 0.7876442203125 0.48394347031249996 0.8178389234375001 0.4757095953125 0.8214447359375001 0.47187168437500004 0.8214786593750001 0.469928246875 0.818008984375 0.46596683437499997 0.7869211453125 0.47418511875 0.729532984375 0.470267359375
1 0.8058743390625001 0.6041264796875 0.8091911406250001 0.61684615 0.8096986328125 0.6382904984375 0.8131683078125 0.6422519125 0.8149313796875 0.6422826875000001 0.8185371921875 0.6384447765625 0.8180636234374999 0.6150569906250001 0.812243715625 0.5935199140625 0.8079264265624999 0.587599675 0.8061633531249999 0.5875689015625001 0.8043663578125001 0.5894815640625 0.803490184375 0.58849425625 0.797120809375 0.5991008234375 0.7944422765625 0.6009980984375 0.7934641124999999 0.6058538890625 0.7969337875 0.609815303125 0.798708459375 0.6098462796875 0.8005054546875 0.6079336171875 0.8013700296874999 0.6089207234375 0.8050097640624999 0.6031393734375 0.8058743390625001 0.6041264796875
1 0.8227191250000001 0.196123028125 0.8245107578124999 0.1951822859375 0.8254773249999999 0.19032629375000001 0.82200765 0.18636487968749998 0.8202445781250001 0.1863341046875 0.8184359828125001 0.188246565625 0.8175714078125 0.187259459375 0.8175372624999999 0.1892156828125 0.7902565296875 0.23258249062499997 0.788476496875 0.23352343593749997 0.7875099296875 0.23837942812500001 0.79096800625 0.24234063906249997 0.794539671875 0.240458953125 0.795404246875 0.241446059375 0.7954381703125 0.2395026203125 0.8227191250000001 0.196123028125
1 0.877783990625 0.43484418593749996 0.8743140921875 0.43089555781250005 0.8725510203125 0.43086478437500003 0.8529238031249999 0.441239934375 0.8182810359375001 0.45038097187500004 0.8146924078125 0.453234378125 0.8081699328124999 0.4726119875 0.811639609375 0.4765734015625 0.8134026828125 0.476604175 0.8169915328125 0.47373798437500003 0.822547440625 0.45921636718750003 0.85629685 0.45007252500000006 0.8759358890625 0.43968479218749995 0.877783990625 0.43484418593749996
0 0.7999242890625 0.5687742874999999 0.7898374515625 0.5716677421874999 0.7908114859375 0.5796782875 0.7873421546875 0.586997371875 0.7776621031250001 0.5984925875 0.775820425 0.6082829078125 0.7868920078125 0.6127862828125 0.80433566875 0.603869409375 0.8112310359375 0.5917116828125 0.808683134375 0.5781485265625 0.7999242890625 0.5687742874999999
2 0.7340865546875001 0.7159085390625 0.6882157078125 0.7102349953125 0.6838133890625 0.7091861374999999 0.6470531562499999 0.688081009375 0.6426508375 0.687032153125 0.6390452468750001 0.6908572765625001 0.6407348875000001 0.6957596359375 0.6801227703125 0.71788264375 0.6871641109375 0.7199623703125 0.724196396875 0.7254816359375 0.73391649375 0.7256513 0.7967529875 0.7218752515625 0.8003472 0.7180371375 0.800381121875 0.7160936999999999 0.796923046875 0.7121324890625 0.7340865546875001 0.7159085390625
0 0.781428984375 0.22315589375 0.7845336453125 0.23672876875 0.78948109375 0.24111245625 0.8001889640625001 0.23454641718749997 0.8143233171875 0.2231161625 0.8106511843750001 0.210147284375 0.7995796015625001 0.20564391093749998 0.7949208765625 0.216625659375 0.781428984375 0.22315589375
2 0.7015809203125001 0.6032780468750001 0.696285465625 0.6022136 0.671782584375 0.5881393203124999 0.6673802640625001 0.5870904640625 0.6637744515625 0.5909283734375 0.6654640921875 0.59583073125 0.6926062203125001 0.61092309375 0.7005177234375 0.6130052187499999 0.7605109859375 0.6198972859375 0.798708459375 0.6098462796875 0.8049758421875 0.6050828125 0.8050097640624999 0.6031393734375 0.8015400890625 0.5991779625 0.759799509375 0.6101391375 0.7015809203125001 0.6032780468750001
0 0.777148734375 0.11740012343749999 0.7906189796875001 0.11211010937500002 0.8024941546875001 0.102482134375 0.8010479515625001 0.088950996875 0.79220429375 0.08510041562500001 0.7808751640625 0.09535182656249999 0.7700824796875 0.10744152343749999 0.777148734375 0.11740012343749999
2 0.7337617109375 0.3290408796875 0.6571034140625 0.315041028125 0.6534976015625 0.31887893906250003 0.6534636796875 0.3208223765625 0.6569333546875 0.3247837890625 0.6604541359375 0.325817259375 0.723905475 0.3366705375 0.7960540984375 0.35643655 0.7987103062500001 0.3564829140625 0.8023042968749999 0.3526575890625 0.8023384437500001 0.35070136406249997 0.7962411203124999 0.3457220703125 0.7337617109375 0.3290408796875