0 0.7623102875 0.9175493703125 0.7700981484375 0.9083935500000001 0.7713201859375001 0.8876051296874999 0.7603648296875 0.8790300515625 0.7489822953124999 0.8848623812499999 0.7464873453124999 0.8997179546874999 0.7511791296875 0.91040608125 0.7623102875 0.9175493703125
0 0.8369969312500001 0.4124463234375 0.8333536328125 0.40405468125 0.8215349406250001 0.40260352812500005 0.8155822046875001 0.4076491765625 0.811202015625 0.42155890156250003 0.808919165625 0.429222903125 0.8151950640625 0.4379377875 0.82950983125 0.4353599265625 0.8335399062500001 0.42430165000000003 0.8369969312500001 0.4124463234375
0 0.798633359375 0.5565221609375001 0.8108118796875001 0.5551353765625 0.8217552734375 0.5420438296875 0.822892025 0.532785728125 0.81053806875 0.5247656109375 0.79950565 0.5277464953125001 0.798145596875 0.5441947921875 0.798633359375 0.5565221609375001
0 0.7679166359375 0.7903899187500001 0.7726450828125 0.784479575 0.77999678125 0.768040271875 0.775653621875 0.75451283125 0.7662445921875001 0.749736425 0.75643460625 0.764432828125 0.7610774 0.7808914953125 0.7679166359375 0.7903899187500001
1 0.8285274687499999 0.4704036171875 0.8246294125 0.473718553125 0.8222174015625001 0.47910041562499994 0.7953053953125 0.5487111734375001 0.7949627312499999 0.55150195 0.79795424375 0.5556628203125 0.7996794375 0.555874646875 0.80357749375 0.5525597109375 0.832890309375 0.47756571562500005 0.8332329734374999 0.4747749375 0.8302526625000001 0.47061544375000003 0.8285274687499999 0.4704036171875
2 0.7567852015625001 0.542084709375 0.7483998765625001 0.539158340625 0.7174560703124999 0.527784121875 0.66399624375 0.5003924640624999 0.660088475 0.5036938906249999 0.6598590390625 0.5055624984375 0.6644625171875 0.510857365625 0.712112115625 0.5356511546875 0.7463915875 0.5483833328125 0.7547769140625 0.5513097 0.811733384375 0.5573546859375 0.8156426421875 0.554041125 0.8158720796875001 0.5521725171874999 0.812879075 0.5480237812500001 0.7567852015625001 0.542084709375
2 0.6358217796875001 0.7298550578125 0.631912521875 0.73316861875 0.631683084375 0.7350372265625 0.6346760890625001 0.7391859625 0.67923065625 0.7607545625000001 0.733147865625 0.784421140625 0.7728860125 0.7883519828125001 0.77678406875 0.7850370453125 0.7770120140625 0.783180571875 0.774031703125 0.779021078125 0.7351561531249999 0.77519615 0.6358217796875001 0.7298550578125
2 0.841978684375 0.325288871875 0.83898568125 0.3211401375 0.8339360234375001 0.3195717265625 0.790582915625 0.3095190046875 0.7750897859375 0.30761668750000004 0.7021716 0.30339309062500003 0.696029909375 0.303587375 0.692122140625 0.306888803125 0.6918927046875 0.30875741093750003 0.6948842187500001 0.31291827968749997 0.73409271875 0.3139389203125 0.773945584375 0.3169354578125 0.7885761171875 0.3187318625 0.8378399906249999 0.3304710421875 0.8417492484375 0.3271574796875 0.841978684375 0.325288871875
3 0.701348865625 0.7871431234374999 0.6904000640625 0.8549203578125001 0.6879954546875 0.8745043375 0.6829663109374999 0.9581580125 0.6826832171875 0.9675948296874999 0.6865261234375 0.9718602375 0.690091228125 0.9713495875 0.693023171875 0.9688644171874999 0.6983242078125 0.8757725484375 0.708753078125 0.8050986218749999 0.713227034375 0.782923559375 0.7363370984375 0.7014899406249999 0.7459585203125 0.6231297578125 0.757830978125 0.5620923421875 0.7644667953125001 0.49378554062499996 0.7730572437500001 0.42382195625 0.7765221703125 0.3172518234375 0.7795540296875 0.285428115625 0.7902585921874999 0.191115253125 0.795763521875 0.160543590625 0.8049260703125001 0.0859206203125 0.8026936390625 0.08280134375 0.7993579703125 0.0814433859375 0.7945973171875 0.084652409375 0.78543476875 0.15927537812499998 0.7799298390625 0.18984704218749998 0.7748896921874999 0.23089574218750003 0.7661934171875 0.3159836109375 0.7627172890625 0.42255236875 0.754126840625 0.492515953125 0.747605740625 0.5598884515625 0.735744484375 0.6209272421875001 0.7261230640624999 0.6992874265625 0.701348865625 0.7871431234374999
1 0.859637478125 0.266858709375 0.8240012812499999 0.32213313593750004 0.82377184375 0.32400174375 0.826763359375 0.3281626125 0.831294575 0.32682219687499997 0.833363921875 0.32423111250000003 0.86900011875 0.2689566875 0.86922955625 0.26708807968750004 0.8662365515625 0.26293934375 0.8645225609375 0.2627288921875 0.859637478125 0.266858709375
1 0.761840896875 0.9138706125 0.7620688421875 0.9120141390625 0.759077328125 0.9078532703125 0.7573633375 0.90764281875 0.7434046203125 0.9144520921874999 0.7413464750000001 0.9170445515625 0.7275857390625 0.9721597765625001 0.7270121484375001 0.9768312968749999 0.72999395 0.9809786562499999 0.7317191421875 0.981190484375 0.735615709375 0.97788768125 0.748411821875 0.9235900859375 0.7514457921875 0.9201813703124999 0.7597715484374999 0.916461696875 0.761840896875 0.9138706125
2 0.710163521875 0.9075254296875 0.6623939156249999 0.89787881875 0.6564816609374999 0.8962044953125 0.6313890515625 0.879870690625 0.6231184437499999 0.8760100203125001 0.6192203859375 0.87932495625 0.6203622765625 0.8841947937500001 0.6520115046875 0.9041788171875 0.660385628125 0.9071038093749999 0.7098804265624999 0.9169622468749999 0.7605194265625 0.917501915625 0.7657985218750001 0.9172017171875 0.7697062906250001 0.9139002890624999 0.7699357265625 0.91203168125 0.7669442140625 0.9078708125 0.710163521875 0.9075254296875
1 0.8173594890625001 0.198224065625 0.8228777328125 0.1960687703125 0.880159953125 0.1425037515625 0.88147021875 0.138871075 0.8784884187499999 0.1347237140625 0.876763225 0.1345118875 0.81569915625 0.1904454046875 0.8143776890625001 0.19407670625 0.8173594890625001 0.198224065625
2 0.6573177703125 0.6188724515625 0.6534085109375 0.6221860125 0.6531805640624999 0.6240424875 0.656172078125 0.62820335625 0.703658590625 0.6472867859375 0.7998294718750001 0.6685666625 0.8058564468749999 0.6693066828124999 0.8097545015625001 0.6659917453124999 0.8099824484375 0.664135271875 0.8070021374999999 0.659975778125 0.7056668765625 0.63806179375 0.6573177703125 0.6188724515625
1 0.8538141359375 0.19324087343750002 0.8489328531250001 0.1831699484375 0.84388319375 0.1816015390625 0.817537578125 0.1897350609375 0.815240284375 0.19418261875 0.8182220843750001 0.1983299796875 0.8208098734375 0.1986477203125 0.8434853828125 0.1919726609375 0.850093346875 0.202243278125 0.8506117890624999 0.205152103125 0.8547988515625 0.20661459999999998 0.8587081109374999 0.2033010390625 0.8584176140625001 0.1985357390625 0.8538141359375 0.19324087343750002
2 0.830172515625 0.20074569687500002 0.8340690828125 0.1974428953125 0.83429851875 0.1955742875 0.8313167171875 0.1914269265625 0.7806166578125 0.184253353125 0.7224549265625 0.18089323125 0.70179361875 0.19255755000000002 0.7000684265625 0.1923457234375 0.700816303125 0.193385940625 0.6986322390625 0.196911328125 0.70162524375 0.2010600640625 0.703339234375 0.201270515625 0.7211945171874999 0.19115843906250002 0.7309013125 0.1904535046875 0.77947245625 0.19357212343750002 0.830172515625 0.20074569687500002
1 0.7599656687499999 0.8009667703125001 0.7569838671875 0.7968194093750001 0.7552586734375 0.7966075828125 0.7513509046875 0.799909009375 0.75100675 0.8027119218750001 0.7535444828125 0.83900073125 0.753737175 0.9015195609375001 0.7542019578125 0.911996596875 0.7571949625000001 0.9161453328125001 0.758908953125 0.9163557843750001 0.7628167203125 0.91305435625 0.7632755921875 0.909317140625 0.7623350234374999 0.84575809375 0.7599656687499999 0.8009667703125001
1 0.7292512999999999 0.78772394375 0.7269525171875 0.792183634375 0.7299343171875 0.79633099375 0.7325221078124999 0.796648734375 0.7669625546875001 0.7866762828125 0.7692598484375 0.782228725 0.7662795359375 0.77806923125 0.763691746875 0.777751490625 0.7329184296875 0.7862897484375 0.7292512999999999 0.78772394375
1 0.75279443125 0.6315439015625001 0.7525649953125 0.633412509375 0.7680192703125 0.67128726875 0.772102815625 0.6736854453125 0.7924214609375 0.6648119046875001 0.794718753125 0.660364346875 0.7917272390625001 0.6562034765625 0.7743293390625 0.662590471875 0.760776034375 0.6306271406249999 0.7567022015625 0.6282424734375 0.75279443125 0.6315439015625001
1 0.754543940625 0.7027770703125 0.75046039375 0.7003788953125001 0.7465623375 0.7036938328125 0.7463343906250001 0.7055503062499999 0.7598876953125 0.7375136375 0.762484996875 0.7804484890625 0.763004928125 0.7833451796875 0.765985240625 0.7875046734375 0.7677104328125 0.7877165015625 0.7716196921875 0.7844029390625 0.77196235625 0.7816121625 0.76809724375 0.734740403125 0.754543940625 0.7027770703125
2 0.7463615609375001 0.42054413906250004 0.6885350953125 0.4001911234375 0.6846370375 0.403506059375 0.6844090921875 0.4053625328125 0.6873894046875 0.4095220265625 0.744353275 0.4297691296875 0.7878084078125001 0.43889830781250005 0.8288680234375001 0.43919784687499996 0.8327645890625 0.43589504375 0.832994025 0.4340264359375 0.8300122234374999 0.429879075 0.7881027046875 0.42946286406249995 0.7463615609375001 0.42054413906250004
1 0.8807283140625 0.330046728125 0.8485167 0.3147356 0.845077515625 0.314313321875 0.82790905 0.3188317078125 0.8240012812499999 0.32213313593750004 0.82377184375 0.32400174375 0.826763359375 0.3281626125 0.8293511484374999 0.328480353125 0.8465084109375001 0.323960590625 0.8770060359375 0.33906126875 0.8795826234374999 0.3393776328125 0.8834903921875 0.33607620625 0.883719828125 0.33420759843750003 0.8807283140625 0.330046728125
0 0.8123660421875 0.1949012640625 0.8225142109375 0.199029421875 0.8276803062500001 0.200390425 0.8308485343750001 0.19644394062499998 0.8464740015625001 0.1940270125 0.8591773109374999 0.1775304328125 0.8582908093749999 0.16298635781249998 0.8487826765625 0.1589244703125 0.83845011875 0.167041153125 0.83788790625 0.1770841703125 0.8290014484375 0.17888748593749998 0.8206783265625001 0.1814743421875 0.8134148937499999 0.1863590578125 0.8123660421875 0.1949012640625
0 0.852821746875 0.316163315625 0.8515002109375001 0.30516231562499996 0.8416909531250001 0.29818133593749996 0.8334665703124999 0.3108923640625 0.8211122484375 0.3137109390625 0.8182675500000001 0.32057926718749996 0.8220851609375 0.3275512515625 0.83342841875 0.3275029703125 0.8456836359375 0.3253989140625 0.852821746875 0.316163315625
1 0.7867371515625 0.6612811078124999 0.789718953125 0.66542846875 0.8392122625 0.675299040625 0.846964428125 0.6762508875 0.8508736875 0.672937325 0.8511031234375 0.67106871875 0.84811011875 0.6669199828125 0.79086464375 0.6560975640625 0.7869665890624999 0.6594125 0.7867371515625 0.6612811078124999
0 0.7824202796875 0.6722672203125 0.80090128125 0.6738220296875 0.8093126703125 0.6596805875 0.8025613359375001 0.6494662671875 0.7861383921875 0.6474497828125 0.774085196875 0.65318745 0.7723376078124999 0.667420415625 0.7824202796875 0.6722672203125
1 0.84244706875 0.3641687671875 0.809622809375 0.4321052015625 0.8092786546875 0.43490811249999994 0.8122716578125001 0.4390568484375 0.8139968515625 0.439268675 0.8189854484374999 0.43420317812500003 0.8518097109375 0.36626674375 0.852152375 0.36347596718749997 0.8491608609375 0.35931509687499996 0.84743566875 0.3591032703125 0.84244706875 0.3641687671875
1 0.8038069296874999 0.5506911031249999 0.8008251296875001 0.5465437421875 0.799099934375 0.5463319156249999 0.7793012234375001 0.558102146875 0.77757603125 0.5578903203125 0.778323909375 0.5589305375 0.7761413328125 0.5624437921875 0.7791216453125 0.5666032859375 0.7835493453125 0.56619855 0.791240453125 0.560516490625 0.8006567515624999 0.55504625625 0.8023707421875 0.5552567078124999 0.8016340671875 0.5542178671875 0.8038069296874999 0.5506911031249999
1 0.8019796484375 0.3734012 0.798070390625 0.3767147625 0.798475603125 0.38054575625 0.81789130625 0.40755088125 0.809622809375 0.4321052015625 0.8092786546875 0.43490811249999994 0.8122716578125001 0.4390568484375 0.8139968515625 0.439268675 0.8178934171875 0.435965871875 0.8268487328124999 0.4058178640625 0.8060519921875 0.37579799999999997 0.8019796484375 0.3734012