1 0.649873909375 0.201674571875 0.6554347968750001 0.21718074999999998 0.6567749265625 0.2196887671875 0.6607504015625 0.22259537968749998 0.662393559375 0.22227598125 0.6649800484374999 0.218093853125 0.6594084921875 0.20258974843750002 0.65807903125 0.2000796578125 0.6541035578125001 0.19717304687499998 0.6524603984375 0.19749244531250001 0.649873909375 0.201674571875
0 0.762829175 0.8034006234375 0.7638418046875 0.8114014624999999 0.7679557906250001 0.815875140625 0.7712819468750001 0.8246127796874999 0.7846482609375001 0.8237644281250001 0.7898551515625 0.8227523109374999 0.7940578406250001 0.8137257312499999 0.7850892984375 0.8037597906249999 0.7754300078125 0.7986142140625 0.762829175 0.8034006234375
1 0.6532441734375001 0.1577180078125 0.6497010578125 0.20078533437499999 0.650219609375 0.20345304999999997 0.654186659375 0.206373284375 0.65582981875 0.20605388750000003 0.6584247328124999 0.20185813593750002 0.66196785 0.158790809375 0.6614492984375 0.15612309375 0.6574738234375 0.15321648125 0.655841334375 0.15353380625 0.6532441734375001 0.1577180078125
2 0.6454819953125 0.0827511609375 0.641517190625 0.0798424765625 0.562417246875 0.093372271875 0.5396285578125 0.0987247828125 0.501893284375 0.12356971875 0.49895042343749996 0.12597544375 0.49818218593749997 0.13073896093749998 0.5021469921875 0.1336476453125 0.5046117296875 0.13316855 0.5429979781250001 0.10728622343750001 0.5985964890625 0.0955561296875 0.64324345 0.0887233140625 0.6458276953125 0.0845296390625 0.6454819953125 0.0827511609375
1 0.7118835046875 0.41997095 0.706820759375 0.47715225468750005 0.7073393109375 0.47981997187500003 0.7113147859375 0.4827265828125 0.71295794375 0.4824071859375 0.7155444328125 0.47822505625 0.7206049343750001 0.42103220312499995 0.7200886265625 0.41837603593750006 0.7161109078125001 0.4154578765625 0.7144677500000001 0.41577727500000006 0.7118835046875 0.41997095
0 0.6787199171875 0.362322040625 0.68258089375 0.373868053125 0.6937730734375 0.3757913515625 0.706739471875 0.375619978125 0.70762049375 0.357878859375 0.701112384375 0.3550450703125 0.689785296875 0.34963642031250003 0.6817585390625001 0.35294646093750004 0.6787199171875 0.362322040625
2 0.5629252140625 0.2185756859375 0.521524140625 0.2201753640625 0.518929225 0.2243711140625 0.51927268125 0.22613804375000002 0.5232504 0.2290562015625 0.5646514734375 0.2274565265625 0.6260010406250001 0.214608540625 0.6702512046875 0.20140497812499997 0.67283545 0.1972113015625 0.67249199375 0.195444371875 0.6685249437499999 0.19252413906250002 0.6234532015625 0.2058874015625 0.5629252140625 0.2185756859375
3 0.7159708593749999 0.896439228125 0.718941234375 0.8986183734375001 0.7224004015625 0.8988688171874999 0.7258084703125001 0.894526990625 0.711791378125 0.8355174062499999 0.694399065625 0.73293960625 0.692286675 0.717685946875 0.69078745625 0.6617801578125 0.6538606828125 0.436774484375 0.6258091796875 0.33626862343749997 0.6006538406249999 0.21124198437500002 0.5759313296874999 0.11470322031249999 0.5499535640625 0.0423542875 0.5469725203125 0.040177217187499996 0.5435240234375 0.0399246984375 0.5401052843749999 0.0442685984375 0.5409695359375 0.04871479375 0.5662558984375 0.11750677031250001 0.5909890796874999 0.2140434609375 0.6159715671875 0.3381808609375 0.6440124015625 0.4386887953125 0.6784810828125 0.646662334375 0.6807663234375 0.6628052328125 0.6822762124999999 0.7187089453125 0.69745571875 0.8143461562500001 0.7159708593749999 0.896439228125
2 0.7536855625000001 0.6919326203125 0.68141420625 0.7142743 0.6242920437499999 0.7226092125 0.600507146875 0.7097345703125 0.59623706875 0.7096417515625 0.593639909375 0.7138259546875 0.5959744703125 0.7170635125 0.595325740625 0.7181124484375 0.5969689 0.71779305 0.6243751453125 0.7318094484375 0.683140465625 0.7231551406250001 0.74983361875 0.702820590625 0.755411821875 0.7008134593750001 0.7579960671875 0.6966197828125 0.7576526109375 0.694852853125 0.7536855625000001 0.6919326203125
0 0.7053851625 0.48833756875 0.7132559921875 0.492656265625 0.723680446875 0.4906299578125 0.7247484421875 0.4822246859375 0.7195389875 0.4721153125 0.712711559375 0.4675818140625 0.703809325 0.46638791562500004 0.7010984453125 0.47744958750000005 0.7053851625 0.48833756875
1 0.691705346875 0.513264603125 0.6954675421875 0.5106876328125 0.7148957046875 0.47927399531250003 0.71502588125 0.475557340625 0.711061078125 0.47264865624999997 0.70941791875 0.47296805312499995 0.6878707187499999 0.506639265625 0.687738296875 0.5103443703125 0.691705346875 0.513264603125
0 0.75878301875 0.7268725125 0.7546085406249999 0.716561959375 0.74920400625 0.7082403015625001 0.7572152890625 0.6937992953125 0.7550576859375 0.6854337562499999 0.7445125671875 0.6868962609375 0.733895278125 0.6907218328125 0.732001628125 0.7004621156249999 0.7329291718750001 0.7108165484375 0.7402570749999999 0.7234504390625001 0.750053515625 0.7320929171875 0.75878301875 0.7268725125
1 0.7813420437499999 0.8035653453125 0.778747128125 0.8077610953125 0.7789604078125001 0.813244678125 0.7849558984375 0.8747363437500001 0.78599075625 0.8800602265625 0.7899684765625 0.8829783859375 0.7916009640625 0.8826610625000001 0.7941958812500001 0.8784653125 0.7879871109375001 0.811490065625 0.7869522531250001 0.8061661812500001 0.7829745328125 0.8032480218750001 0.7813420437499999 0.8035653453125
2 0.700755928125 0.3539518234375 0.6330576765625 0.37355890625 0.5780972249999999 0.3842421359375 0.5486527984375 0.38167200156250003 0.546066309375 0.3858541296875 0.546412009375 0.38763260625 0.550379059375 0.390552840625 0.57900190625 0.39328267499999997 0.6356055171875 0.382280046875 0.7018312156250001 0.3638700515625 0.7082203296875 0.3617052953125 0.71080681875 0.35752316875 0.71046111875 0.3557446890625 0.7064963140625 0.3528360046875 0.700755928125 0.3539518234375
2 0.741952778125 0.5790503171875 0.6512889640624999 0.5856115125 0.59201800625 0.5916075796875 0.5894315171875 0.5957897062499999 0.5897772171875 0.597568184375 0.5937442671875 0.60048841875 0.5996552562499999 0.600250290625 0.6530152234375 0.59449235 0.744671225 0.588649146875 0.74876845 0.5878527265625 0.7513656109375 0.5836685234375001 0.751019909375 0.581890046875 0.747042190625 0.5789718875000001 0.741952778125 0.5790503171875
0 0.6310004484375 0.0834447609375 0.6205759937499999 0.08547106875 0.6181595203125 0.0953129765625 0.6195849765625 0.10264631093750001 0.6264952453125 0.104814665625 0.6339613546875 0.0986773046875 0.6403323140625 0.098014190625 0.64494165 0.0883452796875 0.6432939578125 0.079868640625 0.6310004484375 0.0834447609375
1 0.6881918265625 0.3112469109375 0.6858564203124999 0.36052735937499997 0.6863749718750001 0.36319507500000003 0.6903504453125 0.3661016875 0.6919829328125 0.3657843625 0.69458009375 0.3616001609375 0.697218528125 0.309492296875 0.6966999765625 0.30682458125 0.692724503125 0.30391796875 0.6910920140625 0.3042352921875 0.6881918265625 0.3112469109375
2 0.7262514140625 0.8179652296875 0.675398859375 0.8278499640625 0.644614303125 0.8227718109375 0.6420193875 0.8269675624999999 0.6423650875 0.8287460390625 0.6463405625 0.83165265 0.675481959375 0.8370502015625 0.727977675 0.8268460687499999 0.783889884375 0.8122864859375 0.7919114859375 0.8098044062499999 0.794508646875 0.8056202046875001 0.794162946875 0.803841728125 0.790187471875 0.800935115625 0.7262514140625 0.8179652296875
1 0.7211647609375 0.3757762578125 0.720819059375 0.37399778125 0.7181943859375 0.3735971125 0.6937158421875 0.35715396718750003 0.6894373390624999 0.357074771875 0.68685085 0.36125689843750003 0.6885344359375 0.3655318453125 0.6911613546875001 0.3659440625 0.7174536625 0.3829455 0.7313925234374999 0.3977460015625 0.7320412515625 0.3966970640625 0.7356732703125 0.39783674687500004 0.738257515625 0.3936430703125 0.7365845984375 0.38936605 0.733774159375 0.38806666875 0.7211647609375 0.3757762578125
1 0.7271972078125 0.529400665625 0.731942315625 0.580073315625 0.7329771734375 0.5853972 0.7369419781250001 0.588305884375 0.7385851375 0.5879864859375 0.741171628125 0.583804359375 0.7364371890625 0.5331296359375 0.73540233125 0.5278057515625 0.7314246109375 0.52488759375 0.729781453125 0.525206990625 0.7271972078125 0.529400665625
1 0.6296413984375 0.09320097499999999 0.633089896875 0.09345349375 0.63568705625 0.0892692921875 0.634174075 0.08587203593750001 0.600244515625 0.0602278859375 0.5967853484375001 0.059977443750000005 0.5941988578124999 0.0641595703125 0.5957118390625 0.0675568265625 0.6296413984375 0.09320097499999999
1 0.7472849328125 0.7466174546875 0.745641775 0.746936853125 0.7430552828125 0.75111898125 0.746932584375 0.7623502140625 0.7664447796875 0.8101524296875 0.7677849109375 0.8126604468749999 0.771749715625 0.8155691328125 0.7733928734375 0.8152497359374999 0.7759900328125 0.8110655328125 0.7721020640625 0.7998363765625001 0.7525898671875 0.7520341578124999 0.7512604078125 0.7495240671875 0.7472849328125 0.7466174546875
0 0.6511883562499999 0.198410859375 0.6502446 0.21030355625000002 0.654421321875 0.220625659375 0.665891421875 0.218396096875 0.67316245 0.21404645156250002 0.6782201953125 0.2066274328125 0.669981553125 0.1976821484375 0.66361645625 0.1872101484375 0.6547248906250001 0.186014178125 0.6511883562499999 0.198410859375
1 0.7522556828125 0.6977356 0.7482802093750001 0.6948289890625 0.7466477203124999 0.6951463140625 0.7440505609375 0.6993305140625 0.7434445046875 0.70498534375 0.7363920546875 0.8132255765625 0.73691060625 0.8158932921875 0.740888325 0.8188114515624999 0.7425314843749999 0.8184920546875001 0.745115728125 0.814298378125 0.7457240281249999 0.8086550953125 0.7468939328124999 0.77525348125 0.752774234375 0.700403315625 0.7522556828125 0.6977356
2 0.7187774078125 0.47298244375 0.630710753125 0.47535943593749996 0.5870284625 0.478325375 0.5844335453125 0.482521125 0.5847770015625 0.48428805312499995 0.588754721875 0.4872062125 0.5930247984375 0.4872990328125 0.643452575 0.48394474218749994 0.72067651875 0.4827525203125 0.7239628359375 0.48211372499999994 0.72654708125 0.4779200484375 0.726203625 0.4761531203125 0.7222365765625 0.47323288750000003 0.7187774078125 0.47298244375
1 0.74483658125 0.659567625 0.7438799546875 0.698452825 0.7443962625 0.7011089921875 0.7483739796875 0.7040271515625001 0.75000646875 0.7037098281249999 0.752601384375 0.699514078125 0.7538632828125 0.6578130125 0.75334473125 0.655145296875 0.74936925625 0.6522386859375 0.7477260984375 0.6525580828125 0.74483658125 0.659567625
1 0.6266603546875 0.0910239046875 0.630635828125 0.093930515625 0.6944821375 0.0852114 0.7035088390625 0.08345678749999999 0.7060930828124999 0.0792631109375 0.7057473828124999 0.077484634375 0.701782578125 0.0745759484375 0.6289095687499999 0.0850496765625 0.6263146546875 0.0892454265625 0.6266603546875 0.0910239046875
0 0.7261878515625 0.5815154625 0.730472325 0.59239189375 0.7374369062499999 0.6004222953125 0.7439201046874999 0.600336609375 0.7521267859375 0.59521783125 0.7543031625000001 0.59245773125 0.7451867984375 0.5789969625 0.7399644296875 0.5688781125 0.7299550484374999 0.5702484640625001 0.7261878515625 0.5815154625
1 0.7326314734375 0.583618721875 0.7329771734375 0.5853972 0.777909 0.645768284375 0.780057796875 0.648107128125 0.78451139375 0.6490871109375 0.787097884375 0.644904984375 0.7867521828124999 0.6431265046875 0.74182035625 0.582755421875 0.7396586468749999 0.580407103125 0.7352179624999999 0.57943659375 0.7326314734375 0.583618721875