0 0.7118261718750001 0.632120253125 0.720927734375 0.6378059078125 0.725234375 0.6378059078125 0.733369140625 0.6279746828125 0.7285839843749999 0.6186708859375 0.717568359375 0.609356540625 0.71134765625 0.6186708859375 0.7118261718750001 0.632120253125
1 0.6947363281250001 0.685464134375 0.70451171875 0.709820675 0.708271484375 0.7114451484375001 0.711279296875 0.708196203125 0.711279296875 0.7065717296875 0.702255859375 0.6846518984375 0.697744140625 0.656223628125 0.6947363281250001 0.6529746828125 0.693232421875 0.6529746828125 0.690224609375 0.656223628125 0.690224609375 0.6594725734375 0.6947363281250001 0.685464134375
1 0.703759765625 0.813776371875 0.706767578125 0.8170253171875 0.708271484375 0.8170253171875 0.711279296875 0.813776371875 0.7135351562500001 0.774799578125 0.7135351562500001 0.766677215625 0.71052734375 0.7634282703124999 0.7090234375 0.7634282703124999 0.706015625 0.766677215625 0.703759765625 0.80566455625 0.703759765625 0.813776371875
1 0.706767578125 0.8170253171875 0.736845703125 0.82352320625 0.739853515625 0.82352320625 0.7428613281249999 0.8202742609375001 0.7428613281249999 0.8186497890625001 0.739853515625 0.81540084375 0.706767578125 0.8089135015625001 0.703759765625 0.8121518984374999 0.703759765625 0.813776371875 0.706767578125 0.8170253171875
0 0.696025390625 0.42629746874999996 0.70177734375 0.42992616093749997 0.7108691406250001 0.4278481015625 0.71326171875 0.4169936703125 0.708955078125 0.4087130796875 0.699384765625 0.4087130796875 0.69267578125 0.41595991562499995 0.696025390625 0.42629746874999996
0 0.7118261718750001 0.5297257390625 0.7161328124999999 0.5405907171875 0.732412109375 0.53799578125 0.7410253906250001 0.5255907171875001 0.734326171875 0.517320675 0.720927734375 0.51370253125 0.712783203125 0.520421940625 0.7118261718750001 0.5297257390625
1 0.699248046875 0.1762341765625 0.702255859375 0.17948312187499998 0.703759765625 0.17948312187499998 0.706767578125 0.1762341765625 0.7090234375 0.1380696203125 0.7090234375 0.1299472578125 0.706015625 0.12669831250000002 0.70451171875 0.12669831250000002 0.7015039062499999 0.1299472578125 0.699248046875 0.1681118140625 0.699248046875 0.1762341765625
3 0.6548828125 0.2184704640625 0.6473730468750001 0.289936709375 0.655634765625 0.3614135015625 0.664658203125 0.4913502109375 0.6631542968749999 0.5985548515625 0.651875 0.6765295359375 0.6451171875 0.7471835437500001 0.65037109375 0.859261603125 0.652626953125 0.8616983125000001 0.655634765625 0.8625105484375 0.65939453125 0.859261603125 0.65939453125 0.8503270046875 0.654130859375 0.74799578125 0.6608984375 0.677341771875 0.6721777343750001 0.5993670890625 0.673681640625 0.4913502109375 0.6639062499999999 0.352478903125 0.65638671875 0.289124471875 0.6639062499999999 0.217658228125 0.652626953125 0.1518776375 0.64962890625 0.0998945140625 0.6473730468750001 0.09745780625 0.644365234375 0.0966455703125 0.64060546875 0.0998945140625 0.6436132812500001 0.1526898734375 0.6548828125 0.2184704640625
0 0.7084765625 0.2923734171875 0.7123046875 0.2990928265625 0.724267578125 0.29857595 0.7290625000000001 0.28926160312500004 0.721875 0.2825527421875 0.709912109375 0.27633966249999997 0.705126953125 0.2804746828125 0.7084765625 0.2923734171875
2 0.596240234375 0.2875 0.599248046875 0.2907489453125 0.602255859375 0.2907489453125 0.630830078125 0.2842510546875 0.63759765625 0.2842510546875 0.72255859375 0.29156118124999997 0.727822265625 0.29156118124999997 0.730830078125 0.2883122359375 0.730830078125 0.28668776406249996 0.727822265625 0.28343881875 0.721806640625 0.28262658281249997 0.630078125 0.2761286921875 0.599248046875 0.28262658281249997 0.596240234375 0.285875528125 0.596240234375 0.2875
1 0.706015625 0.7106329109375 0.735341796875 0.7341877640625001 0.754130859375 0.753681434375 0.7571386718750001 0.7544936703125 0.760146484375 0.7512447250000001 0.75939453125 0.74799578125 0.7428613281249999 0.7301265828125 0.717294921875 0.709820675 0.71203125 0.704135021875 0.708271484375 0.703322784375 0.7052636718749999 0.7065717296875 0.706767578125 0.709820675 0.706015625 0.7106329109375
1 0.699248046875 0.41825949375000004 0.699248046875 0.41988396562499997 0.7 0.41907172968750006 0.7030078125 0.420696203125 0.706015625 0.4174472578125 0.7052636718749999 0.41338607656250004 0.6789453125 0.3760337546875 0.6789453125 0.37440928281249997 0.678193359375 0.37522151875 0.675185546875 0.373597046875 0.6721777343750001 0.3768459921875 0.6729296875 0.380896625 0.699248046875 0.41825949375000004
2 0.59548828125 0.605864978125 0.661650390625 0.6196729953125 0.72255859375 0.6237341765625 0.729326171875 0.6237341765625 0.7323339843750001 0.6204852328125 0.7323339843750001 0.618860759375 0.729326171875 0.6156118140625 0.66240234375 0.6115506328125 0.59548828125 0.597742615625 0.59248046875 0.6009915609375 0.59248046875 0.602616034375 0.59548828125 0.605864978125
1 0.723310546875 0.526276371875 0.726318359375 0.5295253171875001 0.727822265625 0.5295253171875001 0.730830078125 0.526276371875 0.73158203125 0.501097046875 0.73158203125 0.47592827031249996 0.7285742187500001 0.472679325 0.7270703125 0.472679325 0.7240624999999999 0.47592827031249996 0.723310546875 0.501097046875 0.723310546875 0.526276371875
2 0.59248046875 0.1932911390625 0.59548828125 0.19654008437499998 0.5977441406249999 0.19654008437499998 0.62556640625 0.184356540625 0.652626953125 0.17785865 0.71654296875 0.17948312187499998 0.7195507812499999 0.1762341765625 0.7195507812499999 0.17460970468749998 0.71654296875 0.171360759375 0.651875 0.1697362875 0.621806640625 0.1770464140625 0.593984375 0.18922995781250002 0.59248046875 0.1932911390625
2 0.612783203125 0.526276371875 0.6578906250000001 0.5295253171875001 0.741357421875 0.5287130796875 0.744365234375 0.5254641343750001 0.744365234375 0.5238396625 0.741357421875 0.5205907171875 0.6578906250000001 0.521402953125 0.612783203125 0.5181540078125 0.6097753906250001 0.521402953125 0.6097753906250001 0.5230274265625 0.612783203125 0.526276371875
1 0.70451171875 0.259082278125 0.712783203125 0.2875 0.715791015625 0.2907489453125 0.717294921875 0.2907489453125 0.7203027343749999 0.2875 0.7203027343749999 0.285063290625 0.71203125 0.2582700421875 0.706767578125 0.22578059062500003 0.703759765625 0.2225316453125 0.702255859375 0.2225316453125 0.699248046875 0.22578059062500003 0.699248046875 0.2290295359375 0.70451171875 0.259082278125
0 0.6936328125 0.1842932484375 0.699384765625 0.19049578125 0.714697265625 0.18325949375 0.717568359375 0.171360759375 0.7108691406250001 0.1636075953125 0.697470703125 0.1661919828125 0.6898046875 0.1723945140625 0.6936328125 0.1842932484375
1 0.727822265625 0.6497257390625 0.73158203125 0.682215190625 0.73458984375 0.685464134375 0.73609375 0.685464134375 0.7391015624999999 0.682215190625 0.7391015624999999 0.6781540078125 0.735341796875 0.6489135015625 0.721806640625 0.61642405 0.718046875 0.614799578125 0.7150390625 0.6180485234375 0.7150390625 0.6196729953125 0.727822265625 0.6497257390625
0 0.69650390625 0.713818565625 0.712783203125 0.7184704640625 0.725703125 0.710200421875 0.715654296875 0.7055485234375001 0.7027246093749999 0.696761603125 0.6936328125 0.7014135015625 0.69650390625 0.713818565625
1 0.7150390625 0.6196729953125 0.718046875 0.6229219406250001 0.7195507812499999 0.6229219406250001 0.72255859375 0.6196729953125 0.72255859375 0.5920675109375 0.730830078125 0.5620147671875 0.730830078125 0.5595780593749999 0.727822265625 0.5563291140625 0.726318359375 0.5563291140625 0.723310546875 0.5595780593749999 0.7150390625 0.591255275 0.7150390625 0.6196729953125
2 0.6 0.4125738390625 0.6030078125 0.415822784375 0.627822265625 0.41338607656250004 0.70751953125 0.4215084390625 0.712783203125 0.4215084390625 0.715791015625 0.41825949375000004 0.715791015625 0.416635021875 0.712783203125 0.41338607656250004 0.70751953125 0.4125738390625 0.6210546875 0.40526371250000004 0.6030078125 0.407700421875 0.6 0.41094936718749997 0.6 0.4125738390625
2 0.60751953125 0.7065717296875 0.6060156250000001 0.7065717296875 0.6030078125 0.709820675 0.6030078125 0.7114451484375001 0.6150390625 0.7236286921875 0.651875 0.7268776375 0.71654296875 0.7090084390625 0.7195507812499999 0.70575949375 0.7195507812499999 0.704135021875 0.71654296875 0.700896625 0.7142871093750001 0.700896625 0.651123046875 0.718755275 0.617294921875 0.7155063296875 0.60751953125 0.7065717296875
2 0.627822265625 0.8162130796874999 0.658642578125 0.8186497890625001 0.678193359375 0.8186497890625001 0.72255859375 0.8170253171875 0.72556640625 0.813776371875 0.72556640625 0.8121518984374999 0.72255859375 0.8089135015625001 0.678193359375 0.8105274265625001 0.6345898437499999 0.8089135015625001 0.6285742187500001 0.808101265625 0.6097753906250001 0.7983544296875 0.606767578125 0.801603375 0.608271484375 0.80566455625 0.627822265625 0.8162130796874999
1 0.7015039062499999 0.420696203125 0.7210546875 0.4320675109375 0.72255859375 0.4320675109375 0.72556640625 0.428818565625 0.7240624999999999 0.424757384375 0.721806640625 0.42313291093750005 0.7007519531249999 0.411761603125 0.697744140625 0.41501054843749996 0.697744140625 0.416635021875 0.7015039062499999 0.420696203125
1 0.699248046875 0.1762341765625 0.702255859375 0.17948312187499998 0.7090234375 0.17948312187499998 0.727822265625 0.17785865 0.730830078125 0.17460970468749998 0.730830078125 0.1729852328125 0.727822265625 0.1697362875 0.7210546875 0.1697362875 0.702255859375 0.171360759375 0.699248046875 0.17460970468749998 0.699248046875 0.1762341765625
0 0.697470703125 0.8208649781249999 0.706083984375 0.8281012656250001 0.71421875 0.8281012656250001 0.7228320312500001 0.82861814375 0.72619140625 0.8172362874999999 0.7161328124999999 0.8074261609375 0.7041699218749999 0.8012130796875001 0.69794921875 0.80897679375 0.697470703125 0.8208649781249999
1 0.7270703125 0.5303375531250001 0.787216796875 0.5677004218749999 0.788720703125 0.5677004218749999 0.791728515625 0.5644514765624999 0.7902246093749999 0.5603902953125 0.78796875 0.5587658234374999 0.7323339843750001 0.5238396625 0.726318359375 0.521402953125 0.723310546875 0.5246518984375 0.723310546875 0.526276371875 0.7270703125 0.5303375531250001
1 0.7135351562500001 0.289936709375 0.7150390625 0.289936709375 0.730078125 0.3013080171875 0.742109375 0.3240506328125 0.745869140625 0.32567510624999996 0.748876953125 0.3224261609375 0.748876953125 0.32080168750000004 0.73609375 0.29562236249999996 0.73458984375 0.29562236249999996 0.7195507812499999 0.28343881875 0.715791015625 0.28262658281249997 0.712783203125 0.285875528125 0.7142871093750001 0.289124471875 0.7135351562500001 0.289936709375