1 0.6987200421875001 0.24285376875 0.7017468421874999 0.25743875156249996 0.702630803125 0.2598532453125 0.7058231234375001 0.2629563828125 0.7073338203125 0.262877209375 0.710174478125 0.259457896875 0.7071378703125 0.2448734296875 0.7062637171875 0.24245842187500002 0.703071396875 0.23935528437500003 0.7015606984375 0.2394344578125 0.6987200421875001 0.24285376875
0 0.7241424421875 0.7958875609375 0.72404259375 0.803179375 0.7271618203125 0.8077031781249999 0.729039796875 0.8159459765625 0.7411085609375 0.816868803125 0.74589570625 0.8166179187499999 0.75079195 0.8090640828125 0.7440188187500001 0.7990111671875 0.7360213515625 0.7931876984375 0.7241424421875 0.7958875609375
1 0.7072637078125 0.203917096875 0.6986771703125 0.24203574374999998 0.698805784375 0.244489821875 0.7019888515625 0.247604096875 0.7034995484375 0.247524925 0.7063494593749999 0.24409447499999998 0.714935996875 0.205975828125 0.714807384375 0.20352175 0.7116150625000001 0.20041861249999998 0.710114175 0.2004972703125 0.7072637078125 0.203917096875
2 0.709743965625 0.135810975 0.7065614546875 0.1327073234375 0.6340701656250001 0.134865884375 0.61300251875 0.1367902671875 0.5761073875 0.15428774218750002 0.5731711796875001 0.156071515625 0.571884646875 0.16024030312499998 0.5750671578125 0.16334395468750001 0.577333203125 0.16322519687499998 0.61494136875 0.1448807328125 0.66617390625 0.1413754765625 0.7069896078125 0.1408769640625 0.7098297078125 0.13744702656250002 0.709743965625 0.135810975
1 0.7267646609375 0.4461327 0.7150433328125 0.49669842343750004 0.7151719453125 0.49915250312500004 0.7183642671875 0.5022556406249999 0.7198749640625 0.5021764671875 0.7227156203125 0.49875715625000006 0.7344363921875 0.44818080781249997 0.7343083359375 0.445737353125 0.7311154578125 0.44262359062499995 0.7296047609375 0.4427027625 0.7267646609375 0.4461327
0 0.7043344031250001 0.390336525 0.7063378640625 0.40116140156249996 0.7161123734375 0.40429243125000003 0.7277381125 0.40577111875 0.7307574953125 0.3899957328125 0.7252894515625 0.386639009375 0.715832484375 0.3803700390625 0.7082327625 0.38232364531249996 0.7043344031250001 0.390336525
2 0.61878063125 0.24704321718750002 0.5815278734375 0.24326429218749998 0.5786779656250001 0.2466947421875 0.57876315 0.24832017187500002 0.5819560265625 0.25143393125 0.6192087828124999 0.25521285625 0.6757287609375 0.2514304953125 0.7169904609375 0.24517735 0.719830559375 0.2417474140625 0.719745375 0.24012198593749998 0.7165623078125 0.2370077109375 0.6745452609375 0.24330044375 0.61878063125 0.24704321718750002
3 0.6705074625 0.873300690625 0.6728917531249999 0.8756259015625 0.67595601875 0.8762855828125 0.6795520234375 0.8728266843749999 0.6744278890625 0.81822215625 0.6717617609375 0.724179615625 0.6717894171875 0.7102548296875 0.6774777671875001 0.66000528125 0.672724528125 0.45387580781250003 0.6602584890625 0.3603468609375 0.6534678031250001 0.24522533906250002 0.6434821640624999 0.1556677640625 0.6293313140625 0.0876129671875 0.6269372109375 0.085288271875 0.62388275625 0.0846280765625 0.6202769406249999 0.08808748749999999 0.6204912953124999 0.0921776203125 0.6344706625 0.156960309375 0.6444661109375 0.2465173703125 0.6512139265625 0.360820865625 0.6636701546875 0.454350328125 0.668365309375 0.6449189625 0.6683805234375 0.6596617734375 0.662701984375 0.709910809375 0.6642605421875001 0.7974598625 0.6705074625 0.873300690625
2 0.7299763593749999 0.694922590625 0.6624881859375 0.7058313015625 0.61031900625 0.706104553125 0.5906518468749999 0.691582034375 0.5868420421875 0.6909614265624999 0.5839915765625 0.6943812515625 0.5856737562500001 0.697574184375 0.5849612796875 0.698431796875 0.5864719765624999 0.698352625 0.6092364625 0.7143533640624999 0.6629163390625 0.714000940625 0.72515994375 0.704187359375 0.7304045125 0.7030922312500001 0.7332446125 0.6996622953125 0.733159428125 0.698036865625 0.7299763593749999 0.694922590625
0 0.7123520203125 0.50653360625 0.7188528953125 0.5113915234374999 0.7284369921875 0.5108892421875 0.7304497359375001 0.5034971781250001 0.727058809375 0.49378900000000003 0.72151873125 0.488870075 0.7137018687500001 0.4866804328125 0.7098847984375001 0.49624437343750005 0.7123520203125 0.50653360625
1 0.696974828125 0.5271325734375 0.700665828125 0.5252985906250001 0.7220031421875001 0.4996147671875 0.7225870078125001 0.49630307656249995 0.719404496875 0.49319942499999997 0.7178937999999999 0.49327859687500003 0.6943761828125 0.5207172296875 0.6937917609375 0.5240182984375 0.696974828125 0.5271325734375
0 0.73014465625 0.7268511578125 0.727705271875 0.7170931109375001 0.7239149578124999 0.7089611875 0.7329005296875 0.697038409375 0.7320215546875 0.6892759015625 0.7224003671875 0.6892581343749999 0.7124174390625 0.69134729375 0.7094979046875001 0.6998308640625 0.70902595 0.7092194953125001 0.7139953125 0.7214549109374999 0.721675790625 0.7304269437500001 0.73014465625 0.7268511578125
1 0.740689690625 0.7983653671875001 0.7378397796875 0.801795815625 0.7373411015625 0.8067329359375 0.7349742421875 0.862550325 0.7352309109374999 0.8674478593750001 0.7384237890625001 0.8705616203125001 0.7399246765624999 0.8704829625 0.742774584375 0.8670525109374999 0.745640125 0.8062980015625 0.74538345625 0.80140046875 0.742190578125 0.7982867078125 0.740689690625 0.7983653671875001
2 0.72510791875 0.38561519375 0.662056284375 0.39465084687499996 0.611526415625 0.39729900625000003 0.5854985234375001 0.391291265625 0.5826578671875 0.394710578125 0.5827436078125 0.3963466296875 0.5859266765625 0.3994609046875 0.6111992203125001 0.40550823124999996 0.663239784375 0.4027809015625 0.7248230375 0.3946318203125 0.7308131437500001 0.3934976203125 0.7336538015625 0.39007830781249997 0.733568059375 0.38844225468750004 0.7303855484375 0.3853386046875 0.72510791875 0.38561519375
2 0.7336709625 0.5923652749999999 0.6517069609374999 0.5868282015624999 0.5979088375 0.5847366578125001 0.5950681796875 0.5881559703125 0.5951539218749999 0.589792021875 0.598336990625 0.5929062953125 0.6036569328125 0.593437109375 0.6521351125 0.5949978421875 0.734896778125 0.60130273125 0.738663709375 0.6011053140625 0.7415141765625 0.5976854875 0.7414284343750001 0.5960494359374999 0.73823555625 0.592935675 0.7336709625 0.5923652749999999
0 0.6966965875 0.13460919531249999 0.6871124890625 0.1351114765625 0.6837122796874999 0.143620240625 0.6840658265624999 0.1503663015625 0.6899774546875 0.1531777859375 0.6974309609375 0.14862188125 0.7032159906250001 0.1488300390625 0.7085569359375 0.1407522125 0.7081482703125 0.1329544015625 0.6966965875 0.13460919531249999
1 0.7192338406250001 0.3457935765625 0.7109468437500001 0.3896277828125 0.71107545625 0.39208186093749997 0.714267778125 0.3951849984375 0.715768665625 0.395106340625 0.7186191328125 0.3916865140625 0.7275328640625001 0.3453586421875 0.7274042515625 0.34290456406250003 0.7242119312499999 0.3398014265625 0.7227110437500001 0.339880084375 0.7192338406250001 0.3457935765625
2 0.68957595625 0.804325215625 0.6428228296875 0.80677544375 0.615910978125 0.798353209375 0.6130610671875 0.801783659375 0.613146809375 0.8034197109375001 0.6163391296875 0.8065228484375 0.641740284375 0.8150242562500001 0.690004109375 0.8124948562500001 0.7418731921874999 0.80649541875 0.7493641859375 0.805282559375 0.752214653125 0.8018627328125 0.7521289109375 0.8002266812500001 0.7489365890624999 0.7971235437499999 0.68957595625 0.804325215625
1 0.7406282703125 0.407726840625 0.740542528125 0.40609078906249996 0.7382439781250001 0.4054016296875 0.718404778125 0.38759638281250003 0.714585721875 0.38698691093750004 0.7117450640625 0.3904062234375 0.7127142109375 0.3944461453125 0.7150133171874999 0.3951459265625 0.7364055281249999 0.413679403125 0.7470188734375001 0.42868706406249996 0.7477313515625 0.42782945312500004 0.7508384859375 0.4293071609375 0.7536785874999999 0.42587722499999997 0.7527192515625 0.4218367890625 0.7503674625000001 0.4203194953125 0.7406282703125 0.407726840625
1 0.7267089359375001 0.54604914375 0.7245835296875 0.5920212546875 0.7248401984374999 0.5969187890625001 0.728022709375 0.6000224390625 0.7295334062500001 0.5999432671875 0.7323740640625 0.59652395625 0.734509278125 0.5505513296875 0.734252609375 0.545653796875 0.7310597328124999 0.5425400359375 0.7295490359375 0.542619209375 0.7267089359375001 0.54604914375
1 0.6942534874999999 0.143174328125 0.6973079421875 0.1438345234375 0.700158409375 0.140414696875 0.6992315765625 0.137182178125 0.67209126875 0.109948246875 0.6690270046875 0.109288565625 0.666186346875 0.11270787812500001 0.6671131796875 0.11594039687499999 0.6942534874999999 0.143174328125
1 0.717371628125 0.743084446875 0.7158609296875 0.7431636187499999 0.7130202734375 0.7465829312500001 0.7150779265625 0.7571279921875 0.726529171875 0.8023885796875 0.727413134375 0.8048030718750001 0.7305956453125 0.8079067234374999 0.7321063421875 0.8078275515625 0.7349568093750001 0.8044077250000001 0.732889346875 0.793863178125 0.7214381000000001 0.748602590625 0.7205639484375 0.7461875828125 0.717371628125 0.743084446875
0 0.70030680625 0.240096734375 0.6979667078125 0.250627253125 0.7004066484375 0.2603959234375 0.710952096875 0.259843259375 0.7180062140625 0.25686360937499997 0.7234655375 0.25085689218749996 0.7172172781249999 0.2418098015625 0.7128377171875 0.23163144375 0.705030665625 0.2294412859375 0.70030680625 0.240096734375
1 0.727966984375 0.6999388843750001 0.7247746625 0.6968357468749999 0.723273775 0.6969144046875 0.7204233078125 0.70033423125 0.7191698375 0.7053215625 0.6992472546874999 0.8013575453125 0.6993758671875 0.8038116234375 0.7025687453125 0.8069253843749999 0.7040794421875 0.8068462125 0.7069195406250001 0.8034162765625 0.7081735703125001 0.79843956875 0.71342076875 0.76867735625 0.728095596875 0.7023929640625 0.727966984375 0.6999388843750001
2 0.7262681984375 0.49446960625 0.6471546625 0.4855127078125 0.6076885421875 0.4826700546875 0.60483863125 0.48610050468750005 0.6049238156250001 0.4877259328125 0.60811669375 0.4908396953125 0.611926496875 0.49146030312500005 0.6574782781249999 0.49480429531250003 0.7267392218750001 0.503457271875 0.7297606156249999 0.503298928125 0.7326007156250001 0.4998689921875 0.73251553125 0.4982435640625 0.7293324625000001 0.4951292890625 0.7262681984375 0.49446960625
1 0.7261268734375 0.66482749375 0.72038099375 0.699526828125 0.72050905 0.7019702828125001 0.723701928125 0.7050840453125 0.725202815625 0.7050053875 0.728052725 0.7015749359375001 0.734425896875 0.6643925609375 0.734297284375 0.6619384828125 0.7311049625 0.6588353453125 0.7295942656250001 0.6589145171874999 0.7261268734375 0.66482749375
1 0.6918593859375 0.14084963125 0.69505170625 0.14395276875000002 0.753286925 0.14418188125 0.7615859484375 0.1437469484375 0.76442605 0.1403170125 0.7643403078125 0.1386809609375 0.761157796875 0.135577309375 0.694623553125 0.13578312812499999 0.6917736437500001 0.1392135796875 0.6918593859375 0.14084963125
0 0.7192522640625 0.5925882828125 0.7217189296875001 0.602866890625 0.7269420203125 0.6109343796875 0.7327548890625 0.6116737234375 0.7407430781250001 0.608123128125 0.7430378890625 0.605925546875 0.7365719359375 0.5927245812499999 0.7331706421875 0.58300629375 0.724040496875 0.5829734453125 0.7192522640625 0.5925882828125
1 0.72475445625 0.5952827359375 0.7248401984374999 0.5969187890625001 0.7574600499999999 0.6566338609375 0.7590889921875 0.65899865625 0.7629514765625001 0.6604367796874999 0.765792134375 0.6570174671875 0.7657063921875 0.655381415625 0.733086540625 0.5956663421874999 0.73144723125 0.5932914359375 0.7275951140625 0.5918634234375 0.72475445625 0.5952827359375