1 0.708330078125 0.273394396875 0.706103515625 0.276681034375 0.689736328125 0.3300538796875 0.689736328125 0.3325107765625 0.692705078125 0.3357974140625 0.69419921875 0.3357974140625 0.697919921875 0.3308728453125 0.713544921875 0.278329740625 0.7299121093750001 0.263545259375 0.732138671875 0.26272629375 0.731396484375 0.261907328125 0.732890625 0.2586206890625 0.7299121093750001 0.2553340515625 0.72767578125 0.2553340515625 0.70982421875 0.271756465625 0.7075878906249999 0.27257543125 0.708330078125 0.273394396875
1 0.6986621093750001 0.67570043125 0.701640625 0.6789870687499999 0.703125 0.6789870687499999 0.706103515625 0.67570043125 0.71056640625 0.636293103125 0.71056640625 0.6321875 0.7075878906249999 0.6289008625 0.706103515625 0.6289008625 0.703125 0.6321875 0.6986621093750001 0.671594828125 0.6986621093750001 0.67570043125
2 0.60267578125 0.7224999999999999 0.607138671875 0.7233189656250001 0.635419921875 0.72742456875 0.6607128906249999 0.7290625000000001 0.703125 0.728243534375 0.706103515625 0.724956896875 0.706103515625 0.7233189656250001 0.703125 0.7200323281250001 0.6607128906249999 0.72085129375 0.6361621093750001 0.7192133625 0.607890625 0.715107759375 0.5825878906249999 0.7052586203125 0.579609375 0.7085344828125 0.581103515625 0.7126400859375 0.60267578125 0.7224999999999999
3 0.640625 0.16584051718749998 0.640625 0.2610883625 0.643603515625 0.347295259375 0.6517871093750001 0.4614116375 0.64732421875 0.54679956875 0.645830078125 0.62726293125 0.639140625 0.6855495687500001 0.63466796875 0.7668318968750001 0.63466796875 0.8300538796874999 0.639140625 0.87602370625 0.6413671875 0.8784913796874999 0.6443457031250001 0.8793103453125 0.64806640625 0.87602370625 0.64806640625 0.8702801718750001 0.643603515625 0.8292241375 0.643603515625 0.7668318968750001 0.64806640625 0.6855495687500001 0.654765625 0.62726293125 0.65625 0.54679956875 0.6607128906249999 0.4614116375 0.6525292968749999 0.347295259375 0.64955078125 0.2610883625 0.64955078125 0.16584051718749998 0.643603515625 0.10673491406249999 0.6413671875 0.104267240625 0.638388671875 0.1034482765625 0.63466796875 0.10673491406249999 0.63466796875 0.1116594828125 0.640625 0.16584051718749998
1 0.66220703125 0.7980280171875 0.6875 0.811982759375 0.688984375 0.811982759375 0.6919628906249999 0.808706896875 0.690478515625 0.80460129375 0.6867578125 0.8021336203124999 0.6599707031250001 0.7881788796875 0.6569921875 0.7914655171875 0.6569921875 0.7931034484375 0.66220703125 0.7980280171875
0 0.7024609374999999 0.5326616375000001 0.70994140625 0.5355280171875 0.716767578125 0.5308620687500001 0.71970703125 0.5240409484375 0.71482421875 0.5182974140625001 0.7044140624999999 0.5143534484375001 0.6988867187500001 0.5229633625 0.7024609374999999 0.5326616375000001
1 0.697919921875 0.43677801718750003 0.700888671875 0.44006465468749995 0.7038671875 0.43924568906249994 0.7224707031250001 0.41707974062500003 0.75595703125 0.40229525937500005 0.75744140625 0.3981896546875 0.7544628906249999 0.39491379375 0.752236328125 0.39491379375 0.7180078125 0.410506465625 0.697919921875 0.4343211203125 0.697919921875 0.43677801718750003
2 0.5788671875 0.62397629375 0.604169921875 0.634644396875 0.6369042968749999 0.639568965625 0.686015625 0.64039870625 0.7180078125 0.636293103125 0.720986328125 0.6330064656250001 0.720986328125 0.6313577593749999 0.7180078125 0.628081896875 0.686015625 0.6321875 0.637646484375 0.6313577593749999 0.6056542968749999 0.6264331890625 0.581103515625 0.6157650859375 0.5788671875 0.6157650859375 0.575888671875 0.6190517234375 0.575888671875 0.6206896546875 0.5788671875 0.62397629375
0 0.684580078125 0.71211206875 0.685869140625 0.7228771546874999 0.689775390625 0.7311314656250001 0.6985546874999999 0.7361530171874999 0.705712890625 0.7311314656250001 0.7014843749999999 0.7207219828125 0.6988867187500001 0.708157328125 0.69140625 0.7042133625 0.684580078125 0.71211206875
1 0.713544921875 0.8431896546875001 0.717265625 0.8448275859375001 0.720234375 0.8415409484374999 0.71875 0.8366163796875 0.6994042968749999 0.8029525859375 0.69568359375 0.8013146546875 0.692705078125 0.80460129375 0.69419921875 0.8095258624999999 0.713544921875 0.8431896546875001
0 0.6754687500000001 0.2010344828125 0.672861328125 0.2114331890625 0.6809960937499999 0.215743534375 0.6875 0.21072198281249999 0.696611328125 0.20031249999999998 0.696279296875 0.18991379375 0.689130859375 0.18523706874999998 0.680341796875 0.18991379375 0.6754687500000001 0.2010344828125
1 0.7023828125 0.5303771546875 0.705361328125 0.53366379375 0.7068457031250001 0.53366379375 0.70982421875 0.5303771546875 0.708330078125 0.47865301718750003 0.715771484375 0.44498922343749997 0.715771484375 0.442532328125 0.71279296875 0.43924568906249994 0.71130859375 0.43924568906249994 0.7075878906249999 0.44498922343749997 0.700888671875 0.4778340515625 0.7023828125 0.5303771546875
1 0.674853515625 0.2068965515625 0.6755957031250001 0.20771551718749998 0.674111328125 0.2110021546875 0.677080078125 0.21428879374999998 0.67931640625 0.21428879374999998 0.6994042968749999 0.19704741406249998 0.732138671875 0.186368534375 0.7351171875 0.183081896875 0.7351171875 0.181443965625 0.732138671875 0.17815732812500001 0.7299121093750001 0.17815732812500001 0.69419921875 0.1904741375 0.692705078125 0.1929418109375 0.674853515625 0.2068965515625
0 0.682294921875 0.800043103125 0.678720703125 0.8111637937499999 0.685224609375 0.81367456875 0.689775390625 0.8201400859374999 0.6985546874999999 0.8201400859374999 0.7073437499999999 0.8201400859374999 0.708642578125 0.813318965625 0.706689453125 0.806142240625 0.6988867187500001 0.8057758625 0.689130859375 0.800043103125 0.682294921875 0.800043103125
1 0.701640625 0.31198275937500003 0.690478515625 0.32840517187499996 0.689736328125 0.3325107765625 0.692705078125 0.3357974140625 0.69568359375 0.33415948281249996 0.69642578125 0.3349784484375 0.69642578125 0.333329740625 0.7068457031250001 0.31773706874999996 0.744794921875 0.3226616375 0.7492578125 0.3226616375 0.752236328125 0.319375 0.752236328125 0.31773706874999996 0.7492578125 0.31445043125 0.7038671875 0.3095258625 0.7023828125 0.31116379375 0.701640625 0.31034482812499997 0.701640625 0.31198275937500003
2 0.5773828125 0.4228232765625 0.6056542968749999 0.4343211203125 0.640625 0.4417025859375 0.7038671875 0.44006465468749995 0.7068457031250001 0.43677801718750003 0.7068457031250001 0.43514008593750003 0.7038671875 0.4318534484375 0.640625 0.4335021546875 0.609375 0.42692887968750004 0.578125 0.413793103125 0.575888671875 0.413793103125 0.572919921875 0.41707974062500003 0.572919921875 0.418717671875 0.5773828125 0.4228232765625
2 0.57216796875 0.2118211203125 0.575146484375 0.215107759375 0.5773828125 0.215107759375 0.592265625 0.2093642234375 0.66443359375 0.21018318906250003 0.682294921875 0.2167456890625 0.684521484375 0.2167456890625 0.6875 0.21346982812499998 0.6875 0.2118211203125 0.684521484375 0.20853448281250003 0.66517578125 0.2019719828125 0.591513671875 0.2011530171875 0.575146484375 0.2068965515625 0.57216796875 0.21018318906250003 0.57216796875 0.2118211203125
1 0.7224707031250001 0.7438469828125001 0.735859375 0.7635452593750001 0.735859375 0.765193965625 0.75595703125 0.8004956890624999 0.75966796875 0.8021336203124999 0.762646484375 0.7988469828125 0.7611621093750001 0.7939224140625 0.74181640625 0.7602586203125 0.74181640625 0.7586206890625 0.72693359375 0.7380926718749999 0.72693359375 0.7364547406249999 0.72544921875 0.7364547406249999 0.7038671875 0.721670259375 0.6994042968749999 0.7200323281250001 0.69642578125 0.7233189656250001 0.697919921875 0.72742456875 0.7224707031250001 0.7438469828125001
0 0.6975781249999999 0.437543103125 0.7027929687500001 0.4382650859375 0.70701171875 0.4346767234375 0.71970703125 0.43001077656250003 0.7219824218750001 0.4178125 0.705068359375 0.4188793109375 0.6975781249999999 0.42750000000000005 0.6975781249999999 0.437543103125
1 0.715771484375 0.5664978453125 0.7180078125 0.5779956890625 0.720986328125 0.581282328125 0.7224707031250001 0.581282328125 0.72544921875 0.5779956890625 0.72544921875 0.5747090515625 0.7194921875 0.54022629375 0.717265625 0.5287392234375 0.7142871093750001 0.5254525859375 0.71279296875 0.5254525859375 0.70982421875 0.5287392234375 0.70982421875 0.5320150859375 0.715771484375 0.5664978453125
2 0.58482421875 0.326767240625 0.5900292968749999 0.32758620625 0.692705078125 0.3357974140625 0.6994042968749999 0.3357974140625 0.7023828125 0.3325107765625 0.7023828125 0.3308728453125 0.6994042968749999 0.32758620625 0.692705078125 0.326767240625 0.64658203125 0.32429956875 0.58482421875 0.318556034375 0.5818457031250001 0.321842671875 0.5818457031250001 0.32348060312500004 0.58482421875 0.326767240625
0 0.6959570312500001 0.305829740625 0.6959570312500001 0.3119288796875 0.6884765625 0.3162392234375 0.6868554687499999 0.3259267234375 0.688798828125 0.33741379375 0.695634765625 0.339568965625 0.6995312499999999 0.3327478453125 0.706044921875 0.3259267234375 0.712548828125 0.31516163750000004 0.709619140625 0.30655172343750003 0.708642578125 0.3040409484375 0.70310546875 0.2993642234375 0.6959570312500001 0.305829740625
1 0.7075878906249999 0.637931034375 0.732890625 0.6469612062500001 0.7351171875 0.6469612062500001 0.7380957031250001 0.6436745687500001 0.7380957031250001 0.6420366375000001 0.7336328125 0.637931034375 0.706103515625 0.6289008625 0.703125 0.6321875 0.703125 0.63382543125 0.7075878906249999 0.637931034375
0 0.7037695312500001 0.6137715515625 0.6985546874999999 0.6152047406250001 0.6949804687500001 0.6213038796875 0.6959570312500001 0.6295581890624999 0.6975781249999999 0.6388900859375 0.70408203125 0.642844828125 0.7144921875 0.6478663796874999 0.716767578125 0.65288793125 0.72328125 0.648943965625 0.7219824218750001 0.6388900859375 0.717421875 0.632068965625 0.7112402343750001 0.6292025859375 0.708642578125 0.6169935343749999 0.7037695312500001 0.6137715515625
2 0.5930078125 0.81773706875 0.622763671875 0.82101293125 0.6569921875 0.8201939656249999 0.69716796875 0.810344828125 0.7023828125 0.8062392234375 0.7023828125 0.80460129375 0.6994042968749999 0.8013146546875 0.69716796875 0.8013146546875 0.65625 0.811982759375 0.622763671875 0.8128125 0.5944921875 0.8095258624999999 0.575146484375 0.7988469828125 0.57216796875 0.8021336203124999 0.5736621093750001 0.8062392234375 0.5930078125 0.81773706875
1 0.669638671875 0.7676508625 0.6726171875 0.7709374999999999 0.6763378906249999 0.76928879375 0.67783203125 0.7668318968750001 0.69716796875 0.724956896875 0.69716796875 0.7233189656250001 0.69419921875 0.7200323281250001 0.692705078125 0.7200323281250001 0.688984375 0.72413793125 0.669638671875 0.7660129312499999 0.669638671875 0.7676508625
1 0.69568359375 0.43514008593750003 0.69568359375 0.43760775937499996 0.6986621093750001 0.44088362031250006 0.701640625 0.44006465468749995 0.7142871093750001 0.42529094843750004 0.7142871093750001 0.399019396875 0.71130859375 0.395732759375 0.70982421875 0.395732759375 0.7068457031250001 0.399019396875 0.7068457031250001 0.4220043109375 0.69568359375 0.43514008593750003
1 0.68154296875 0.1584590515625 0.67857421875 0.2060775859375 0.67857421875 0.2126400859375 0.68154296875 0.21592672343750002 0.6830371093750001 0.21592672343750002 0.686015625 0.2126400859375 0.689736328125 0.14942887968750002 0.69419921875 0.1182219828125 0.69419921875 0.1149461203125 0.6912207031250001 0.1116594828125 0.689736328125 0.1116594828125 0.6867578125 0.1149461203125 0.686015625 0.11905172343749999 0.68154296875 0.1584590515625
2 0.58482421875 0.5164224140625 0.63095703125 0.5270905171875 0.669638671875 0.53366379375 0.717265625 0.53366379375 0.720234375 0.5303771546875 0.720234375 0.5287392234375 0.717265625 0.5254525859375 0.670390625 0.5254525859375 0.63169921875 0.5188793109375001 0.5825878906249999 0.507392240625 0.579609375 0.510668103125 0.579609375 0.5123168109375 0.58482421875 0.5164224140625