0 0.80827960625 0.6805584625 0.8132841000000001 0.6808207359375 0.8233362640624999 0.669882203125 0.81834279375 0.65877025625 0.8061099015625001 0.6472666046875 0.7983134625 0.6577205625 0.798049759375 0.6733916296875 0.80827960625 0.6805584625
1 0.7751719390625 0.696513453125 0.7714787078125 0.7001088765625 0.7712806796875 0.7038874734375 0.7749392609375 0.7343910234375 0.78481410625 0.7633135640625001 0.789084096875 0.7654318328125 0.792777328125 0.7618364093750001 0.7928763421875 0.7599471125 0.7837267765625 0.7339043140625 0.7802167171875001 0.700566815625 0.776919540625 0.696605040625 0.7751719390625 0.696513453125
1 0.78309621875 0.8295306218749999 0.77809848125 0.8747364171875001 0.7776040546874999 0.8841706453124999 0.7809012296875 0.88813241875 0.7826488312500001 0.88822400625 0.7863420624999999 0.8846285859374999 0.7913391578125 0.8394350562499999 0.7918342265625 0.8299885609375 0.7885370515625 0.8260267859375 0.78678945 0.8259351984375 0.78309621875 0.8295306218749999
1 0.7776040546874999 0.8841706453124999 0.7809012296875 0.88813241875 0.8154572078125 0.8975213734375 0.8189524109375 0.8977045499999999 0.8226456421874999 0.894109128125 0.82274465625 0.8922198281249999 0.8194474796875 0.888258053125 0.78139565625 0.8786981921875 0.7777030671875 0.882281346875 0.7776040546874999 0.8841706453124999
0 0.7986966265625 0.43762325625000004 0.8093883343750001 0.43576011562500006 0.812830203125 0.4232818703125 0.8083304218749999 0.413389078125 0.79720931875 0.4128062453125 0.788971496875 0.4208259046875 0.7922337921875 0.43305270937499996 0.7986966265625 0.43762325625000004
0 0.8086331140624999 0.5672029390625 0.8277085 0.5651763765625 0.838473596875 0.5512735515625 0.831192896875 0.54124731875 0.8158438875 0.53622336875 0.80597004375 0.5435421953125 0.8042908546875 0.55430444375 0.8086331140624999 0.5672029390625
1 0.8166630328125001 0.0887242109375 0.8117154453125 0.132973090625 0.8112203750000001 0.14241958593749998 0.81451755 0.14638135937500002 0.8162651515625001 0.146472946875 0.8199583828125 0.1428775265625 0.824905971875 0.0986286453125 0.825401040625 0.08918215 0.822103865625 0.085220378125 0.8203562640625 0.0851287890625 0.8166630328125001 0.0887242109375
3 0.715264684375 0.93679098125 0.71871038125 0.9379188046875001 0.7232774125 0.9343691765625 0.7238219906250001 0.9239780312500001 0.723942621875 0.8046438968749999 0.73611329375 0.7228837984375 0.7539729765625001 0.63288435 0.7623043640625 0.507349815625 0.7594093625 0.34524395625 0.7545328984374999 0.2711033515625 0.7676268796875 0.1884443984375 0.7585292890625001 0.1112531421875 0.75821388125 0.0506129890625 0.755741 0.0476416578125 0.752295303125 0.046513834375 0.747728271875 0.050063460937500005 0.7480055203125 0.1116488578125 0.7570917625 0.18883951875 0.7440091296875 0.2714990671875 0.7492529765625 0.3551313671875 0.7518187546874999 0.5068002890625001 0.7435368734375001 0.631390175 0.725677190625 0.7213896234375 0.7135178671875 0.803150315625 0.712791803125 0.9338196484375001 0.715264684375 0.93679098125
0 0.8189043203124999 0.2861021828125 0.8328372015625 0.2862295828125 0.8389768234374999 0.27568879375 0.8310335656250001 0.267448515625 0.817510884375 0.25949401875 0.8116982984375 0.2640117265625 0.8148654375 0.2780542203125 0.8189043203124999 0.2861021828125
2 0.841187703125 0.27280300468749996 0.8378905281250001 0.2688412296875 0.8309496281250001 0.2675302296875 0.7247533296875 0.2543867640625 0.6885314390625 0.260066409375 0.6848382078124999 0.2636618296875 0.68473919375 0.2655511296875 0.68803636875 0.2695129046875 0.6915315718749999 0.2696960796875 0.7251320609375 0.26387905312500004 0.73299626875 0.2642911984375 0.8312788515625 0.27796716875 0.8373954578125 0.2782877265625 0.8410886890624999 0.27469230312500004 0.841187703125 0.27280300468749996
1 0.7938986640625 0.75715895625 0.789579165625 0.7559853375000001 0.785885934375 0.7595807609375 0.7874355078125 0.7634509453125 0.7865122 0.7643498015625 0.8191547312499999 0.793530603125 0.8398002359375001 0.817346446875 0.8432459328125 0.818474271875 0.8469391640625 0.81487885 0.846263390625 0.8110544578125 0.828140275 0.78926529375 0.7996687203125 0.7640920609374999 0.7938986640625 0.75715895625
1 0.7746253828125 0.37256422968749997 0.77122919375 0.3704917546875 0.7675359625 0.3740871765625 0.7681628703125 0.37884395 0.7964685796875 0.42390061875 0.7963695656249999 0.42578991874999994 0.7972928734375 0.42489106093749995 0.8006890625 0.4269635375 0.80438229375 0.4233681140625 0.803756028125 0.418599071875 0.7754496765625001 0.373554671875 0.775548690625 0.3716653734375 0.7746253828125 0.37256422968749997
2 0.664955653125 0.6263246640625 0.661262421875 0.6299200843749999 0.6611634078125 0.631809384375 0.6644605828125 0.6357711593750001 0.7405020906249999 0.655859475 0.8110324234374999 0.6642920343750001 0.81889663125 0.6647041796875001 0.8225898624999999 0.66110875625 0.8226888765625 0.6592194578125 0.8193917015625001 0.655257684375 0.7418709609375 0.6464587734375 0.664955653125 0.6263246640625
1 0.8217890109375 0.49248193906250004 0.8193811359375 0.5217080125 0.8178464203125 0.5509921484375 0.8211435953124999 0.5549539234374999 0.8228911968749999 0.5550455109375 0.8265844281250001 0.5514500875 0.8289929453125 0.5222117468749999 0.83052701875 0.49293987812499995 0.82722984375 0.488978103125 0.8254822421875 0.48888651562499996 0.8217890109375 0.49248193906250004
2 0.8316148359375 0.1378049484375 0.756566978125 0.1319773703125 0.7211807296875 0.13864805156249999 0.68810749375 0.15112341875 0.6861123578125 0.155755078125 0.6894095328125001 0.159716853125 0.692030934375 0.159854234375 0.7251041703125 0.14737886875 0.7569457093749999 0.141469659375 0.831119765625 0.1472514453125 0.8348129984374999 0.1436560234375 0.8349120109375001 0.14176672343750002 0.8316148359375 0.1378049484375
2 0.6862108828125 0.5384099578125 0.6861118687500001 0.5402992578125 0.6894090453125 0.5442610296875 0.74162771875 0.550786671875 0.83866911875 0.554925153125 0.8423623499999999 0.5513297296874999 0.8424613640624999 0.5494404312500001 0.8391641890624999 0.5454786578124999 0.7421227890625001 0.5413401765625 0.6899041140625 0.5348145343749999 0.6862108828125 0.5384099578125
1 0.81364128125 0.19653937500000002 0.8118936796874999 0.1964477875 0.8082004484375 0.20004320937500003 0.8080024203124999 0.20382180781249998 0.8122872687499999 0.23909439843750002 0.8201669765625 0.2726485984375 0.8234641515625001 0.2766103734375 0.8252117531250001 0.2767019609375 0.828904984375 0.2731065390625 0.8290535046875 0.270272590625 0.8210747843749999 0.23860768906250002 0.8169384578125 0.20050115000000002 0.81364128125 0.19653937500000002
0 0.8105099812500001 0.1590144859375 0.8287448078124999 0.1515310484375 0.8328063828125 0.1378673953125 0.8254941796875 0.1284423046875 0.8097671140625 0.1306320421875 0.80048083125 0.13737886875 0.8042040265624999 0.15145050468750001 0.8105099812500001 0.1590144859375
1 0.8063341953125001 0.653626125 0.8026409640625 0.657221546875 0.80254195 0.659110846875 0.8155648062499999 0.694841378125 0.81795353125 0.7328563296875 0.8212507062500001 0.736818103125 0.8229983078125 0.736909690625 0.8266915390625 0.7333142687499999 0.826939075 0.728591021875 0.824352321875 0.6943546671874999 0.8106041859375 0.65574439375 0.8063341953125001 0.653626125
0 0.8094162562499999 0.765045775 0.798022640625 0.7590235359374999 0.7835333796875 0.7480167265625 0.77268479375 0.7528733015625 0.7752650171875 0.7674755265625001 0.7938986984375 0.7738772015625 0.8094162562499999 0.765045775
1 0.819509865625 0.5861273578125 0.8158166328125 0.58972278125 0.8042740515625001 0.6260603796875001 0.80254195 0.659110846875 0.805839125 0.6630726203124999 0.807586728125 0.6631642078125 0.811279959375 0.6595687859375 0.812962553125 0.62746296875 0.8244061203124999 0.59301466875 0.8245546421875 0.5901807203125 0.8212574671875 0.5862189453125 0.819509865625 0.5861273578125
2 0.8064269375 0.4177918046875 0.7063967515625 0.40402424843749996 0.6852770109375 0.40575914218750003 0.6815837796875 0.4093545640625 0.681484765625 0.4112438640625 0.684781940625 0.4152056375 0.7137658890624999 0.4138828890625 0.8058823609375001 0.42818294999999995 0.8119989656250001 0.4285035078125 0.8156921968749999 0.42490808593749996 0.8157912109375 0.42301878593750003 0.8124940359374999 0.4190570125 0.8064269375 0.4177918046875
2 0.802636671875 0.7576168953125 0.799338853125 0.753667390625 0.7967174515625 0.7535300078125 0.72222966875 0.7704533375 0.6831180078125 0.76461460625 0.6723031734375 0.7536281406249999 0.670555571875 0.7535365515625 0.666862340625 0.7571319734374999 0.6667633265624999 0.7590212734375 0.6800015359375 0.77392371875 0.7226084 0.779945628125 0.7988444265625 0.7631016171875 0.8025376578125 0.7595061953125 0.802636671875 0.7576168953125
2 0.6975221234375 0.8743025671875 0.6905812234375001 0.8729915640625 0.6693302875 0.8605109203125 0.66563705625 0.86410634375 0.667137121875 0.8689211796875 0.689212996875 0.8823799984375 0.7248789609374999 0.8870909046875 0.7475977828125 0.8882815484375 0.799251046875 0.8890940921875 0.8029442781249999 0.8854986703125001 0.8030432921875 0.883609371875 0.7997454734375 0.879659865625 0.748092853125 0.8788350515625 0.6975221234375 0.8743025671875
1 0.794819990625 0.42191973125000004 0.7989414609375001 0.4268719484375 0.8209671843749999 0.4412876859375 0.8227147859375 0.44137927499999996 0.8264080171874999 0.4377838515625 0.8249079515625001 0.432969015625 0.8223855625000001 0.43094233437499996 0.7986122359375 0.4164350109375 0.7949190046875 0.42003043125 0.794819990625 0.42191973125000004
1 0.8150126203125 0.1369348640625 0.8113193890625 0.14053028750000002 0.8112203750000001 0.14241958593749998 0.81451755 0.14638135937500002 0.8223817578125001 0.14679350468750002 0.8443257921875 0.14604905625 0.8480190249999999 0.1424536328125 0.8481180390624999 0.140564334375 0.8448208625 0.1366025609375 0.8369566546874999 0.136190415625 0.8150126203125 0.1369348640625
0 0.769863840625 0.89203185625 0.7794317687500001 0.9009723734374999 0.78888470625 0.90146778125 0.7988621921875 0.9025934703124999 0.8034596687500001 0.88956069375 0.7923691046875 0.8775387218749999 0.7788464234375 0.8695842265625 0.7711444968750001 0.8782347625 0.769863840625 0.89203185625
1 0.8179454343750001 0.5491028499999999 0.8178464203125 0.5509921484375 0.8219678890625 0.555944365625 0.8895832875 0.60306116875 0.8913308890625 0.60315275625 0.8950241203125 0.5995573328125 0.893524053125 0.594742496875 0.8910016640625 0.5927158171875 0.8284805515624999 0.5487077265625 0.821638665625 0.5455074265625 0.8179454343750001 0.5491028499999999
1 0.8450121312500001 0.28342311875 0.82827871875 0.26833749687499997 0.8239592218749999 0.267163878125 0.820265990625 0.27075930000000004 0.8218155640625 0.2746294859375 0.82089225625 0.275528340625 0.8226398578125 0.27561992968750004 0.8394227765625001 0.289760903125 0.8520173953124999 0.31694379375000004 0.856287384375 0.3190620625 0.859980615625 0.3154666390625 0.8600796296875 0.3135773421875 0.8467597328125 0.2835147078125 0.8450121312500001 0.28342311875