2 0.7352773625 0.6299892500000001 0.7386910234374999 0.6269093359375 0.73887035 0.625203159375 0.7361716359375 0.6214808109375001 0.7323387921875 0.6210779640624999 0.694231159375 0.6230989296875 0.6617383234374999 0.623122496875 0.6211908796875 0.6188607890625 0.6075024796874999 0.6165595671874999 0.591802359375 0.611470715625 0.5883786109375 0.61454956875 0.5881992859375 0.6162557453125 0.5909080859375 0.619979153125 0.6058505453125 0.6249997203125 0.6616094390625 0.631722728125 0.7352773625 0.6299892500000001
1 0.69251600625 0.8381269390625 0.676001190625 0.8406923765625001 0.6595244124999999 0.8355218953125 0.6561107515625 0.83860180625 0.655931425 0.840307984375 0.6608401828125 0.84512513125 0.6751069171874999 0.8492008140625 0.6939113531250001 0.8468760265625 0.6973351015625 0.8437971734374999 0.6975144265625 0.8420909953125 0.6948056265625 0.8383675875 0.69251600625 0.8381269390625
0 0.732740078125 0.6361800671875 0.7355633359375 0.62804460625 0.7337438140625 0.621293728125 0.7285766984375 0.616994175 0.72307118125 0.6132945875 0.7159052 0.614720390625 0.7086428140625001 0.619586115625 0.7025000203125 0.6245695109375 0.6974652984375 0.6243467593750001 0.693606328125 0.631760525 0.69782189375 0.645016453125 0.704476240625 0.6432191046875 0.71078328125 0.642009440625 0.7160570468749999 0.637241125 0.7199605734375 0.6348368859375 0.7263988265625 0.6377152515625 0.732740078125 0.6361800671875
0 0.7713424359375 0.172653290625 0.7688600734375 0.1695892171875 0.7645950203125 0.164760284375 0.7580704484375 0.1653228984375 0.7530574140625 0.1676105234375 0.7548120484374999 0.1749787640625 0.758762828125 0.18008108437499998 0.7616130078125 0.185079075 0.766061121875 0.185546590625 0.7713044703125 0.1864041078125 0.776697846875 0.1832145046875 0.7781738109375 0.17712776562500002 0.7755182171875 0.1730921828125 0.7713424359375 0.172653290625
2 0.7801381625 0.1810453015625 0.7803163093750001 0.17935035 0.7776187734375 0.175616775 0.741201115625 0.161461671875 0.7136550781250001 0.158566465625 0.6840491921875 0.160618490625 0.6646978671875 0.1680495265625 0.6627265015625 0.172154890625 0.665425215625 0.1758772390625 0.6669583546875 0.176038378125 0.686299590625 0.16860628125 0.7127596265625 0.167086128125 0.7395390953125001 0.16990076406250001 0.7744236156250001 0.18389473125 0.7767233203125 0.1841364390625 0.7801381625 0.1810453015625
2 0.7262906499999999 0.7375170343749999 0.7235931140625 0.733783459375 0.7114882953125 0.7385374328125 0.68601219375 0.730696059375 0.6234023109375 0.7155130656249999 0.593605875 0.7046300671875 0.5763221734374999 0.6924860234375 0.5725890812500001 0.691231146875 0.56916533125 0.6943099984375001 0.5702513328125 0.6987253546875001 0.5875338546875 0.7108806249999999 0.6135087140625 0.7213506109375001 0.6352505421875 0.7279483328125 0.6851167421875 0.7392157218750001 0.71059284375 0.747057096875 0.71689463125 0.7459944140625 0.7243204624999999 0.7416111734374999 0.726112503125 0.7392119859374999 0.7262906499999999 0.7375170343749999
0 0.758997765625 0.3970277328125 0.7517744453125 0.3909459203125 0.7434749093749999 0.389767184375 0.7385267625 0.3914374421875 0.7374847609375 0.3960149984375 0.7310697140625 0.3981552640625 0.7267438234375 0.404578 0.728193090625 0.41223191562499995 0.73355605 0.41466814531249996 0.7393185015625 0.410586728125 0.7486817296875 0.40969828281250004 0.75443519375 0.4084190859375 0.7593923265625 0.40394660781249997 0.758997765625 0.3970277328125
0 0.6862717921875 0.746952203125 0.6870594750000001 0.7554671890625 0.6956975921875 0.76419445 0.7027578437499999 0.7664913046875 0.7074197734375 0.7594910515625 0.7025020453125 0.7555354750000001 0.70274999375 0.7505566906250001 0.7058482015624999 0.7477613921875 0.7117010265625 0.750873296875 0.7141795921874999 0.74863705625 0.7154823265625 0.7415788062499999 0.7124235203125 0.73594605 0.7036352984375001 0.7340804171875 0.6956080953125 0.7329303046875 0.692064659375 0.7372449515625 0.6862717921875 0.746952203125
1 0.695599940625 0.735142475 0.694066803125 0.7349813359375 0.6906519624999999 0.738072471875 0.6910218375 0.7493013140625 0.69614708125 0.8109535671874999 0.6966345734375 0.8135923437500001 0.6993433734375001 0.8173157515625 0.700866425 0.81747583125 0.704290171875 0.8143969796875 0.703920296875 0.8031681359375 0.6987962343749999 0.741504659375 0.6983075609375 0.7388771078125 0.695599940625 0.735142475
1 0.74654129375 0.5080721390625 0.743126453125 0.511163275 0.7429471265625 0.512869453125 0.7456458406250001 0.5165918015625001 0.801494396875 0.522461721875 0.816885175 0.5232168453125 0.8203089218749999 0.5201379921875 0.8204882484375 0.518431815625 0.8177794468749999 0.5147084078125 0.803244903125 0.513180765625 0.74654129375 0.5080721390625
1 0.7443578171875 0.40368288437500005 0.819927571875 0.413350609375 0.82334123125 0.41027069843749997 0.8235205578125001 0.4085645203125 0.8208218437499999 0.40484217187500005 0.7452520890625001 0.3951744453125 0.741838428125 0.3982543578125 0.741659103125 0.399960534375 0.7443578171875 0.40368288437500005
1 0.7339129578125 0.46628618906249997 0.7302683484375 0.46418944843750004 0.7268546859375 0.4672693625 0.7266753593749999 0.4689755390625 0.7347815468750001 0.4947950078125 0.7444701765625 0.5130295312500001 0.7442920296875 0.5147244843750001 0.7451482625 0.513951965625 0.748035209375 0.5159804218749999 0.7514488703125 0.512900509375 0.75113061875 0.5085544953125 0.7414419875 0.490319971875 0.7339129578125 0.46628618906249997
1 0.6928505296874999 0.6436087296874999 0.702616421875 0.6463601921875 0.7126008609375 0.6396583328125 0.7141339999999999 0.639819471875 0.7143133265625 0.6381132953125 0.7223555312500001 0.627768596875 0.722533678125 0.6260736453125 0.71983614375 0.622340071875 0.7183030078125 0.6221789328125 0.71659054375 0.6237239703124999 0.715923725 0.622791371875 0.7103391968749999 0.63168070625 0.7019787375 0.6376793890625 0.6974790750000001 0.63634394375 0.6943712640624999 0.6291398953125 0.6907177484375 0.6270308703125 0.6873040875 0.63011078125 0.6871247609375 0.631816959375 0.69073015 0.64166084375 0.6928505296874999 0.6436087296874999
1 0.764875090625 0.171701171875 0.7614614296875 0.174781084375 0.761282103125 0.1764872609375 0.7639808171875 0.180209609375 0.7911301625 0.1942530890625 0.8217839640625 0.21900370468750002 0.8233171015625 0.21916484375 0.8267319421874999 0.2160737078125 0.8256560281249999 0.211659409375 0.800755946875 0.190963584375 0.77522940625 0.17622815625 0.764875090625 0.171701171875
0 0.7022538218750001 0.8327042765625 0.6958462437499999 0.829534065625 0.69082050625 0.826509090625 0.6849065125 0.8321293734375 0.6818975765624999 0.8393147125 0.6829665015625 0.8478706078125 0.6844615828125 0.85770831875 0.69287955 0.8604769921875001 0.6992413921875 0.8586489 0.6980527765625 0.8513287999999999 0.7019334359375 0.8464254109375 0.7061092171875 0.846864303125 0.709282478125 0.8406381906249999 0.7022538218750001 0.8327042765625
1 0.696352971875 0.7059529312499999 0.6910990984375001 0.733818253125 0.6904726359375 0.7397786484375 0.6931713515625 0.743500996875 0.6947044874999999 0.7436621359375 0.698128234375 0.740583284375 0.703372021875 0.712716903125 0.703998484375 0.70675650625 0.7012997703125 0.703034159375 0.699766634375 0.7028730203125 0.696352971875 0.7059529312499999
1 0.7539961234375 0.105994128125 0.7505723765625001 0.1090729796875 0.7503033859375 0.111632246875 0.7569761859375 0.136438546875 0.7620486703125 0.17656783125 0.7647473875 0.1802901796875 0.7662805234375 0.18045131875 0.769694184375 0.17737140625 0.7699631734375 0.17481213906249998 0.76431353125 0.13289716875 0.7583176390624999 0.10902452656249999 0.7539961234375 0.105994128125
1 0.7730934281249999 0.2112985859375 0.7706143953125 0.212763053125 0.7677879765625 0.21762971250000002 0.74310551875 0.2684091328125 0.7428377078125 0.2709571734375 0.7455453296875 0.2746918078125 0.7495474109375 0.27338741875 0.7523839171875 0.26852181875 0.777056290625 0.21774133906249998 0.7773252796875 0.2151820734375 0.774626565625 0.21145972500000002 0.7730934281249999 0.2112985859375
0 0.7419181484374999 0.260203953125 0.738624096875 0.26486257812499997 0.74061803125 0.272573740625 0.7435470609375 0.2794412296875 0.7465930828125 0.28257589375 0.7524751453125 0.2800731890625 0.7599780109375 0.2755391625 0.7634363093750001 0.27465426875 0.7572882812499999 0.269014590625 0.7555246624999999 0.2644485703125 0.7504123484375 0.2595305875 0.7419181484374999 0.260203953125
0 0.739168759375 0.516217453125 0.738769265625 0.5227351 0.7438944421875 0.527336665625 0.7518439734375 0.5266060546875 0.759076021875 0.5245516593749999 0.7648054390625 0.5207845359375 0.7645965578125 0.514815784375 0.7565348828125 0.5086572046875 0.7470839 0.5076638671875 0.7390896515625001 0.509013965625 0.739168759375 0.516217453125
1 0.7174075546875 0.63069859375 0.718940690625 0.6308597328125 0.7223555312500001 0.627768596875 0.7237361625000001 0.607258796875 0.7210374484375001 0.603536446875 0.719504309375 0.6033753078124999 0.71609065 0.606455221875 0.7147100187500001 0.6269650203125 0.7174075546875 0.63069859375
2 0.7639418515624999 0.2688740953125 0.7579191375 0.26737856875 0.7200187859375 0.2599563796875 0.6825275296875 0.2560158890625 0.64401198125 0.25454393125 0.6405870546875 0.2576340078125 0.6404089078124999 0.2593289609375 0.6431165296875 0.2630635953125 0.68163325625 0.2645243265625 0.7191245125 0.26846481718750004 0.757691684375 0.27681960625 0.763047578125 0.2773825328125 0.766471325 0.27430367968749997 0.7666506515625 0.272597503125 0.7639418515624999 0.2688740953125
1 0.7235984921874999 0.30681751875 0.7220754406250001 0.3066574390625 0.71865169375 0.30973629062499997 0.718382703125 0.3122955578125 0.7233150828125 0.34638387656249997 0.7417487656249999 0.3991074453125 0.7430129125 0.4018278515625 0.746657521875 0.4039245921875 0.7500711828125 0.4008446796875 0.750250509375 0.399138503125 0.7305526812500001 0.3436945265625 0.7263072937499999 0.3105409265625 0.7235984921874999 0.30681751875
2 0.712138634375 0.84276555 0.7094298343750001 0.839042140625 0.664702159375 0.8377797749999999 0.649401046875 0.8361715640625 0.5871105953125 0.8253233578125 0.5826109328125 0.8239879125 0.5727049359375 0.815195484375 0.5721165140625 0.8134199609375001 0.5683834203125 0.8121650859375 0.564969759375 0.815244996875 0.56613415625 0.81881743125 0.565277925 0.8195899499999999 0.5668110625 0.8197510890625 0.5779823890625 0.8312526968749999 0.5854497546874999 0.8337512265625 0.6302379578124999 0.8419087078124999 0.6645732765625 0.8463800062500001 0.7085355609375 0.847550578125 0.7119593078124999 0.8444717265625 0.712138634375 0.84276555
1 0.6955721953125 0.8384481578124999 0.6940390578125 0.83828701875 0.690625396875 0.8413669296874999 0.6901782609375 0.8456211484375 0.6903935671875 0.9024674796875001 0.6907129984375 0.9068022687499999 0.6934117140625 0.9105246171875001 0.6949448515625 0.91068575625 0.6983585125 0.9076058453125 0.69880565 0.903351625 0.6985903421875 0.8465052937499999 0.6982709109374999 0.8421705062499999 0.6955721953125 0.8384481578124999
1 0.7464407828125 0.26617214375 0.74310551875 0.2684091328125 0.7322772468750001 0.290513484375 0.7285969125 0.310781575 0.7313057125 0.3145049859375 0.7328287640625 0.3146650640625 0.7362525125 0.3115862109375 0.7397547 0.29301307187500003 0.7504036453125 0.2726148984375 0.750672634375 0.2700556328125 0.74797391875 0.2663332828125 0.7464407828125 0.26617214375
3 0.6341760609375 0.8044401499999999 0.630954084375 0.8350952218750001 0.6281547375 0.8985021046874999 0.6280258546875 0.9071023374999999 0.6314911375000001 0.9109052546875 0.6346369875 0.9103733843749999 0.637204503125 0.9080670515625 0.6401327328125 0.8360599375 0.6531999265625 0.7263848375 0.6726406593750001 0.637183371875 0.689760378125 0.5330979390625 0.6982347953125 0.39367143125 0.7079768109375 0.2862343796875 0.7112884515625 0.2547262203125 0.720634028125 0.239354784375 0.7256826375000001 0.1692955546875 0.72616899375 0.15729419218750001 0.7193673109375001 0.141088125 0.7224996265625 0.11128614218749999 0.7204677296875001 0.1084963921875 0.7175012062499999 0.10732208437499999 0.7133108890625001 0.1103203671875 0.709909584375 0.14268161562499998 0.7167213546875 0.15888874375 0.712618640625 0.227322365625 0.7117231875 0.235842028125 0.7023776125000001 0.2512134640625 0.6890460578125001 0.39270565625 0.6806713906249999 0.5312801359375 0.663451921875 0.636217596875 0.6440212765625 0.7254201234375001 0.6341760609375 0.8044401499999999
2 0.7597967203125 0.3967031484375 0.7299509765625001 0.393566234375 0.67936865 0.3891123296875 0.6521420453125 0.3905519125 0.6487283828125 0.393631825 0.64854905625 0.3953380015625 0.6512477718749999 0.3990603515625 0.6543140468749999 0.3993826296875 0.6784743765625 0.3976207671875 0.758902446875 0.4052115859375 0.7623161078125 0.40213167343749995 0.762495434375 0.40042549687499995 0.7597967203125 0.3967031484375
2 0.7619825109375 0.515721315625 0.7653961734375 0.5126414046875001 0.7655755 0.5109352265625 0.7628767843750001 0.507212878125 0.759054028125 0.5068110906250001 0.7116679953125 0.5087193703125 0.6718389921875 0.512273090625 0.647269565625 0.510553253125 0.6352027875 0.50757130625 0.6317891265625 0.5106512203125 0.6316098 0.5123573968749999 0.634308515625 0.51607974375 0.6463741140625 0.5190729171874999 0.677155665625 0.5205831609375 0.7115302046875 0.51730731875 0.7619825109375 0.515721315625