2 0.54676289375 0.329831428125 0.5027947625 0.32236047968750003 0.47171595312500003 0.3190939640625 0.46056401718749995 0.31649313125 0.456507746875 0.3189165109375 0.4563592234375 0.3203296203125 0.459822203125 0.323551028125 0.4709741375 0.3261518609375 0.5011154875 0.3293198453125 0.545946415625 0.3375996984375 0.5525392 0.338292628125 0.5565962718749999 0.335861609375 0.556744796875 0.33444850000000004 0.5532810140625 0.33123473125 0.54676289375 0.329831428125
0 0.5394933609375 0.7599068156250001 0.5450378312499999 0.75871331875 0.5409615515625 0.7539755640625 0.5318388640625 0.752259896875 0.5276490140625001 0.75193536875 0.522275546875 0.7515018812500001 0.516658696875 0.756618675 0.5175734921874999 0.7624219703125 0.5200214453124999 0.7664788765625 0.5242143218749999 0.76844095625 0.5289095828125 0.76728949375 0.533863665625 0.7651458234375 0.5394933609375 0.7599068156250001
1 0.601441734375 0.60679534375 0.5688313734375 0.6090827265625001 0.5258588140625 0.6102732765625001 0.52179155 0.612703225 0.5216430265625001 0.61411633125 0.5251170000000001 0.6173311734375 0.527939565625 0.6176278374999999 0.6006252562500001 0.6145636140625 0.6075889484375 0.61172759375 0.6077374718749999 0.6103144875 0.604264303125 0.6070920078125 0.601441734375 0.60679534375
1 0.5351168578125 0.46778764375000004 0.534968334375 0.46920075 0.540252753125 0.47332409843749995 0.573338453125 0.4846479078125 0.5960603515625 0.49489016093749993 0.59888291875 0.49518682500000005 0.6029501828125 0.492756875 0.600572384375 0.48822852968749997 0.5759653765625 0.47778814374999995 0.539184121875 0.46535769374999997 0.5351168578125 0.46778764375000004
0 0.5486835171875 0.3968354953125 0.5437953281250001 0.39609776406249997 0.5406959703124999 0.400591034375 0.5375508515625 0.4055196953125 0.539466775 0.40944345625 0.5441031234375 0.40993075625 0.5477040640624999 0.40615436406249994 0.55203261875 0.4068255515625 0.5590989484375 0.40624765468749996 0.55604386875 0.4019879265625 0.5486835171875 0.3968354953125
2 0.570051040625 0.40722114062500003 0.5701995640625 0.405808034375 0.5667255921875001 0.4025931921875 0.5226844015625 0.3958173390625 0.490668134375 0.39245229375 0.47828169374999996 0.39257914375 0.4500993109375 0.38890655937499996 0.4460320484375 0.39133650625 0.445884328125 0.3927419765625 0.4493574953125 0.39596445625 0.46153174375 0.39795451875 0.477539878125 0.3996370421875 0.4899255171875 0.3995178296875 0.5219417843749999 0.402882875 0.5659837765625 0.409651090625 0.570051040625 0.40722114062500003
1 0.5612320093750001 0.4277095421875 0.5560795671875 0.431446428125 0.53621303125 0.4664741375 0.535990646875 0.4685899796875 0.539453628125 0.4718113875 0.541338734375 0.4720095203125 0.5454059984375 0.4695795734375 0.5526832859375 0.4546439984375 0.5663577140625 0.433244925 0.5665809 0.4311214453125 0.5631171187499999 0.427907675 0.5612320093750001 0.4277095421875
1 0.5361146578125 0.5035795656250001 0.526372490625 0.487565671875 0.5218133390624999 0.48565776875 0.5177460765624999 0.48808771718750005 0.517597553125 0.4895008234375 0.5305166421874999 0.511555771875 0.5323003484375 0.5217365484375 0.525292565625 0.5431258156250001 0.5287665374999999 0.5463406578125001 0.5306516453125 0.546538790625 0.5347079156250001 0.544115409375 0.5418005531250001 0.5220168390625 0.5400066578125 0.5118349921875 0.5361146578125 0.5035795656250001
2 0.4977144671875 0.5338018734375 0.4478788171875 0.5278534390625 0.44381235625000004 0.5302757484375 0.44366383281250005 0.53168885625 0.44713700312500004 0.534911334375 0.49697265156250003 0.540859771875 0.5417289171874999 0.549849996875 0.5464365921875001 0.5503447921875 0.55050385625 0.5479148453125 0.5506523796875 0.5465017375000001 0.5471792109375 0.5432792578125001 0.5415977468750001 0.541982125 0.4977144671875 0.5338018734375
1 0.544283690625 0.3352857234375 0.5445807375 0.332459509375 0.5411075703125 0.3292370296875 0.53923265 0.32903996874999997 0.5351653875 0.331469915625 0.5339206921875 0.334196528125 0.52545601875 0.360429321875 0.524390415625 0.379585703125 0.525041821875 0.38250388125 0.5285048015625 0.385725290625 0.5303899078125001 0.3859234234375 0.534457171875 0.383493475 0.5347975078125 0.36212165 0.5366354953125 0.353750246875 0.544283690625 0.3352857234375
2 0.5567803171875 0.470064565625 0.5533071484375001 0.46684208437499997 0.49868996250000003 0.46110158593749995 0.4852820125 0.4618315703125 0.4578987546875 0.45967169375 0.4538314921875 0.4621016421875 0.45368377187500003 0.46350711093749997 0.457156940625 0.46672959062499997 0.4703425078125 0.46811545 0.48547685312500005 0.46899563593750004 0.49888560625 0.468258015625 0.5525653328125 0.4738999828125 0.55663179375 0.47147767187499995 0.5567803171875 0.470064565625
1 0.552842303125 0.38971198125 0.5575767171875 0.380934509375 0.567093471875 0.371941459375 0.57529166875 0.3663777578125 0.576610225 0.362948409375 0.57313705625 0.35972593124999996 0.571251946875 0.359527796875 0.5692183171874999 0.360742771875 0.5683547171875001 0.35994150625 0.568206996875 0.361346975 0.5516518890625 0.3738864171875 0.5448201703125 0.38458267031250004 0.5393431390625001 0.4004256796875 0.5390460921875 0.4032518921875 0.5425200625000001 0.406466734375 0.5443949828125 0.40666379687500004 0.5484614421875 0.4042414859375 0.552842303125 0.38971198125
1 0.557376121875 0.25600489375 0.5597531203125 0.2605408796875 0.5922281765624999 0.2867904578125 0.61659625 0.308620025 0.6194188171875 0.3089166890625 0.623485278125 0.30649437968750004 0.6228346765625 0.3035685640625 0.5949289609374999 0.2792279578125 0.56426515 0.253879246875 0.561442584375 0.2535825828125 0.557376121875 0.25600489375
1 0.53019558125 0.6142970203125 0.5261283171875 0.6167269703125 0.51852724375 0.6437610281249999 0.524290028125 0.6886183531250001 0.5277530078125 0.6918397609375 0.5296381140624999 0.69203789375 0.533705378125 0.689607946875 0.534002425 0.6867817328125 0.52794259375 0.6447506203125 0.53554366875 0.6177165640625 0.532080690625 0.614495153125 0.53019558125 0.6142970203125
1 0.5721317921875 0.414575703125 0.5675718390625 0.4126754375 0.5489070125 0.40000216406250005 0.5442731984375 0.3988046328125 0.5402059359375 0.40123458125000006 0.5417947984375 0.404251290625 0.5407826765625 0.4048631328125 0.5426677843750001 0.405061265625 0.5667561625 0.42043606875000006 0.58505008125 0.4366382890625 0.5896838953125 0.437835821875 0.5937409687499999 0.43540480156249994 0.59317441875 0.4317773234375 0.5904257109375 0.43077792343750004 0.5721317921875 0.414575703125
0 0.5326750312499999 0.621484971875 0.534943275 0.613822953125 0.533734459375 0.6086606359375 0.5268634640625 0.6072820265625001 0.522658359375 0.608376890625 0.5137596609374999 0.60962715 0.50948631875 0.6113712796875 0.5110029265625 0.6163497078125 0.5137269328125 0.6210148375 0.515731415625 0.621449478125 0.5223984296874999 0.6219262484375 0.5326750312499999 0.621484971875
1 0.598847609375 0.6586284078125 0.6007327171875 0.658826540625 0.5998589296875 0.658024203125 0.6020410828125 0.655396121875 0.5985781046875001 0.6521747125 0.5966929953125 0.6519765796875 0.5658671421875 0.6644371015625 0.5639820328125 0.66423896875 0.5588287875 0.6679834921875 0.5286433453125 0.6833687578125 0.5257469171875 0.683774828125 0.5244385515625 0.687205246875 0.5279015312500001 0.6904266546875 0.532683065625 0.6902187171875 0.5378363125 0.6864741921874999 0.5680217546875 0.671088928125 0.598847609375 0.6586284078125
1 0.5666342890625 0.7929941953124999 0.555806140625 0.778294878125 0.5530480453125 0.7772867703124999 0.5284677796875 0.757574115625 0.5250684703124999 0.7536489015625001 0.5204346546874999 0.75245136875 0.5163673906249999 0.7548813187500001 0.516944134375 0.7585098703125001 0.519692840625 0.7595092671875 0.55035665 0.784857978125 0.5604697234375 0.7973429234375 0.5724411640625 0.8192982703125 0.5770003171875 0.8212061765625001 0.5810675796875 0.8187762265625 0.5812161031249999 0.81736311875 0.56930833125 0.7947039671875 0.5666342890625 0.7929941953124999
1 0.617044046875 0.33151112656250004 0.6076286953125 0.3305215328125 0.5782864703125 0.32886626093750004 0.5393065109374999 0.3283372328125 0.5352400515625 0.33075954375 0.5350915281249999 0.33217265 0.5385646953125 0.33539513125 0.543272371875 0.33588992812499996 0.57754465625 0.33592415625 0.6163022312499999 0.338569025 0.62036949375 0.336139075 0.620517215625 0.3347336078125 0.617044046875 0.33151112656250004
1 0.4975965140625 0.5530578562499999 0.4935292515625 0.55548780625 0.49330686874999996 0.557603646875 0.504043803125 0.582286678125 0.5123762000000001 0.61171363125 0.5166391078125 0.6164401109375001 0.5185242156250001 0.61663824375 0.5225804859375 0.6142148625 0.5228036734375 0.6120913828125001 0.514322753125 0.5840775359375 0.5021556656249999 0.554965759375 0.4975965140625 0.5530578562499999
0 0.5232018093749999 0.539199125 0.520099115625 0.54186174375 0.5203768953125001 0.5494129437499999 0.5223356796874999 0.5531249703125 0.5309846359375 0.5514082609375001 0.5345631609375 0.550687740625 0.5395305203125 0.54792764375 0.5376161390624999 0.5411466093749999 0.5325456453124999 0.5393008046875 0.5232018093749999 0.539199125
2 0.5352741640625001 0.6112628703125 0.496738971875 0.606502159375 0.477675696875 0.6066377453125 0.44840813593749995 0.604272096875 0.4443510625 0.6067031171874999 0.4442025390625 0.6081162234375 0.44766551874999994 0.6113376328125 0.4608510859375 0.6127234921875 0.4959971578125 0.6135600578125 0.53453235 0.6183207671875001 0.538598809375 0.61589845625 0.5387473328125 0.61448535 0.5352741640625001 0.6112628703125
0 0.545110371875 0.47533287656249995 0.549451215625 0.47578911718750005 0.5540534734375 0.47101360937500003 0.5510687953125 0.46873059375 0.5461109453125 0.46316651562500005 0.5400501921874999 0.46515525625 0.5369965328124999 0.466371140625 0.5325852875 0.46393818593749997 0.52769845625 0.465834071875 0.5297378328125 0.4715238828125 0.5321757203125 0.476166665625 0.535743315625 0.47829470937499996 0.5406881953125 0.4757484859375 0.545110371875 0.47533287656249995
0 0.5642972640624999 0.265042065625 0.5683875640625 0.265039496875 0.5684102281250001 0.25933473125 0.5662220203125 0.2523164015625 0.5581886484374999 0.253665334375 0.5550443328125 0.25858635625000004 0.5540656203125 0.265055590625 0.5642972640624999 0.265042065625
2 0.54537674375 0.6872667234375001 0.5419035765625 0.6840442437500001 0.5371959000000001 0.6835494468750001 0.49531870937500005 0.6834341312500001 0.46329225156250003 0.6800680140625001 0.44186136718749996 0.6756763218749999 0.43779490625 0.6780986328124999 0.4376463828125 0.6795117390625001 0.44111955312499995 0.6827342187500001 0.45415659531249997 0.6855331859375 0.49457689531250004 0.690492028125 0.5411609578125 0.6911097796875 0.5452282203125 0.68867983125 0.54537674375 0.6872667234375001
2 0.5586200156250001 0.25328591875 0.4931204 0.2513982828125 0.48905393906250005 0.25382059218749997 0.488905415625 0.2552337 0.49237858437500004 0.2584561796875 0.49708625937499995 0.2589509765625 0.543671125 0.259561090625 0.5682310109375 0.26143194062499997 0.572298275 0.25900199218750003 0.5724467984375 0.257588884375 0.568972825 0.25437404375 0.5586200156250001 0.25328591875
1 0.5188190515625 0.75870693125 0.5207041593749999 0.7589050640624999 0.5247714234374999 0.7564751140625 0.529398378125 0.703434715625 0.525925209375 0.7002122359375 0.5240401015625 0.700014103125 0.5199728375 0.7024440515625 0.515356071875 0.7554855218750001 0.5188190515625 0.75870693125
3 0.495358365625 0.782645359375 0.49632256406249997 0.7734716203125 0.5028123250000001 0.6121371453125 0.5031372171874999 0.53651104375 0.5135107109375 0.47408132812500003 0.5166513109374999 0.344513959375 0.5351155421875 0.23225761718750002 0.5325161609375 0.2298374734375 0.5288198046875 0.228738471875 0.5238150828125 0.231069890625 0.506760621875 0.329913171875 0.5035566546875 0.3966643671875 0.5021363921875001 0.47359633749999996 0.49183675937500004 0.5353233171875 0.491511865625 0.61094941875 0.4840846484375 0.7721853640624999 0.48405790781249997 0.7814576328125 0.48665809062500004 0.7838701390625 0.49035364374999996 0.7849767765625 0.495358365625 0.782645359375
1 0.564279475 0.2174754828125 0.557895553125 0.2510628375 0.5571529359375 0.2581283734375 0.5606269078125 0.2613432140625 0.5625120171875 0.2615413484375 0.5665682875 0.259117965625 0.5729632015624999 0.22552404531249998 0.573705015625 0.218466146875 0.57023104375 0.21525130468749998 0.5683459359375 0.215053171875 0.564279475 0.2174754828125
1 0.593630996875 0.5995567562499999 0.5929905843750001 0.5966320125 0.585180646875 0.5893857859375 0.5673786171875 0.5775214171874999 0.5492426109374999 0.559914796875 0.53384511875 0.54330650625 0.5331300453125001 0.5410921328125 0.5284962296875 0.539894603125 0.5244297687499999 0.5423169140625 0.524996321875 0.5459443921875 0.52940695 0.5492654031249999 0.5448044390625 0.5658736953125 0.545519515625 0.5680880671875 0.5560034953125 0.5770440625 0.557592359375 0.580060771875 0.5753943890625 0.591925140625 0.58674196875 0.601682403125 0.589564534375 0.6019790671874999 0.593630996875 0.5995567562499999
2 0.548383659375 0.7582463640625 0.5485321828124999 0.7568332578125 0.5450692046875 0.7536118468749999 0.5384764203125 0.7529189171875 0.470228096875 0.7500318828125 0.45493503906250005 0.7505637328125 0.4277011078125 0.7469831124999999 0.4236338453125 0.7494130593749999 0.423485321875 0.7508261671875001 0.426958490625 0.7540486484375 0.4541932234375 0.7576216296875 0.478976296875 0.757369 0.5376599421875 0.7606871890625 0.5443273890625 0.7606697453125 0.548383659375 0.7582463640625
0 0.54296951875 0.3289693609375 0.5332038875 0.33013622656249997 0.531245784375 0.33474944687499997 0.5348910671875 0.33907893125 0.5378422734375 0.341582390625 0.5438602296874999 0.3426473796875 0.544748221875 0.3370412859375 0.548861803125 0.33681720312499996 0.55396570625 0.3356005703125 0.5500343046875 0.3312487359375 0.54296951875 0.3289693609375
0 0.5350345562500001 0.676765625 0.527663890625 0.6761222250000001 0.5243442484374999 0.6786925328125 0.52233334375 0.683416046875 0.5208276671875 0.6896059343750001 0.52215900625 0.69468073125 0.52668511875 0.695040603125 0.5324641406249999 0.694752159375 0.535757290625 0.6924339171875 0.535584928125 0.6876044968749999 0.53811489375 0.6812751390625 0.5350345562500001 0.676765625