2 0.60814453125 0.49963043437500004 0.586669921875 0.4955108703125 0.583701171875 0.4988043484375 0.583701171875 0.500456521875 0.586669921875 0.5037499999999999 0.607412109375 0.507880434375 0.6377734375 0.507880434375 0.6688867187499999 0.5029347828125 0.7022265625 0.493032609375 0.707412109375 0.48891304375000005 0.707412109375 0.4872608703125 0.704443359375 0.483967390625 0.7022265625 0.483967390625 0.6681445312500001 0.49468478281249995 0.6377734375 0.49963043437500004 0.60814453125 0.49963043437500004
1 0.683701171875 0.1607717390625 0.685185546875 0.16325 0.68888671875 0.1648913046875 0.69185546875 0.1615978265625 0.6896289062500001 0.155 0.665185546875 0.10718478281249999 0.663701171875 0.104706521875 0.6599999999999999 0.10305434843750001 0.6570410156250001 0.1063586953125 0.6592578125 0.11295652187500001 0.683701171875 0.1607717390625
2 0.5711132812499999 0.811282609375 0.5807421875000001 0.817880434375 0.585185546875 0.8203586953125 0.6037011718749999 0.8236521734375 0.6577734375000001 0.8244782609374999 0.7118554687499999 0.8195326093749999 0.714814453125 0.8162282609375 0.714814453125 0.81458695625 0.7118554687499999 0.811282609375 0.6577734375000001 0.8162282609375 0.6037011718749999 0.8154021734375 0.58888671875 0.8129347828125001 0.572587890625 0.8038695656250001 0.56962890625 0.8071630437499999 0.56962890625 0.8088152171875 0.5711132812499999 0.811282609375
1 0.682958984375 0.26383695625 0.685185546875 0.26383695625 0.724443359375 0.2234347828125 0.7251855468749999 0.220130434375 0.7222265625000001 0.21683695625000002 0.72 0.21683695625000002 0.6807421875 0.25723912968749996 0.6799999999999999 0.260532609375 0.682958984375 0.26383695625
1 0.685927734375 0.7478043484375 0.6814843749999999 0.7890217390625 0.6814843749999999 0.7931413046875 0.684443359375 0.7964456515625 0.685927734375 0.7964456515625 0.68888671875 0.7931413046875 0.6896289062500001 0.7890217390625 0.693330078125 0.7461521734375001 0.683701171875 0.718119565625 0.6822265625 0.7148260875 0.678515625 0.7131739125000001 0.675556640625 0.716467390625 0.675556640625 0.7189456515625 0.685927734375 0.7478043484375
3 0.6392578125 0.150880434375 0.642958984375 0.21518478281250003 0.642958984375 0.2226086953125 0.633330078125 0.27125 0.642958984375 0.3652391296875 0.642958984375 0.5556956515625 0.6422265625 0.6307282609375 0.634814453125 0.709869565625 0.633330078125 0.771706521875 0.6385156249999999 0.88466304375 0.6407421875 0.8871413046875001 0.643701171875 0.8879565218750001 0.647412109375 0.88466304375 0.6422265625 0.771706521875 0.6422265625 0.7519239125 0.643701171875 0.709869565625 0.65111328125 0.6307282609375 0.65185546875 0.3652391296875 0.6422265625 0.2720760875 0.65185546875 0.2234347828125 0.65185546875 0.21518478281250003 0.64814453125 0.1500543484375 0.64 0.11047826093749999 0.6377734375 0.1080108703125 0.634814453125 0.10718478281249999 0.63111328125 0.11047826093749999 0.63111328125 0.113782609375 0.6392578125 0.150880434375
0 0.683359375 0.6094782609375 0.682236328125 0.615706521875 0.686484375 0.6244456515625 0.694560546875 0.620456521875 0.7017285156249999 0.614717390625 0.702412109375 0.6069782609375001 0.69859375 0.6009891296875 0.690078125 0.6024891296875 0.683359375 0.6094782609375
1 0.69185546875 0.8195326093749999 0.695556640625 0.8211739124999999 0.698515625 0.817880434375 0.6977734375 0.8137608703125 0.69185546875 0.7997391296874999 0.6881445312500001 0.7980978265625 0.685185546875 0.8013913046875001 0.685927734375 0.8055108703125 0.69185546875 0.8195326093749999
1 0.68888671875 0.36689130468750003 0.6874121093750001 0.3701847828125 0.6903710937499999 0.3734891296875 0.694072265625 0.37266304375 0.696298828125 0.369369565625 0.7229589843750001 0.345456521875 0.7251855468749999 0.344630434375 0.724443359375 0.3438043484375 0.725927734375 0.3405108703125 0.7229589843750001 0.337206521875 0.7207421875 0.337206521875 0.6903710937499999 0.3652391296875 0.6881445312500001 0.36606521718749996 0.68888671875 0.36689130468750003
1 0.653330078125 0.3743152171875 0.656298828125 0.3776086953125 0.6585156249999999 0.3776086953125 0.674814453125 0.3710108703125 0.69111328125 0.3734891296875 0.694072265625 0.3701847828125 0.694072265625 0.368543478125 0.69111328125 0.3652391296875 0.674072265625 0.3627717390625 0.656298828125 0.369369565625 0.653330078125 0.37266304375 0.653330078125 0.3743152171875
0 0.6880566406249999 0.503456521875 0.691640625 0.5091847828125 0.6994921875 0.5099347828125 0.706435546875 0.5069456515625 0.707783203125 0.498967390625 0.7030859375 0.49297826093749997 0.7003808593749999 0.48898912968749997 0.6936621093750001 0.48898912968749997 0.6898535156250001 0.49621739062500003 0.6880566406249999 0.503456521875
0 0.68224609375 0.15632608750000002 0.67822265625 0.1574782609375 0.678603515625 0.1632608703125 0.68107421875 0.167456521875 0.683798828125 0.1719239125 0.688984375 0.17481521718749998 0.694560546875 0.1750978265625 0.69884765625 0.17366304375 0.701923828125 0.167619565625 0.698447265625 0.1615108703125 0.69392578125 0.16184782656250002 0.686513671875 0.1583586953125 0.68224609375 0.15632608750000002
1 0.675556640625 0.6224782609374999 0.647412109375 0.6315543484374999 0.6444433593750001 0.6348478265625 0.6444433593750001 0.6365000000000001 0.647412109375 0.639793478125 0.64962890625 0.639793478125 0.674814453125 0.6315543484374999 0.6903710937499999 0.6233043484375 0.694814453125 0.609293478125 0.694814453125 0.6068152171875 0.69185546875 0.6035217390625001 0.6903710937499999 0.6035217390625001 0.6874121093750001 0.6068152171875 0.684443359375 0.617532609375 0.675556640625 0.6224782609374999
2 0.597041015625 0.38338043437499997 0.594072265625 0.3866847828125 0.594072265625 0.3883260875 0.597041015625 0.391630434375 0.5992578125 0.391630434375 0.625927734375 0.38255434843749997 0.64888671875 0.3776086953125 0.702958984375 0.3734891296875 0.705927734375 0.3701847828125 0.705927734375 0.368543478125 0.702958984375 0.3652391296875 0.696298828125 0.3652391296875 0.64814453125 0.369369565625 0.6251855468749999 0.3743152171875 0.597041015625 0.38338043437499997
1 0.675556640625 0.718119565625 0.678515625 0.7214130437499999 0.6799999999999999 0.7214130437499999 0.682958984375 0.718119565625 0.6814843749999999 0.703282609375 0.6807421875 0.6991521734374999 0.6777734375 0.6958586953125 0.676298828125 0.6958586953125 0.673330078125 0.6991521734374999 0.674814453125 0.714 0.675556640625 0.718119565625
1 0.705927734375 0.5070543484375001 0.7037011718749999 0.5218913046875 0.6977734375 0.53508695625 0.6977734375 0.5367391296874999 0.7007421875000001 0.5400326093750001 0.7022265625 0.5400326093750001 0.704443359375 0.5383804343749999 0.71037109375 0.5251956515625 0.713330078125 0.5045760875 0.7014843749999999 0.48891304375000005 0.7007421875000001 0.4864456515625 0.7 0.4872608703125 0.697041015625 0.48561956562499997 0.694072265625 0.48891304375000005 0.694072265625 0.4913913046875 0.705927734375 0.5070543484375001
2 0.5599999999999999 0.6966847828125 0.567412109375 0.6999782609375 0.583701171875 0.7065760875 0.607412109375 0.7115217390625 0.634072265625 0.7189456515625 0.6977734375 0.7222391296875 0.7111132812500001 0.7222391296875 0.714072265625 0.7189456515625 0.714072265625 0.717293478125 0.7111132812500001 0.714 0.672587890625 0.7131739125000001 0.634814453125 0.7106956515625 0.60814453125 0.703282609375 0.587412109375 0.6991521734374999 0.5599999999999999 0.6884347828124999 0.5570410156250001 0.6917391296875001 0.5570410156250001 0.6933804343750001 0.5599999999999999 0.6966847828125
1 0.694814453125 0.493032609375 0.698515625 0.49468478281249995 0.7014843749999999 0.4913913046875 0.7007421875000001 0.4872608703125 0.6814843749999999 0.44356521718749997 0.6777734375 0.44192391249999996 0.674814453125 0.445217390625 0.675556640625 0.44933695625 0.694814453125 0.493032609375
2 0.58888671875 0.1756086953125 0.5918554687500001 0.17891304375 0.5933300781249999 0.17891304375 0.617041015625 0.166543478125 0.6385156249999999 0.16325 0.66962890625 0.16325 0.696298828125 0.166543478125 0.7014843749999999 0.166543478125 0.704443359375 0.16325 0.704443359375 0.1615978265625 0.7014843749999999 0.15830434843750002 0.696298828125 0.1574782609375 0.67037109375 0.155 0.6377734375 0.155 0.6140722656250001 0.15911956562500001 0.59037109375 0.17148912968750002 0.58888671875 0.1756086953125
0 0.6756249999999999 0.25075 0.67458984375 0.2568043484375 0.67640625 0.2614347828125 0.6793847656249999 0.26591304375 0.68185546875 0.27008695625 0.6880859375 0.2699456515625 0.6937890624999999 0.2651847828125 0.697412109375 0.26258695625 0.693134765625 0.2589782609375 0.69015625 0.2546521734375 0.6861328125 0.250456521875 0.682890625 0.24843478281250003 0.6756249999999999 0.25075
1 0.6903710937499999 0.6035217390625001 0.6881445312500001 0.60433695625 0.6874121093750001 0.608467390625 0.6903710937499999 0.6117608703124999 0.694072265625 0.6109347828125 0.6977734375 0.6059891296875 0.70888671875 0.5952717390625 0.7111132812500001 0.5944456515625001 0.7177734375 0.5730108703125001 0.7177734375 0.570532609375 0.714814453125 0.5672391296875 0.713330078125 0.5672391296875 0.7096289062500001 0.5721847828125 0.705185546875 0.5886739125 0.6903710937499999 0.6035217390625001
0 0.682109375 0.3693586953125 0.6812109375000001 0.37715217343749996 0.6813378906249999 0.3835 0.68599609375 0.38509782656249997 0.692353515625 0.3820652171875 0.6979296875000001 0.3814891296875 0.7020898437499999 0.375717390625 0.7020898437499999 0.3683478265625 0.7000195312499999 0.36141304375 0.6958593750000001 0.35983695625 0.6891210937500001 0.364880434375 0.682109375 0.3693586953125
1 0.6992578125 0.8755978265625 0.7 0.8788913046875001 0.702958984375 0.8821847828125 0.704443359375 0.8821847828125 0.707412109375 0.8788913046875001 0.707412109375 0.8755978265625 0.6992578125 0.818706521875 0.698515625 0.8154021734375 0.695556640625 0.8121086953125 0.694072265625 0.8121086953125 0.69111328125 0.8154021734375 0.69111328125 0.818706521875 0.6992578125 0.8755978265625
0 0.684697265625 0.7189891296875001 0.67505859375 0.727967390625 0.675732421875 0.7386956515625 0.684033203125 0.7426847828125 0.6876171875 0.7464347828125 0.6961328124999999 0.7449347828125 0.694560546875 0.7379456515625 0.6896289062500001 0.735206521875 0.6909765625000001 0.730217390625 0.6925390625000001 0.7267282609375 0.697470703125 0.7284782609375 0.702890625 0.72875 0.706884765625 0.7215 0.71140625 0.7192717390625 0.710224609375 0.7142391296875 0.705322265625 0.71475 0.6994921875 0.71675 0.6934375 0.7135 0.684697265625 0.7189891296875001
2 0.576298828125 0.2621847828125 0.576298828125 0.26383695625 0.5792578125000001 0.267130434375 0.582958984375 0.267130434375 0.6022265625000001 0.26383695625 0.62962890625 0.2613586953125 0.6570410156250001 0.2613586953125 0.692587890625 0.26547826093750004 0.697041015625 0.26547826093750004 0.7 0.2621847828125 0.7 0.260532609375 0.697041015625 0.25723912968749996 0.69185546875 0.25641304374999996 0.6570410156250001 0.253119565625 0.62962890625 0.253119565625 0.582958984375 0.25806521718750003 0.5792578125000001 0.258880434375 0.576298828125 0.2621847828125
1 0.677041015625 0.2729021734375 0.682958984375 0.28691304375 0.686669921875 0.2885652171875 0.6896289062500001 0.28527173906250003 0.68888671875 0.2811413046875 0.684443359375 0.2720760875 0.685185546875 0.26547826093750004 0.6874121093750001 0.259706521875 0.684443359375 0.25641304374999996 0.682958984375 0.25641304374999996 0.6807421875 0.25806521718750003 0.6777734375 0.26465217343749997 0.677041015625 0.2729021734375
0 0.69994140625 0.8068043484375 0.6961328124999999 0.8048043484375 0.6923144531250001 0.8050652171875001 0.68873046875 0.8035543484375 0.6858203125 0.8120434781249999 0.6869433593750001 0.815782609375 0.6873828125 0.8227717390624999 0.689404296875 0.8295108703125 0.69142578125 0.8354891296875 0.6979296875000001 0.8362391296875 0.704423828125 0.8332499999999999 0.702626953125 0.8282608703125 0.7017285156249999 0.8232717390625 0.704873046875 0.8195326093749999 0.71025390625 0.8197717390625 0.7118261718750001 0.8155434781249999 0.70845703125 0.8130434781250001 0.7028515625 0.8068043484375 0.69994140625 0.8068043484375
2 0.5622265625 0.6076413046875 0.56814453125 0.609293478125 0.5925878906250001 0.6142391296875 0.633330078125 0.617532609375 0.6577734375000001 0.6167065218750001 0.6777734375 0.6142391296875 0.7022265625 0.6101086953125 0.705185546875 0.6068152171875 0.705185546875 0.60516304375 0.7022265625 0.601869565625 0.6992578125 0.601869565625 0.666669921875 0.6076413046875 0.633330078125 0.609293478125 0.5925878906250001 0.6059891296875 0.5622265625 0.5993913046875 0.5592578125000001 0.6026956515624999 0.5592578125000001 0.60433695625 0.5622265625 0.6076413046875
1 0.6881445312500001 0.166543478125 0.7533300781250001 0.20694565156250003 0.7548144531250001 0.20694565156250003 0.7577734375 0.2036413046875 0.756298828125 0.19952173906249998 0.754072265625 0.197869565625 0.694814453125 0.1607717390625 0.6874121093750001 0.1574782609375 0.684443359375 0.1607717390625 0.684443359375 0.1624239125 0.6881445312500001 0.166543478125