1 0.6344264109375 0.67986585625 0.6415611734375 0.704446784375 0.643295946875 0.70902915 0.647388865625 0.7111029015625 0.6491963015625 0.710784203125 0.6523233515625 0.707437375 0.6451983578125 0.682854721875 0.6434635859375 0.6782723578125001 0.6393719578125 0.6762059328125 0.6375645234375 0.6765246312500001 0.6344264109375 0.67986585625
0 0.509180828125 0.20556961093749998 0.5009797359375 0.21087642187500003 0.49871153125 0.21749434375 0.5044452078125 0.22247466093749999 0.511986165625 0.2230791328125 0.5152882062499999 0.22078185156250002 0.5157055749999999 0.2166359734375 0.5189153375 0.21050178125 0.5136361015625 0.20649906875 0.509180828125 0.20556961093749998
3 0.616044803125 0.7445539375 0.61449308125 0.735753684375 0.5899027078125 0.6332582890625 0.568320803125 0.5742191296875 0.555202765625 0.48925385937500004 0.5312960906249999 0.4117742515625 0.5027414343750001 0.3078775046875 0.4756907375 0.19674206562500002 0.47262657968750005 0.195189553125 0.4688915515625 0.1951455 0.4648559 0.19865254062499998 0.46616859687499995 0.20609721718750001 0.488968221875 0.29843678281249997 0.5205801171875 0.41435885 0.5444867921875 0.4918384578125 0.5576048328125001 0.576803728125 0.5764971562500001 0.625845546875 0.6052099640625 0.7464644125000001 0.6082754140625 0.748024253125 0.61200915 0.748060978125 0.616044803125 0.7445539375
1 0.6252739296875001 0.5592885046875 0.6050607125 0.5502882484375 0.600426853125 0.5504026828125 0.5972998031250001 0.5537495109374999 0.5995852859374999 0.5561419640625 0.59879555 0.5569763 0.606612434375 0.5590885 0.62183519375 0.566180821875 0.6652780203125 0.5696949046875 0.6679842875 0.5692177171874999 0.6711211078125 0.565869165625 0.6708820828125 0.5645135890625 0.6648628640625 0.5620844109375 0.6252739296875001 0.5592885046875
2 0.6127112359375 0.546143809375 0.6091061359375 0.546779484375 0.56129928125 0.5607924578125 0.48358507968750003 0.5793838203125 0.480448259375 0.5827323718749999 0.48068728437499997 0.5840879484375 0.48477891093750003 0.5861543734375 0.4910902765625 0.585041509375 0.5624931125 0.5675630109375 0.6139050671875 0.5529143624999999 0.6170418875 0.5495658109375 0.6168041546875 0.5482175625 0.6127112359375 0.546143809375
2 0.6092734906249999 0.4685455046875 0.605180571875 0.4664717515625 0.598859434375 0.46758633906249997 0.4802102265625 0.49688617500000004 0.47580691249999996 0.4983652375 0.47267857031249993 0.5017047390625 0.47291759375 0.503060315625 0.47700074375 0.505135790625 0.48152421562500003 0.5043381796874999 0.5134318171875 0.4952214796875 0.600173425 0.47503834375 0.6063756953125 0.47324963281250004 0.609512515625 0.46990108125 0.6092734906249999 0.4685455046875
1 0.5963444124999999 0.4163593984375 0.5925477828125 0.4212220140625 0.587642815625 0.44093726093749996 0.591566803125 0.473760478125 0.5956597218749999 0.47583423125 0.5974671578125 0.47551553125 0.6006039765625 0.4721669796875 0.59690924375 0.44070106249999996 0.60260265625 0.42014415312500003 0.602244765625 0.418114453125 0.598151846875 0.4160406984375 0.5963444124999999 0.4163593984375
1 0.6638078609375 0.376539540625 0.6635688375 0.3751839640625 0.65947591875 0.3731102109375 0.6567696515625 0.3735873984375 0.6351461765625 0.3829835375 0.610588471875 0.391506890625 0.5786082078125 0.4055246546875 0.5737925890625 0.40986430625 0.5740316140624999 0.4112198828125 0.5781147625 0.4132953578125 0.5808210296875 0.41281817031249995 0.6161771390624999 0.3968074328125 0.6372499015625 0.38960120625 0.6606697500000001 0.37988076406250004 0.6638078609375 0.376539540625
1 0.6237756140624999 0.593067821875 0.621308371875 0.594900584375 0.6199789859375 0.5979304375 0.6110943375 0.6267261890625 0.611452228125 0.6287558875 0.615545146875 0.6308296421875 0.6198198265625 0.628678178125 0.6211492109375001 0.6256483265624999 0.630033859375 0.596852575 0.62967596875 0.5948228734375001 0.6255830484375 0.5927491218750001 0.6237756140624999 0.593067821875
1 0.4991442453125 0.21354975468749998 0.4993832703125 0.2149053296875 0.51266995625 0.2216439484375 0.547100775 0.21626795 0.5502375953125 0.21291939843750002 0.5499998625 0.21157115 0.54590694375 0.20949739531249997 0.5141823921875 0.2143962078125 0.5049788546875 0.2097330640625 0.5022725875 0.210210253125 0.4991442453125 0.21354975468749998
1 0.531529896875 0.20714420625000002 0.5322764859375 0.22726065156250003 0.51947634375 0.2602448953125 0.5197140765625 0.2615931421875 0.5238069953125 0.263666896875 0.5280816749999999 0.2615154328125 0.5414338187500001 0.2263486046875 0.5405573015625 0.20555243124999997 0.5364643828125 0.20347867812499998 0.5346569484375 0.2037973765625 0.531529896875 0.20714420625000002
0 0.5370053140625 0.34063210625 0.5366977656249999 0.3454008140625 0.5413090015625001 0.348871559375 0.547175825 0.34483764375 0.5548772296875 0.3415530875 0.5552913109375 0.33418925 0.5588844546875 0.3286296546875 0.55459920625 0.3220944359375 0.548458825 0.3261765875 0.5453679515625 0.3297285859375 0.5444483140624999 0.3358820609375 0.5431918312499999 0.3384684078125 0.5370053140625 0.34063210625
0 0.531045478125 0.25015859375 0.5244381109375 0.2515352 0.5178881375 0.2565508734375 0.51555605625 0.262749409375 0.5155417984375 0.269181446875 0.5204725390625 0.27280740312499996 0.5276367921875 0.2713326046875 0.5282376296875 0.2682272234375 0.5280224718750001 0.26055124375 0.53532924375 0.2549714765625 0.531045478125 0.25015859375
2 0.527245734375 0.2567745796875 0.48299777343750006 0.2645766890625 0.4556765359375 0.2679964375 0.41780697968749997 0.280264753125 0.41467015937499996 0.2836133046875 0.41490789218749996 0.284961553125 0.4190008109375 0.2870353078125 0.4226059109375 0.28639963125 0.4577704921875 0.27461583125 0.48419289687499995 0.2713545703125 0.5284408578125 0.2635524609375 0.5315679078125 0.26020563281250003 0.5313288828125 0.25885005625 0.527245734375 0.2567745796875
0 0.61457724375 0.63796625625 0.6218755375 0.6323955390625 0.62355068125 0.6256706421875 0.618345090625 0.6220855953125 0.6118685703125 0.6258039234375 0.6077349859375001 0.6299553171875 0.6091552953125 0.63635350625 0.61457724375 0.63796625625
1 0.6094057703125 0.6277190125 0.60964479375 0.6290745875 0.6147554109375 0.6316639765625001 0.6651735578125 0.64302954375 0.6669809921875001 0.64271084375 0.6701178125 0.6393622921875 0.6677134625 0.636295715625 0.6647681703125 0.635417328125 0.62204804375 0.6254898375 0.6125438812499999 0.6243777875000001 0.6094057703125 0.6277190125
2 0.521832915625 0.21025176874999998 0.521593890625 0.20889619218750002 0.5175009703125 0.20682243906250003 0.507574734375 0.2085727015625 0.475309240625 0.2156597015625 0.45050274218749997 0.22282920156250002 0.41545831875 0.2352944546875 0.4123202078125 0.238635678125 0.41255923125000005 0.239991253125 0.41665215 0.2420650078125 0.4193584171875 0.24158781875000002 0.464099821875 0.22601500625 0.48992531250000004 0.21936846875 0.51869609375 0.2136003203125 0.521832915625 0.21025176874999998
2 0.588232528125 0.40731815625 0.5841493796874999 0.40524267968750005 0.5311759328125001 0.4110927984375 0.50457176875 0.41857927500000003 0.448039425 0.43064025937499995 0.444912375 0.4339870890625 0.44515140000000003 0.4353426640625 0.44923325625 0.43741081406250004 0.45827043125 0.43581731562500003 0.5066644328125001 0.42519134062499997 0.533278365625 0.417703140625 0.5853445015625 0.412020559375 0.588471553125 0.4086737328125 0.588232528125 0.40731815625
0 0.6639889140624999 0.70749589375 0.6588654468749999 0.704319459375 0.6518728953124999 0.7036258453124999 0.64430881875 0.7060324421875 0.642761234375 0.711881103125 0.64290075 0.7159287859375 0.6480051890625 0.7205969609375 0.6559282343749999 0.7217687015625 0.6606845734375 0.7211491328124999 0.6596948828125 0.715536315625 0.654635290625 0.7127792687500001 0.658020746875 0.7108979265625 0.6639889140624999 0.70749589375
1 0.5458502625 0.33589173906249997 0.5427121500000001 0.3392329625 0.5451177921875 0.3423068671875 0.575678028125 0.3466872203125 0.6095691984375 0.3435067375 0.6149817328125 0.3425523625 0.6181185515625 0.3392038109375 0.6178808203124999 0.33785556250000004 0.6137879015625 0.335781809375 0.5753927984375 0.33975645625 0.5504828296875 0.335769975 0.5458502625 0.33589173906249997
0 0.561726915625 0.41279266718749996 0.5634734046875 0.41784139218750005 0.570667159375 0.4180764359375 0.5773481734375 0.4171174953125 0.5855018328125 0.4098849015625 0.58245143125 0.40549674218750004 0.5719995875 0.40455179374999994 0.5648729953125 0.40795409843749997 0.561726915625 0.41279266718749996
1 0.5716272640625 0.40815330625 0.5650671 0.4079123171875 0.56193028125 0.41126086875 0.56433463125 0.4143274453125 0.60566810625 0.4217039921875 0.6394293484375 0.41784378125000005 0.6633832203125001 0.41640795781250006 0.6678969218749999 0.41561207187500004 0.6710350328125 0.412270846875 0.6707960078124999 0.41091527031249997 0.666703090625 0.4088415171875 0.6053718156250001 0.4147676234375 0.5716272640625 0.40815330625
1 0.6694810265625 0.487953884375 0.6741135953125 0.487832121875 0.677251709375 0.48449089843750004 0.674847359375 0.48142432187499995 0.5990984593750001 0.46894191406249996 0.594465890625 0.46906367812500005 0.5913277781249999 0.4724049015625 0.593733421875 0.47547880625000005 0.6694810265625 0.487953884375
2 0.6241573953125 0.6216273734375 0.6151299906250001 0.6232191484375 0.5471030015625 0.638704671875 0.503644778125 0.6456724453125 0.5005177265625 0.6490192734375 0.5007567515625 0.6503748500000001 0.5048386093749999 0.6524429984375 0.548298125 0.6454825515625 0.6164439796875001 0.630671153125 0.62535251875 0.6284052546875001 0.6284893390625 0.6250567031250001 0.6282503140625 0.6237011265625 0.6241573953125 0.6216273734375
0 0.5959827703125 0.5567922953125 0.5935310984375 0.562369721875 0.5984072203124999 0.564086271875 0.6064445765625 0.5594505296875 0.6116446921875001 0.554891975 0.614505959375 0.548381028125 0.60938526875 0.5469342578124999 0.6018298625 0.5510468140625 0.5959827703125 0.5567922953125
0 0.58760725 0.4703863703125 0.5806002484375 0.47440978281249996 0.5805036765625 0.47871819843749996 0.590561078125 0.47908294375000005 0.596493771875 0.47867904687499996 0.60342064375 0.477457653125 0.6092237828125 0.474719359375 0.6058164078125 0.46996349375 0.596268653125 0.46928978125 0.58760725 0.4703863703125
1 0.5583897734375001 0.190538775 0.5462255484375 0.19547910156249998 0.5021524296875 0.2095288015625 0.4990253796875 0.21287562968749998 0.49926440312500003 0.21423120624999997 0.503347553125 0.21630668125 0.5069624234375001 0.21566928281250003 0.559702471875 0.1979834515625 0.5654266921875 0.19348358906250002 0.565188959375 0.19213534062499998 0.5610960406250001 0.1900615875 0.5583897734375001 0.190538775
1 0.6473316 0.705522109375 0.6470925750000001 0.7041665328125 0.6463139015625 0.705006475 0.64246000625 0.7042882968749999 0.6393231859374999 0.7076368484375 0.6408287046875001 0.7108619140625 0.652426821875 0.71859335625 0.6879564953124999 0.7458436374999999 0.688194228125 0.7471918875 0.6889839640625001 0.74635755 0.6928280874999999 0.7470774515625 0.695964909375 0.7437289 0.6944691609375 0.7405021109375001 0.6828612734374999 0.7327723921875 0.6473316 0.705522109375
2 0.6588360171875001 0.702095846875 0.6050838953125 0.7087859078125 0.570175028125 0.7114507546875 0.5338166156249999 0.716464 0.5306882734375 0.7198035015625 0.5309272968750001 0.7211590765625 0.535010446875 0.723234553125 0.5713688593749999 0.7182213078124999 0.5971301640625 0.7164667828125 0.6601500062500001 0.709547853125 0.66647114375 0.7084332671875 0.66959819375 0.7050864375 0.66935916875 0.7037308609374999 0.6652773125 0.7016627140625 0.6588360171875001 0.702095846875
1 0.5399747890625 0.2761759171875 0.545913153125 0.33099239687500004 0.547346009375 0.33911852656249997 0.551438928125 0.34119228125 0.5532463625 0.34087358125 0.5563734140625 0.3375267515625 0.55043505 0.282710271875 0.54900219375 0.2745841421875 0.5449105671875001 0.2725177171875 0.543112903125 0.27283469375 0.5399747890625 0.2761759171875
1 0.564360221875 0.22439886874999998 0.5646621390625 0.22085510468749997 0.560578990625 0.218779628125 0.5587715531249999 0.2190983265625 0.556184153125 0.220249640625 0.5518368140625001 0.22730216718750001 0.54165615625 0.23817871249999997 0.520136153125 0.25873083124999996 0.5197140765625 0.2615931421875 0.5238069953125 0.263666896875 0.5272932296875 0.26235709687500003 0.5526098625 0.2369423609375 0.5559759375 0.234951109375 0.56032456875 0.227905909375 0.564360221875 0.22439886874999998
1 0.6067241 0.52275824375 0.6032630484375 0.550605225 0.6036209390625 0.552634925 0.6077040890625 0.5547104 0.6095115234375 0.5543917015625001 0.61264834375 0.55104315 0.6166601078125 0.5210062578125 0.616302215625 0.5189765562499999 0.6122092968749999 0.5169028046874999 0.6104018625000001 0.5172215046875 0.6067241 0.52275824375
2 0.558060690625 0.3365266015625 0.553978834375 0.3344584515625 0.49889603437499996 0.3441710359375 0.47758424843749997 0.35002168437500003 0.43074888749999996 0.35897510781249997 0.4276218359375 0.36232193437500004 0.42786086093750003 0.3636775109375 0.4319440109375 0.36575298749999996 0.45361368906250005 0.3619320390625 0.4787780796875 0.3567922375 0.500089865625 0.3509415890625 0.555172665625 0.34122900624999997 0.558299715625 0.3378821765625 0.558060690625 0.3365266015625