1 0.5736976984375 0.7429419828125 0.5752254781249999 0.7704195984375 0.5759340546875 0.7756398359375 0.579718296875 0.778802221875 0.581687875 0.77890544375 0.5857713 0.776155384375 0.58425416875 0.748678328125 0.5835455921875 0.7434580890625 0.57976093125 0.7403036921874999 0.5777913531250001 0.7402004718749999 0.5736976984375 0.7429419828125
0 0.5572253234375 0.215757396875 0.547355115625 0.21933373125000002 0.5433801234375 0.22571844687499998 0.5481796546875 0.2323226859375 0.555929490625 0.2347796484375 0.559942396875 0.2331714640625 0.5613817562500001 0.22892897968749998 0.5662256828125 0.223278746875 0.561665634375 0.217808596875 0.5572253234375 0.215757396875
3 0.5388111953125 0.80626695 0.5393140390625 0.7966721171875 0.5383460828125 0.6833461484375001 0.5300219015625001 0.616274575 0.536828159375 0.52408845 0.5305280703124999 0.43713556249999996 0.5257479968750001 0.32138275781250003 0.5242927703125 0.1984100671875 0.5214597015625 0.1960425515625 0.5175594828125 0.195093128125 0.5124859453124999 0.197791296875 0.5120605578124999 0.2059081578125 0.5136088171875001 0.308161321875 0.5186827265625 0.437251784375 0.524982815625 0.524204671875 0.51817655625 0.616390796875 0.5261015718750001 0.672338234375 0.527004371875 0.8056481796874999 0.5298370203125 0.808023684375 0.5337376593750001 0.80896511875 0.5388111953125 0.80626695
1 0.5932660734375 0.6144059578125 0.5742772109375001 0.6000885359375 0.5693975265625 0.5990877828125 0.5653140999999999 0.601837840625 0.5671287656249999 0.60489700625 0.5661001328124999 0.6055801078124999 0.5737743671875 0.6096833687500001 0.5879991015625 0.6207950624999999 0.6326375828125 0.634982703125 0.6355866265625 0.63513725625 0.6396806984375 0.63238775625 0.63975815625 0.630909784375 0.634042853125 0.6269091859375 0.5932660734375 0.6144059578125
2 0.58328990625 0.5975968093749999 0.57936139375 0.597390925 0.52591595 0.60051008125 0.4400482421875 0.6011930484375 0.435954171875 0.60394255 0.4358767140625 0.605420521875 0.439661375 0.60857491875 0.44653892968750003 0.6089353562500001 0.5255290828125 0.6078919515625001 0.5829030390625001 0.6049786796875 0.586997109375 0.602229178125 0.5870741484375 0.6007591953125 0.58328990625 0.5975968093749999
2 0.5984511 0.5154697328125 0.59466685625 0.512307346875 0.58777865625 0.5119463515625 0.45645979375 0.5139483968749999 0.4514915859375 0.5144330453125 0.44740857968750003 0.517175115625 0.44733112343750003 0.5186530874999999 0.45110471875 0.521814915625 0.45603398906250003 0.522073246875 0.491647896875 0.5202386203125 0.5873528515625 0.5200712015625 0.5942795703125 0.51969720625 0.59837364375 0.5169477046875001 0.5984511 0.5154697328125
1 0.5975302609375001 0.457670328125 0.59237926875 0.46184646875 0.5824768625 0.4813148984375 0.5786499843749999 0.5166510421875 0.582434228125 0.519813428125 0.58440380625 0.5199166484375 0.5884978765625 0.5171671484375 0.59223665 0.48330841874999997 0.6031681078125 0.4631488984375 0.603284084375 0.46093593593750004 0.5994998421875 0.45777355000000003 0.5975302609375001 0.457670328125
1 0.67779699375 0.4322683515625 0.67787445 0.4307903796875 0.6740902078125 0.42762799375 0.6711411625 0.42747344062500003 0.646227990625 0.43208791093750004 0.6184534609375001 0.435078403125 0.5815785499999999 0.4420300453125 0.5754870265625 0.445411875 0.5754095703125001 0.446889846875 0.579183165625 0.450051675 0.582132209375 0.4502062265625 0.6230237359374999 0.4419830546875 0.64683081875 0.43952965937500005 0.673703340625 0.43500986406250003 0.67779699375 0.4322683515625
1 0.583530459375 0.6494324390624999 0.580503959375 0.6507558578125 0.5783794640625 0.6536085796875 0.5621146453125 0.68162774375 0.56199866875 0.68384070625 0.5657829109375 0.6870030921875 0.5707789921875001 0.6857828953125 0.572903484375 0.6829301734375 0.5891683046875 0.654911009375 0.58928428125 0.6526980453125 0.5855000375 0.649535659375 0.583530459375 0.6494324390624999
1 0.544786884375 0.2216905515625 0.5447094265625 0.2231685234375 0.5569924562499999 0.2334414453125 0.5943439890625 0.236135965625 0.598438059375 0.23338646562499998 0.5985150984375001 0.2319164828125 0.59473085625 0.228754096875 0.5603283671875 0.226214128125 0.5518189359375001 0.219103034375 0.5488698921874999 0.21894848125 0.544786884375 0.2216905515625
1 0.5802458781250001 0.22281186874999998 0.5761641046875 0.24406737500000003 0.554786809375 0.27552768906249997 0.5547097703125 0.276997671875 0.5584940125 0.2801600578125 0.56349009375 0.278939859375 0.585973059375 0.24532646093750002 0.5900831234374999 0.22332741562499997 0.5862988812500001 0.2201650296875 0.584329303125 0.22006180937500003 0.5802458781250001 0.22281186874999998
0 0.5537059703125 0.3639843484375 0.5522310234375001 0.3689059 0.5562202375 0.3736571921875 0.5633385359374999 0.37084988750000003 0.5721966171874999 0.3692713203125 0.5744105328125 0.3616567515625 0.5795169703124999 0.35670121093749996 0.5766099812500001 0.34881826718750003 0.569193584375 0.35160994843750004 0.5650984359375 0.3545837015625 0.562647790625 0.3608079734375 0.5607068578125001 0.363213690625 0.5537059703125 0.3639843484375
0 0.5693391515624999 0.2677586515625 0.5620878984375001 0.2676029375 0.5540169265625 0.271273565625 0.550076446875 0.27720346406249996 0.5485064578125 0.28393852656249996 0.552792690625 0.28892969218750003 0.5606507890625 0.28911720937499996 0.5620306937499999 0.28600916875000004 0.5636612140625 0.2779154109375 0.5726609921875 0.273836834375 0.5693391515624999 0.2677586515625
2 0.563760984375 0.273770953125 0.5155435734375 0.2712439859375 0.4861092921875 0.26821936874999996 0.44349078750000004 0.2719139515625 0.43939671562499993 0.27466345312499996 0.43931967812500006 0.2761334359375 0.44310392031249995 0.279295821875 0.4470324296875 0.27950170625 0.486701471875 0.275660559375 0.5151562875 0.27863384375 0.5633736984375 0.2811608109375 0.5674571234375 0.278410753125 0.56753458125 0.27693278125 0.563760984375 0.273770953125
0 0.5630440343750001 0.6942456765625 0.5720327468749999 0.6901745296875 0.5754126187499999 0.68353431875 0.570828703125 0.6785195421875 0.5631483015625001 0.6808487734375 0.5578164390625 0.684198315625 0.5577567390625 0.6912448484375 0.5630440343750001 0.6942456765625
1 0.5601065484375 0.6822595140625001 0.560029090625 0.6837374859375001 0.5647542796875 0.6876861953125 0.614798234375 0.711786321875 0.6167678125 0.7118895421875 0.6208618828125 0.7091400421875 0.6190857390625 0.7053458859374999 0.6162141515624999 0.7037133609375 0.5738829515625 0.6829815046875 0.5642001999999999 0.6795180015625 0.5601065484375 0.6822595140625001
2 0.5693410609375 0.22372240156249998 0.5694185187499999 0.2222444296875 0.5656342765625 0.21908204375 0.5548175640624999 0.2185151640625 0.5193196343750001 0.21813682812500002 0.49161191249999997 0.2196487890625 0.45190393437500004 0.2242329171875 0.4478102796875 0.22697442968749998 0.44773282343750004 0.22845240000000003 0.45151706718750007 0.2316147859375 0.4544661109375 0.23176933906250002 0.50507890625 0.22627467812500002 0.5337271546875 0.22555702812499998 0.5652469906250001 0.22647190312499998 0.5693410609375 0.22372240156249998
2 0.5912223625 0.44623652812500003 0.587448765625 0.44307470000000004 0.5305670078125 0.43639258124999997 0.5009003546875 0.43780188124999997 0.4387905640625 0.4367658859375 0.43470713906249997 0.43951594375 0.43462968125 0.440993915625 0.438403696875 0.4441477546875 0.44825158906249996 0.44466386093750004 0.501492953125 0.44523508125 0.531170253125 0.443826340625 0.5870614796875 0.450464559375 0.5911449046875 0.4477145 0.5912223625 0.44623652812500003
0 0.5979719171875 0.779037865625 0.5933752046875 0.774471034375 0.5862211453125 0.77205330625 0.5777191187499999 0.7727452921875 0.5746846578125 0.778498365625 0.573852140625 0.782772653125 0.5780682765625 0.7888977015624999 0.586081040625 0.792041365625 0.5912110968750001 0.7925425390624999 0.5915318125 0.7864229375 0.5869005859375 0.782310921875 0.590900271875 0.7811586703125 0.5979719171875 0.779037865625
1 0.5641134 0.36115715625 0.560019746875 0.36389866875 0.5617954734375 0.3677008140625 0.5927354265625 0.379680503125 0.6289910984375 0.3845446453125 0.6348891890624999 0.38485375 0.638983259375 0.38210425 0.6390602984375 0.3806342671875 0.63527605625 0.37747188125000003 0.5941124078125 0.3723505234375 0.568993503125 0.362149921875 0.5641134 0.36115715625
0 0.5621453296875 0.4455618296875 0.5627534203125 0.45127348281249996 0.570229025 0.453259446875 0.577456415625 0.4538705375 0.5877425515625 0.4482651890625 0.58560945625 0.44293024062499997 0.5748940078125 0.4394126171875 0.566609334375 0.441253553125 0.5621453296875 0.4455618296875
1 0.5736334234375 0.443095690625 0.56682268125 0.44125672343750005 0.5627286078125 0.44400622343749996 0.564504753125 0.44780037968749997 0.6060007578125 0.465524403125 0.64228471875 0.46964500625000005 0.6677134515625001 0.47393372031250003 0.672632075 0.4741914953125 0.676725728125 0.47144998281249995 0.6768031859375 0.46997201093749996 0.67301894375 0.46680962499999995 0.6073675078125 0.45818587656250004 0.5736334234375 0.443095690625
1 0.656800825 0.5503633421874999 0.6616809296875 0.5513561078125 0.66577458125 0.5486145953125 0.6639984359375 0.544820440625 0.5877011999999999 0.5134243234375 0.5828210953124999 0.5124315578124999 0.578727440625 0.5151730703124999 0.58050316875 0.518975215625 0.656800825 0.5503633421874999
2 0.577025428125 0.6794451234375 0.5671881828124999 0.678929575 0.49221464375 0.6787014499999999 0.4450258640625 0.67549138125 0.44094244062500004 0.6782414390625 0.44086498281250003 0.6797194109375 0.444638996875 0.68287325 0.49182735781250003 0.686091309375 0.566762378125 0.687054425 0.5766381421875 0.68683498125 0.580732215625 0.6840854796875 0.580809671875 0.682607509375 0.577025428125 0.6794451234375
0 0.5631994171875 0.6047070999999999 0.559283878125 0.609957371875 0.5639745578124999 0.61293494375 0.573511078125 0.6100220546874999 0.5800581218749999 0.6065038781250001 0.584628234375 0.600374659375 0.57961625 0.597620578125 0.5707108562500001 0.60010190625 0.5631994171875 0.6047070999999999
0 0.5753197703125 0.5121585953125 0.5670101546875 0.5146791578125 0.5658673984375 0.5191695046875 0.5763101093749999 0.521983890625 0.5826197578125 0.5229954984375 0.5901680328125 0.5233910875000001 0.5969064125 0.5219257374999999 0.5944884375 0.5161192328124999 0.584654065625 0.5131044109375 0.5753197703125 0.5121585953125
1 0.6123849546875 0.21191095781249997 0.5984536359375 0.2141449109375 0.5489088296875 0.21820550156250001 0.544825403125 0.22095555937500003 0.544747946875 0.22243353125 0.54852154375 0.22559535937500003 0.5524606999999999 0.2258018015625 0.6119595671875 0.22002781875 0.619041203125 0.2166978796875 0.619118240625 0.21522789687500002 0.615333996875 0.21206551093749998 0.6123849546875 0.21191095781249997
1 0.581007590625 0.7729416671875 0.5810850484375 0.7714636953125 0.5800666453125001 0.77215534375 0.5762049453125 0.7704709296875001 0.5721108734375 0.7732204312500001 0.5729075531250001 0.7769632546875 0.5831824828125 0.7878679484375 0.6137966140625 0.82500906875 0.613719575 0.8264790515625 0.61474820625 0.8257959484375 0.618599259375 0.8274798046875 0.6226933328125 0.8247303046875001 0.6219072984375 0.8209880374999999 0.611621721875 0.8100827875000001 0.581007590625 0.7729416671875
2 0.5938819859375 0.7721343546874999 0.535981825 0.766143884375 0.4987852046875 0.7604934203125 0.45950303281249993 0.756952696875 0.4554200265625 0.7596947671875001 0.45534256875 0.7611727390625 0.4591161640625 0.7643345671875 0.4983983375 0.7678752890625 0.5257966484375001 0.772267225 0.59345618125 0.7802592046875 0.6003443828125 0.7806202 0.6044278078125 0.7778701406249999 0.6045052640625 0.77639216875 0.60073125 0.7732383296875 0.5938819859375 0.7721343546874999
1 0.572398690625 0.297175090625 0.56536375625 0.35603958125 0.5648994328125 0.3648994234375 0.568683675 0.368061809375 0.5706532546875 0.3681650296875 0.5747366796875 0.365414971875 0.5817716125 0.3065504796875 0.5822359359375 0.2976906390625 0.578451275 0.2945362421875 0.57649234375 0.294433578125 0.572398690625 0.297175090625
1 0.6104501984375 0.2488282953125 0.611623096875 0.2451886921875 0.6078495015625001 0.24202686406249999 0.6058799234375 0.2419236421875 0.602892359375 0.24250408124999998 0.596635275 0.24884129531250002 0.583345721875 0.257774015625 0.5558437328125 0.2741010484375 0.5547097703125 0.276997671875 0.5584940125 0.2801600578125 0.5624610421875 0.27963095 0.5951140265625 0.2591277765625 0.5991199953125 0.2578556890625 0.6053766609375 0.2515264640625 0.6104501984375 0.2488282953125
1 0.5826747812499999 0.57164905625 0.572318278125 0.5999858734375 0.5722023015625 0.6021988359375 0.5759759 0.6053606640625 0.577945478125 0.6054638859375 0.5820395484375 0.602714384375 0.593502140625 0.5722164937499999 0.5936181171875 0.57000353125 0.5898338734374999 0.5668411453125 0.5878642953125001 0.5667379234375 0.5826747812499999 0.57164905625
2 0.5767451953125 0.3647752125 0.57297118125 0.3616213734375 0.51294694375 0.3584756359375 0.48921731875 0.3594510609375 0.43801234375 0.35750453125 0.43392891718750004 0.360254590625 0.43385146093750004 0.36173256249999997 0.4376250578125 0.364894390625 0.46123870624999996 0.36613192968749997 0.48883045156250005 0.36683292968750003 0.5125600765625 0.36585750625 0.5725843125 0.36900324218749997 0.5766677375 0.366253184375 0.5767451953125 0.3647752125