2 0.727636240625 0.635866884375 0.731009165625 0.63282106875 0.7311864906250001 0.631133934375 0.7285205328125001 0.62745340625 0.7247337765624999 0.6270554015625 0.6870838109374999 0.6290572140624999 0.6549813609374999 0.629083434375 0.6149214609375 0.6248729703125 0.6013977296874999 0.6225986828125001 0.5858866968750001 0.6175680828125001 0.5825038078125 0.6206128515625 0.5823264828125 0.6222999859375 0.5850024046875 0.6259815609375 0.5997648843750001 0.63094470625 0.6548532546875 0.6375876140625001 0.727636240625 0.635866884375
1 0.6853699671875 0.8416834828124999 0.6690533390625 0.844221746875 0.6527749875 0.8391105 0.6494020625 0.8421563140625 0.6492247375 0.8438434499999999 0.6540740875 0.848606346875 0.668169046875 0.852635225 0.6867477640625 0.850334715625 0.6901306515625001 0.8472899484375 0.6903079765625 0.8456028124999999 0.68763205625 0.8419212375 0.6853699671875 0.8416834828124999
0 0.7251288859375 0.641988778125 0.7279189515625 0.6339439375 0.7261218984375 0.6272686328125 0.7210172499999999 0.62301756875 0.7155782109375 0.6193598 0.7084981984375001 0.620770321875 0.7013226312499999 0.6255823453125 0.6952531937499999 0.6305106281249999 0.6902789796875 0.630290815625 0.686465709375 0.6376221156249999 0.6906294359375 0.6507295921875 0.697203996875 0.648951725 0.7034353671875 0.6477550062499999 0.7086461984375 0.6430394796875001 0.7125030421874999 0.6406617484375 0.7188636828125 0.6435073828125 0.7251288859375 0.641988778125
0 0.7633090515625 0.1836362 0.7608567890625 0.180606575 0.7566434109375 0.175831965625 0.7501971796875 0.1763888796875 0.7452441703125 0.17865140156249998 0.7469770609374999 0.18593718125 0.7508799171875 0.1909821515625 0.7536954031249999 0.195924059375 0.758090034375 0.196385953125 0.7632703078125 0.1972334203125 0.7685991703124999 0.1940789625 0.77005795 0.18806008125 0.7674346234375 0.1840698140625 0.7633090515625 0.1836362
2 0.771998346875 0.1919336828125 0.7721745046875 0.1902576453125 0.769509715625 0.1865660203125 0.733530871875 0.1725722984375 0.7063160500000001 0.1697119046875 0.67706568125 0.1717436640625 0.6579461890625 0.1790934296875 0.6559981406250001 0.1831531140625 0.658664096875 0.1868336421875 0.6601787984375 0.18699284375 0.679288325 0.17964202812500002 0.705430590625 0.17813648124999998 0.7318880640625001 0.1809172734375 0.7663522031250001 0.19475179375 0.7686242562500001 0.194990596875 0.771998346875 0.1919336828125
2 0.7187478484375001 0.742194375 0.716083059375 0.7385027484375 0.7041232468749999 0.7432047046875 0.6789539375 0.73545320625 0.61709765 0.720445428125 0.5876601828125 0.7096866703125 0.570585228125 0.6976798265624999 0.5668970984375 0.6964393015625 0.563514209375 0.6994840703125 0.5645867671875 0.703850009375 0.5816605546875 0.715867953125 0.6073223953125 0.72621865625 0.6288024125 0.7327407296875 0.6780684781249999 0.743877784375 0.7032377890625 0.7516292828125 0.7094639609375 0.7505779046875001 0.716800965625 0.7462429578124999 0.7185716906249999 0.7438704109375001 0.7187478484375001 0.742194375
0 0.7510925609375 0.4055054546875 0.7439565703125 0.39949222500000003 0.73575685625 0.3983274 0.7308680109375 0.39997944375 0.729838115625 0.40450596250000004 0.72349995 0.4066228984375 0.7192254609375001 0.412974278125 0.720656628125 0.42054256875 0.725954934375 0.4229511046875 0.7316485187499999 0.41891475937499995 0.7408993296874999 0.41803539843750004 0.7465837843750001 0.4167699734375 0.7514817609375 0.4123470078125 0.7510925609375 0.4055054546875
0 0.6792089546875 0.7515277421875 0.6799864125 0.7599475453125 0.6885199609375 0.7685765453125 0.69549518125 0.7708471109375 0.700101728125 0.7639246328125 0.6952434375000001 0.76001368125 0.69548885625 0.755090490625 0.6985500890624999 0.7523261375 0.7043323171875 0.7554027546875 0.706781303125 0.7531912734375 0.7080690187500001 0.746211746875 0.7050474703125 0.740642184375 0.696365003125 0.7387981796875 0.688434346875 0.737661634375 0.6849330953125 0.741928403125 0.6792089546875 0.7515277421875
1 0.6884260906249999 0.73984909375 0.6869113890625 0.7396898921874999 0.683537296875 0.74274680625 0.6839017203125 0.7538501906249999 0.688959853125 0.8148133171874999 0.68944125 0.8174225734375 0.6921171734375 0.821104146875 0.6936219109375 0.8212623015625 0.6970048 0.818217534375 0.696640378125 0.8071141531249999 0.6915834109375 0.746139925 0.6911008453124999 0.7435417671875 0.6884260906249999 0.73984909375
1 0.73877578125 0.515310596875 0.7354016921875 0.5183675109375 0.7352243671875 0.5200546453125 0.7378903234374999 0.5237351734375 0.7930673546875 0.5295345124999999 0.8082731484375 0.53027981875 0.8116560375 0.5272350515625 0.8118333625 0.525547915625 0.8091574406250001 0.521866340625 0.7947976609375 0.5203570671875 0.73877578125 0.515310596875
1 0.7366279062500001 0.4120875796875 0.811288853125 0.421640534375 0.8146617765625 0.41859471875 0.8148391015625001 0.4169075828125 0.8121731453125 0.41322705624999995 0.7375121984375 0.4036741015625 0.734139275 0.4067199171875 0.7339619500000001 0.40840705312500003 0.7366279062500001 0.4120875796875
1 0.7263029203125 0.4739925359375 0.7227022875 0.4719195421875 0.7193293640625 0.4749653578125 0.7191520390624999 0.4766524921875 0.727158515625 0.5021828265625 0.7367291046875 0.5202128 0.7365529453125 0.5218888359375 0.737398959375 0.5211248687500001 0.7402510390625 0.5231304078125001 0.7436239640625 0.5200845921874999 0.7433099249999999 0.5157871546874999 0.7337393359375 0.4977571796875 0.7263029203125 0.4739925359375
1 0.685717928125 0.649338040625 0.6953662406250001 0.65205789375 0.705231321875 0.6454299984375 0.7067460249999999 0.6455892000000001 0.7069233500000001 0.6439020656250001 0.7148698609374999 0.633672196875 0.7150460203125 0.6319961609375 0.712381228125 0.628304534375 0.7108665265624999 0.6281453328125 0.7091744984374999 0.6296732671874999 0.7085157765625001 0.6287511453125 0.7029975453125 0.6375416859375 0.6947369953125 0.6434741140625 0.690291515625 0.6421539890625 0.687221690625 0.6350306906250001 0.683612259375 0.63294555 0.6802393359375001 0.635991365625 0.6800620109375 0.6376785 0.6836231984375 0.647412103125 0.685717928125 0.649338040625
1 0.75691949375 0.182695296875 0.7535465703125 0.1857411125 0.7533692453125 0.18742824687499998 0.7560352015625 0.191108775 0.782857096875 0.20499294843750002 0.813140384375 0.229464346875 0.8146550875 0.2296235484375 0.818029178125 0.2265666328125 0.8169665859374999 0.22220173906250001 0.792367528125 0.201739325 0.7671489984375001 0.187170784375 0.75691949375 0.182695296875
0 0.694991271875 0.8363205203125 0.6886609625 0.8331862953125 0.6836958796875 0.8301955609375 0.6778524359375 0.8357535953124999 0.6748790062500001 0.8428589437499999 0.6759343203125 0.8513191718750001 0.67741055625 0.8610468578124999 0.6857271359375 0.8637838515625 0.69201270625 0.8619756078125 0.6908390296875 0.85473738125 0.6946735046875 0.8498884140625 0.6987990765625 0.8503220296875 0.7019347703125 0.8441651796875 0.694991271875 0.8363205203125
1 0.6891726953124999 0.710985534375 0.6839794421875001 0.73854006875 0.6833599718750001 0.7444339421875 0.6860259296875 0.74811446875 0.68754063125 0.7482736703125 0.6909235203125 0.745228903125 0.6961068078125 0.7176733234375 0.696726278125 0.7117794484375 0.6940603203125 0.708098921875 0.69254561875 0.7079397203125 0.6891726953124999 0.710985534375
1 0.74617713125 0.1177231859375 0.7427942421875 0.120767953125 0.7425282546875 0.1232986578125 0.7491186562500001 0.14782726875000002 0.754126596875 0.18750784843749999 0.756792553125 0.19118837500000002 0.7583072546875 0.1913475765625 0.76168018125 0.1883017609375 0.76194616875 0.185771059375 0.7563681671875 0.144324790625 0.750446453125 0.12071934687500001 0.74617713125 0.1177231859375
1 0.7650355390625 0.22184966250000002 0.7625861578124999 0.22329799687500002 0.7597932609375 0.22811054843749998 0.7354027953125 0.27832496875 0.735137975 0.280844571875 0.7378127296875 0.284537246875 0.7417668468749999 0.28324706875 0.744569709375 0.2784355640625 0.768950209375 0.22822009687499997 0.769216196875 0.2256893921875 0.766550240625 0.22200886406250003 0.7650355390625 0.22184966250000002
0 0.734230428125 0.27021155 0.7309755359375 0.27481843281249996 0.732944821875 0.2824432796875 0.7358380421875 0.289233796875 0.7388471875 0.2923331734375 0.744658803125 0.2898578953125 0.7520719312499999 0.28537383906249997 0.755488759375 0.284498521875 0.7494151046875 0.278922390625 0.7476730828125 0.27440753125 0.742622634375 0.26954494218749997 0.734230428125 0.27021155
0 0.7314910953125 0.5233655859375 0.7310958171874999 0.5298104671874999 0.7361590015624999 0.5343601734375001 0.7440130890625001 0.5336370078125 0.75115843125 0.5316049125 0.75681935 0.5278793546875 0.7566135125 0.5219772921875 0.7486492499999999 0.515888228125 0.73931190625 0.514906834375 0.731413584375 0.5162425703125 0.7314910953125 0.5233655859375
1 0.7099810671875 0.636569909375 0.7114957703125 0.6367291109375001 0.7148698609374999 0.633672196875 0.71623574375 0.6133913703125 0.7135697875 0.6097108437500001 0.712055084375 0.6095516421875 0.7086821609375 0.6125974578125 0.707316278125 0.632878284375 0.7099810671875 0.636569909375
2 0.7559887468750001 0.2787828671875 0.7500385281249999 0.27730458593749996 0.7125942015625 0.26996870624999997 0.6755537406250001 0.26607559687500004 0.6375010750000001 0.2646235375 0.63411701875 0.2676794046875 0.6339408609375 0.269355440625 0.636615615625 0.27304811562500003 0.67466945 0.2744890734375 0.711709909375 0.2783821828125 0.749812959375 0.28664018593749996 0.7551044546875 0.28719634374999997 0.7584873437499999 0.284151578125 0.75866466875 0.282464440625 0.7559887468750001 0.2787828671875
1 0.716126690625 0.3163060796875 0.714621953125 0.316147925 0.7112390640624999 0.3191926921875 0.7109730765625 0.3217233953125 0.7158431375000001 0.35543049843749996 0.7340506125 0.40756348437499995 0.735299328125 0.4102533890625 0.7388999609375 0.4123263828125 0.7422728859375 0.40928056718750006 0.7424502109375 0.40759343125 0.7229940187499999 0.3527705421875 0.7188026125 0.319987653125 0.716126690625 0.3163060796875
2 0.7047564203125 0.84626851875 0.7020804984375 0.84258694375 0.6578903234375 0.84134269375 0.642773190625 0.83975381875 0.5812321093749999 0.82903238125 0.5767866296874999 0.8277122546875001 0.5670004359374999 0.8190189296874999 0.5664192453125 0.8172632921874999 0.562731115625 0.8160227671875001 0.5593581921874999 0.8190685828125 0.560508278125 0.8226010078125 0.5596622640625 0.8233649734374999 0.5611769671875 0.8235241765625 0.572213040625 0.8348963078124999 0.579590465625 0.8373662578125 0.623839825 0.8454285984375 0.657762215625 0.8498468718750001 0.70119620625 0.851000421875 0.7045790953125 0.8479556546874999 0.7047564203125 0.84626851875
1 0.6883894078125 0.8420008390625 0.686874703125 0.8418416375 0.6835017796875 0.844887453125 0.683059634375 0.8490941921875 0.6832672515625 0.905305521875 0.6835824578125 0.9095918624999999 0.6862484140625 0.9132723875 0.6877631171874999 0.9134315890625 0.691136040625 0.910385775 0.6915781875 0.9061790359374999 0.69137056875 0.84996770625 0.6910553640625 0.8456813656250001 0.6883894078125 0.8420008390625
1 0.7386981890625 0.27611266875 0.7354027953125 0.27832496875 0.7247026390625 0.3001833828125 0.7210647031249999 0.32022540781250003 0.723740625 0.32390698281249997 0.7252453609375 0.3240651375 0.7286282500000001 0.32102036875 0.7320900296875 0.30265438125 0.742612859375 0.2824831015625 0.7428788468749999 0.27995239843749997 0.740212890625 0.2762718703125 0.7386981890625 0.27611266875
3 0.6277339765625001 0.8083782171875 0.6245479578124999 0.83869115625 0.6217765546875 0.9013900265625001 0.621648446875 0.9098942046875 0.6250717546875 0.9136543328125001 0.6281798578125 0.9131281203125001 0.6307167328125 0.9108473203124999 0.6336162437499999 0.839644271875 0.6465362828125001 0.7311930875 0.6657514484375 0.6429862703125 0.682674821875 0.5400619484375 0.6910599359375 0.402192096875 0.700694546875 0.2959542578125 0.7039692265624999 0.2647977515625 0.7132038984375 0.2495971796875 0.7181981390625001 0.18032006875 0.7186797296874999 0.16845271875 0.7119612203125001 0.1524282859375 0.7150585765625 0.1229589140625 0.71305134375 0.120200509375 0.710120565625 0.1190395859375 0.705980325 0.12200475156249999 0.70261698125 0.1540048265625 0.7093454546875 0.1700303078125 0.70528589375 0.2376998828125 0.704400434375 0.246124459375 0.6951657625000001 0.26132503281249997 0.681981684375 0.401237934375 0.6736951984374999 0.5382652671875 0.6566731953125 0.6420321078125 0.637467996875 0.730239971875 0.6277339765625001 0.8083782171875
2 0.7518819453125001 0.40518442343750005 0.72239506875 0.40208522812499997 0.6724208671875 0.39768561406249997 0.64552125 0.3991115609375 0.6421483265625 0.4021573765625 0.6419710015625 0.4038445109375 0.6446369578125 0.40752503906250004 0.6476663640625 0.4078434421875 0.671536575 0.40609909218749995 0.750997653125 0.4135979015625 0.7543705765625 0.4105520859375 0.7545479015625001 0.40886495 0.7518819453125001 0.40518442343750005
2 0.7540307921875 0.5228729453125001 0.7574037171875 0.5198271296875 0.7575810421875 0.5181399953125 0.754915084375 0.5144594671875 0.7511382953125 0.5140625109375 0.7043214140625 0.5159537281250001 0.6649706234375 0.5194713281250001 0.6406965437500001 0.5177729046875 0.6287750109375 0.5148253515625 0.6254020859375 0.517871165625 0.6252247609375 0.5195583015625 0.62789071875 0.523238828125 0.639811084375 0.5261974828125 0.6702226718750001 0.5276880953124999 0.704184509375 0.524445759375 0.7540307921875 0.5228729453125001