1 0.5992773437500001 0.7224249078125 0.602890625 0.7251355312500001 0.604697265625 0.7251355312500001 0.60830078125 0.7224249078125 0.605595703125 0.6973699640625 0.604697265625 0.6926300359375 0.601083984375 0.689926740625 0.5992773437500001 0.689926740625 0.5956640625 0.6926300359375 0.59837890625 0.71768498125 0.5992773437500001 0.7224249078125
0 0.54646484375 0.2150549453125 0.543134765625 0.22108424843750002 0.547841796875 0.2268937734375 0.555048828125 0.22876923124999998 0.558642578125 0.22710622656249999 0.5597558593749999 0.223157509375 0.563916015625 0.2177582421875 0.5594824218750001 0.21297435937500003 0.555322265625 0.2113113546875 0.54646484375 0.2150549453125
3 0.519853515625 0.29790476250000003 0.53068359375 0.4157142859375 0.5406152343749999 0.494930403125 0.53880859375 0.5795604390625 0.5487402343750001 0.630344321875 0.55595703125 0.7522124546875 0.5586621093749999 0.7542490843749999 0.562275390625 0.7549230765625 0.566787109375 0.7522124546875 0.566787109375 0.74341391875 0.56046875 0.6398241765625 0.549638671875 0.578886446875 0.5514453125000001 0.49425641093749995 0.541513671875 0.41504029375 0.531591796875 0.30941391875 0.524365234375 0.197025640625 0.5216601562500001 0.1949963375 0.518046875 0.19431501874999998 0.51353515625 0.197025640625 0.51353515625 0.2044688640625 0.519853515625 0.29790476250000003
1 0.58212890625 0.5673772890625 0.589345703125 0.5707619046875 0.602890625 0.5802417578125 0.644404296875 0.5910769234375 0.647109375 0.5910769234375 0.6507226562499999 0.5883663 0.6507226562499999 0.5870109890624999 0.645302734375 0.5836263734375 0.60740234375 0.5741465203125 0.589345703125 0.5619633703125 0.584833984375 0.5612820515625 0.5812304687500001 0.5639926734375 0.583037109375 0.566703296875 0.58212890625 0.5673772890625
2 0.462998046875 0.572117215625 0.462998046875 0.573472528125 0.46661132812500006 0.5761758234375 0.472919921875 0.5761758234375 0.545126953125 0.571435896875 0.5974707031250001 0.566021978125 0.601083984375 0.5633113546875 0.601083984375 0.5619633703125 0.5974707031250001 0.559252746875 0.5938671875 0.559252746875 0.545126953125 0.5646666671875 0.46661132812500006 0.5694065937499999 0.462998046875 0.572117215625
2 0.46931640625000004 0.4922197796875 0.46931640625000004 0.4935750921875 0.472919921875 0.4962857140625 0.47744140625 0.4962857140625 0.509931640625 0.4929010984375 0.5974707031250001 0.488161171875 0.6037890625 0.48748717968750005 0.60740234375 0.48477655625000005 0.60740234375 0.48342124531249997 0.6037890625 0.48071062343750004 0.5974707031250001 0.48071062343750004 0.47744140625 0.48883516406250005 0.472919921875 0.4895164828125 0.46931640625000004 0.4922197796875
1 0.589345703125 0.48545055000000004 0.5929589843749999 0.488161171875 0.594765625 0.488161171875 0.59837890625 0.48545055000000004 0.60017578125 0.45430769218749995 0.609208984375 0.43534798593749996 0.609208984375 0.43331868125 0.605595703125 0.430608059375 0.6037890625 0.430608059375 0.5992773437500001 0.43467399218749997 0.5911523437499999 0.45295238125 0.589345703125 0.48545055000000004
1 0.5884472656249999 0.41706959687499995 0.583037109375 0.4204542125 0.583037109375 0.4218095234375 0.586640625 0.42452014687500006 0.589345703125 0.42452014687500006 0.626357421875 0.41504029375 0.6480175781249999 0.411655678125 0.6723828125 0.40623443281249993 0.67599609375 0.4035311359375 0.67599609375 0.40217582343749997 0.6723828125 0.3994652015625 0.669677734375 0.3994652015625 0.647109375 0.4048791203125 0.621845703125 0.4089450546875 0.5884472656249999 0.41706959687499995
1 0.58212890625 0.6371135531250001 0.58212890625 0.6391428578125 0.5857421875 0.6418534796875 0.59025390625 0.64049816875 0.592060546875 0.6377875453125 0.605595703125 0.611384615625 0.605595703125 0.6093553109375 0.6019824218750001 0.6066446890625 0.60017578125 0.6066446890625 0.5974707031250001 0.608 0.5956640625 0.6107106234375 0.58212890625 0.6371135531250001
1 0.55595703125 0.22749450625 0.59025390625 0.2281684984375 0.5938671875 0.22545787499999997 0.5938671875 0.224109890625 0.59025390625 0.22139926718749997 0.5586621093749999 0.220725275 0.550537109375 0.21463003593750002 0.54783203125 0.21463003593750002 0.544228515625 0.2173333328125 0.544228515625 0.2186886453125 0.55595703125 0.22749450625
1 0.55595703125 0.2660879125 0.55595703125 0.267435896875 0.5595703125 0.2701465203125 0.56408203125 0.268791209375 0.583037109375 0.236974359375 0.5857421875 0.216659340625 0.58212890625 0.2139487171875 0.580322265625 0.2139487171875 0.5767187500000001 0.216659340625 0.57400390625 0.23629304062499998 0.55595703125 0.2660879125
0 0.576376953125 0.350981684375 0.5780371093750001 0.3439120875 0.582470703125 0.33913553125 0.5794335937499999 0.332065934375 0.572783203125 0.334974359375 0.5691796874999999 0.337890109375 0.567236328125 0.343699634375 0.565576171875 0.3459926734375 0.559208984375 0.3470329671875 0.558095703125 0.3516043953125 0.56197265625 0.35575824218749996 0.568349609375 0.35284981718749997 0.576376953125 0.350981684375
0 0.555048828125 0.26223443281250003 0.551728515625 0.267846153125 0.550615234375 0.2740805859375 0.5547753906249999 0.2784395609375 0.56197265625 0.27823443281250004 0.5630859375 0.2753260078125 0.564189453125 0.267846153125 0.5722265625 0.26368498125 0.568896484375 0.2582857140625 0.562255859375 0.25849084218749996 0.555048828125 0.26223443281250003
2 0.45036132812499996 0.2721758234375 0.453974609375 0.27488644687499997 0.45757812500000006 0.27488644687499997 0.49368164062500003 0.269472528125 0.519853515625 0.27082783906249996 0.56408203125 0.27082783906249996 0.5676855468750001 0.268117215625 0.5676855468750001 0.2667619046875 0.56408203125 0.2640512828125 0.519853515625 0.2640512828125 0.492783203125 0.26269597031249997 0.453974609375 0.268117215625 0.45036132812499996 0.27082783906249996 0.45036132812499996 0.2721758234375
0 0.578603515625 0.646117215625 0.5835839843749999 0.648608059375 0.5916113281250001 0.6444542125 0.594384765625 0.6382197796875 0.589951171875 0.6338534796874999 0.583037109375 0.6363516484375 0.5783203125 0.6396703296874999 0.578603515625 0.646117215625
1 0.584833984375 0.642527471875 0.6317675781250001 0.6621684984375 0.63357421875 0.6621684984375 0.6371875 0.659457875 0.635380859375 0.656073259375 0.63267578125 0.6547179484375001 0.5929589843749999 0.6377875453125 0.583935546875 0.6350842484375 0.580322265625 0.6377875453125 0.580322265625 0.6391428578125 0.584833984375 0.642527471875
2 0.459384765625 0.224109890625 0.45577148437500004 0.22681318749999999 0.45577148437500004 0.2281684984375 0.459384765625 0.23087912031250002 0.46208984375 0.23087912031250002 0.5081249999999999 0.22342857187499998 0.534296875 0.22139926718749997 0.5631738281249999 0.220725275 0.566787109375 0.21801465156250002 0.566787109375 0.216659340625 0.5631738281249999 0.2139487171875 0.553251953125 0.2139487171875 0.52076171875 0.2153040296875 0.49548828125 0.21801465156250002 0.459384765625 0.224109890625
2 0.453974609375 0.4218095234375 0.453974609375 0.4231648359375 0.45757812500000006 0.42586813125 0.46661132812500006 0.42586813125 0.515341796875 0.42383882812499996 0.5424218749999999 0.42112820468749995 0.5938671875 0.42452014687500006 0.5974707031250001 0.4218095234375 0.5974707031250001 0.4204542125 0.5938671875 0.41774358906250003 0.541513671875 0.414358975 0.514443359375 0.41706959687499995 0.45757812500000006 0.4190989015625 0.453974609375 0.4218095234375
0 0.598271484375 0.7250989015625 0.5977148437500001 0.72904761875 0.6018652343750001 0.7344468859375 0.609345703125 0.7369377296875 0.6140625 0.7371501828125 0.6140625 0.7315384609375 0.60962890625 0.728 0.613232421875 0.726754578125 0.619599609375 0.724476190625 0.6151757812499999 0.720520146875 0.608515625 0.7186520140625 0.6007714843749999 0.7196923078124999 0.598271484375 0.7250989015625
1 0.5956640625 0.35951648281250004 0.6290625000000001 0.36222710625 0.63447265625 0.36222710625 0.6380859375 0.35951648281250004 0.6380859375 0.3581684984375 0.63447265625 0.35545787500000003 0.596572265625 0.352747253125 0.57310546875 0.3446227109375 0.56859375 0.34394871718750003 0.56498046875 0.3466520140625 0.566787109375 0.35004395625 0.5956640625 0.35951648281250004
0 0.57083984375 0.42123076875 0.571669921875 0.42642490781250003 0.578603515625 0.42788278437500005 0.585244140625 0.4280952375 0.594384765625 0.422476190625 0.592177734375 0.417699634375 0.5822070312500001 0.4149963375 0.574716796875 0.4170769234375 0.57083984375 0.42123076875
1 0.6119140625 0.437384615625 0.645302734375 0.43941391875 0.6687695312499999 0.442117215625 0.6732812499999999 0.442117215625 0.67689453125 0.43941391875 0.67689453125 0.4380586078125 0.6732812499999999 0.43534798593749996 0.6128125 0.430608059375 0.5812304687500001 0.4184249078125 0.574912109375 0.41706959687499995 0.571298828125 0.41978022031249995 0.57310546875 0.4231648359375 0.6119140625 0.437384615625
1 0.662451171875 0.5125347984374999 0.666962890625 0.513208790625 0.670576171875 0.51050549375 0.6687695312499999 0.5071208796875 0.5974707031250001 0.482065934375 0.5929589843749999 0.481391940625 0.589345703125 0.48409523749999994 0.5911523437499999 0.48748717968750005 0.662451171875 0.5125347984374999
2 0.471123046875 0.6398241765625 0.471123046875 0.6411794875 0.4747265625 0.643882784375 0.518046875 0.644564103125 0.586640625 0.6418534796875 0.5956640625 0.6411794875 0.5992773437500001 0.6384688640625 0.5992773437500001 0.6371135531250001 0.5956640625 0.6344029296875 0.586640625 0.6344029296875 0.518046875 0.6377875453125 0.4747265625 0.6371135531250001 0.471123046875 0.6398241765625
0 0.5794335937499999 0.5667179484375 0.5761035156250001 0.5717069593749999 0.580537109375 0.574205128125 0.58912109375 0.5710842484375 0.59494140625 0.5675531140625 0.598828125 0.5617289375000001 0.594111328125 0.55945055 0.586083984375 0.5621465203125 0.5794335937499999 0.5667179484375
0 0.578603515625 0.484205128125 0.5777734375 0.48836630000000003 0.5874609375000001 0.4904395609375 0.59328125 0.4910622703125 0.600205078125 0.4910622703125 0.606298828125 0.4893992671875 0.60380859375 0.484205128125 0.5946679687499999 0.4819194140625 0.586083984375 0.48150183125 0.578603515625 0.484205128125
1 0.544228515625 0.216659340625 0.544228515625 0.21801465156250002 0.54783203125 0.220725275 0.5514453125000001 0.220725275 0.605595703125 0.21259340624999998 0.6119140625 0.20920879062500003 0.6119140625 0.20786080624999997 0.60830078125 0.20515018281250003 0.605595703125 0.20515018281250003 0.5929589843749999 0.20786080624999997 0.54783203125 0.2139487171875 0.544228515625 0.216659340625
1 0.606494140625 0.7332600734375 0.636279296875 0.7657582421875 0.636279296875 0.7671062265625 0.6371875 0.7664322343750001 0.640791015625 0.7677875453125 0.644404296875 0.7650769234375 0.643505859375 0.7616923078125 0.63357421875 0.7522124546875 0.6037890625 0.7197142859375 0.6037890625 0.718358975 0.602890625 0.71904029375 0.5992773437500001 0.71768498125 0.5956640625 0.7203956046875 0.596572265625 0.7237802203125 0.606494140625 0.7332600734375
2 0.491875 0.71768498125 0.527978515625 0.71904029375 0.553251953125 0.7217435890624999 0.61552734375 0.7258095234375 0.621845703125 0.7258095234375 0.62544921875 0.7230989015625 0.62544921875 0.7217435890624999 0.621845703125 0.71904029375 0.61552734375 0.718358975 0.562275390625 0.715655678125 0.527978515625 0.7122710624999999 0.491875 0.7109157515625 0.48827148437499995 0.713619046875 0.48827148437499995 0.714974359375 0.491875 0.71768498125
1 0.5694921875000001 0.3473333328125 0.57310546875 0.35004395625 0.574912109375 0.35004395625 0.578515625 0.3473333328125 0.58212890625 0.2931648359375 0.58212890625 0.28504029375 0.578515625 0.28233699687499997 0.5767187500000001 0.28233699687499997 0.57310546875 0.28504029375 0.5694921875000001 0.339208790625 0.5694921875000001 0.3473333328125
1 0.5812304687500001 0.2484835171875 0.55685546875 0.2647326 0.55595703125 0.267435896875 0.5595703125 0.2701465203125 0.5631738281249999 0.269472528125 0.592060546875 0.24915750937499997 0.5956640625 0.2478021984375 0.601083984375 0.24171428593750002 0.605595703125 0.2390036625 0.606494140625 0.235619046875 0.602890625 0.23290842500000003 0.601083984375 0.23290842500000003 0.59837890625 0.2335824171875 0.5929589843749999 0.23967765624999998 0.5812304687500001 0.2484835171875
1 0.587548828125 0.5639926734375 0.5911523437499999 0.566703296875 0.5929589843749999 0.566703296875 0.596572265625 0.5639926734375 0.605595703125 0.5355531140625 0.605595703125 0.533523809375 0.6019824218750001 0.5308131875 0.60017578125 0.5308131875 0.5956640625 0.5355531140625 0.587548828125 0.5619633703125 0.587548828125 0.5639926734375
2 0.449462890625 0.34936263749999996 0.449462890625 0.3507179484375 0.45306640624999994 0.353428571875 0.4747265625 0.353428571875 0.5 0.352747253125 0.5216601562500001 0.3507179484375 0.5767187500000001 0.3507179484375 0.580322265625 0.3480073265625 0.580322265625 0.3466520140625 0.5767187500000001 0.34394871718750003 0.5216601562500001 0.34394871718750003 0.5 0.34597802187500004 0.45306640624999994 0.3466520140625 0.449462890625 0.34936263749999996