0 0.76104941875 0.2689936359375 0.76002716875 0.2776267046875 0.764044809375 0.2867223390625 0.77365759375 0.287058025 0.7788741734375 0.28913872343749997 0.7883667359375 0.28593583749999996 0.7878925484375 0.278874415625 0.78396639375 0.27414023906249996 0.779787996875 0.2696480015625 0.7702894984374999 0.26634313593750003 0.76104941875 0.2689936359375
2 0.659928590625 0.25563543125 0.656605615625 0.25912540625 0.6565427296874999 0.26092621718750003 0.6596141609374999 0.2646394890625 0.734621934375 0.2681543515625 0.7852738890625 0.2825322703125 0.7876664984375 0.28261582343749997 0.7909894734375 0.2791258484375 0.791052359375 0.2773250359375 0.7879805109375 0.2736236890625 0.7349359468750001 0.2591622203125 0.659928590625 0.25563543125
1 0.7534130765625 0.668576753125 0.7494535171875001 0.6675310078125001 0.74613054375 0.6710209828125 0.747603371875 0.6746784296875 0.74676754375 0.675544775 0.7483661453125 0.6756006 0.7862910875 0.7111343531250001 0.7902506484375 0.712180096875 0.793573621875 0.7086901218749999 0.792100375 0.7050446015625 0.792926034375 0.704165959375 0.7913274328125001 0.704110134375 0.7534130765625 0.668576753125
1 0.7844259734375 0.3068134125 0.7883547140625 0.308741675 0.791677271875 0.3052636265625 0.791029684375 0.3007394625 0.7800297390625001 0.27243856875 0.7761014125 0.2704983796875 0.7727784390625 0.2739883546875 0.7734260265625 0.27851251875 0.7844259734375 0.3068134125
1 0.8126444718749999 0.185337590625 0.8159670312499999 0.181859540625 0.8145254359375 0.1773076515625 0.7784908500000001 0.15624009218749998 0.775178878125 0.159718509375 0.7766094703124999 0.16428195625 0.8110458703125 0.185281765625 0.8126444718749999 0.185337590625
0 0.726661028125 0.9004335250000001 0.725504940625 0.9104708921875 0.72854288125 0.91483971875 0.7392964265625 0.920146646875 0.7487143328125 0.9124037828124999 0.7402899234375 0.9029273921875 0.745098709375 0.8905817296875 0.7456371921875 0.8809287703124999 0.7307491078125 0.8801939390625 0.7268034625 0.8905876296875 0.726661028125 0.9004335250000001
2 0.6998122890625 0.5325420984375 0.668864846875 0.5260643078125 0.6373432890624999 0.5132619109375 0.6340207296875 0.516739959375 0.6339578453125 0.5185407718749999 0.637029278125 0.5222540437500001 0.6677568265625 0.5350287125000001 0.69870426875 0.541506503125 0.712244853125 0.542886825 0.764861721875 0.5465272546875 0.768184696875 0.5430372796875 0.76824758125 0.5412364671875001 0.765175734375 0.537535121875 0.6998122890625 0.5325420984375
1 0.7453484968749999 0.32704906718750004 0.745254375 0.32974432187499997 0.778236675 0.36961896250000004 0.7769610625000001 0.38307906406250003 0.7800324953125 0.3867923359375 0.7816310984375 0.38684816093749996 0.784954071875 0.38335818593750004 0.785582096875 0.3653739203125 0.7518370234375 0.324577109375 0.748671053125 0.32357101875 0.7453484968749999 0.32704906718750004
2 0.6605054625 0.376313803125 0.657193490625 0.379792221875 0.6571306046875 0.3815930328125 0.6601914515625 0.3853059359375 0.68413871875 0.3861421921875 0.7928107234375 0.3872385625 0.7961231125 0.3837482171875 0.7961859984374999 0.38194740625 0.7931247359375 0.3782464296875 0.76916688125 0.3774098015625 0.6605054625 0.376313803125
1 0.7337144953125 0.8893722343749999 0.72974393125 0.8883380453124999 0.7264315421875 0.8918283890625001 0.7270685453125 0.8963521828125 0.7309344015625 0.9000812546875 0.7682309015625 0.9536111984375 0.768941375 0.9563345484375001 0.772901353125 0.9573683687500001 0.776213325 0.95388995 0.775576321875 0.9493661578125 0.7717108828125 0.9456251578125 0.7344139640625 0.8921071421875 0.7337144953125 0.8893722343749999
2 0.7876949765625 0.1673676125 0.790892178125 0.1674792609375 0.7942045671875 0.1639889171875 0.794267453125 0.1621881046875 0.791206190625 0.1584871296875 0.744451328125 0.14694384062500002 0.7077570671875 0.144766915625 0.6869441171874999 0.14584311875 0.6603112921875 0.1530087046875 0.6554631875 0.1546424125 0.6521402125 0.1581323875 0.6520773265625001 0.1599331984375 0.6551491765625 0.16363454375 0.657541784375 0.16371809531249998 0.6874241125 0.1548629796875 0.7082476484375 0.15378714531249998 0.7433327203125 0.1559078765625 0.7876949765625 0.1673676125
0 0.7862666390624999 0.3736964359375 0.7775793515625 0.37447965 0.77106728125 0.3815717390625 0.7676332625 0.390669846875 0.770733978125 0.3980976203125 0.7745309218750001 0.3998541125 0.78125351875 0.400088871875 0.7896891562499999 0.399834190625 0.79322788125 0.38804119843749996 0.7936395609375 0.383840596875 0.7862666390624999 0.3736964359375
1 0.7520940796875 0.5460813984375 0.756148178125 0.5444199625 0.7918210625000001 0.5069428140625 0.7927510109375 0.5033812140625 0.789679578125 0.49966794062500003 0.7880809765625 0.4996121171875 0.7499530140624999 0.5387946 0.7490226484375 0.5423681265625 0.7520940796875 0.5460813984375
1 0.7354251078125 0.7714842234375 0.7321127203125 0.7749745671875 0.7320498343749999 0.7767753796875 0.7351110953125 0.78047635625 0.7383082984375 0.7805880046875 0.79047640625 0.7743141312499999 0.7937993828125001 0.7708241578125 0.7938622671875 0.7690233453124999 0.79079041875 0.7653219984375 0.7876038015625 0.7652107203125 0.7354251078125 0.7714842234375
0 0.7155623546875 0.7832922515625 0.7231339296875 0.787747753125 0.744021621875 0.7884771671874999 0.7517270546875 0.789402971875 0.757518965625 0.77895435 0.74609176875 0.770173109375 0.7385703203125 0.77247765 0.7362007937499999 0.76626945625 0.7295996062500001 0.758611978125 0.7139999890625 0.7706644 0.7155623546875 0.7832922515625
1 0.716322834375 0.8149371140625 0.7162287140625 0.8176323671875 0.719300146875 0.8213456406249999 0.7241794859375 0.8188174890625 0.7407950296875 0.7779763015625 0.74088915 0.775281046875 0.7378283046874999 0.7715681453125 0.7362297015625 0.7715123203124999 0.7329379609375 0.7741078531250001 0.716322834375 0.8149371140625
1 0.7835124765625 0.37880629374999997 0.7795525 0.3777724765625 0.7762299421875001 0.381250525 0.7768669421875 0.38577431875 0.7845459390625 0.395045571875 0.8157308109375 0.440254528125 0.8164412859375 0.44297787812499995 0.8204008453125 0.444023625 0.823713234375 0.4405332796875 0.82307623125 0.43600948749999996 0.8154078218749999 0.4267386015625 0.7842123640625001 0.38152927812500004 0.7835124765625 0.37880629374999997
2 0.6400156921875 0.87170001875 0.6366927171875 0.87518999375 0.6381343125 0.879741884375 0.654485034375 0.892014503125 0.7341628375 0.8992984625 0.74293926875 0.8996049421875 0.74626224375 0.8961149671875001 0.7463251296875 0.8943141546875 0.7432532796875 0.8906128093750001 0.6563976484375 0.88307819375 0.644738025 0.873667934375 0.6400156921875 0.87170001875
0 0.7662972124999999 0.16697859843750001 0.7710255921875 0.17636174375 0.7770282890625 0.1765713625 0.78647438125 0.175002696875 0.7903104328125 0.16835447812499998 0.790021678125 0.16266074218749998 0.785976725 0.15465073437500002 0.77772200625 0.150028090625 0.7705562546875 0.1551988203125 0.7662972124999999 0.16697859843750001
3 0.6971053140625 0.7017273 0.695692259375 0.7421918953125 0.6902251078125 0.7843179265625 0.684415465625 0.9506842984375 0.688281321875 0.9544133718750001 0.6914991734375 0.9536302078125001 0.693985903125 0.95101850625 0.6997643109375 0.7855465765625 0.7052420484375 0.743420915625 0.706655103125 0.7029563203125 0.7190399796875 0.6457642078125 0.725192175 0.5154221890625 0.7332116359375 0.42297271406250003 0.7336514203125 0.4103789578125 0.7280240874999999 0.3426592140625 0.725728709375 0.293957553125 0.7259485999999999 0.28766067500000003 0.7382705921875 0.232269375 0.7384592484375 0.2268669390625 0.7274440421875 0.10763900156249999 0.725134965625 0.1048598265625 0.7219800000000001 0.10384217656250001 0.7178630171875 0.107304425 0.7177060109375 0.111800490625 0.728878225 0.22653236250000003 0.716399228125 0.28641973125 0.716147684375 0.29362297656249997 0.7184118296875 0.3432190796875 0.7240391609375 0.410938825 0.7236306124999999 0.4226381375 0.71561115 0.5150876109375 0.709490190625 0.6445351859375 0.6971053140625 0.7017273
1 0.7543612078125 0.22922525624999998 0.75442409375 0.22742444375 0.753598434375 0.2283030859375 0.7504641171875 0.22639062656250003 0.7471521453125 0.22986904375 0.7477887296875 0.2344047625 0.7493560968749999 0.2353550296875 0.7734572609375 0.277618075 0.7733947921875 0.2794069609375 0.7742200343750001 0.278540246875 0.7773543515625 0.28045270625 0.780666740625 0.2769623625 0.7800297390625001 0.27243856875 0.778462371875 0.2714883015625 0.7543612078125 0.22922525624999998
1 0.7748571609375 0.6035934296875001 0.7787854859375 0.6055336171875 0.7821084625 0.60204364375 0.78217093125 0.6002547578125 0.7571620765625 0.5381508125 0.7532337515624999 0.536210625 0.7499213625000001 0.53970096875 0.7498584765625 0.5415017796875 0.7748571609375 0.6035934296875001
1 0.7733318421875001 0.120943078125 0.7745312890625 0.155194346875 0.7751159921874999 0.1615193203125 0.7781768375 0.1652322234375 0.7797754390625 0.1652880484375 0.7830984140624999 0.1617980734375 0.78188838125 0.127546434375 0.7813142640625 0.12122182968749999 0.7782428328125001 0.1175085578125 0.77665481875 0.11745310312499999 0.7733318421875001 0.120943078125
2 0.7513583015624999 0.7729480984375 0.6956700015624999 0.765594396875 0.655820775 0.7623998234375 0.6194092921875 0.7521252078125 0.616096903125 0.7556155515625 0.6160340171875001 0.7574163640625 0.6190952796875 0.761117340625 0.6547017515625 0.771375784375 0.6953559890625 0.7745865281250001 0.75181765 0.7828627703125 0.75660286875 0.7830298734375 0.7599254265625001 0.779551825 0.7599883125 0.7777510125 0.75691688125 0.7740377406250001 0.7513583015624999 0.7729480984375
0 0.745671159375 0.6920678921875 0.7516012421875 0.6861614640625 0.7652198343750001 0.68986095625 0.7720525984375 0.682994996875 0.7666624921875 0.67313500625 0.7586251625 0.6738215125 0.7606163109375 0.668099928125 0.742452159375 0.6613162906250001 0.7361733234375001 0.6769061828125 0.7381560484375 0.6856919484375 0.745671159375 0.6920678921875
1 0.73955848125 0.6761885640624999 0.7419510890625001 0.676272115625 0.7452736484375 0.6727940671875 0.743832053125 0.6682421765625 0.723417065625 0.6576186984375 0.7210244578125 0.6575351453125 0.71770148125 0.6610251203125 0.719143078125 0.6655770109375 0.73955848125 0.6761885640624999
1 0.729712696875 0.8892324875 0.7264003078125 0.8927228312500001 0.726337421875 0.89452364375 0.729398684375 0.8982246203124999 0.7318018796875 0.8983085421875 0.7528659578125 0.8900410171875001 0.7561885140625 0.8865629687500001 0.7562514 0.8847621562500001 0.75317996875 0.8810488843750001 0.7507873593750001 0.8809653328125 0.729712696875 0.8892324875
2 0.661698753125 0.6626754781249999 0.637198434375 0.6546078765625001 0.6338860453125 0.6580982203125 0.633823159375 0.6598990328125 0.6368844218749999 0.6636000078125 0.660590734375 0.67163988125 0.707691259375 0.67328466875 0.7650726984375 0.6779870125 0.7683850875 0.67449666875 0.7684479734375 0.672695859375 0.7653867109375 0.66899488125 0.7080052718750001 0.6642925375 0.661698753125 0.6626754781249999
0 0.7628339296875 0.541763846875 0.7658838640625001 0.5369867078125 0.766569090625 0.5313269843749999 0.7602497359375 0.5262226640625001 0.752850065625 0.5311105953124999 0.747564634375 0.537982828125 0.7488793609375 0.5485960359375001 0.7541028859375001 0.5574591515625 0.7587489421875 0.5622184671875 0.76598685 0.5616592703125 0.76925154375 0.557713525 0.7664216359375 0.5492086265625 0.7634026546875 0.5461180890625 0.7628339296875 0.541763846875