2 0.455538746875 0.835426234375 0.4231266640625 0.8291130843750001 0.3750377453125 0.8154247359375001 0.37057116875 0.8179931859374999 0.370383678125 0.81952018125 0.37409621249999997 0.8230929015624999 0.43026947968749996 0.8385573140625 0.45459619531250006 0.8431026984375001 0.5130000796874999 0.8487153546874999 0.5253524578125 0.84944860625 0.5298180140625 0.8468884531249999 0.530006525 0.845353159375 0.5262939906249999 0.8417804390624999 0.455538746875 0.835426234375
2 0.5463623640625 0.5094749562499999 0.5330878890624999 0.50784505625 0.463338453125 0.5016143484375 0.408447540625 0.5011083484375 0.403981984375 0.5036685015625 0.4037934734375 0.5052037953124999 0.4075060078125 0.5087765156249999 0.4115955640625 0.5092786484375 0.4623959015625 0.5092908140625 0.54542083125 0.517143121875 0.5498863875 0.51458296875 0.5500748984375 0.5130476765624999 0.5463623640625 0.5094749562499999
0 0.5192603484375 0.606755021875 0.52723084375 0.613478840625 0.53981270625 0.6104241984375001 0.542887453125 0.604205740625 0.5545964640625 0.6020463796875 0.5461479609375 0.596291596875 0.536493715625 0.5939605421875 0.521369875 0.598985971875 0.5192603484375 0.606755021875
2 0.5642436796875 0.15276619062500002 0.4929871828125 0.158809528125 0.45155189531250006 0.1669560109375 0.44903635 0.1705390265625 0.45274888437499994 0.174111746875 0.45478261093750005 0.1743614578125 0.49938535625 0.16582045781250002 0.5663637875 0.16081027812499998 0.5708293453125 0.158250125 0.5710178546875 0.1567148328125 0.5673053203125 0.1531421140625 0.5642436796875 0.15276619062500002
1 0.5261618609375 0.3193670015625 0.5358821953125 0.28241665781249997 0.5321696593749999 0.27884393749999997 0.5301248828125 0.2785928703125 0.5256583078125 0.281161321875 0.52407693125 0.2856340484375 0.515655715625 0.32041045625 0.5164003562499999 0.32284375625 0.5250318187499999 0.32857046093750003 0.5352252203125001 0.33838925625 0.540237890625 0.3397797421875 0.5447034484375 0.3372195890625 0.54414731875 0.3332509953125 0.5411794234375 0.332111575 0.5261618609375 0.3193670015625
3 0.46419828750000003 0.8746417671875 0.4830731609375 0.7547271390625 0.4857482078125 0.5977964515624999 0.5053966484375 0.3448439859375 0.5076567328125 0.32643706875 0.527426909375 0.22454178281249998 0.5205349515625 0.1287150125 0.51775556875 0.1260403 0.513760778125 0.1247663703125 0.5082773390625 0.127209965625 0.507806571875 0.13104405 0.5151692953125 0.22303673750000003 0.495492865625 0.32416852500000004 0.4931390359375 0.343338940625 0.4734905953125 0.59629140625 0.4708155484375 0.75322209375 0.4519406734375 0.8731367203125 0.45472005781249997 0.8758114328125 0.45871484999999995 0.8770853625000001 0.46419828750000003 0.8746417671875
2 0.4410053953125 0.7511203046875 0.43180942031249997 0.74999118125 0.39958585 0.7421427406250001 0.3951303265625 0.7447125484375 0.3949428359375 0.7462395421875 0.3986443171875 0.7498109046875 0.4308678875 0.7576593484374999 0.46587820625000004 0.759624628125 0.5222483671875 0.7649875734375 0.5267149421874999 0.762419121875 0.5269024328125 0.7608921296875 0.5231898984375001 0.757319409375 0.4668197390625 0.7519564625 0.4410053953125 0.7511203046875
2 0.5643007671875 0.3380673984375 0.5605882328125 0.334494678125 0.521770615625 0.3297284734375 0.4797976109375 0.3253498453125 0.44765940468750004 0.3253040796875 0.4310299796875 0.32559568906249997 0.42657547500000004 0.3281571984375 0.426386965625 0.3296924921875 0.430088446875 0.3332638546875 0.434178003125 0.3337659890625 0.47988297500000004 0.333152521875 0.5596466999999999 0.34216284375 0.5641122578125 0.3396026921875 0.5643007671875 0.3380673984375
0 0.5001727890625001 0.8524895984375 0.5030006390625 0.8574194687500001 0.5113128515625001 0.8581620875 0.5192282765625 0.8528159843750001 0.524754621875 0.84518005 0.5197658921875 0.8391171859375 0.510492175 0.8399918515625 0.5032307265625 0.8431185031249999 0.5001727890625001 0.8524895984375
0 0.565993815625 0.266620775 0.5755783171875 0.2632149515625 0.571560103125 0.25555275625 0.564178009375 0.2503416875 0.5534021265625 0.2510234859375 0.5514941515625 0.2602577875 0.557269121875 0.26613077343749997 0.565993815625 0.266620775
2 0.42577869375 0.579532471875 0.40014180781249997 0.577159665625 0.39568628437500003 0.5797294734375 0.3954977734375 0.5812647656250001 0.399200275 0.5848278296875 0.474884478125 0.5933456734375 0.5267991140625 0.6012784296875 0.55335911875 0.6045395874999999 0.5578146421875 0.6019697796875 0.558003153125 0.6004344859375 0.5543006515625 0.596871421875 0.42577869375 0.579532471875
1 0.5475471921875 0.634969484375 0.53432733125 0.5990859000000001 0.5326595734375 0.595764246875 0.527740646875 0.5936102625 0.523275090625 0.596170415625 0.522991815625 0.59847750625 0.537880453125 0.6376744421875 0.5425161046875 0.6421355140625 0.555857528125 0.6601246109375001 0.5556700375 0.6616516046875 0.5567916984375 0.6610143203125001 0.5606927421875 0.6630517484375 0.5651482671875 0.6604819375 0.5646021703125 0.6565230015625 0.5475471921875 0.634969484375
0 0.5269578421875 0.3295145625 0.5240264140625001 0.33776395 0.5302758171875 0.345986515625 0.53835285 0.3455377484375 0.54300629375 0.34181288125 0.55450488125 0.344656809375 0.5628244328124999 0.34223290781250004 0.5525798421875 0.33237413125000004 0.5389487015625 0.3312732703125 0.5269578421875 0.3295145625
2 0.49585385468750004 0.6675411984374999 0.39610575625 0.6607439953124999 0.3916391796875 0.663312446875 0.39145066875 0.664847740625 0.3951632046875 0.6684204609375 0.40333126249999995 0.669423371875 0.494911303125 0.6752176609375 0.5519223234374999 0.6837677515625 0.5563878812499999 0.6812075984375 0.556576390625 0.6796723046875 0.55286385625 0.676099584375 0.49585385468750004 0.6675411984374999
0 0.535741740625 0.6747385640625 0.51903966875 0.67699246875 0.5190910234375 0.685894515625 0.526161309375 0.693645040625 0.5326595484375 0.69673425 0.53909909375 0.6940879375 0.542047796875 0.688713253125 0.5528261171875 0.6806102125 0.5459969296875 0.6782974953124999 0.535741740625 0.6747385640625
1 0.53999706875 0.426171940625 0.545942890625 0.4284604328125 0.5504094671875001 0.42589198125000005 0.54883545625 0.42180683124999996 0.49696705156250004 0.38818656875 0.49103228125 0.38589943125000004 0.48656570625000006 0.3884678828125 0.488139715625 0.3925530328125 0.53999706875 0.426171940625
1 0.53253193125 0.67282813125 0.5280653546875 0.6753965828124999 0.5277830984375 0.677695371875 0.534907496875 0.6956961203125 0.5521583484375 0.7071564703125001 0.573687265625 0.717583659375 0.5781528218750001 0.71502350625 0.5765798281250001 0.7109300578125 0.546514215625 0.69400436875 0.5428117140625 0.6904413046875 0.5374498375 0.6749904124999999 0.53253193125 0.67282813125
0 0.54464181875 0.4311985359375 0.55189063125 0.434388328125 0.5618802765625001 0.43389640937499996 0.563117921875 0.43003012656250006 0.561620596875 0.4203861328125 0.5522209390625 0.4160730015625 0.5427403703125 0.41863233906249997 0.5397560046875001 0.424297484375 0.54464181875 0.4311985359375
1 0.6087999078124999 0.499231909375 0.6057382671875 0.4988559875 0.5812973515625 0.503647215625 0.5361495265625 0.508220978125 0.5295444296875 0.511301859375 0.52935591875 0.512837153125 0.5330684531250001 0.516409871875 0.53613009375 0.5167857953125 0.5792452109374999 0.5119540234375 0.6057188328125 0.507420803125 0.6099968984374999 0.5063876453125 0.6125013906250001 0.502803271875 0.6087999078124999 0.499231909375
1 0.51292475 0.840922334375 0.510879971875 0.8406712671875001 0.5064254671875 0.8432327765625001 0.5061421937499999 0.845539865625 0.5177890625 0.87733 0.5248488140625 0.9295747750000001 0.5285613484375 0.9331474953125 0.5306061265625 0.9333985625000001 0.5350616484375 0.930828753125 0.5353439046874999 0.9285299640625 0.527455803125 0.874625040625 0.51746665625 0.846146903125 0.51292475 0.840922334375
2 0.5671226046875 0.42482721874999996 0.563420103125 0.4212641546875 0.5583136843750001 0.420637165625 0.493199903125 0.41886753125 0.4359829765625 0.42040095468749994 0.4276264078125 0.4209333359375 0.42315983125 0.42350178749999995 0.422971321875 0.42503708125 0.42668385625000005 0.4286098015625 0.429745496875 0.42898572343749997 0.4860413453125 0.4265473484375 0.5624785703125 0.42893232187499997 0.56693409375 0.4263625125 0.5671226046875 0.42482721874999996
1 0.5826854421875 0.23055167187499997 0.575580478125 0.2039861046875 0.5718679437499999 0.2004133859375 0.569823165625 0.20016231874999998 0.5653676421875 0.2027321265625 0.5650853859375 0.2050309171875 0.5723788609375 0.2300611890625 0.5566641703124999 0.23980732656249998 0.5538469359375 0.25425394843750004 0.557559471875 0.25782666718749997 0.5596042484375 0.258077734375 0.564070825 0.255509284375 0.56659373125 0.2433683921875 0.582309440625 0.233613959375 0.5826854421875 0.23055167187499997
1 0.625698521875 0.116717721875 0.625981796875 0.11441063124999999 0.62226824375 0.1108462109375 0.620223465625 0.11059514374999999 0.617991196875 0.111871071875 0.61706808125 0.11098271875000001 0.597537709375 0.1264941046875 0.545286203125 0.155113821875 0.5438933390625 0.1580512546875 0.5475948203125001 0.16162261718749998 0.551779140625 0.1613529546875 0.5963139203125001 0.1364610609375 0.60170259375 0.134789259375 0.6030017140624999 0.132615325 0.625698521875 0.116717721875
1 0.5270484921875 0.675271728125 0.5267662359374999 0.6775705171874999 0.5440304406250001 0.7396354453125 0.548571328125 0.7448683125 0.5506161046875 0.7451193796875 0.5550716296875 0.7425495703125 0.555353884375 0.74025078125 0.5380906984375 0.6781775546875 0.5335487921875 0.6729529859375 0.5315040140625 0.67270191875 0.5270484921875 0.675271728125
1 0.5740705390625 0.8242953468750001 0.5711974078125001 0.8223841328124999 0.548855884375 0.7931727453125 0.5459827546875 0.7912615296875 0.5197512375 0.7600140734374999 0.5190065984375 0.7575807703125 0.517894971875 0.7582277125 0.5139939250000001 0.7561902859375 0.5095384015625 0.7587600937500001 0.5100844984374999 0.76271903125 0.512957628125 0.764630246875 0.5391891453125 0.7958777031250001 0.539934803125 0.79830270625 0.5428079343750001 0.8002139203124999 0.5651494593749999 0.8294253078124999 0.5662600656250001 0.8287866671874999 0.5701621296875 0.8308157953125 0.574616634375 0.828254284375 0.5740705390625 0.8242953468750001
1 0.533351728125 0.514102784375 0.533633984375 0.51180399375 0.52992043125 0.508239571875 0.5278867046875 0.5079898609375 0.5222047234375 0.5119590953125 0.510759715625 0.529238246875 0.5103826953125 0.5323088328125001 0.5170922234375 0.5705015015625 0.517837884375 0.5729265046875 0.521539365625 0.5764978671875001 0.5235841421874999 0.5767489343750001 0.52805071875 0.5741804828125 0.528332975 0.5718816921875 0.5207840421875 0.53202751875 0.533351728125 0.514102784375
2 0.5764221843749999 0.2562508328125 0.57661069375 0.2547155390625 0.572898159375 0.2511428203125 0.5585957687499999 0.24938670625 0.5298024765625 0.24740977343749998 0.47678726562499996 0.24012531718750002 0.452083528125 0.23865051875 0.4448385859375 0.238535959375 0.44037201093749995 0.2411044109375 0.4401835 0.2426397046875 0.443897053125 0.246204125 0.4768625953125 0.24791833749999997 0.52886094375 0.255077940625 0.5719556078125 0.258819284375 0.5764221843749999 0.2562508328125
0 0.5419501828125 0.16071894375 0.543164590625 0.16946895312500002 0.550823846875 0.1724227265625 0.5595138921875 0.173194890625 0.5576764359374999 0.16321429062499998 0.564727978125 0.161797209375 0.5657000796875 0.1538800765625 0.55651934375 0.14787533125000002 0.5441242640625 0.1492259890625 0.5419501828125 0.16071894375
0 0.5198739515625 0.5084633703125 0.5137985828125 0.517463971875 0.5178268312500001 0.5251358234375 0.5273031171875 0.525718109375 0.5314648546875 0.5167689578125 0.5414891453124999 0.5159948765625 0.5471313984374999 0.513537084375 0.5413910734375 0.5073819359375 0.532991278125 0.5043372359375 0.5198739515625 0.5084633703125
0 0.5006245734375 0.7679428875000001 0.5058221953125 0.7723044812500001 0.51388715625 0.7718626546875 0.5182340937500001 0.7675273234375 0.5236165578125 0.764169959375 0.522604721875 0.7568769015625 0.5117658640625 0.7549648015625 0.5021803421875 0.7583789249999999 0.5006245734375 0.7679428875000001
1 0.5130000796874999 0.8487153546874999 0.5150448578125 0.848966421875 0.519511434375 0.8463979703125 0.5242385296875 0.799492325 0.5205259953125 0.7959196046875 0.5184812171875001 0.7956685375 0.5140146421875 0.7982369890625 0.5092985984375 0.8451439921875 0.5130000796874999 0.8487153546874999
1 0.5722388828125 0.25651219531249997 0.5585010031250001 0.250158503125 0.5540354468750001 0.25271865625 0.5556084375 0.2568121046875 0.5934771624999999 0.27780435 0.6501027796875001 0.2979911984375 0.6672783 0.301658525 0.6717328046875 0.299097015625 0.671921315625 0.2975617234375 0.6682198328125 0.2939903609375 0.647048503125 0.2890574 0.5984024328124999 0.27140875625 0.5722388828125 0.25651219531249997
1 0.5720675953125001 0.0805476 0.5700228187499999 0.08029653437499999 0.5655683140625001 0.08285804375 0.5639748671875 0.087337709375 0.5556584499999999 0.12135197812500001 0.544269340625 0.1549889671875 0.5438933390625 0.1580512546875 0.5475948203125001 0.16162261718749998 0.5496395984375 0.161873684375 0.554106175 0.1593052328125 0.5658712875 0.12260595781250001 0.57578115 0.084112021875 0.5720675953125001 0.0805476
1 0.6281334765625 0.375490140625 0.616818415625 0.36630863125 0.5857359390625 0.34925808593749996 0.5390409015625 0.33262400625 0.5345853765624999 0.33519381406250004 0.534396865625 0.3367291078125 0.5380983500000001 0.340300471875 0.5827486109375 0.3566834828125 0.60994109375 0.37169795781250003 0.6212571734375001 0.38087116875000004 0.6262698453125 0.3822616546875 0.6307354046875 0.379701503125 0.629067646875 0.37637985 0.6301782546875 0.37574120781250003 0.6281334765625 0.375490140625
1 0.5307911437499999 0.712316678125 0.5263245671875 0.71488513125 0.524930684375 0.7178308609374999 0.510838540625 0.756577859375 0.5104615203125 0.7596484453125 0.5141740546875 0.763221165625 0.51621883125 0.7634722328125 0.5206743546875 0.7609024234375 0.5361603828125 0.7192096953125 0.536537403125 0.716139109375 0.5328359218750001 0.7125677453125 0.5307911437499999 0.712316678125
1 0.5647237328125 0.6386285125 0.569641640625 0.6407907953125 0.574107196875 0.6382306421874999 0.5734563031250001 0.6350338453125 0.5326595734375 0.595764246875 0.527740646875 0.5936102625 0.523275090625 0.596170415625 0.52391493125 0.59936585625 0.5647237328125 0.6386285125
1 0.5921062953125 0.37340000624999997 0.542701121875 0.42105362968750004 0.5400918328125 0.42540014375 0.5438043687499999 0.4289728640625 0.5490992953125 0.428064559375 0.5537533625 0.42396911406250004 0.6031474828125 0.37631413125 0.6057577921874999 0.371959321875 0.6020552921875 0.36839625625 0.6000105125 0.3681451890625 0.5921062953125 0.37340000624999997