1 0.5272022656249999 0.3946371734375 0.524169265625 0.39602170000000003 0.5220663984375 0.399670340625 0.525919246875 0.40278576718750003 0.527903015625 0.4028550421875 0.611276415625 0.373750221875 0.6142986921875 0.372365321875 0.6164122796875 0.36871705625 0.6125487109375001 0.3656012546875 0.6105649390625 0.3655319796875 0.5272022656249999 0.3946371734375
0 0.56429370625 0.7814571406249999 0.57212438125 0.7874909484375 0.5800688109375 0.789959725 0.5841953390625 0.7870826625 0.582466975 0.7738580875000001 0.5797213796875 0.76854969375 0.5699337484375 0.7662904703125 0.5635910515625 0.7699118984375 0.56429370625 0.7814571406249999
1 0.5568886828124999 0.6808395093749999 0.5568366984375 0.6823281359375 0.5607002703124999 0.6854439375 0.622792553125 0.6972880296875 0.6793595609375 0.6970317578125 0.68343106875 0.6941930562499999 0.683482771875 0.692712478125 0.6796192 0.689596678125 0.6230521921875 0.689852946875 0.560959909375 0.6780088546874999 0.5568886828124999 0.6808395093749999
1 0.5764137671875 0.77533855625 0.5755050796875001 0.773075190625 0.571641509375 0.769959390625 0.5696577390625001 0.769890115625 0.5655862328125 0.7727288171875 0.565508396875 0.77495773125 0.577721978125 0.8230380687500001 0.5842287609375 0.8642161625 0.5851113156250001 0.8672278640625001 0.58897516875 0.8703356187500001 0.5909589375000001 0.87040489375 0.595019440625 0.8675738640624999 0.5951234078125001 0.8645966109375 0.587655953125 0.822643778125 0.5764137671875 0.77533855625
1 0.6417943921875 0.57957029375 0.635843084375 0.5793624687500001 0.6060150265625001 0.5812936765625001 0.538516515625 0.581917459375 0.5344450109375 0.5847561609375 0.5343930265625 0.5862447859375 0.538256878125 0.5893525390625001 0.547178478125 0.5896640890625 0.6067416296875 0.5887712546875 0.641534753125 0.5870053765625001 0.6455955375 0.5841662999999999 0.645647521875 0.5826776734375 0.6417943921875 0.57957029375
0 0.5298328703124999 0.31315760625 0.5365114906249999 0.310369665625 0.5378455390625 0.30383414062499997 0.5340252953125 0.2979403828125 0.5223478640625 0.2975325984375 0.51916195 0.304833265625 0.52332678125 0.3110049203125 0.5298328703124999 0.31315760625
1 0.6616827062499999 0.7202373546875 0.6578188546875 0.7171296015624999 0.6558458078125 0.7170607 0.6076811234374999 0.7324986828125 0.6076291390625 0.733987309375 0.5686712171875 0.769855665625 0.56754415 0.7735383812500001 0.571407721875 0.7766541828125 0.57542724375 0.77530410625 0.576387634375 0.77608689375 0.57643961875 0.7745982671875 0.6144002953125 0.738695084375 0.6595688359375 0.7238936687499999 0.6616827062499999 0.7202373546875
1 0.58186730625 0.619169659375 0.5809586171875 0.61690629375 0.578003453125 0.6160619046875 0.558628928125 0.6027206109375001 0.5414089734374999 0.5842500984375001 0.5414606765625 0.5827695203125 0.5404483015625 0.5834753593750001 0.5365327468750001 0.581848184375 0.5324719640625 0.584687259375 0.5333286671875 0.58843925 0.553414946875 0.6099907390625 0.5709099515625 0.620277459375 0.5949637703125 0.6419674984375 0.5958724578125 0.6442308640625 0.6008006671875 0.6451441531250001 0.6048718937500001 0.6423134984375001 0.6040151890625001 0.6385615062500001 0.5991650953125001 0.6354112562500001 0.58186730625 0.619169659375
1 0.5226333171875 0.21280495625 0.5185620906249999 0.2156356125 0.521412959375 0.2477514484375 0.55183301875 0.314336746875 0.556631128125 0.318975625 0.558614896875 0.3190448984375 0.56267568125 0.316205821875 0.5627535171875 0.31397690625 0.531372784375 0.24661686875000002 0.5284809375 0.2159819859375 0.5246170859375 0.2128742296875 0.5226333171875 0.21280495625
2 0.56016058125 0.5871446078125 0.5563077328125 0.5840291828125 0.513798190625 0.5795638359375 0.4839591296875 0.5815027140625 0.42640559843750003 0.5817245328125 0.42233409218749995 0.584563234375 0.42228210781250003 0.586051859375 0.426145959375 0.5891596156250001 0.4350675609375 0.5894711640625 0.48469673750000003 0.58897261875 0.5145250765625 0.587033365625 0.5560480937500001 0.5914642625 0.560108878125 0.5886251875 0.56016058125 0.5871446078125
2 0.5786732906250001 0.68234949375 0.5748097203125 0.67923369375 0.569881509375 0.6783204046875 0.5214726421875 0.6721586078125 0.5105779953125 0.6717781578124999 0.4817623140625 0.673003525 0.4202929453125 0.671606215625 0.41622144062500005 0.6744449171875 0.4161697375 0.6759254953125 0.42003330781250003 0.6790412984375 0.482488915625 0.6804811015625 0.5202264796875 0.6795592375 0.56959601875 0.686495775 0.5745500812500001 0.686668775 0.57862130625 0.68383811875 0.5786732906250001 0.68234949375
0 0.53968756875 0.2194186625 0.5344579265625 0.21238001093749997 0.5217237859375 0.21056573125 0.5151900125 0.2196588640625 0.5248829953125 0.224935946875 0.5361477921875 0.22670697187500002 0.53968756875 0.2194186625
2 0.5631473171875 0.47333088125 0.560177025 0.47322715625 0.5292477546875001 0.478100790625 0.4196915375 0.489912546875 0.41668467031249995 0.4905487375 0.41262388593750005 0.49338781249999997 0.41257190312500003 0.49487643906249995 0.41642503125 0.49798381875000003 0.419406046875 0.49808791875 0.5598915343749999 0.48140252656250004 0.5669591859375 0.477927259375 0.5670111703125 0.476438634375 0.5631473171875 0.47333088125
1 0.554174015625 0.4744999109375 0.5521902453124999 0.4744306359375 0.5481294625 0.4772697109375 0.5398673031250001 0.5149511812500001 0.5432629718750001 0.5597507640625 0.5440938234375 0.56424304375 0.5479573953125 0.56735884375 0.5499411640625 0.56742811875 0.5540019484375 0.5645890421875001 0.5497492953124999 0.5160455171875 0.557907765625 0.481333253125 0.558037584375 0.4776157109375 0.554174015625 0.4744999109375
2 0.5365770796875 0.1261776234375 0.5327135078125 0.123061821875 0.46928650312500003 0.12084690312499999 0.44248044062499997 0.12140125625 0.4034601390625 0.130463665625 0.397389734375 0.1339737578125 0.3973377515625 0.135462384375 0.401201603125 0.1385701375 0.404171896875 0.1386738625 0.444204571875 0.1289056109375 0.4690268640625 0.128281984375 0.53245386875 0.1304969046875 0.5365250953125 0.12766625 0.5365770796875 0.1261776234375
1 0.5619205796875 0.6787835953125 0.557018503125 0.6771219703125 0.55295771875 0.6799610453125 0.5528798828125 0.6821899609375001 0.5769333734375001 0.732174196875 0.608147759375 0.7757055390625001 0.6100536921875 0.7780037296875 0.614955771875 0.7796653546875 0.6190272765625 0.776826653125 0.6190792609375 0.7753380265625001 0.589707821875 0.735601171875 0.5638003828125 0.6818301203125 0.5619205796875 0.6787835953125
1 0.600303275 0.43218708125000005 0.600355259375 0.43069845625000003 0.5964916890625 0.42758265624999997 0.5945186421875001 0.42751375625000004 0.59148564375 0.42889828124999996 0.577828028125 0.45076184843749995 0.5512815578125 0.4721672703125 0.5452004296874999 0.47567698593749996 0.5440840875 0.47936007812500003 0.547947659375 0.482475878125 0.552927571875 0.4819085890625 0.5539922109375001 0.479706078125 0.5805386828125 0.45830065624999994 0.5866198109375 0.4547909375 0.600303275 0.43218708125000005
0 0.523998346875 0.3966119078125 0.520785221875 0.40499924531250003 0.527953884375 0.40908444531250004 0.537913484375 0.406419134375 0.547498946875 0.4040146765625 0.5498398765625 0.39969760781249997 0.547008903125 0.3971415359375 0.540934275 0.393086484375 0.532221290625 0.39141262499999996 0.523998346875 0.3966119078125
1 0.52355811875 0.129445065625 0.5194866140625 0.13228376718749998 0.5162412234375 0.168649984375 0.522477646875 0.2172627875 0.526341215625 0.2203785875 0.5283249859375 0.2204478625 0.53238576875 0.2176087859375 0.5325155890625 0.21389124375000002 0.5261493484375 0.16899598437500002 0.529405459375 0.132630140625 0.5255418890625 0.129514340625 0.52355811875 0.129445065625
1 0.5167501078125001 0.1254852515625 0.5166981234375 0.1269738765625 0.520561975 0.1300816296875 0.5255680218750001 0.1287660046875 0.5411571390625001 0.10846838437499999 0.5412091234374999 0.106979759375 0.5373562765625 0.1038643328125 0.53537250625 0.10379505781250001 0.5302886250000001 0.1073395984375 0.5167501078125001 0.1254852515625
3 0.512996828125 0.8297124046875 0.51317863125 0.8245062390625 0.49972428124999996 0.6982029046875 0.49475046718750004 0.5282720203125 0.48286462343750003 0.385644721875 0.48119819843749995 0.2627339125 0.48407118281250006 0.0953006203125 0.48117872500000003 0.09296797968750001 0.47723703906250003 0.092089140625 0.472179290625 0.09488534531250001 0.471218290625 0.1224048046875 0.4693063046875 0.2623186375 0.47146582812500004 0.3993937703125 0.48285857343750005 0.5278567453125 0.48780625625 0.6985359671875 0.500300215625 0.8240565156249999 0.5011049359374999 0.82929713125 0.5039973921875001 0.8316297718750001 0.5079387984375 0.8325166578125 0.512996828125 0.8297124046875
1 0.537863125 0.40171241562500004 0.5399508609375 0.39880443906249996 0.5360872890625 0.3956886375 0.53411424375 0.3956197375 0.4604410328125 0.431025059375 0.45845726249999996 0.43095578437500004 0.4594286578125 0.4317308984375 0.45734092187500003 0.434638875 0.46119376718750005 0.4377543015625 0.4661739625 0.4371789640625 0.4672231921875 0.4357251640625 0.5005256921875 0.41976818437499996 0.5368507484375 0.40241825468750003 0.53883451875 0.4024875296875 0.537863125 0.40171241562500004
0 0.547123921875 0.487925490625 0.5536300093750001 0.4900781765625 0.5602799671875001 0.48811099062499996 0.5662855718750001 0.4833821140625 0.5621019125 0.477749584375 0.5575333921875 0.4723775328125 0.5443498531250001 0.47328674687500005 0.543352615625 0.4809377640625 0.547123921875 0.487925490625
0 0.5469615078125 0.5765084046875 0.5363871921875 0.5860163359375 0.534699 0.5925475484375 0.538509971875 0.5987068453125 0.5450531062499999 0.59949123125 0.5513578671875 0.596956096875 0.5516158203125 0.5895692953125 0.55898539375 0.5879011578125 0.56651738125 0.5815820703125001 0.5582743546875 0.576903459375 0.5469615078125 0.5765084046875
2 0.5335648203125001 0.21243744375 0.4669595875 0.2160733015625 0.40637305625 0.21767964687500002 0.40230183124999996 0.2205103015625 0.40224984687500004 0.22199892812500002 0.40611341718749994 0.22511472968750001 0.41206472656250004 0.225322553125 0.5382589609374999 0.220053571875 0.54231974375 0.2172144953125 0.542371728125 0.2157258703125 0.53851888125 0.21261044375 0.5335648203125001 0.21243744375
1 0.5683834640625001 0.238225471875 0.565350465625 0.23961000000000002 0.561211846875 0.244677990625 0.5205294640625 0.3013361875 0.5204777609375 0.3028167671875 0.5243413328125001 0.3059325671875 0.529347378125 0.304616940625 0.53349671875 0.299549325 0.5741680984374999 0.2428988 0.57422008125 0.2414101734375 0.570367234375 0.238294746875 0.5683834640625001 0.238225471875
0 0.5626601828125 0.6711316375 0.5515778859375 0.67458755625 0.5505412656249999 0.6830589546875 0.5578270015625 0.6945521078125 0.5616649015624999 0.6996327828125 0.569447109375 0.6966014031250001 0.5739080203125 0.6841488578125 0.579970946875 0.6777784703124999 0.5779079203124999 0.6741374265625 0.5626601828125 0.6711316375
2 0.5487426421875 0.4028335296875 0.5528141484375 0.399994828125 0.5528658515625 0.398514246875 0.5490022812500001 0.395398446875 0.53909415625 0.3950524484375 0.507323309375 0.3954334265625 0.46044136093750004 0.4027308625 0.3997250109375 0.4080547484375 0.395731621875 0.40865648906249996 0.3916708375 0.41149556406250004 0.391618853125 0.412984190625 0.3954717015625 0.41609961718750005 0.39943924062499997 0.4162381671875 0.46116824687499997 0.41020039375 0.5080609171875 0.4029033328125 0.5487426421875 0.4028335296875
0 0.5348511703125001 0.1276400203125 0.5259649578125 0.1204736796875 0.5112451984375 0.1232547359375 0.5110156265625 0.1298288296875 0.5188940703125 0.1344947078125 0.5327697328125 0.13497925625 0.5348511703125001 0.1276400203125
1 0.5205036125 0.30207647656250003 0.5175437140625 0.330267325 0.517206240625 0.3399313203125 0.5210590875000001 0.3430467484375 0.5230428578125 0.343116021875 0.5271143625 0.34027731875 0.5300849859375 0.3120868484375 0.530422459375 0.3024228515625 0.5265588890624999 0.29930705 0.52457511875 0.2992377765625 0.5205036125 0.30207647656250003
1 0.5315767046875 0.041861571874999996 0.5316545406250001 0.0396326578125 0.5278014125 0.036525278125 0.5258176437500001 0.036456003125000004 0.5206820578125 0.0414811234375 0.5085819 0.07531454843749999 0.5093191796875 0.1110786515625 0.5147663390624999 0.1254159765625 0.5195647296875 0.13004680625 0.5215484984375001 0.1301160796875 0.525619725 0.127285425 0.5256978421875 0.1250484640625 0.5192792875000001 0.10993602499999999 0.5184641734375 0.0764008375 0.5315767046875 0.041861571874999996
2 0.5375159609375 0.2982072953125 0.5325511765625001 0.298033921875 0.40132504375 0.30535881875 0.39634485 0.30593415468749996 0.3922736234375 0.308764809375 0.392221640625 0.3102534359375 0.39608521093750004 0.3133692375 0.4010392734375 0.3135422375 0.4547660875 0.3094566546875 0.5372563218749999 0.3056423765625 0.54131710625 0.3028033 0.541369090625 0.30131467500000003 0.5375159609375 0.2982072953125
2 0.5825988625 0.7688515890625001 0.5786313234375 0.7687130390625 0.54177659375 0.7726385578125 0.47911305000000004 0.77715325625 0.4336070828125 0.7733325203125 0.42953585624999996 0.776163175 0.42948387343750005 0.7776518 0.43334744374999995 0.7807676 0.479839934375 0.7846227875 0.5823389437500001 0.7762947171875 0.5863997265625 0.773455640625 0.586451709375 0.771967015625 0.5825988625 0.7688515890625001