1 0.5166341640625001 0.42188286562500005 0.5139553015625 0.4238677328125 0.512656984375 0.4278738515625 0.517073371875 0.4301201453125 0.51902819375 0.4297754578125 0.5945284515625 0.38397234375 0.5971967484375 0.3819893390625 0.5985056328125 0.37798135781250003 0.594078678125 0.3757369265625 0.59212385625 0.37608161406249996 0.5166341640625001 0.42188286562500005
0 0.6333394640625001 0.79253814375 0.6422535171875 0.796812009375 0.65053763125 0.7975750953125 0.6539758078125 0.7939029515625 0.6495356703125 0.7813267109375001 0.6457463953125 0.7767051609375 0.6357029265625 0.7765302703125 0.630251771875 0.7813912828125 0.6333394640625001 0.79253814375
1 0.6051766765625 0.6956588406249999 0.60543533125 0.69712574375 0.6098622828125 0.699370175 0.6730602265625001 0.6980457343750001 0.7283378296875 0.686034121875 0.7317301625 0.6824109375 0.7314729062499999 0.6809519640625 0.727045953125 0.6787075328125 0.6717683515624999 0.69071914375 0.6085704078124999 0.6920435859375 0.6051766765625 0.6956588406249999
1 0.6439225453125 0.7840333625 0.6425631359375 0.782008384375 0.6381361812499999 0.7797639515625 0.636181359375 0.7801086390624999 0.6327890234375 0.7837318234375 0.63317630625 0.7859282140625 0.6551194546875 0.8304185328125 0.67004545625 0.8693439515625 0.67153489375 0.8721063453125 0.67596045 0.8743428468750001 0.677915271875 0.873998159375 0.6812984375 0.8703847687499999 0.680781128125 0.8674509625000001 0.664754371875 0.82796746875 0.6439225453125 0.7840333625
1 0.6671719375 0.578949709375 0.6613074703125 0.579983771875 0.6325327484375001 0.58807438125 0.566638934375 0.6027182609375 0.5632465984375 0.60634144375 0.563505253125 0.607808346875 0.567930809375 0.61004485 0.5767222249999999 0.6084946859375 0.6347981500000001 0.5952374859375 0.6684638125 0.5862762984375001 0.67184558125 0.582654978125 0.6715869265625 0.581188075 0.6671719375 0.578949709375
0 0.5022667296875001 0.3416368875 0.508219759375 0.33752130625 0.5081658453125 0.33085123437499997 0.503203703125 0.3258805421875 0.49169666718749994 0.3279095421875 0.4900982671875 0.3357130625 0.49545524687500003 0.340883934375 0.5022667296875001 0.3416368875
1 0.7158719703124999 0.7124078453125 0.7114464140625001 0.7101713421875 0.7095021578125 0.7105141671874999 0.6655997234375 0.73562879375 0.665858378125 0.737095696875 0.6352092296875 0.7802800515625 0.634872475 0.7841166234375 0.639299428125 0.7863610546875 0.64295041875 0.784204775 0.644052571875 0.7847707796875001 0.6437939171875 0.783303875 0.673460371875 0.74029279375 0.7145644843750001 0.71642375625 0.7158719703124999 0.7124078453125
1 0.6167875703125001 0.630143275 0.6154281609375001 0.628118296875 0.612362015625 0.627906771875 0.5906370609375 0.6188852093749999 0.5699531671875 0.6043985515625 0.5696959109375 0.6029395765625 0.5688524109374999 0.6038404765625 0.5646841109375 0.6030629484375 0.5613023421875 0.60668426875 0.562920409375 0.61017615 0.5870485609375 0.6270805140625 0.6062999859375 0.6335050296875 0.634337784375 0.64972001875 0.6356971953125 0.651744996875 0.6407075953125 0.6516136953125 0.6441013296875 0.6479984421875 0.6424832640625 0.6445065609375 0.6370841828125 0.642433540625 0.6167875703125001 0.630143275
1 0.474360015625 0.24497405625000002 0.4709662828125 0.248589309375 0.48043210781249995 0.279410609375 0.524031278125 0.3382161734375 0.529689015625 0.341756096875 0.5316438375 0.3414114078125 0.53502560625 0.33779008906249997 0.5346383234375 0.335593696875 0.48993839687499996 0.276230059375 0.48074039375 0.24686586875 0.47631483750000003 0.2446293671875 0.474360015625 0.24497405625000002
2 0.588896809375 0.6033311296874999 0.584480421875 0.6010848359375001 0.5419714171875001 0.6055552984375 0.5131875265625 0.613655696875 0.45693779687499997 0.6258387203125 0.4535454609375 0.6294619046875 0.453804115625 0.6309288093750001 0.458229671875 0.6331653109375 0.46702108750000004 0.631615146875 0.5154620953125 0.6208090109375 0.54423541875 0.6127104734375 0.585772296875 0.608411425 0.5891540656250001 0.6047901046875 0.588896809375 0.6033311296874999
2 0.62679918125 0.692606553125 0.622372225 0.6903621203125 0.6173618249999999 0.6904934218750001 0.5687297 0.69453104375 0.5579940265625 0.6964240328125 0.530062803125 0.703613740625 0.46964617343750004 0.715027165625 0.46625383749999993 0.7186503484375 0.46651109375 0.7201093234375 0.4709380484375 0.7223537546875 0.5323282046875 0.710776846875 0.569049446875 0.7020290453125 0.6187823296875 0.6985494984375 0.6236641015625 0.6976887109375001 0.627057834375 0.69407345625 0.62679918125 0.692606553125
0 0.4924166578125 0.2478974578125 0.4858378765625 0.242099921875 0.4730048 0.24297286406250002 0.4685043734375 0.2532257390625 0.4790827078125 0.2563722203125 0.490469559375 0.2557624625 0.4924166578125 0.2478974578125
2 0.5681550734374999 0.49138352812499997 0.5652281234375 0.491899628125 0.535988015625 0.50309731875 0.4312816671875 0.5374289796875 0.42847277968749997 0.5386764296875 0.4250910125 0.5422977515625 0.4253496671875 0.5437646546875 0.42976465468749997 0.5460030203125 0.43270217187500004 0.54548505625 0.5666486265625 0.4999557046875 0.572839284375 0.495086934375 0.5725806296875 0.49362003125 0.5681550734374999 0.49138352812499997
1 0.5596209125 0.49439266562500006 0.5576660906249999 0.4947373546875 0.5542843234375 0.498358675 0.55403713125 0.5369345125 0.5666729515625 0.5800491171875 0.5684196453125 0.5842704859375 0.5728465984375 0.5865149187500001 0.5748014218749999 0.58617023125 0.578183190625 0.582548909375 0.5639307015624999 0.535950353125 0.5646938046875001 0.5003003921875 0.5640478671875 0.4966370984375 0.5596209125 0.49439266562500006
2 0.46998823593749994 0.1573406671875 0.465561284375 0.1550962359375 0.4030598046875 0.1661169328125 0.376954775 0.17223246406249998 0.3406713421875 0.1892096171875 0.3354633796875 0.1939051125 0.335722034375 0.195372015625 0.340147590625 0.1976085171875 0.343074540625 0.19709241718749998 0.38020147187500003 0.17921436562499998 0.4043516796875 0.17344352031250002 0.466853159375 0.1624228234375 0.470246890625 0.15880757031249998 0.46998823593749994 0.1573406671875
1 0.6096711640625 0.6926016609375 0.6045307375 0.6919955453125 0.60114896875 0.6956168640625 0.6015362515625 0.69781325625 0.6354564234375 0.7417042140625 0.6750393734375 0.7777944578125 0.6773814781249999 0.7796461609375 0.6825219062500001 0.7802522765625 0.6859142421875 0.77662909375 0.6856555875 0.7751621906249999 0.6486642265625 0.7424003453125 0.612143296875 0.69519078125 0.6096711640625 0.6926016609375
1 0.5959448078125 0.4434136640625 0.5956861531250001 0.44194675781250004 0.5912591984375 0.439702328125 0.58931494375 0.4400451515625 0.58663608125 0.44203001875 0.5778226109375 0.4662553921875 0.5563066796875 0.4927123765625 0.5510881515625 0.49740973437499997 0.5507619609375001 0.5012444421875 0.555188915625 0.503488871875 0.559942059375 0.501898596875 0.5605255062500001 0.49952286562500003 0.5820414359375 0.47306588125 0.587259965625 0.4683685234375 0.5959448078125 0.4434136640625
0 0.51391083125 0.424480578125 0.5125117453125 0.433352678125 0.5203731171875 0.43585815781250004 0.529560925 0.43118037343750004 0.5384370078125 0.4268355296875 0.5398292140625001 0.4221260921875 0.5365286671875 0.42021446874999996 0.5297436921875 0.417511015625 0.5208730921875 0.417685265625 0.51391083125 0.424480578125
1 0.4579331125 0.1632435 0.454540778125 0.16686668437500002 0.4589272703125 0.2031129671875 0.47513458125 0.2493668359375 0.47956153593749995 0.25161126718750004 0.4815163578125 0.2512665796875 0.48489812656250003 0.24764525937499998 0.4842521890625 0.24398196562500002 0.46869081562500003 0.201391390625 0.46431489062500003 0.1651432453125 0.45988793437500003 0.1628988125 0.4579331125 0.1632435
1 0.45045058125 0.1607856828125 0.4507092359375 0.1622525859375 0.455134790625 0.1644890875 0.45975790937500005 0.162161396875 0.4707862546875 0.1390661671875 0.47052759999999993 0.1375992640625 0.4661112125 0.1353529703125 0.464156390625 0.1356976578125 0.45992055625 0.14022174062499998 0.45045058125 0.1607856828125
3 0.593196378125 0.8504041359375 0.5922917859375 0.8452739359375 0.5528715046875 0.7245279499999999 0.5126757625 0.5593445765625 0.471395771875 0.4223052328125 0.4442111671875 0.3024267890625 0.41221003125 0.1380549875 0.4088957984375 0.1363746984375 0.404857525 0.1363345875 0.4004916640625 0.14012125312499998 0.40527328125000006 0.1672391484375 0.4324928 0.30449305312499997 0.4631046546875 0.43812377500000005 0.5009573953124999 0.561410840625 0.541283165625 0.7273316296875 0.5796012921875 0.8475116125 0.5814780109375 0.8524704 0.58479224375 0.8541506906249999 0.5888319156249999 0.85419873125 0.593196378125 0.8504041359375
1 0.5285330828125 0.426586978125 0.5299705968749999 0.42330848281250005 0.5255436421875 0.42106405156250004 0.5235993875 0.4214068765625 0.4588972921875 0.47135602812500005 0.45694247031249996 0.47170071562500004 0.45805379375 0.47225692812500003 0.4566162796875 0.4755354234375 0.46103266718749997 0.4777817171875 0.46578441249999997 0.4761835125 0.466508453125 0.47454333281250005 0.4957655703125 0.452011071875 0.527689584375 0.4274878765625 0.52964440625 0.42714318906250004 0.5285330828125 0.426586978125
0 0.555516215625 0.5089906625 0.5623277 0.5097436156249999 0.5684233390625 0.5064368140625 0.57331451875 0.5005626390625 0.5680512140625 0.495923025 0.5624656140625001 0.49161821406249995 0.5497592046875 0.4952485734375 0.5503744937499999 0.5029397343750001 0.555516215625 0.5089906625
0 0.573774775 0.595671596875 0.5654083437499999 0.607170278125 0.565114959375 0.6139097640625 0.570123240625 0.6191421203125 0.576686475 0.618548971875 0.582326378125 0.6147584015625001 0.5810428921875 0.6074793875 0.5879045984375 0.6043154828125 0.5939581828125 0.59656849375 0.584922546875 0.5937059437500001 0.573774775 0.595671596875
2 0.484976228125 0.24234178750000002 0.42058241875 0.2597461984375 0.3616538265625 0.2739140890625 0.3582600921875 0.27752934375 0.358518746875 0.27899624843750004 0.3629457015625 0.281240678125 0.36881016875 0.280206615625 0.4911512734375 0.2488155171875 0.4945330421875 0.245194196875 0.49427438749999997 0.24372729375 0.489858 0.2414809984375 0.484976228125 0.24234178750000002
1 0.5243956359374999 0.26032708125 0.5217167734375 0.2623119484375 0.5187222890625 0.2681296578125 0.490708815625 0.33200808125000003 0.49096607187499997 0.33346705625 0.495393025 0.33571148906250003 0.50001614375 0.333383796875 0.5030211953125 0.327564221875 0.5310254999999999 0.263695590625 0.5307668453125001 0.2622286875 0.5263504578125 0.25998239375 0.5243956359374999 0.26032708125
0 0.608803675 0.68496314375 0.598682078125 0.69064768125 0.5994294109375 0.6991494859375 0.6089454984375 0.708876696875 0.6137558624999999 0.713048403125 0.6207377515625 0.70846525625 0.62251215 0.6953573515625 0.6271181109375 0.6878656203125 0.6243431484374999 0.6847330687500001 0.608803675 0.68496314375
2 0.53940795 0.4254216125 0.5428002859375 0.4217984296875 0.5425430296875 0.42033945624999997 0.538116075 0.41809502500000006 0.52835253125 0.41981660156249995 0.49735516406249997 0.426794784375 0.4530149203125 0.44368005781250003 0.39473226562499997 0.46151124374999997 0.39095125 0.4629301078125 0.38756948125 0.46655142656250004 0.3878281359375 0.46801833125 0.3922445234375 0.4702646265625 0.39615416875 0.46957525 0.455278921875 0.4508352359375 0.4996297328125 0.433948096875 0.53940795 0.4254216125
0 0.46860409374999995 0.1591299421875 0.45842210000000005 0.15396775000000001 0.4446022171875 0.15974844531250001 0.4457444921875 0.1662266078125 0.45442086406250004 0.1691525078125 0.468094053125 0.16674155468750002 0.46860409374999995 0.1591299421875
1 0.49083744375 0.33273756875 0.4938034328125 0.36092777656249997 0.495482590625 0.37045075625 0.49989897812499995 0.3726970515625 0.5018538 0.3723523625 0.5052461359375 0.36872917968749996 0.5022907125 0.340537109375 0.5006115546875 0.3310141296875 0.49618460156250005 0.32876969843750004 0.49422977812499996 0.3291143859375 0.49083744375 0.33273756875
1 0.4475668421875 0.0759067609375 0.44717955781249996 0.07371036875 0.4427645703125 0.071472003125 0.440809746875 0.071816690625 0.43683116875000005 0.07779974843750001 0.43202979375000006 0.113409596875 0.4401867359375 0.1482388796875 0.4484957578125 0.1611303703125 0.454152096875 0.1646623640625 0.4561069203125 0.164317675 0.45950065156250003 0.160702421875 0.45911197187499997 0.1584981015625 0.4496916265625 0.1450504 0.4419219671875 0.1124175078125 0.4475668421875 0.0759067609375
2 0.506673584375 0.325415871875 0.5017812453125 0.32627852343749997 0.3749456484375 0.3607268015625 0.370193903125 0.36232500624999997 0.3668001703125 0.36594025937499997 0.36705882500000003 0.36740716406249996 0.371485778125 0.3696515953125 0.37636755 0.3687908078125 0.4280708671875 0.353624071875 0.507965459375 0.3327424625 0.5113472265625 0.329121140625 0.511088571875 0.3276542375 0.506673584375 0.325415871875
2 0.648623765625 0.776402196875 0.644714121875 0.777091571875 0.6094809171875 0.7885938390625 0.5491253796875 0.8060383625 0.503819453125 0.8117623406250001 0.5004257187500001 0.8153775937500001 0.5006843734374999 0.816844496875 0.505111328125 0.8190889296874999 0.551389384375 0.8131935390624999 0.6499170390625 0.783736715625 0.6532988078125 0.7801153953125 0.653040153125 0.778648490625 0.648623765625 0.776402196875