1 0.544228515625 0.4509230765625 0.54783203125 0.4536337 0.549638671875 0.4536337 0.62455078125 0.42452014687500006 0.6272558593750001 0.4231648359375 0.6290625000000001 0.41978022031249995 0.62544921875 0.41706959687499995 0.623642578125 0.41706959687499995 0.5487402343750001 0.44618315 0.546025390625 0.44753846093750005 0.544228515625 0.4509230765625
0 0.594765625 0.7967545781250001 0.602080078125 0.8019926734375 0.609384765625 0.8039853484374999 0.613046875 0.8012380953125 0.6110546875 0.7892674000000001 0.608388671875 0.7845274718749999 0.5994140625 0.7827838828125 0.593759765625 0.7862783875 0.594765625 0.7967545781250001
1 0.5884472656249999 0.7095604390625 0.645302734375 0.718358975 0.696748046875 0.7163296703124999 0.700361328125 0.713619046875 0.700361328125 0.7122710624999999 0.696748046875 0.7095604390625 0.645302734375 0.7115897437500001 0.5884472656249999 0.7027912093750001 0.584833984375 0.70549450625 0.584833984375 0.7068498171875001 0.5884472656249999 0.7095604390625
1 0.60830078125 0.8341391937499999 0.61552734375 0.8713772890625 0.61642578125 0.8740879125 0.6200390625 0.8767912093750001 0.621845703125 0.8767912093750001 0.62544921875 0.8740879125 0.62544921875 0.8713772890625 0.61732421875 0.8334652015625 0.605595703125 0.7908058609374999 0.604697265625 0.78877655625 0.601083984375 0.786065934375 0.5992773437500001 0.786065934375 0.5956640625 0.78877655625 0.5956640625 0.7908058609374999 0.60830078125 0.8341391937499999
1 0.5613671874999999 0.6188351640625 0.5613671874999999 0.6201904765624999 0.56498046875 0.6228937734375 0.57310546875 0.6228937734375 0.6272558593750001 0.6201904765624999 0.6588476562500001 0.6174798531250001 0.662451171875 0.61476923125 0.662451171875 0.61341391875 0.6588476562500001 0.6107106234375 0.653427734375 0.6107106234375 0.626357421875 0.61341391875 0.56498046875 0.6161245421875 0.5613671874999999 0.6188351640625
0 0.54255859375 0.3702564109375 0.548544921875 0.3720073265625 0.5545312499999999 0.3692600734375 0.555537109375 0.363274725 0.551875 0.3580366296875 0.541240234375 0.3580366296875 0.53857421875 0.36477655625 0.54255859375 0.3702564109375
1 0.59837890625 0.786065934375 0.5974707031250001 0.78945055 0.601083984375 0.792161171875 0.604697265625 0.7908058609374999 0.605595703125 0.7914871796875 0.605595703125 0.79013186875 0.6389843749999999 0.7562783875 0.6795996093750001 0.741384615625 0.68140625 0.7379926734375 0.6777929687500001 0.7352893765624999 0.67599609375 0.7352893765624999 0.63267578125 0.7508571421875 0.63267578125 0.7522124546875 0.59837890625 0.786065934375
1 0.579423828125 0.6411794875 0.5956640625 0.649978021875 0.6182324218749999 0.6689377296875 0.619130859375 0.6709670328125 0.623642578125 0.671641025 0.6272558593750001 0.6689377296875 0.626357421875 0.6655531140625001 0.621845703125 0.662842490625 0.605595703125 0.6486227109375 0.604697265625 0.64659340625 0.6019824218750001 0.6459194140625 0.583935546875 0.6344029296875 0.5676855468750001 0.6181538468750001 0.5676855468750001 0.6168058609375 0.566787109375 0.6174798531250001 0.5631738281249999 0.6161245421875 0.5595703125 0.6188351640625 0.56046875 0.6222197796875 0.579423828125 0.6411794875
1 0.56859375 0.372380953125 0.57310546875 0.3764468859375 0.574912109375 0.3764468859375 0.578515625 0.3737362640625 0.578515625 0.371706959375 0.54783203125 0.31145055 0.544228515625 0.28368498125 0.5406152343749999 0.28098168437500004 0.53880859375 0.28098168437500004 0.5351953125 0.28368498125 0.53880859375 0.312798534375 0.56859375 0.372380953125
2 0.459384765625 0.6222197796875 0.459384765625 0.6235750921875 0.462998046875 0.6262783875 0.471123046875 0.6262783875 0.51625 0.6242490843749999 0.5433203125 0.6215384609375 0.5812304687500001 0.6242490843749999 0.584833984375 0.6215384609375 0.584833984375 0.6201904765624999 0.5812304687500001 0.6174798531250001 0.5424218749999999 0.61476923125 0.515341796875 0.6174798531250001 0.462998046875 0.6195091578125 0.459384765625 0.6222197796875
2 0.4566796875 0.7041465203125 0.4566796875 0.70549450625 0.46029296875 0.708205128125 0.5171484375000001 0.7075311359375 0.5514453125000001 0.70549450625 0.596572265625 0.7102344328125 0.601083984375 0.7102344328125 0.604697265625 0.7075311359375 0.604697265625 0.7061758234375 0.601083984375 0.7034652015625 0.596572265625 0.7027912093750001 0.55234375 0.6987252749999999 0.5424218749999999 0.6987252749999999 0.51625 0.700754578125 0.46029296875 0.701435896875 0.4566796875 0.7041465203125
0 0.541240234375 0.2919413921875 0.55154296875 0.2931941390625 0.5545312499999999 0.28645421249999997 0.54955078125 0.2802197796875 0.5379101562499999 0.278974359375 0.532255859375 0.28745055 0.541240234375 0.2919413921875
2 0.451259765625 0.536908425 0.44765625 0.5396190468750001 0.44765625 0.540974359375 0.451259765625 0.5436776562500001 0.453974609375 0.5436776562500001 0.5812304687500001 0.52404395625 0.587548828125 0.520659340625 0.587548828125 0.5193040296875 0.583935546875 0.5166007328125 0.5812304687500001 0.5166007328125 0.553251953125 0.5220146515625 0.453974609375 0.5362344328125 0.451259765625 0.536908425
1 0.56859375 0.5958168500000001 0.5694921875000001 0.5998754578125001 0.57310546875 0.60258608125 0.574912109375 0.60258608125 0.578515625 0.5998754578125001 0.57310546875 0.55586813125 0.579423828125 0.52404395625 0.579423828125 0.520659340625 0.575810546875 0.5179487171875 0.57400390625 0.5179487171875 0.5704003906249999 0.520659340625 0.56408203125 0.5551868125 0.56859375 0.5958168500000001
2 0.4223828125 0.213274725 0.4223828125 0.21463003593750002 0.42599609374999997 0.2173333328125 0.42870117187499995 0.2173333328125 0.46480468750000004 0.2071794875 0.48736328125000006 0.20582417656250002 0.545126953125 0.20582417656250002 0.5487402343750001 0.2031208796875 0.5487402343750001 0.2017655671875 0.545126953125 0.1990549453125 0.48736328125000006 0.1990549453125 0.462998046875 0.20041025625 0.42779296875000006 0.209890109375 0.4223828125 0.213274725
1 0.604697265625 0.7515384609375 0.63447265625 0.79013186875 0.636279296875 0.792161171875 0.640791015625 0.7935164828125 0.644404296875 0.7908058609374999 0.644404296875 0.78945055 0.61642578125 0.7542490843749999 0.5911523437499999 0.7061758234375 0.589345703125 0.7034652015625 0.584833984375 0.702109890625 0.5812304687500001 0.7048205125 0.5812304687500001 0.7068498171875001 0.604697265625 0.7515384609375
1 0.57310546875 0.5159194140625 0.5676855468750001 0.5193040296875 0.566787109375 0.5226886453125 0.5704003906249999 0.5253992671875001 0.574912109375 0.524725275 0.575810546875 0.5226886453125 0.5992773437500001 0.5023809531250001 0.604697265625 0.49899633750000005 0.61642578125 0.4780073265625 0.61642578125 0.4766520140625 0.6128125 0.47394139218750003 0.6110156250000001 0.47394139218750003 0.60830078125 0.475296703125 0.596572265625 0.495611721875 0.57310546875 0.5159194140625
0 0.543232421875 0.45580952343750003 0.5498828125 0.459296703125 0.558857421875 0.45655677656250004 0.5675 0.454065934375 0.5694921875000001 0.450065934375 0.5668359374999999 0.4478315015625 0.561181640625 0.444336996875 0.553203125 0.44309157499999996 0.545888671875 0.4480805859375 0.543232421875 0.45580952343750003
1 0.53880859375 0.28504029375 0.5424218749999999 0.287750915625 0.544228515625 0.287750915625 0.54783203125 0.28504029375 0.54783203125 0.28165567812500003 0.5406152343749999 0.2410329671875 0.5424218749999999 0.20786080624999997 0.53880859375 0.20515018281250003 0.537001953125 0.20515018281250003 0.5333886718749999 0.20786080624999997 0.531591796875 0.2410329671875 0.53880859375 0.28504029375
1 0.53068359375 0.2031208796875 0.534296875 0.20582417656250002 0.53880859375 0.2044688640625 0.55234375 0.1855164828125 0.55234375 0.184161171875 0.5487402343750001 0.18145055000000002 0.5469335937500001 0.18145055000000002 0.5424218749999999 0.1848351640625 0.53068359375 0.2017655671875 0.53068359375 0.2031208796875
3 0.491875 0.327699634375 0.498193359375 0.4522783875 0.5126367187499999 0.5687325999999999 0.52255859375 0.7237802203125 0.5379101562499999 0.8375238093749999 0.53880859375 0.8422637359375 0.541513671875 0.844293040625 0.545126953125 0.844974359375 0.549638671875 0.8422637359375 0.549638671875 0.8375238093749999 0.5333886718749999 0.7230989015625 0.523466796875 0.5687325999999999 0.5081249999999999 0.43941391875 0.502705078125 0.327699634375 0.5 0.1753553109375 0.497294921875 0.17332600781250002 0.49368164062500003 0.1726520140625 0.489169921875 0.1753553109375 0.489169921875 0.20041025625 0.491875 0.327699634375
1 0.48827148437499995 0.482065934375 0.48646484375 0.48477655625000005 0.49006835937500004 0.48748717968750005 0.494580078125 0.4868058609375 0.49548828125 0.48545055000000004 0.5252734375 0.46988278437500003 0.557763671875 0.45295238125 0.5595703125 0.45295238125 0.5586621093749999 0.4522783875 0.56046875 0.449567765625 0.55685546875 0.44685714218749994 0.55505859375 0.44685714218749994 0.489169921875 0.481391940625 0.48736328125000006 0.481391940625 0.48827148437499995 0.482065934375
0 0.56982421875 0.530380953125 0.575810546875 0.53213186875 0.581796875 0.5301318687500001 0.587109375 0.525641025 0.583125 0.5206520140625 0.5787988281249999 0.5159120875000001 0.5668359374999999 0.5171575093749999 0.566171875 0.5241465203125 0.56982421875 0.530380953125
0 0.561845703125 0.6259120874999999 0.5655078125 0.631391940625 0.571484375 0.6318974359375 0.577138671875 0.6293919406249999 0.577138671875 0.6226666671875 0.5837890625 0.6209157515625 0.590439453125 0.614930403125 0.58279296875 0.6109377296875 0.572490234375 0.6109377296875 0.5631738281249999 0.6199194140625 0.561845703125 0.6259120874999999
2 0.429599609375 0.2918095234375 0.429599609375 0.2931648359375 0.433212890625 0.2958754578125 0.4386328125 0.2958754578125 0.553251953125 0.2870769234375 0.55685546875 0.28436629999999996 0.55685546875 0.2830109890625 0.553251953125 0.280300365625 0.5487402343750001 0.280300365625 0.48827148437499995 0.2857216125 0.433212890625 0.2891062265625 0.429599609375 0.2918095234375
1 0.5397070312500001 0.3615531140625 0.5397070312500001 0.36290109843749996 0.5433203125 0.365611721875 0.54783203125 0.3642564109375 0.5514453125000001 0.35951648281250004 0.586640625 0.3067106234375 0.586640625 0.3053553109375 0.583037109375 0.30264468906249997 0.5812304687500001 0.30264468906249997 0.578515625 0.304 0.574912109375 0.30873992656250004 0.5397070312500001 0.3615531140625
0 0.5798046875 0.699978021875 0.579130859375 0.7077142859375 0.5861230468749999 0.717934065625 0.5897753906250001 0.722432234375 0.5967578125 0.719428571875 0.600419921875 0.7079633703125 0.605732421875 0.701978021875 0.603740234375 0.6987326 0.5897753906250001 0.6964835171875 0.5798046875 0.699978021875
2 0.433212890625 0.46243223437500003 0.429599609375 0.4631062265625 0.42599609374999997 0.46581685000000006 0.42599609374999997 0.4671721609375 0.429599609375 0.46988278437500003 0.433212890625 0.46988278437500003 0.489169921875 0.46243223437500003 0.531591796875 0.45430769218749995 0.56859375 0.45295238125 0.5722070312499999 0.4502417578125 0.5722070312499999 0.4488937734375 0.56859375 0.44618315 0.5595703125 0.44618315 0.53068359375 0.44753846093750005 0.48827148437499995 0.455663003125 0.433212890625 0.46243223437500003
0 0.532919921875 0.209890109375 0.545556640625 0.209890109375 0.547216796875 0.20315018281250002 0.5389062499999999 0.19691575156250002 0.52560546875 0.1999120875 0.52560546875 0.2058974359375 0.532919921875 0.209890109375
1 0.5379101562499999 0.39675457812500003 0.541513671875 0.3994652015625 0.5433203125 0.3994652015625 0.5469335937500001 0.39675457812500003 0.5487402343750001 0.371025640625 0.5487402343750001 0.36222710625 0.545126953125 0.35951648281250004 0.5433203125 0.35951648281250004 0.5397070312500001 0.36222710625 0.5379101562499999 0.38795604375 0.5379101562499999 0.39675457812500003
1 0.523466796875 0.1889010984375 0.5288769531249999 0.2017655671875 0.5333886718749999 0.20582417656250002 0.5351953125 0.20582417656250002 0.53880859375 0.2031208796875 0.53880859375 0.2010842484375 0.532490234375 0.1875457875 0.53068359375 0.1570769234375 0.541513671875 0.12525274687500002 0.541513671875 0.12322344375000001 0.5379101562499999 0.12052014687499998 0.536103515625 0.12052014687499998 0.531591796875 0.12525274687500002 0.5216601562500001 0.1564029296875 0.523466796875 0.1889010984375
2 0.42328124999999994 0.372380953125 0.42328124999999994 0.3737362640625 0.42689453125 0.3764468859375 0.43140625000000005 0.3764468859375 0.48014648437499996 0.371025640625 0.55505859375 0.3649377296875 0.5586621093749999 0.36222710625 0.5586621093749999 0.3608717953125 0.55505859375 0.3581684984375 0.550537109375 0.3581684984375 0.43140625000000005 0.3689963375 0.42689453125 0.36967765625000004 0.42328124999999994 0.372380953125
2 0.475634765625 0.7935164828125 0.472021484375 0.7962197796875 0.472021484375 0.7975750921875 0.475634765625 0.8002857140625 0.518046875 0.8023150187500001 0.6110156250000001 0.7914871796875 0.614619140625 0.78877655625 0.614619140625 0.7874212453125 0.6110156250000001 0.7847106234375001 0.60740234375 0.7847106234375001 0.57400390625 0.78945055 0.5171484375000001 0.7955457874999999 0.475634765625 0.7935164828125