1 0.5879887765625 0.5656007921875 0.5838151453125 0.5686220578125 0.5800702421875 0.6064219875 0.58770491875 0.6405654484375 0.5917707125 0.643722171875 0.5938193984375 0.6437579312499999 0.597992884375 0.6407450265625 0.598046875 0.6376518515625 0.5903716328125 0.6058324515625 0.5941031109375 0.568801634375 0.5900374625 0.5656365515624999 0.5879887765625 0.5656007921875
1 0.6182435734375 0.1882034375 0.5685422 0.205114525 0.566414965625 0.208940859375 0.5704806125 0.2121059421875 0.5777114109375 0.21068509687499998 0.6533215203125 0.183405203125 0.6564438140625 0.18191264375 0.6585599171875 0.1780861171875 0.6545052546875 0.1749295875 0.6524454359375 0.174893634375 0.6182435734375 0.1882034375
1 0.608075065625 0.7707568390625 0.6075355874999999 0.8016635031250001 0.6092717515625 0.8202417828125 0.6133375453125 0.82339850625 0.6153973640625 0.823434459375 0.619559715625 0.8204213593749999 0.617823553125 0.8018430796875 0.61836303125 0.770936415625 0.6143085171875 0.767771528125 0.6122486968749999 0.7677355734375 0.608075065625 0.7707568390625
2 0.617436634375 0.6472642890625 0.6133709859375001 0.6440992062500001 0.605142840625 0.6439555828125 0.561879459375 0.6455251859375 0.5298992453125 0.6495997828125 0.489758303125 0.6496684671875 0.485584671875 0.652689734375 0.485557675 0.6542363203125 0.4896233234375 0.657401403125 0.530799890625 0.6573424328125 0.5627801031249999 0.6532678375 0.613236153125 0.65182378125 0.6174096375 0.648810875 0.617436634375 0.6472642890625
0 0.6159868687500001 0.7194740640624999 0.6069796984375 0.7224862234375 0.6055416874999999 0.729577590625 0.6046303375 0.7364858140625 0.6121959953125 0.7407656625000001 0.61880050625 0.739492775 0.6225755109375 0.73442410625 0.6321162015625 0.7308358859374999 0.633786996875 0.7257221265625 0.62780939375 0.7210686 0.6159868687500001 0.7194740640624999
1 0.5903270578125001 0.7851315578125 0.5924003015625 0.7843983984375 0.6061366546875 0.763765421875 0.6201672312500001 0.7269143765625 0.6202076515625 0.724598675 0.6161420046874999 0.7214335921874999 0.6140821843750001 0.7213976375 0.6088437890625 0.726716725 0.5969380109375 0.7605191046875001 0.58425314375 0.7796150125 0.5664131609374999 0.7986209390625 0.564350903125 0.7993626515625001 0.5632480109375 0.8032068656250001 0.567313659375 0.8063719484374999 0.57146029375 0.804897271875 0.5724712109375 0.8056842640624999 0.5724982078124999 0.8041376765624999 0.5903270578125001 0.7851315578125
1 0.6280161453125 0.27725043125000004 0.630075965625 0.2772863859375 0.6311271578125 0.27576603906249997 0.6643476796875001 0.259336625 0.6664075 0.2593725796875 0.6653965828125 0.25858558593750003 0.66751039375 0.255528365625 0.6634445999999999 0.2523716421875 0.6613847796875 0.25233568906250003 0.6240043421875 0.271000534375 0.6219445234375 0.2709645796875 0.6208931828125 0.2724932875 0.576241528125 0.2948946765625 0.5741817078125 0.294858721875 0.5751924796875 0.2956540765625 0.573089803125 0.298711490625 0.5771444625 0.30186801874999997 0.58230186875 0.3011886953125 0.58336434375 0.29966018125 0.6280161453125 0.27725043125000004
1 0.6213552078125 0.1279810125 0.6192953875 0.127945059375 0.6140839890625001 0.1317175578125 0.571923025 0.18817262031249998 0.5654310437500001 0.2066072765625 0.565390621875 0.208922978125 0.5694451359375 0.2120878671875 0.5715049546875 0.21212382187499998 0.5756785859375 0.20910255625000002 0.581132803125 0.19141913125 0.62539400625 0.132684321875 0.6254210015624999 0.1311377359375 0.6213552078125 0.1279810125
1 0.5944744015625 0.3114445015625 0.5904197421874999 0.30828797343750003 0.588359921875 0.30825201875 0.5841864359375 0.311264925 0.578448984375 0.3451749734375 0.579794071875 0.38615786875 0.58166506875 0.39701157187499997 0.5857197281250001 0.40016810156249993 0.587779546875 0.40020405625000005 0.5919530328125 0.39719115 0.589179103125 0.3793641046875 0.5887369484375 0.3453545515625 0.5944069859375001 0.315306790625 0.5944744015625 0.3114445015625
1 0.6981876687499999 0.679589884375 0.66902180625 0.699175825 0.6161554296875 0.7206644796874999 0.6130442703125001 0.72215723125 0.610917034375 0.725983565625 0.6149828281249999 0.7291402890625001 0.6170426484375 0.72917624375 0.6761311953125 0.70471044375 0.7032238140625 0.6858576609375 0.7043132828124999 0.682782559375 0.7002474890625 0.6796258374999999 0.6981876687499999 0.679589884375
2 0.6350590796875 0.8168284375000001 0.631004565625 0.8136635484375001 0.6268849265625 0.8135916406250001 0.5732527375 0.8196130687500001 0.5330847999999999 0.821228340625 0.52891116875 0.8242496062500001 0.5288841734374999 0.8257961937499999 0.5329499671875 0.8289529171875 0.5401537703125 0.8290786593749999 0.5741533828125001 0.82735571875 0.6267365218750001 0.8220936906249999 0.6308697328124999 0.821388125 0.6350320843749999 0.8183750249999999 0.6350590796875 0.8168284375000001
1 0.5858545609375 0.39244352656250003 0.5816920640625 0.3954649859375 0.58166506875 0.39701157187499997 0.5857197281250001 0.40016810156249993 0.627783221875 0.4086376140625 0.6616774328125 0.41231499375 0.6699167125 0.4124588109375 0.6740790640625 0.4094457109375 0.674106059375 0.40789912343749996 0.670051546875 0.4047342359375 0.63817916875 0.40263084375 0.5858545609375 0.39244352656250003
2 0.5855455703125 0.2927406734375 0.5824502734375 0.2926866453125 0.47512961562499995 0.308591984375 0.472032028125 0.3093072625 0.46785839687499997 0.31232852968749997 0.4678314015625 0.31387511562500003 0.4718971953125 0.3170318390625 0.4749813578125 0.3170856734375 0.5286673921875 0.3079794296875 0.58230186875 0.3011886953125 0.5895730875 0.29745214999999997 0.589600084375 0.2959055625 0.5855455703125 0.2927406734375
0 0.5963292546875001 0.482740421875 0.585413559375 0.4808773921875 0.5744377296875001 0.4843736609375 0.5802243890625001 0.496775871875 0.5872596484375 0.5001767640625 0.5928337765625 0.4941276390625 0.5963292546875001 0.482740421875
1 0.6743453421875001 0.512233571875 0.6774540640625 0.5115184875 0.6785458234374999 0.5076740796875 0.674480175 0.5045089968750001 0.67242035625 0.5044730421875 0.6693226218749999 0.50519668125 0.6588998234375001 0.5127416796875 0.6401703296875 0.52400515 0.6370727421875 0.524720428125 0.6360078328125 0.527026609375 0.584866484375 0.56709335 0.58378815 0.57016864375 0.58785394375 0.5733253671874999 0.5940626906250001 0.571117334375 0.6483421921875 0.5280112546875 0.6743453421875001 0.512233571875
2 0.509914434375 0.2025441140625 0.4717388984375 0.208057628125 0.4675652671875 0.21107889375000002 0.46753827187499997 0.2126254828125 0.4716039203125 0.215790565625 0.47468808281249997 0.21584439843749997 0.5108150796875 0.21028676562499998 0.5828283984375 0.2123214734375 0.5870020296875 0.2093002078125 0.587029025 0.20775361874999998 0.5829633765625 0.2045885375 0.509914434375 0.2025441140625
1 0.624314575 0.2532273203125 0.62541746875 0.249383109375 0.6213516734375 0.24622638593750001 0.6192918546875 0.24619043125 0.617205184375 0.24769270312499997 0.6161942671875 0.246905709375 0.593140446875 0.270461803125 0.590018153125 0.2719543625 0.5731167984375001 0.2971649046875 0.573089803125 0.298711490625 0.5771444625 0.30186801874999997 0.582315440625 0.300411221875 0.5992143609375 0.2759783453125 0.6212034156249999 0.254720075 0.624314575 0.2532273203125
0 0.5977812484375 0.398279653125 0.592440059375 0.3916218796875 0.584245315625 0.39147883906250003 0.5781763390625 0.3958886421875 0.5818196203125 0.40538511093749996 0.5933021078125 0.40476601562500003 0.5977812484375 0.398279653125
0 0.6066625906249999 0.8165836484375 0.6076194593750001 0.821743275 0.6103762984375 0.8297022999999999 0.6158305937499999 0.8343466921875 0.6208575578125 0.8328455671875 0.6254678859375 0.8252242000000001 0.630826815625 0.81938038125 0.6280050859374999 0.8157770734374999 0.6177593359375 0.8138170265625 0.6066625906249999 0.8165836484375
0 0.597130990625 0.653114809375 0.6007653687500001 0.6567406640625 0.604437059375 0.6575908265625 0.611359675 0.6527694375 0.6156994265625 0.6453356828125 0.6134528046875001 0.6387737359375001 0.6084529390625 0.6380843640625 0.5996646875 0.6438683234375 0.597130990625 0.653114809375
2 0.6053727078125 0.5720841 0.6053995578125 0.570545871875 0.601333909375 0.5673807890625 0.55820550625 0.5612174578125 0.5241766078125 0.5652562921875 0.46754109843749997 0.5665924859375 0.4633676125 0.5696053921875001 0.4633406171875 0.571151978125 0.46740626562500004 0.5743170609375 0.476658753125 0.5744785640625001 0.5250659703125 0.573007109375 0.5591061515625 0.5689601078125001 0.5970794359375 0.5750334578125 0.6011990765624999 0.575105365625 0.6053727078125 0.5720841
3 0.572780821875 0.846649084375 0.567124834375 0.8171896999999999 0.555238596875 0.731191565625 0.559871340625 0.643165365625 0.5545284953125 0.5364254296875 0.531738128125 0.308802378125 0.52899458125 0.1711917328125 0.5259397046875 0.168822003125 0.5218447703125 0.167972815625 0.516646796875 0.1709762 0.5193767734375 0.3093643203125 0.5413476296875 0.5245966 0.5475235546875 0.642949834375 0.5428773875 0.7317451484374999 0.5594086953125 0.8464156734375001 0.56035205 0.8510733140625 0.5634069265625 0.8534430437499999 0.5675018609375 0.8542922296875 0.5726998359375 0.8512888453125 0.572780821875 0.846649084375
2 0.5970565953125 0.399596640625 0.6012302265625 0.3965753734375 0.601257221875 0.3950287875 0.597191428125 0.3918720640625 0.5910231015625 0.39176439531249996 0.5477464421875 0.394094753125 0.5250431296875 0.3975702921875 0.48691045156249996 0.39999043749999996 0.4817528984375 0.4006781234375 0.4775794125 0.4036910296875 0.4775524171875 0.40523761562500005 0.48161806562500004 0.4084026984375 0.486762046875 0.4084924859375 0.5259326390625 0.40531274687499996 0.54863580625 0.40184556875000005 0.5970565953125 0.399596640625
1 0.7224523656249999 0.646003228125 0.7224793609375 0.644456640625 0.7163673187499999 0.6404864890625 0.6733578859375 0.6281453640625 0.6651186078125 0.628001546875 0.6424424359375001 0.6299221390625 0.5979254671875001 0.6446073140624999 0.5957982296875 0.6484336468749999 0.5998640265625 0.6515903703125 0.6019238453125 0.6516263234374999 0.6464406671875 0.6369495093750001 0.6660192515625 0.635744196875 0.671163234375 0.6358339859375 0.7151945703125 0.648970659375 0.718278734375 0.64902449375 0.7224523656249999 0.646003228125
1 0.6061131921875 0.6470666375 0.6020586781249999 0.6439017484375 0.5999988593750001 0.6438657953125 0.5958252265625 0.6468870609375 0.595757809375 0.6507493484375 0.601276384375 0.6887193359375 0.6031743765625001 0.698026453125 0.6072290359375 0.70118298125 0.6092888546874999 0.7012189359375001 0.613462340625 0.6982060296875 0.61352975625 0.69434374375 0.60972035 0.676498621875 0.6070678265625 0.6517161125 0.6061131921875 0.6470666375
1 0.585285175 0.48440411718750004 0.58111154375 0.48742538281250003 0.5810845484375 0.48897196875000004 0.5871965921875 0.4929421203125 0.6230562109375 0.5020643296875 0.6599915828125 0.5088972734375 0.6630868796875 0.5089513015625 0.6672493765625 0.505929840625 0.667276371875 0.504383253125 0.6601399859375 0.5003952234375 0.6283216015625 0.4951986546875 0.585285175 0.48440411718750004
2 0.6336202015625 0.7225163859375 0.57808773125 0.72000000625 0.55024301875 0.7225997265624999 0.49468355312499995 0.7216299328125 0.49050992187500003 0.7246512 0.4904829265625 0.7261977859375001 0.49454857499999993 0.72936286875 0.5501080390624999 0.7303326625000001 0.5779528984375 0.7277245796875 0.6334853687499999 0.7302409625 0.637659 0.727219696875 0.6376859953125 0.725673109375 0.6336202015625 0.7225163859375
0 0.569217334375 0.22067215468749998 0.5775008984375 0.21508844843750002 0.5841877703125 0.2078211 0.5810074265625 0.20243032656249998 0.5695535406250001 0.20141087500000002 0.5629095703125 0.20622040312499998 0.5643460859375 0.217718796875 0.569217334375 0.22067215468749998
0 0.5847994515625 0.297201575 0.5783240671875001 0.292990934375 0.5711672546875 0.2965538640625 0.571555378125 0.3055837515625 0.5785906359374999 0.30898464375 0.5862715734374999 0.306660146875 0.5847994515625 0.297201575
1 0.6288773296875 0.8174898828125 0.6248116828125 0.8143248 0.6227518609375 0.8142888453125 0.62067618125 0.815799671875 0.619654128125 0.815012484375 0.61962713125 0.816559071875 0.577762978125 0.8560100359374999 0.5766710703125 0.859862803125 0.5807368671875001 0.8630195265625 0.5848723671875 0.8615446531250001 0.5858942734375 0.8623402015625 0.5859212687500001 0.8607936125 0.6277855703124999 0.8213342906250001 0.6288773296875 0.8174898828125
0 0.582231759375 0.56872821875 0.586203534375 0.5766331874999999 0.59155244375 0.5783823234375001 0.6017947593749999 0.5709679734375 0.6101194609375 0.5649417734375 0.5994162921874999 0.56238836875 0.585832615625 0.5621512640625 0.582231759375 0.56872821875
1 0.6866261859375 0.45758171875000003 0.6825605375 0.4544166359375 0.679476375 0.4543628015625 0.6639635859374999 0.45872483906249995 0.6339082125 0.4705683234375 0.5842496984375 0.48438604218750003 0.5810845484375 0.48897196875000004 0.5851503421875 0.4921286921875 0.5882345046874999 0.49218252656250006 0.6378953109375 0.47759549999999995 0.6679506828124999 0.465752015625 0.680352459375 0.462874371875 0.6844989499999999 0.461408053125 0.6866261859375 0.45758171875000003
2 0.591305096875 0.493013834375 0.5954247374999999 0.4930857421875 0.5995983687499999 0.490064478125 0.5996253640625 0.48851788906250004 0.595559715625 0.48535280625 0.5668119218750001 0.48098754687499995 0.557559434375 0.48082604375000004 0.5245840171875 0.48257522656249996 0.4854000015625 0.486524078125 0.481277925 0.4872298375 0.4771044390625 0.49024274375 0.47707744375 0.49178933125 0.4811430921875 0.4949544140625 0.48525159687499997 0.495026128125 0.5254846625 0.490317875 0.5584487984375001 0.48857686093749997 0.5656526000000001 0.48870260312499997 0.591305096875 0.493013834375