1 0.614619140625 0.546388278125 0.586640625 0.571435896875 0.532490234375 0.6019047625 0.5333886718749999 0.60258608125 0.531591796875 0.6052893765625 0.5351953125 0.608 0.5397070312500001 0.6073260078125 0.557763671875 0.5958168500000001 0.5956640625 0.5748278390625 0.596572265625 0.5727912093749999 0.619130859375 0.5518021984375 0.6227441406249999 0.5497728937499999 0.623642578125 0.546388278125 0.6200390625 0.5436776562500001 0.6182324218749999 0.5436776562500001 0.61642578125 0.5450329671875 0.61552734375 0.544358975 0.614619140625 0.546388278125
1 0.557763671875 0.728520146875 0.58212890625 0.73731868125 0.586640625 0.7379926734375 0.59025390625 0.7352893765624999 0.5884472656249999 0.7319047624999999 0.565888671875 0.7244542125 0.5631738281249999 0.7224249078125 0.553251953125 0.7068498171875001 0.5487402343750001 0.70549450625 0.545126953125 0.708205128125 0.545126953125 0.7095604390625 0.557763671875 0.728520146875
1 0.5216601562500001 0.3960805859375 0.52255859375 0.39675457812500003 0.52076171875 0.3994652015625 0.524365234375 0.40217582343749997 0.5288769531249999 0.40149450625 0.52978515625 0.40013919375 0.578515625 0.3744175828125 0.580322265625 0.3744175828125 0.6128125 0.35004395625 0.613720703125 0.3473333328125 0.610107421875 0.3446227109375 0.60830078125 0.3446227109375 0.5722070312499999 0.3703516484375 0.523466796875 0.3960805859375 0.5216601562500001 0.3960805859375
1 0.511728515625 0.28165567812500003 0.515341796875 0.28436629999999996 0.52076171875 0.28436629999999996 0.580322265625 0.2796263734375 0.6209374999999999 0.2796263734375 0.640791015625 0.28368498125 0.643505859375 0.28368498125 0.647109375 0.28098168437500004 0.647109375 0.2796263734375 0.643505859375 0.2769157515625 0.621845703125 0.2728571421875 0.580322265625 0.2728571421875 0.515341796875 0.2775970703125 0.511728515625 0.280300365625 0.511728515625 0.28165567812500003
1 0.5288769531249999 0.5193040296875 0.554150390625 0.53758974375 0.5857421875 0.5436776562500001 0.62544921875 0.5436776562500001 0.6290625000000001 0.540974359375 0.6290625000000001 0.5396190468750001 0.62544921875 0.536908425 0.586640625 0.536908425 0.5586621093749999 0.5314945062499999 0.5379101562499999 0.5172747249999999 0.5333886718749999 0.494930403125 0.52978515625 0.4922197796875 0.527978515625 0.4922197796875 0.524365234375 0.494930403125 0.524365234375 0.49764102499999996 0.5288769531249999 0.5193040296875
2 0.403427734375 0.49899633750000005 0.39982421874999996 0.501699634375 0.39982421874999996 0.5030549453125001 0.403427734375 0.5057655671875 0.40974609375000004 0.5057655671875 0.46661132812500006 0.501699634375 0.553251953125 0.49899633750000005 0.55685546875 0.4962857140625 0.55685546875 0.494930403125 0.553251953125 0.4922197796875 0.5424218749999999 0.4922197796875 0.465703125 0.494930403125 0.41065429687500005 0.49831501874999995 0.403427734375 0.49899633750000005
1 0.46208984375 0.30806593437499996 0.46029296875 0.31145055 0.46389648437500003 0.314153846875 0.465703125 0.314153846875 0.498193359375 0.3019706953125 0.509931640625 0.2931648359375 0.523466796875 0.28436629999999996 0.526171875 0.28368498125 0.527080078125 0.280300365625 0.523466796875 0.2775970703125 0.5216601562500001 0.2775970703125 0.5189550781250001 0.2782710625 0.49368164062500003 0.2958754578125 0.46208984375 0.30806593437499996
0 0.5596582031249999 0.8327619046875 0.56962890625 0.83650549375 0.577607421875 0.829274725 0.5779394531250001 0.820542125 0.56962890625 0.8158021984375001 0.559326171875 0.8153113546874999 0.5530078125 0.8242857140625001 0.5596582031249999 0.8327619046875
0 0.518095703125 0.17931135468749998 0.527734375 0.18304761875 0.5387109375 0.1838021984375 0.54236328125 0.18130402968749998 0.54169921875 0.17332600781250002 0.5370507812499999 0.16858608125000002 0.5247460937499999 0.1680879125 0.5154296875 0.17282783906250002 0.518095703125 0.17931135468749998
0 0.507451171875 0.28430769218749996 0.51509765625 0.2915457875 0.523408203125 0.28430769218749996 0.5407031250000001 0.2828131875 0.534716796875 0.27682783906249997 0.52939453125 0.27259340625 0.518427734375 0.27259340625 0.509111328125 0.2750842484375 0.507451171875 0.28430769218749996
1 0.5189550781250001 0.1875457875 0.518046875 0.1882197796875 0.52076171875 0.1889010984375 0.56408203125 0.2159853484375 0.566787109375 0.2186886453125 0.571298828125 0.21936996406249998 0.574912109375 0.216659340625 0.57310546875 0.2139487171875 0.57400390625 0.213274725 0.571298828125 0.21259340624999998 0.526171875 0.184161171875 0.524365234375 0.17332600781250002 0.52076171875 0.1706227109375 0.5189550781250001 0.1706227109375 0.515341796875 0.17332600781250002 0.5171484375000001 0.1861904765625 0.5189550781250001 0.1875457875
0 0.52939453125 0.50704029375 0.53005859375 0.513025640625 0.53671875 0.513025640625 0.5407031250000001 0.5082857140625 0.5400390625 0.5013040296875 0.549345703125 0.5000512828125 0.553994140625 0.49631501875 0.550009765625 0.49231501875 0.5430371093749999 0.48832967031249996 0.533056640625 0.48982417656250005 0.52640625 0.4985567765625 0.52939453125 0.50704029375
2 0.376357421875 0.2870769234375 0.376357421875 0.28842490781249996 0.37996093750000004 0.29113553125 0.38357421875000003 0.29113553125 0.46208984375 0.28098168437500004 0.532490234375 0.2857216125 0.5379101562499999 0.2857216125 0.541513671875 0.2830109890625 0.541513671875 0.28165567812500003 0.5379101562499999 0.27895238125 0.46119140625000005 0.2742124546875 0.38357421875000003 0.28368498125 0.37996093750000004 0.28436629999999996 0.376357421875 0.2870769234375
2 0.40072265625 0.7129450546875 0.40072265625 0.714300365625 0.40433593749999996 0.7170036625 0.45487304687499996 0.7163296703124999 0.5090234375 0.714974359375 0.56498046875 0.7109157515625 0.56859375 0.708205128125 0.56859375 0.7068498171875001 0.56498046875 0.7041465203125 0.5595703125 0.7041465203125 0.5090234375 0.708205128125 0.40433593749999996 0.7102344328125 0.40072265625 0.7129450546875
1 0.5351953125 0.49695970625 0.53880859375 0.4996703296875 0.5433203125 0.49831501874999995 0.5722070312499999 0.4522783875 0.57310546875 0.4488937734375 0.5694921875000001 0.44618315 0.5676855468750001 0.44618315 0.56498046875 0.44753846093750005 0.536103515625 0.4935750921875 0.5351953125 0.49695970625
0 0.518759765625 0.40527472500000006 0.527734375 0.407274725 0.5357128906249999 0.4007838828125 0.54236328125 0.39654945 0.5407031250000001 0.390564103125 0.5283984375 0.388073259375 0.518759765625 0.3923076921875 0.514111328125 0.398293040625 0.518759765625 0.40527472500000006
1 0.467509765625 0.39540659375 0.471123046875 0.3960805859375 0.524365234375 0.40217582343749997 0.527978515625 0.40217582343749997 0.531591796875 0.3994652015625 0.531591796875 0.398109890625 0.527978515625 0.39540659375 0.524365234375 0.394725275 0.467509765625 0.3886300359375 0.46389648437500003 0.391340659375 0.46389648437500003 0.39269597031250003 0.467509765625 0.39540659375
1 0.56408203125 0.8199194140625 0.5631738281249999 0.8206007328125 0.5595703125 0.8192454218749999 0.55595703125 0.8219487171875001 0.55685546875 0.8253333328125001 0.5595703125 0.8266886453125 0.565888671875 0.8341391937499999 0.5722070312499999 0.8341391937499999 0.614619140625 0.801641025 0.61552734375 0.798930403125 0.6119140625 0.7962197796875 0.610107421875 0.7962197796875 0.5704003906249999 0.8260146515625 0.5676855468750001 0.824659340625 0.56408203125 0.8199194140625
2 0.38447265625 0.1868717953125 0.3880859375 0.1895750921875 0.39079101562499996 0.1895750921875 0.445849609375 0.17739194062500002 0.5406152343749999 0.178065934375 0.544228515625 0.1753553109375 0.544228515625 0.1740073265625 0.5406152343749999 0.171296703125 0.44494140625 0.1706227109375 0.3880859375 0.1828058609375 0.38447265625 0.1855164828125 0.38447265625 0.1868717953125
1 0.5911523437499999 0.65404395625 0.57310546875 0.671641025 0.57310546875 0.6729963375 0.54783203125 0.7041465203125 0.545126953125 0.7095604390625 0.5487402343750001 0.7122710624999999 0.553251953125 0.7109157515625 0.580322265625 0.675706959375 0.59837890625 0.6581025640625 0.5992773437500001 0.6547179484375001 0.5956640625 0.6520073265625 0.5938671875 0.6520073265625 0.592060546875 0.6533626375 0.5911523437499999 0.6526886453125 0.5911523437499999 0.65404395625
1 0.5812304687500001 0.7955457874999999 0.580322265625 0.7975750921875 0.5586621093749999 0.817890109375 0.55505859375 0.8199194140625 0.554150390625 0.8233040296875 0.557763671875 0.8260146515625 0.5613671874999999 0.824659340625 0.562275390625 0.8253333328125001 0.5631738281249999 0.8233040296875 0.584833984375 0.8029963375 0.606494140625 0.7914871796875 0.6128125 0.79013186875 0.645302734375 0.7880952375 0.648916015625 0.7853919406250001 0.648916015625 0.7840366296875 0.645302734375 0.7813260078125001 0.639892578125 0.7813260078125001 0.606494140625 0.7840366296875 0.583037109375 0.7955457874999999 0.5812304687500001 0.7955457874999999
0 0.550673828125 0.715794871875 0.5603125 0.71704029375 0.5646386718749999 0.713794871875 0.5646386718749999 0.7070622703125 0.557666015625 0.7013260078125 0.549345703125 0.7035750921874999 0.545361328125 0.7098095234375 0.550673828125 0.715794871875
2 0.4061328125 0.8233040296875 0.468408203125 0.828725275 0.519853515625 0.828725275 0.578515625 0.824659340625 0.58212890625 0.8219487171875001 0.58212890625 0.8206007328125 0.578515625 0.817890109375 0.5189550781250001 0.8219487171875001 0.468408203125 0.8219487171875001 0.4061328125 0.8165347984375 0.40252929687499994 0.8192454218749999 0.40252929687499994 0.8206007328125 0.4061328125 0.8233040296875
0 0.53138671875 0.61004395625 0.533720703125 0.6172747249999999 0.54203125 0.6172747249999999 0.547021484375 0.6102857140625 0.5516699218750001 0.6060512828125 0.5646386718749999 0.600564103125 0.553994140625 0.5953260078125 0.54369140625 0.5933333328125 0.53138671875 0.6038095234374999 0.53138671875 0.61004395625
1 0.53880859375 0.6391428578125 0.5613671874999999 0.6973699640625 0.56498046875 0.7000805859375 0.566787109375 0.7000805859375 0.5704003906249999 0.6973699640625 0.5704003906249999 0.695340659375 0.54783203125 0.6384688640625 0.5433203125 0.6032600734375 0.5397070312500001 0.60054945 0.5379101562499999 0.60054945 0.534296875 0.6032600734375 0.534296875 0.6073260078125 0.53880859375 0.6391428578125
1 0.518046875 0.17468131874999998 0.5216601562500001 0.17739194062500002 0.5252734375 0.17739194062500002 0.571298828125 0.1719706953125 0.613720703125 0.1760366296875 0.6182324218749999 0.1760366296875 0.621845703125 0.17332600781250002 0.621845703125 0.1719706953125 0.6182324218749999 0.1692674 0.571298828125 0.165201465625 0.5216601562500001 0.1706227109375 0.518046875 0.17332600781250002 0.518046875 0.17468131874999998
3 0.47744140625 0.42383882812499996 0.47744140625 0.5504468859375 0.48555664062500004 0.65404395625 0.48555664062500004 0.798930403125 0.48736328125000006 0.870021978125 0.49006835937500004 0.8720512828125001 0.49368164062500003 0.8727326 0.498193359375 0.870021978125 0.49638671875 0.798930403125 0.49638671875 0.65404395625 0.48827148437499995 0.5504468859375 0.48827148437499995 0.4231648359375 0.46931640625000004 0.262021978125 0.472021484375 0.1448937734375 0.46931640625000004 0.1428571421875 0.465703125 0.14218314999999998 0.46119140625000005 0.1448937734375 0.45848632812499995 0.26269597031249997 0.47744140625 0.42383882812499996
2 0.386279296875 0.6059706953124999 0.389892578125 0.6086739921875 0.407939453125 0.6086739921875 0.481044921875 0.6066446890625 0.55234375 0.608 0.55595703125 0.6052893765625 0.55595703125 0.6039413921875 0.55234375 0.60123076875 0.481044921875 0.5998754578125001 0.389892578125 0.6019047625 0.386279296875 0.604615384375 0.386279296875 0.6059706953124999
2 0.40162109375000005 0.4028498171875 0.40162109375000005 0.404205128125 0.40523437500000004 0.40691575156250004 0.41065429687500005 0.40691575156250004 0.50361328125 0.3994652015625 0.5126367187499999 0.40013919375 0.5333886718749999 0.404205128125 0.536103515625 0.404205128125 0.5397070312500001 0.40149450625 0.5397070312500001 0.40013919375 0.5333886718749999 0.39675457812500003 0.5090234375 0.39269597031250003 0.502705078125 0.39269597031250003 0.41065429687500005 0.3994652015625 0.40523437500000004 0.40013919375 0.40162109375000005 0.4028498171875