1 0.630486725 0.5844186046875001 0.6315154875 0.582109634375 0.6570685843749999 0.558313953125 0.6611615046875 0.5560132890625 0.662179203125 0.5521760796875 0.6580973453125 0.549102990625 0.656050884375 0.549102990625 0.654004425 0.550639534375 0.652986725 0.5498754156250001 0.6519579640625001 0.5521760796875 0.6202654875 0.5805730890625 0.5589269906250001 0.6151162796875 0.559944690625 0.6158887046875 0.5579092921875 0.6189534890624999 0.56199115 0.6220265781250001 0.5671017703125 0.6212624578125 0.587555309375 0.6082142859374999 0.630486725 0.5844186046875001
1 0.5773340703125001 0.7325581390625 0.5732411500000001 0.7356312296875 0.5732411500000001 0.7371677734375 0.587555309375 0.7586627906250001 0.6151548671875 0.7686378734375 0.6202654875 0.7694019937500001 0.6243584078125 0.7663372093749999 0.622311946875 0.7625 0.59675885 0.75405315625 0.593683628125 0.7517524921875001 0.582444690625 0.734094684375 0.5773340703125001 0.7325581390625
1 0.6499115046874999 0.32957641249999997 0.650940265625 0.32650332187500003 0.6468473453125 0.3234302328125 0.644800884375 0.3234302328125 0.6039159296875 0.3525996671875 0.5487057515625 0.381769103125 0.5466592921875 0.381769103125 0.5476769906250001 0.382533221875 0.5456415921875 0.3856063125 0.5497234515625 0.3886794015625 0.5548340703125 0.3879069765625 0.55586283125 0.38637043125 0.611061946875 0.3572093015625 0.6131084078125 0.3572093015625 0.6499115046874999 0.32957641249999997
1 0.6887610625 0.249742525 0.684679203125 0.2466694359375 0.6601438046875 0.24206810625 0.6131084078125 0.24206810625 0.5395022125 0.24744186093749998 0.5354092921875 0.25050664375 0.5354092921875 0.2520431890625 0.5395022125 0.2551162796875 0.5456415921875 0.2551162796875 0.6131084078125 0.249742525 0.65911504375 0.249742525 0.6816039828125 0.254343853125 0.684679203125 0.254343853125 0.6887610625 0.25127907031249996 0.6887610625 0.249742525
1 0.588573009375 0.5352906984375 0.565066371875 0.5191694359375 0.559944690625 0.493837209375 0.55586283125 0.49076412031250005 0.553816371875 0.49076412031250005 0.5497234515625 0.493837209375 0.5497234515625 0.49691029843749995 0.5548340703125 0.5214700999999999 0.5834623890625 0.542200996875 0.6192477875 0.549102990625 0.6642256640624999 0.549102990625 0.6683185843749999 0.54603820625 0.6683185843749999 0.5445016609375 0.6642256640624999 0.541428571875 0.6202654875 0.541428571875 0.588573009375 0.5352906984375
2 0.5865265484375 0.493837209375 0.582444690625 0.49076412031250005 0.570176990625 0.49076412031250005 0.48327433593749997 0.493837209375 0.4209181421875 0.49767441874999996 0.41273230156249996 0.49844684375000003 0.4086504421875 0.501511628125 0.4086504421875 0.5030481734375 0.41273230156249996 0.5061212625 0.41988938124999997 0.5061212625 0.484303096875 0.501511628125 0.582444690625 0.49844684375000003 0.5865265484375 0.4953737546875 0.5865265484375 0.493837209375
1 0.552798671875 0.25050664375 0.5487057515625 0.24744186093749998 0.5466592921875 0.24744186093749998 0.5435951328125 0.24820597968749997 0.5149668140625 0.2681644515625 0.479181415625 0.28198504999999996 0.4771460171875 0.285822259375 0.4812278765625 0.28888704375 0.48327433593749997 0.28888704375 0.520077434375 0.2750747515625 0.53337389375 0.2650913625 0.5487057515625 0.2551162796875 0.5517699109375 0.254343853125 0.552798671875 0.25050664375
0 0.600995575 0.881088040625 0.6100331859375 0.8728903656250001 0.6104092921875 0.8629900328125 0.600995575 0.8576162796875 0.589325221875 0.8570598 0.5821681421875 0.86723421875 0.589701328125 0.876843853125 0.600995575 0.881088040625
0 0.54262168125 0.13601328906250001 0.5535398234375 0.14024916875 0.5659734515625 0.14110465156250002 0.57011061875 0.138272425 0.5693584078125 0.12922757499999998 0.5640929203125 0.1238538203125 0.5501548671875 0.1232890359375 0.5396017703125 0.128662790625 0.54262168125 0.13601328906250001
0 0.530564159375 0.255049834375 0.5392256640624999 0.2632558140625 0.54863938125 0.255049834375 0.5682300890625 0.25335548124999996 0.561449115625 0.2465697671875 0.5554203546875 0.241769103125 0.5429977874999999 0.241769103125 0.532444690625 0.2445930234375 0.530564159375 0.255049834375
1 0.605951328125 0.174518271875 0.6028871687499999 0.173745846875 0.5517699109375 0.141511628125 0.5497234515625 0.12922757499999998 0.5456415921875 0.126162790625 0.5435951328125 0.126162790625 0.5395022125 0.12922757499999998 0.541548671875 0.1438122921875 0.5435951328125 0.1453488375 0.542566371875 0.14611295625 0.5456415921875 0.14688538281250002 0.5947123890625 0.17759136250000002 0.5977765484375 0.180656146875 0.6028871687499999 0.181428571875 0.6069800890625 0.17835548125 0.604933628125 0.1752823921875 0.605951328125 0.174518271875
0 0.57087389375 0.48635382031249996 0.559568584375 0.48804817343750007 0.5520353984375 0.4979485046875 0.5554203546875 0.5075664453125001 0.5561725656250001 0.514352159375 0.5637168140625 0.514352159375 0.5682300890625 0.5089784046875 0.5674778765624999 0.5010631234375 0.5780199109375 0.4996428578125 0.5832853984375 0.49540697656250005 0.5787721234375 0.49087209375 0.57087389375 0.48635382031249996
2 0.5691482296875 0.2520431890625 0.565066371875 0.24897840468750002 0.47816371718750006 0.24360465156250002 0.3902433625 0.254343853125 0.3861504421875 0.2551162796875 0.382068584375 0.25818936875 0.382068584375 0.2597176078125 0.3861504421875 0.2627906984375 0.3902433625 0.2627906984375 0.479181415625 0.25127907031249996 0.5589269906250001 0.2566528234375 0.565066371875 0.2566528234375 0.5691482296875 0.25357973437500003 0.5691482296875 0.2520431890625
2 0.5957300890624999 0.7310299 0.5896017703124999 0.7310299 0.5323451328125001 0.7356312296875 0.4137610625 0.73793189375 0.40966814218750003 0.7410049828124999 0.40966814218750003 0.7425415281250001 0.4137610625 0.7456063125 0.47100663750000005 0.7448421921875 0.5323451328125001 0.7433056484375 0.5957300890624999 0.73870431875 0.599823009375 0.7356312296875 0.599823009375 0.734094684375 0.5957300890624999 0.7310299
1 0.5630199109375 0.4923006640625 0.56199115 0.4961378734375 0.5660840703125001 0.49921096406250004 0.571194690625 0.49767441874999996 0.6039159296875 0.44548172812500003 0.604933628125 0.44164451875 0.6008407078125 0.43857142812500005 0.5987942484375 0.43857142812500005 0.5957300890624999 0.4401079734375 0.5630199109375 0.4923006640625
0 0.54337389375 0.392192690625 0.5535398234375 0.39446013281250003 0.562577434375 0.38710132812500003 0.57011061875 0.3823006640625 0.5682300890625 0.37551495 0.5542920359375 0.3726910296875 0.54337389375 0.37749169375 0.5381084078125 0.384277409375 0.54337389375 0.392192690625
1 0.48532079687499996 0.37332225937499997 0.4812278765625 0.3763953484375 0.4812278765625 0.37793189374999997 0.48532079687499996 0.3810049828125 0.48941371718750004 0.381769103125 0.5497234515625 0.3886794015625 0.553816371875 0.3886794015625 0.5579092921875 0.3856063125 0.5579092921875 0.3840697671875 0.553816371875 0.3810049828125 0.5497234515625 0.3802325578125 0.48532079687499996 0.37332225937499997
1 0.6519579640625001 0.8415614625 0.652986725 0.838488371875 0.6488938046875 0.8354152828125001 0.6468473453125 0.8354152828125001 0.60186946875 0.8691943515625 0.5987942484375 0.8676578078125001 0.5947123890625 0.862284053125 0.593683628125 0.863056478125 0.5896017703124999 0.8615199328125 0.58550885 0.8645847171875 0.5865265484375 0.8684219265625 0.5896017703124999 0.869958471875 0.59675885 0.878405315625 0.6039159296875 0.878405315625 0.6519579640625001 0.8415614625
2 0.45975663750000006 0.126162790625 0.3953539828125 0.13997508281249998 0.39126106250000003 0.1430481734375 0.39126106250000003 0.1445847171875 0.3953539828125 0.1476495015625 0.3984181421875 0.1476495015625 0.4607853984375 0.13383720937500002 0.56813053125 0.134601328125 0.5722234515625 0.1315282390625 0.5722234515625 0.13 0.56813053125 0.1269269109375 0.45975663750000006 0.126162790625
1 0.633561946875 0.678828903125 0.6345796453125 0.67499169375 0.630486725 0.6719186046875001 0.6284513281249999 0.6719186046875001 0.6264048671875 0.67345515 0.62537610625 0.6726910296875 0.62537610625 0.674227575 0.604933628125 0.694177740625 0.604933628125 0.6957142859375 0.576305309375 0.7310299 0.5732411500000001 0.7371677734375 0.5773340703125001 0.7402408640625 0.582444690625 0.73870431875 0.6131084078125 0.698787375 0.633561946875 0.678828903125
1 0.593683628125 0.8661212624999999 0.6182190265624999 0.84309800625 0.642754425 0.830049834375 0.6499115046874999 0.8285132890625 0.6867146015625 0.82620431875 0.6908075218749999 0.823139534375 0.6908075218749999 0.821602990625 0.6867146015625 0.8185299 0.6805862828125 0.8185299 0.642754425 0.821602990625 0.616183628125 0.8346511624999999 0.61413716875 0.8346511624999999 0.6131084078125 0.8369518265625 0.588573009375 0.8599833890624999 0.5844911500000001 0.862284053125 0.5834623890625 0.8661212624999999 0.587555309375 0.8691943515625 0.5916371687499999 0.8676578078125001 0.5926659296875 0.8684219265625 0.593683628125 0.8661212624999999
0 0.5904424781250001 0.745647840625 0.5953429203125 0.7419684390625 0.5953429203125 0.7343355484375 0.587444690625 0.7278322265625 0.5780199109375 0.730382059375 0.5735066375 0.737450165625 0.5795243359375 0.7442358796875 0.5904424781250001 0.745647840625
2 0.4863384953125 0.8645847171875 0.4157964609375 0.85844684375 0.4117146015625 0.8615199328125 0.4117146015625 0.863056478125 0.4157964609375 0.8661212624999999 0.4863384953125 0.8722674421875001 0.54461283125 0.8722674421875001 0.611061946875 0.8676578078125001 0.6151548671875 0.8645847171875 0.6151548671875 0.863056478125 0.611061946875 0.8599833890624999 0.5435951328125 0.8645847171875 0.4863384953125 0.8645847171875
0 0.557676990625 0.6172757468750001 0.557676990625 0.624343853125 0.5603207968749999 0.632541528125 0.5697345125 0.632541528125 0.5753871687500001 0.624617940625 0.5806526546875 0.6198172750000001 0.5953429203125 0.6135963453125 0.5832853984375 0.6076578078125 0.5716150437499999 0.605398671875 0.557676990625 0.6172757468750001
1 0.5671017703125 0.613579734375 0.565066371875 0.613579734375 0.5609734515625 0.6166528234374999 0.5609734515625 0.6212624578125 0.5660840703125001 0.6573338875 0.5916371687499999 0.7233471765624999 0.5957300890624999 0.7264202656250001 0.5977765484375 0.7264202656250001 0.60186946875 0.7233471765624999 0.60186946875 0.7210465109374999 0.576305309375 0.6565697671875 0.571194690625 0.6166528234374999 0.5671017703125 0.613579734375
1 0.656050884375 0.1246262453125 0.6028871687499999 0.1200166109375 0.5466592921875 0.126162790625 0.542566371875 0.12922757499999998 0.542566371875 0.1307641203125 0.5466592921875 0.13383720937500002 0.5507522125000001 0.13383720937500002 0.6028871687499999 0.12769102968749999 0.650940265625 0.13230066406250002 0.656050884375 0.13230066406250002 0.6601438046875 0.12922757499999998 0.6601438046875 0.12769102968749999 0.656050884375 0.1246262453125
3 0.5180309734375 0.838488371875 0.5180309734375 0.674227575 0.5088384953125 0.556777409375 0.5088384953125 0.4124750828125 0.48736725625000005 0.229784053125 0.490431415625 0.09699335625 0.48736725625000005 0.0946843859375 0.48327433593749997 0.093920265625 0.47816371718750006 0.09699335625 0.4750995578125 0.23054817343749998 0.49657079687500005 0.413239203125 0.49657079687500005 0.556777409375 0.505763275 0.674227575 0.505763275 0.838488371875 0.507809734375 0.919086378125 0.51087389375 0.92138704375 0.5149668140625 0.92215946875 0.520077434375 0.919086378125 0.5180309734375 0.838488371875
2 0.5006526546875001 0.6128156140625001 0.39740044218750004 0.6151162796875 0.393307521875 0.61818936875 0.393307521875 0.6197259140625 0.39740044218750004 0.6227906984375 0.4178429203125 0.6227906984375 0.5006526546875001 0.6204900328125 0.5814159296875 0.6220265781250001 0.58550885 0.6189534890624999 0.58550885 0.6174252484375 0.5814159296875 0.614352159375 0.5006526546875001 0.6128156140625001
2 0.5671017703125 0.3879069765625 0.5671017703125 0.38637043125 0.559944690625 0.382533221875 0.5323451328125001 0.37793189374999997 0.525188053125 0.37793189374999997 0.4209181421875 0.3856063125 0.41477876093750005 0.38637043125 0.41068584062499996 0.389443521875 0.41068584062499996 0.3909800671875 0.41477876093750005 0.39405315625 0.4209181421875 0.39405315625 0.5262168140625 0.3856063125 0.536438053125 0.38637043125 0.559944690625 0.3909800671875 0.5630199109375 0.3909800671875 0.5671017703125 0.3879069765625