1 0.6399442546875 0.5727641671875 0.6414539687499999 0.5708337328125 0.6710837093750001 0.554447440625 0.67547529375 0.553243834375 0.6773329984375 0.5498733296875 0.674212078125 0.5460249296875 0.6722860625 0.5455447203125 0.6699996953125 0.5465098 0.6692210937499999 0.5455522546875 0.667713328125 0.5474748765624999 0.6312264359374999 0.5667485906249999 0.56539693125 0.5848469015625 0.566173584375 0.5858122578125 0.5635392265625 0.58821740625 0.5666601453125 0.59206580625 0.5716491828125 0.5925462953125 0.5939589921875 0.5850725703124999 0.6399442546875 0.5727641671875
1 0.555178190625 0.699633034375 0.55060545625 0.7015631890625 0.5502451046875 0.7030084765625 0.55867579375 0.72658575 0.5823116296874999 0.7424447421875 0.5869422625 0.74436270625 0.5915130484375 0.7424403640625 0.590486934375 0.7383508421875 0.5684187140625 0.724409534375 0.5660640359375 0.721523896875 0.559627675 0.702277546875 0.555178190625 0.699633034375
1 0.7179914078125 0.3376154734375 0.7196803234375 0.3349663015625 0.7165489921875 0.33111530624999996 0.7146229765625 0.330635096875 0.6693034765625 0.3484783109375 0.6105018640625001 0.3629600546875 0.6085758484375 0.3624798453125 0.6093544484375 0.3634373890625 0.6067181421875001 0.3658503515625 0.6098390640625 0.36969875 0.614830046875 0.3701714265625 0.6161586125 0.3689675421875 0.674947865625 0.3544910125 0.6768738812499999 0.3549712234375 0.7179914078125 0.3376154734375
1 0.773277134375 0.2716392203125 0.7701562140625 0.267790821875 0.748143946875 0.2577054453125 0.70387680625 0.24666840781250002 0.633342434375 0.23445103125000002 0.62877165 0.23637337343749998 0.6284112984375 0.2378186609375 0.6315426296875 0.24166965468749999 0.637320678125 0.243110284375 0.702077 0.25388703281249997 0.7453759265625 0.26468266875 0.7654621796875001 0.27428783437500004 0.768356409375 0.275009446875 0.7729167828125 0.27308450781250004 0.773277134375 0.2716392203125
1 0.6120188421874999 0.5167188140625 0.59367644375 0.49603909062499996 0.5947971140625 0.47100955625 0.5916761937499999 0.4671611578125 0.5897501765625 0.46668094687500006 0.5851774437499999 0.46861110312500004 0.5844567421875 0.471501678125 0.5835068109375 0.49580206718750003 0.605588403125 0.522019475 0.6376490031250001 0.5369087312499999 0.679979715625 0.5474629640625001 0.684550503125 0.5455406203125001 0.684910853125 0.544095334375 0.681779521875 0.5402443390625 0.6404066125 0.5299289140625 0.6120188421874999 0.5167188140625
2 0.619814503125 0.47724709218749994 0.6166935828125 0.4733986921875 0.6051478953125 0.47052002968749995 0.5226391765625 0.4530185609375 0.463053040625 0.4419957515625 0.4551678265625 0.44080146249999996 0.45060745156250004 0.4427264015625 0.4502471015625 0.444171690625 0.4533680203125 0.4480200890625 0.460103871875 0.44969952500000004 0.5218075859375 0.4604785890625 0.6148918296875 0.4806251296875 0.619454153125 0.478692378125 0.619814503125 0.47724709218749994
1 0.6451375828125 0.240453859375 0.642004303125 0.2366106765625 0.6400782859375 0.23613046718750003 0.637015265625 0.2361301875 0.6053911984375 0.24818555625 0.5684707343750001 0.25278815 0.5656552265625 0.2559198484375 0.56877809375 0.2597604328125 0.570704109375 0.26024064375 0.6085804296874999 0.25588466875 0.6234356359375 0.249614271875 0.640204496875 0.2438293015625 0.643269465625 0.24382176875 0.6451375828125 0.240453859375
0 0.5426138546875 0.8448938203124999 0.5530420781250001 0.8393037250000001 0.5557178765625 0.8300796406250001 0.5481184546875 0.8228160765625001 0.5372654625 0.8195541531250001 0.5281435046875 0.827444865625 0.532979675 0.8382514609375 0.5426138546875 0.8448938203124999
0 0.6624105484375 0.1303723390625 0.6716927046875 0.136918628125 0.6831939265625 0.1406409 0.68775181875 0.1389476875 0.689165075 0.13026351249999998 0.685469740625 0.12397334374999999 0.6724844625 0.1201714859375 0.6612922125 0.12274976093750001 0.6624105484375 0.1303723390625
0 0.6231462078125001 0.23950980937500002 0.6293734734374999 0.24926088124999998 0.6401576140625 0.24375122968750002 0.658992675 0.2467545421875 0.65420218125 0.23878065781250002 0.6496540921875 0.2328504390625 0.6379626546875 0.22993543593750002 0.6273683921875 0.23011531562499998 0.6231462078125001 0.23950980937500002
1 0.7129827484375 0.1814510078125 0.7102800796875 0.1800054421875 0.669730890625 0.1376907921875 0.6706857312500001 0.12565609375 0.6675628625 0.12181550625 0.665636846875 0.121335296875 0.6610660609375001 0.123257640625 0.6595716687500001 0.13745636249999998 0.661137334375 0.1393818609375 0.65998991875 0.1398591953125 0.6627029984374999 0.14130735781249998 0.701684575 0.1817043234375 0.703849640625 0.1853061015625 0.7084783265625 0.187231878125 0.713051059375 0.1853017234375 0.71184574375 0.1819309390625 0.7129827484375 0.1814510078125
0 0.6068380859375 0.4665351953125 0.5958007890625 0.46547608125 0.5863891406249999 0.47302072968750003 0.5873192734375 0.48286174062500004 0.5864358296875001 0.48942095312499995 0.5935360625 0.49119124062499997 0.5990439624999999 0.4871956984375 0.6001923140625001 0.4795740046875 0.61044698125 0.48071181875 0.61639596875 0.47796307968749996 0.6132118421875 0.47263847031250006 0.6068380859375 0.4665351953125
2 0.6601645390625 0.2457356328125 0.6570416703124999 0.241895046875 0.57651390625 0.21644840312500002 0.4912495265625 0.205918940625 0.48721634687500004 0.205685071875 0.482654021875 0.2076178234375 0.4822956203125 0.20905529843749998 0.485416540625 0.212903696875 0.489268571875 0.213864115625 0.5756719046875001 0.2239058359375 0.649463815625 0.24767304375000002 0.6552418640625 0.249113671875 0.6598041890624999 0.2471809203125 0.6601645390625 0.2457356328125
2 0.572849915625 0.7025122546875 0.5670822796875 0.701074221875 0.5121163656250001 0.69196678125 0.3999719828125 0.666304596875 0.3953992484375 0.6682347531249999 0.395038896875 0.6696800390625001 0.398172178125 0.673523221875 0.452227778125 0.6862373796875 0.510316559375 0.69918540625 0.5710501109375 0.70973088125 0.5756228453125 0.707800725 0.5759831953125001 0.7063554375 0.572849915625 0.7025122546875
1 0.59805169375 0.47028588125 0.596183578125 0.47365379062499996 0.599314909375 0.47750478437500005 0.6044850953124999 0.4772587234375 0.647520765625 0.43584398750000003 0.649378471875 0.43247348125 0.6462471421875 0.42862248750000004 0.644321125 0.428142278125 0.6410769546874999 0.4288685484375 0.59805169375 0.47028588125
0 0.6030392703125 0.3715134328125 0.6120751249999999 0.37603168125 0.6223066171875 0.37123063749999996 0.630522290625 0.36848278125 0.630343825 0.3616588046875 0.6178883578125001 0.35573198281249996 0.6064869500000001 0.35768554531249996 0.5999399750000001 0.36283268125 0.6030392703125 0.3715134328125
1 0.552828371875 0.34014135625 0.5482556375 0.3420715109375 0.5478952875 0.3435167984375 0.55102661875 0.34736779375000004 0.5546994484375001 0.34904695 0.6098390640625 0.36969875 0.6136910953125 0.37065916875 0.6182638296875 0.3687290140625 0.6186241796874999 0.367283725 0.6154909 0.36344054375 0.61182001875 0.361753575 0.552828371875 0.34014135625
1 0.599846640625 0.8196732953125 0.6015355546875 0.8170241234375 0.598404225 0.8131731296875 0.5964782078125 0.81269291875 0.5462256234375 0.8339115765624999 0.5436917453125 0.8317446765625001 0.541110378125 0.8257322515625001 0.5399610140625 0.8262173984375 0.53647974375 0.8238142875 0.5319089578125 0.8257366296875001 0.5319668578125001 0.8295847500000001 0.5345007374999999 0.83175165 0.5392556328125 0.8413762609375001 0.545991484375 0.843055696875 0.599846640625 0.8196732953125
2 0.5867326484375 0.1016622703125 0.5228811390625 0.099541903125 0.5183084046875 0.10147205781249999 0.517948053125 0.1029173453125 0.5210813328125 0.106760528125 0.5239651515625 0.10747954374999999 0.58590105625 0.10912229843750001 0.6867492125 0.13502998593749999 0.691321946875 0.13309983125 0.69168035 0.13166235625 0.6885490171875001 0.1278113609375 0.5867326484375 0.1016622703125
1 0.620697371875 0.662288934375 0.622555078125 0.6589184265625 0.619423746875 0.6550674328125 0.617508140625 0.65458981875 0.615221775 0.655554896875 0.6144327625 0.6545947562500001 0.6140724109375 0.65604004375 0.59015435625 0.6700084390625001 0.5897940046875 0.671453725 0.554568378125 0.69795415625 0.5502451046875 0.7030084765625 0.5533764375 0.706859471875 0.5585466218749999 0.7066134109375 0.5967669578125 0.67626254375 0.620697371875 0.662288934375
1 0.5392422609375 0.8291001609374999 0.56773305 0.8132016109375 0.59388448125 0.8066857109375001 0.6009806828125 0.8069198609375 0.6361592421875 0.8133840125 0.640730028125 0.81146166875 0.641090378125 0.8100163828125 0.637959046875 0.8061653859375 0.6321914093750001 0.8047273531249999 0.5958654359375 0.7987405375 0.5677983984375 0.804778821875 0.5658723828125 0.8042986125 0.5643646171875 0.8062212343749999 0.5358718812500001 0.8221275968749999 0.53149070625 0.8233337984375 0.5296225921875 0.8267017078125001 0.532753921875 0.830552703125 0.53695589375 0.8300652390625001 0.5377449046875 0.8310253796874999 0.5392422609375 0.8291001609374999
0 0.56444530625 0.715021259375 0.569920228125 0.7127102890625 0.57171029375 0.7055307265625 0.5658020734375 0.69756029375 0.556334 0.6977471296875 0.5504287406249999 0.7033363953125 0.5545008828125 0.7111311734375 0.56444530625 0.715021259375
2 0.43857525312499995 0.8024659234374999 0.37362440937499997 0.7801396265625 0.3690620875 0.782072378125 0.3687017375 0.7835176640625 0.3718246046875 0.78735825 0.4367735 0.8096923625000001 0.49161811406249994 0.823366659375 0.5552374312499999 0.8346233390625001 0.559810165625 0.8326931828124999 0.56016856875 0.8312557078125 0.5570372375 0.8274047124999999 0.49246206406250004 0.8159014140625 0.43857525312499995 0.8024659234374999
0 0.5637140609375 0.5865848 0.5620564484374999 0.593233121875 0.562622134375 0.6015643046875 0.5714818078125 0.60377326875 0.5786600171875 0.597646690625 0.5847414578125 0.5943667109375 0.6000260640625 0.5919623765625001 0.5900708921875 0.5835471921875001 0.57961720625 0.5786837359375 0.5637140609375 0.5865848
1 0.5734509375 0.5853198578125001 0.57153533125 0.58484224375 0.5669625984375 0.5867723984375 0.5658815453125 0.5911082624999999 0.5622319046875 0.6262365890625 0.5707996375 0.6943253984375 0.5739309671874999 0.6981763937500001 0.5758569859375 0.698656603125 0.5804297187499999 0.696726446875 0.5809692703125 0.694562421875 0.5720307765625 0.6279163046875 0.5765822671875 0.5891708515625 0.5734509375 0.5853198578125001
1 0.771834390625 0.1462781859375 0.722880665625 0.1294672515625 0.668520665625 0.1220543140625 0.6639498796875001 0.1239766578125 0.6635895281249999 0.1254219453125 0.6667208609374999 0.12927293906249998 0.6705728921875 0.1302333578125 0.721080859375 0.136685878125 0.76522475 0.15229758437500002 0.770034584375 0.1534968109375 0.77460731875 0.15156665625000001 0.7749676703125 0.15012136874999998 0.771834390625 0.1462781859375
3 0.47452259531249996 0.7853562359375 0.513045053125 0.63085109375 0.5319380218750001 0.518219390625 0.5657798171875 0.3824873625 0.5884169828125 0.2056082734375 0.6224428890625 0.0814232 0.6201005687500001 0.078532346875 0.6164277375 0.07685318906250001 0.6108972015624999 0.0785445375 0.57669209375 0.20344834843749998 0.5540549296874999 0.3803274375 0.5203923359375 0.515340728125 0.5014993671875 0.62797243125 0.4629769078125 0.7824775734375 0.44600107343750006 0.8587689718749999 0.448345340625 0.8616520140624999 0.45201622343750003 0.8633389828125001 0.457546759375 0.8616476359374999 0.47452259531249996 0.7853562359375
2 0.5110918703125 0.5690085781249999 0.41337699375000003 0.5469440734375 0.408804259375 0.5488742281250001 0.408443909375 0.550319515625 0.4115771890625 0.5541627 0.4308165296875 0.55895960625 0.509292065625 0.5762272046875 0.584941684375 0.59662390625 0.58951441875 0.5946937484375 0.5898728203125 0.5932562734375 0.5867414906249999 0.5894052796875 0.5110918703125 0.5690085781249999
2 0.626375734375 0.37305008906250003 0.626736084375 0.371604803125 0.6209001359374999 0.3663160515625 0.5960040484375 0.35551166093750003 0.589268196875 0.3538322234375 0.48933526250000003 0.33658351249999996 0.48337801406249997 0.3358616203125 0.47880527968750003 0.3377917765625 0.47844492968749996 0.3392370640625 0.48157626093749994 0.3430880578125 0.487354309375 0.34452868593749997 0.5884366046875 0.3612922515625 0.5978770734375 0.36440944218750004 0.61891918125 0.374261228125 0.6218134109375 0.374982840625 0.626375734375 0.37305008906250003