2 0.54319219375 0.0892135984375 0.5467467734375 0.0860144859375 0.546622071875 0.0845891359375 0.5425659734375 0.08205587187499999 0.5386879703125 0.0816770234375 0.4886242171875 0.0802807765625 0.4790954 0.08111444062499999 0.4288351671875 0.08839976875 0.3869475296875 0.103609171875 0.3815474734375 0.107687871875 0.3816721765625 0.10911322187500001 0.3857282734375 0.1116464859375 0.3885951703125 0.111395665625 0.4313692140625 0.095390584375 0.4522092984375 0.09212325 0.48830168125 0.087521509375 0.539376540625 0.089547425 0.54319219375 0.0892135984375
2 0.6840957765625 0.75572125 0.6496604609375 0.757289884375 0.5883397234375 0.7698750765625 0.52472403125 0.7783210515625 0.52116945 0.7815201640625 0.5212948296875 0.7829532593749999 0.52535025 0.785478778125 0.5785404062499999 0.77866305 0.650287359375 0.7644553609375 0.684721996875 0.762878978125 0.6882772546875 0.759687609375 0.688151875 0.758254515625 0.6840957765625 0.75572125
2 0.58754406875 0.2887668484375 0.583728415625 0.2891006734375 0.4921531640625 0.30721311562500003 0.4319689140625 0.3218610703125 0.4284136546875 0.3250524375 0.42853903437499996 0.3264855328125 0.43259513437499997 0.32901879843750004 0.4354620296875 0.328767978125 0.5031418921874999 0.31202017656250003 0.5881702875 0.2959245765625 0.5917255453125 0.292733209375 0.5916001671875 0.2913001140625 0.58754406875 0.2887668484375
2 0.5775366359375 0.207400971875 0.5774119343749999 0.20597562187500001 0.573355834375 0.20344235624999998 0.5645880421875 0.2020472453125 0.5121156234375001 0.1950932796875 0.4978223953125 0.196343775 0.45791436093750004 0.2012793390625 0.4196539671875 0.21400139999999998 0.41425391093749997 0.21808010000000003 0.414379290625 0.21951319531250002 0.4184353890625 0.2220464609375 0.421302284375 0.22179564062499998 0.4604484078125 0.20827015468750001 0.5117930875 0.2023340125 0.571115159375 0.21085090625 0.5739820546875001 0.210600084375 0.5775366359375 0.207400971875
0 0.5849061890625 0.30814514375 0.5894273343750001 0.3016220796875 0.5840160640625001 0.292150975 0.5751490296874999 0.2898590796875 0.5638595234375 0.2946794078125 0.5640183796875 0.302315146875 0.5758001859374999 0.308941815625 0.5849061890625 0.30814514375
1 0.5795821203125 0.4063311625 0.6015248296875 0.3827660703125 0.6051527531249999 0.380286475 0.6127831718750001 0.3688001265625 0.6223940812500001 0.3578586359375 0.6230400406250001 0.3541958640625 0.618973628125 0.3516635 0.6170658015625 0.35183041249999997 0.6152833546875 0.353430421875 0.6142722484375 0.35280075312500003 0.614397628125 0.3542338484375 0.5962595796875 0.3774582703125 0.5743065578125 0.4010242625 0.57068895 0.40350295625 0.570042990625 0.407165728125 0.5741094 0.4096980921875 0.5777996734374999 0.4079311703125 0.5788107828125 0.40856083906249996 0.5795821203125 0.4063311625
1 0.6178776671875 0.6136267875 0.6159801546875 0.6137927984375 0.6124152609375 0.6169928140625001 0.613710990625 0.6428491921874999 0.6191552203125 0.6611301093749999 0.6235394390625 0.7112419546875001 0.6276058515625 0.7137743203125 0.629513678125 0.71360740625 0.633068259375 0.7104082921875 0.6286216890625 0.6595837703125 0.6231877703125 0.6413019531249999 0.6219440781250001 0.61615915 0.6178776671875 0.6136267875
3 0.5779088125 0.72749695625 0.5550727921874999 0.5982020828125 0.4979484203125 0.2966054515625 0.485927521875 0.20315289218750002 0.4734634375 0.0606877546875 0.470419125 0.058791903125 0.4665507546875 0.05840440625 0.4620267921875 0.06168833124999999 0.47449087656250005 0.20415346875 0.486574803125 0.29832645 0.540037390625 0.58004215625 0.5664721671875 0.7284975328125001 0.5662518953125 0.8028275734375001 0.5668150875 0.8092648812500001 0.569860078125 0.811168478125 0.5737380828124999 0.8115473265625001 0.5782517328125001 0.8082643046875001 0.5779088125 0.72749695625
2 0.602311615625 0.5125537437500001 0.598255515625 0.5100204765624999 0.5480670625 0.5071988828125 0.4927916625 0.5120348531250001 0.42574676875 0.5251130359375 0.422181875 0.528313053125 0.42230725468749997 0.5297461484375 0.4263729890625 0.5322707656250001 0.4301886421875 0.5319369390625 0.4934178828125 0.51919258125 0.5477445265625 0.514439615625 0.5950660828125 0.51751203125 0.5988817359375 0.51717820625 0.6024369953125001 0.5139868375 0.602311615625 0.5125537437500001
1 0.6145094046875 0.0591666046875 0.6126015781249999 0.0593335171875 0.5978611109374999 0.0663993984375 0.593148740625 0.0675298078125 0.517534096875 0.081357746875 0.513969203125 0.0845577640625 0.5140945828125 0.08599085937499999 0.5181603171875 0.0885154765625 0.5219759703125 0.08818165 0.5994360890625 0.07347412187499999 0.6169811000000001 0.0654447453125 0.6185758171875 0.061698968750000006 0.6145094046875 0.0591666046875
1 0.584974071875 0.5119083875 0.5809076625 0.5093760234375 0.5789998359374999 0.5095429375 0.5754452531250001 0.5127420515625001 0.575695334375 0.5156004953125 0.5907652765625 0.5561286890625 0.6044275546875 0.60254068125 0.605627071875 0.605323865625 0.6096934828125 0.607856228125 0.611601309375 0.607689315625 0.615166203125 0.6044893 0.61491544375 0.601623109375 0.6002310671875 0.5545746031250001 0.584974071875 0.5119083875
1 0.76007175625 0.713003828125 0.7616561609375 0.709258953125 0.7576000609375 0.7067256875 0.754733165625 0.7069765078125 0.7139299765625 0.723535096875 0.6960000765625 0.7380925328125 0.6716377109375 0.7560930609375001 0.668843478125 0.757055653125 0.6698655765625 0.757692165625 0.6682078312499999 0.760717521875 0.6722639312500001 0.7632507890625 0.6769659890625 0.7621212828124999 0.679582125 0.7590042718750001 0.7192582546875 0.7295633203125 0.76007175625 0.713003828125
0 0.659586246875 0.7600433609375 0.6651153187500001 0.7649221828125 0.6730603562499999 0.7684343828125 0.6795558625 0.7728383640625001 0.6871023968750001 0.7717956453125 0.687153103125 0.7664364625 0.681258734375 0.7573823 0.6761795515625 0.751706959375 0.665973603125 0.7514524203125 0.659586246875 0.7600433609375
1 0.6773611890625 0.7555923203125 0.6737956171875 0.758784590625 0.6749139296875 0.782494296875 0.665193328125 0.8360101562500001 0.665381059375 0.838155925 0.6694371578125 0.8406891906249999 0.6713449828125 0.8405222765625 0.674909878125 0.8373222609375001 0.6844427484375 0.781660634375 0.6833244374999999 0.7579509265625 0.679269015625 0.7554254078125 0.6773611890625 0.7555923203125
1 0.6582980875 0.25228254687499996 0.6570259078125 0.24878758906249998 0.6373508 0.23246984375 0.6372254203125001 0.231036746875 0.6343064859374999 0.23057399374999998 0.5849802109375 0.20458754843750002 0.580851446875 0.2013425109375 0.553974775 0.201531721875 0.5504201937500001 0.204730834375 0.5505448953125 0.206156184375 0.5546009953125 0.20868945 0.5766509078125 0.20820439687499998 0.62597650625 0.23418309375000002 0.6320761218750001 0.23798163906249997 0.6497803765625 0.253745878125 0.64990575625 0.25517897343749996 0.650791484375 0.254375546875 0.654732515625 0.2554748171875 0.6582980875 0.25228254687499996
0 0.5762209625 0.51745130625 0.58338850625 0.5237167078125 0.592012090625 0.5233447234375 0.5964336078125 0.5156829296875001 0.6013721125 0.507991515625 0.5969532984375 0.5041630046875001 0.59065704375 0.5020364828125 0.57896116875 0.5080320046875 0.5762209625 0.51745130625
0 0.617077665625 0.6118468140625 0.611172728125 0.6200130671874999 0.6153747921875 0.627302878125 0.6221763625000001 0.629385190625 0.62888549375 0.6245909171874999 0.6273428453125 0.618598365625 0.6352721734375 0.6159922296875 0.6340694765625 0.6080653328125 0.626718390625 0.6056408078125 0.617077665625 0.6118468140625
2 0.58206324375 0.4017897046875 0.512170515625 0.4042904625 0.42797648749999995 0.41887680625 0.42441091562500005 0.42206907656250003 0.42453629531250003 0.42350217187499994 0.4286027078125 0.4260345359375 0.43336711718750004 0.425617703125 0.5127974140625 0.4114559375 0.5760172265625 0.4095311796875 0.5826894640625 0.40894743437500003 0.5862543578125 0.40574741718749996 0.586128978125 0.404314321875 0.58206324375 0.4017897046875
1 0.5161528703125 0.21926574062499998 0.4595673765625 0.2530741984375 0.45797265937500004 0.2568199765625 0.46203907187500004 0.259352340625 0.46394689843750003 0.2591854265625 0.5205323921875 0.22537696875000002 0.5641298140625 0.2078557875 0.5657245296875 0.20411000937499998 0.56166843125 0.20157674375 0.558801534375 0.20182756406250002 0.5161528703125 0.21926574062499998
1 0.6432599234375 0.48660774843750004 0.6720199859375 0.45307150625 0.6726659453125 0.44940873437500006 0.668599534375 0.4468763703125 0.6666917078125 0.44704328281250005 0.6649092609375 0.448643290625 0.663898153125 0.4480136234375 0.6640228546875 0.4494389703125 0.63621155 0.48289220781250003 0.588538965625 0.508708371875 0.58579745 0.5103922875 0.5842027328125 0.514138065625 0.5882691453125 0.5166704296875 0.590176971875 0.516503515625 0.643385303125 0.4880408421875 0.6432599234375 0.48660774843750004
0 0.5706484328125 0.418837 0.581631875 0.41633833906250006 0.580808846875 0.40111106875 0.57521335625 0.39547309531249997 0.5637903359374999 0.3987673703125 0.561995025 0.40734684843749996 0.5646804624999999 0.414761540625 0.5706484328125 0.418837
0 0.5589029078125 0.214745021875 0.567866440625 0.21243869218749997 0.5756030265625001 0.20180949531249998 0.57112810625 0.197220928125 0.559495521875 0.1982386484375 0.549921215625 0.20520380624999998 0.5495754328125 0.212891503125 0.5589029078125 0.214745021875
1 0.5168257875 0.08430784531249999 0.518821078125 0.11804147031250001 0.52380708125 0.142130928125 0.5278734921875 0.14466329218750001 0.52978131875 0.1444963796875 0.5333462124999999 0.1412963625 0.528349896875 0.11720780625 0.52636491875 0.0834732796875 0.5222985062500001 0.080940915625 0.52039068125 0.081107828125 0.5168257875 0.08430784531249999
1 0.7765357265625 0.5499687171875001 0.7736791453125 0.5502186359375 0.70115278125 0.57749109375 0.6243621734375 0.6108972734375 0.6151464625 0.6153098 0.6135517484374999 0.619055578125 0.6176181578125 0.6215879421875 0.6223202171875 0.6204584359374999 0.7055316265625 0.5835945765624999 0.7753171484375 0.55801378125 0.78072751875 0.5539341765625 0.7806021390625 0.5525010828125 0.7765357265625 0.5499687171875001
1 0.5221271078124999 0.2216311921875 0.5185622140625 0.22483120781250002 0.51982408125 0.2283270671875 0.5468505703125001 0.26275106875 0.5670067796875 0.29561395 0.569165365625 0.29831322656250003 0.57405515625 0.299329490625 0.5776200484375 0.2961294734375 0.5774323171875 0.2939837046875 0.5551798734375 0.259134221875 0.527016896875 0.2226474546875 0.5221271078124999 0.2216311921875
0 0.5353618328125 0.091288090625 0.5444020984375 0.0897400125 0.5385512515624999 0.08106452343750001 0.528441125 0.0762040109375 0.516307028125 0.08301064062499999 0.52020235 0.0926143734375 0.526860771875 0.0931792828125 0.5353618328125 0.091288090625
1 0.6157794984375 0.3151544375 0.617687325 0.3149875234375 0.6212419062500001 0.31178840937499996 0.6190312828125 0.30837555625 0.5783180453125001 0.293180278125 0.5724795 0.2922470203125 0.56891460625 0.2954470375 0.57113554375 0.2988589875 0.6157794984375 0.3151544375
1 0.5697298796875 0.4035868640625 0.564840090625 0.40257059999999995 0.5612855109375 0.40576971406249995 0.5646429328125 0.411244428125 0.5974456171875 0.445889015625 0.6254838921875 0.48095043281249994 0.6275794484375 0.4829292890625 0.6324692375 0.483945553125 0.63602381875 0.48074643906250003 0.6358984390625 0.47931334375 0.60684905625 0.44362225625 0.5718254375 0.40556572031250004 0.5697298796875 0.4035868640625
2 0.6372587281250001 0.6155374218749999 0.63319299375 0.6130128046875 0.5834430296875001 0.61520316875 0.52485281875 0.6260976 0.46315594375 0.6343835046875 0.45959037187499996 0.637575775 0.4597157515625 0.6390088703125001 0.4637821625 0.641541234375 0.4714031546875 0.6408744828125 0.5254790375 0.633255328125 0.58406925 0.622360896875 0.6338192140625 0.6201705328125 0.6373841078125 0.616970515625 0.6372587281250001 0.6155374218749999