1 0.5564626265625 0.6557864671875 0.5610033609375 0.6543440375 0.6150705359375 0.6123125515625001 0.6159317843750001 0.60956376875 0.6122382625 0.60688708125 0.610410478125 0.6069189859375 0.5536204734375 0.6503611671875 0.552759353125 0.65311735625 0.5564626265625 0.6557864671875
0 0.5358825578124999 0.46872455625000004 0.543181178125 0.4690120359375 0.54332944375 0.46165277031249996 0.550024571875 0.459639321875 0.5546830671875 0.45305331249999997 0.546198078125 0.4487785234375 0.5353344390625 0.453176196875 0.5326521859375 0.45974252812499994 0.5358825578124999 0.46872455625000004
1 0.6748257140625 0.7393112453125 0.6784334515625 0.7365071140625 0.678409534375 0.7351369515624999 0.6747062609375 0.7324678421875 0.6710506921875 0.73253165 0.6036490875 0.7432873875 0.5991442921875 0.7467887625 0.5801565578125001 0.757395834375 0.578328775 0.7574277375 0.5792496203125 0.75809325 0.5774696687499999 0.7608654765625 0.58117306875 0.7635419921875 0.5857255703125 0.7627735343750001 0.590230365625 0.759272159375 0.6110558921875 0.7486404171875 0.6748257140625 0.7393112453125
1 0.61195205 0.3289089984375 0.6155499078125 0.3261050390625 0.6155261203125 0.32474228437499997 0.611832596875 0.3220655953125 0.607268075 0.3221452703125 0.5662491171874999 0.32696558750000004 0.5399382203124999 0.337011490625 0.53636629375 0.3418671625 0.521083975 0.3558322984375 0.52022486875 0.35927003750000003 0.5239281421875 0.361939146875 0.5275597953125 0.3605051765625 0.5284807703125 0.3611780953125 0.5464163140625 0.34238073125 0.5672776500000001 0.3338005296875 0.61195205 0.3289089984375
1 0.6041499765625 0.2482551015625 0.5777912484375001 0.2555606828125 0.52297330625 0.2551469546875 0.51937545 0.2579509125 0.5193992359374999 0.25931366875 0.523092759375 0.2619903546875 0.5797286046875 0.2623723515625 0.607006165625 0.25505073437500003 0.610613903125 0.2522466015625 0.6105899859374999 0.2508764390625 0.6068867124999999 0.24820733125 0.6041499765625 0.2482551015625
0 0.5695092921875 0.6598186453125 0.578694584375 0.6560874 0.5749424999999999 0.6500556671875 0.5666954046875 0.6458211765625 0.5558704156250001 0.6484697609375 0.5543071984375 0.6562982359375 0.559513459375 0.6635418109375 0.5695092921875 0.6598186453125
1 0.5833356265625 0.416362484375 0.5851515171874999 0.415649203125 0.5860007421875 0.4122116359375 0.582297340625 0.40953512031250006 0.5804794359375001 0.409566853125 0.5786755671875 0.41096891874999997 0.5777447125 0.41029617187499995 0.5777686281250001 0.411666334375 0.5410266734375 0.452024828125 0.53921078125 0.452738109375 0.53836155625 0.456175675 0.5420649578125001 0.45885219062499993 0.54568673125 0.45741839375 0.5466174578125 0.4580837328125 0.5465936703125001 0.456720978125 0.5833356265625 0.416362484375
2 0.5421025875 0.3568285890625 0.5384091953125 0.35415930625 0.5347536265625 0.3542231140625 0.46366064375000005 0.36299112031249997 0.4199648015625 0.37128831406249996 0.4172399578125 0.3720174625 0.4136322203125 0.37482159375 0.41365613593750006 0.3761917546875 0.41735953906249995 0.37886827031250003 0.42009627656250004 0.3788205 0.47380418437499994 0.3682963796875 0.5385286484375 0.361002709375 0.5421265046875 0.35819875 0.5421025875 0.3568285890625
2 0.57382560625 0.552097278125 0.5738016890625001 0.5507271171875 0.570108296875 0.548057834375 0.5527591593750001 0.5483606640625001 0.5180846765625 0.55032908125 0.45416160625 0.5514448625 0.40860002656249994 0.557033465625 0.404992290625 0.559837596875 0.40501620625 0.561207759375 0.40871960781250005 0.5638842734375 0.4132841296875 0.5638046 0.4552000203125 0.5582796328125 0.5182042578125 0.5571798890624999 0.5702277484375 0.5549012375 0.57382560625 0.552097278125
1 0.567611371875 0.5097548375 0.56850843125 0.5090575937499999 0.5510039046874999 0.5004580765625 0.5481955468749999 0.4964027671875 0.540607553125 0.48010308437500004 0.541074378125 0.45475774375 0.5373711046875 0.4520886359375 0.5355531984375 0.4521203671875 0.531945334375 0.4549170921875 0.5324471875000001 0.48366826874999996 0.54097793125 0.501322075 0.543762371875 0.504007221875 0.5428654421875 0.504711871875 0.5446833468750001 0.504680140625 0.5594391140625 0.5126386421875 0.561302709375 0.5146582796875 0.565879253125 0.5152673875 0.569486990625 0.51246325625 0.567611371875 0.5097548375
0 0.53472069375 0.3693222859375 0.540798834375 0.364800703125 0.5364421515625 0.3558383375 0.5307741781249999 0.352151509375 0.5210049921875 0.355270628125 0.5205910765625 0.3632642546875 0.526862540625 0.36925201093750004 0.53472069375 0.3693222859375
1 0.5247762640625 0.3057824578125 0.519256190625 0.355864203125 0.5193278109375 0.3599672828125 0.5230312125000001 0.362643796875 0.5248491171875 0.362612065625 0.5284568546874999 0.35980793437499997 0.5339769296875 0.3097261890625 0.5339053093749999 0.30562310937500003 0.5302019078125 0.3029465953125 0.528374121875 0.3029784984375 0.5247762640625 0.3057824578125
1 0.525051825 0.16473394531250002 0.52047528125 0.164124834375 0.51686754375 0.16692896562499998 0.5178461015625 0.1703346296875 0.5400704125 0.1877494140625 0.5623186390625 0.20653436093750002 0.5632634015625 0.20857003437500002 0.56783981875 0.2091717375 0.5714476828125 0.20637501249999998 0.5704790046875 0.2029691765625 0.5482546953125 0.1855543921875 0.5259965875 0.1667696171875 0.525051825 0.16473394531250002
2 0.5439422015625001 0.252728775 0.5402866328125 0.2527925828125 0.44369402812500003 0.26542842968749997 0.3955173078125 0.27859716093750003 0.3900936796875 0.282114575 0.3901175953125 0.2834847359375 0.39382099843749996 0.2861612515625 0.396557734375 0.28611348125 0.44927506250000004 0.2714949140625 0.5440616546875 0.259572178125 0.5476693921875 0.256768046875 0.547645475 0.255397884375 0.5439422015625001 0.252728775
0 0.54414941875 0.26743110312499996 0.5471585234375 0.2631705296875 0.5431409171875 0.25778056562499996 0.537414253125 0.25073128906250003 0.5217298015625 0.2518496359375 0.5182710453125 0.26262275 0.5248401453125 0.2692424453125 0.54414941875 0.26743110312499996
2 0.5810293796875 0.6505643296875 0.5773261062499999 0.6478952203125 0.5554124484375 0.648277725 0.48786760625000003 0.650827303125 0.43224612812499996 0.6559025093749999 0.4267747953125 0.65668700625 0.4231669296875 0.65948373125 0.42319084531250006 0.6608538921875 0.426894246875 0.6635304078125001 0.43237760312500007 0.6634346953125 0.488905890625 0.65765466875 0.5774455578125 0.6547386234375 0.5810532953124999 0.6519344921875 0.5810293796875 0.6505643296875
0 0.5756826171875 0.75643673125 0.5749602078125 0.7631762906249999 0.5781502453125 0.7698475593749999 0.5818425296874999 0.771887134375 0.589363953125 0.7696518234374999 0.5918418875 0.7666673828125 0.59255318125 0.7592908828125 0.58963726875 0.753037115625 0.5826043000000001 0.7521152734375 0.5756826171875 0.75643673125
2 0.5547321328125 0.45246718281250004 0.5328184765625 0.4528496875 0.4671014171875 0.4553673609375 0.41606837968750005 0.46173305468750003 0.4124606421875 0.46453718593750004 0.4124845578125 0.4659073484375 0.41618783125 0.46857645625 0.41983351874999997 0.468512821875 0.46722086875 0.4622107625 0.5548515859375 0.459310584375 0.5584594515625 0.45651385937500005 0.5584355359375001 0.4551436984375 0.5547321328125 0.45246718281250004
1 0.57466118125 0.7568027625 0.5710534453125 0.75960689375 0.5710892546874999 0.7616584328125 0.58962004375 0.7763965296875 0.640963734375 0.787828125 0.643700471875 0.7877803546875 0.647308209375 0.7849762234375001 0.6472844234374999 0.78361346875 0.6435810203125001 0.780936953125 0.5949979812499999 0.7708277484375 0.578328775 0.7574277375 0.57466118125 0.7568027625
1 0.6070297515624999 0.62272854375 0.60518994375 0.6220716640624999 0.5586746328125 0.57358719375 0.5500961859375 0.5532004703125 0.5454599140624999 0.5491696593750001 0.543642009375 0.5492013921875001 0.540034271875 0.5520055234375 0.54007008125 0.5540570625 0.5505142671875001 0.5771523765625 0.552354075 0.5778092578125 0.578401109375 0.604736553125 0.5998001109375 0.626959065625 0.599824028125 0.6283292265625 0.6007210859375001 0.627631984375 0.60440044375 0.62893093125 0.6079984296875 0.626134378125 0.6070297515624999 0.62272854375
1 0.5557707484375001 0.09298689843749999 0.552067346875 0.0903103828125 0.5502395625000001 0.0903422875 0.5475267406250001 0.09176021875 0.5457467890625 0.0945324453125 0.52811000625 0.13044572031249999 0.51777448125 0.16623155 0.5178102921875001 0.1682830890625 0.521503684375 0.170952371875 0.5233314703125 0.1709204671875 0.5269393375 0.168123740625 0.5363898234375 0.1337239390625 0.5558065578125 0.09503843749999999 0.5557707484375001 0.09298689843749999
0 0.5425118671875 0.5591930078125 0.5468134796874999 0.5650003 0.5538282203125 0.5648778578125 0.5581561140625 0.5557713078125001 0.562903496875 0.55484386875 0.5597219359375 0.5492244656249999 0.551840565625 0.5472580109375 0.5432270375 0.5520386953124999 0.5425118671875 0.5591930078125
0 0.528018825 0.1790102640625 0.5355675046874999 0.17720417187499998 0.5334436828125 0.1682028296875 0.5274549890625 0.161995290625 0.5187680296875 0.162569209375 0.516075896875 0.16913571249999998 0.5223729578125 0.1765899109375 0.528018825 0.1790102640625
1 0.59263104375 0.47782443125 0.590803259375 0.4778563359375 0.58631035625 0.48203908906250004 0.5749484421875 0.511678934375 0.54641455625 0.5512051609374999 0.5464384734375 0.552575321875 0.5501319953125 0.555252009375 0.55468248125 0.5538020015625 0.556464575 0.55171873125 0.5841014015625 0.512889746875 0.5963603749999999 0.482552659375 0.596324565625 0.4805011203125 0.59263104375 0.47782443125
1 0.5118957859375 0.666840021875 0.5082640031250001 0.6682665875 0.506505953125 0.671727425 0.5101993453125 0.67439670625 0.5129360828125 0.6743489375 0.571983978125 0.655515540625 0.57560588125 0.65408915 0.5773738093749999 0.6506281390625 0.5736804156249999 0.64795885625 0.5709337984375 0.6480067984375 0.5118957859375 0.666840021875
2 0.5378841421875 0.16724370625 0.53418086875 0.164574596875 0.458294340625 0.1597353 0.41458861875 0.16803266562500002 0.41186377656250006 0.1687618140625 0.40825603906249996 0.1715659453125 0.40827982656249995 0.1729287015625 0.411983228125 0.175605215625 0.4147199640625 0.175557446875 0.45932274531250006 0.166562834375 0.5297358 0.1714976734375 0.534300321875 0.17141800000000001 0.5379080578125001 0.16861386875 0.5378841421875 0.16724370625
3 0.5145600578125 0.81947603125 0.5182275203125 0.8200936000000001 0.5227443390625 0.817281009375 0.5190168265625 0.708477640625 0.524297996875 0.6447090921874999 0.4941172609375 0.48570789843749995 0.4961837578125 0.39460610625000003 0.4826930921875 0.30172370000000004 0.46645580937500003 0.2088892375 0.4664079765625 0.2061489140625 0.496554659375 0.154274140625 0.4965068265625 0.1515338171875 0.4937342796875 0.149530046875 0.4900668171875 0.148912478125 0.4855499984375 0.1517250703125 0.45542736250000004 0.2049774109375 0.45549898125 0.20908049062499998 0.4717362625 0.301914953125 0.485226928125 0.394797359375 0.48317232499999996 0.486580528125 0.513353190625 0.6455891281249999 0.5080599968749999 0.70866889375 0.50857374375 0.7381014453125 0.5117875093750001 0.8174722624999999 0.5145600578125 0.81947603125
1 0.5508718499999999 0.1786558140625 0.549044065625 0.1786877171875 0.545436328125 0.1814918484375 0.544575209375 0.18424803750000002 0.5266527921875 0.25645330781250003 0.526688603125 0.258504846875 0.5303920046874999 0.2611813609375 0.5322197890625 0.2611494578125 0.535817646875 0.2583454984375 0.536688646875 0.2555891375 0.5546011828124999 0.18338404218749998 0.554565371875 0.1813325015625 0.5508718499999999 0.1786558140625
2 0.5792138109375 0.7560417109374999 0.5025638406249999 0.7601207984375 0.4331313578125 0.7592731749999999 0.4295236203125 0.7620773062499999 0.42954753749999997 0.7634474671875 0.4332509390625 0.7661239828124999 0.5026832921875 0.7669642 0.592117875 0.76266195625 0.5957256125 0.759857825 0.5957018265625 0.7584950687500001 0.5919984234375 0.7558185546875 0.5792138109375 0.7560417109374999