2 0.5656498953125 0.32269654062500003 0.5656498953125 0.3212421390625 0.5617819703125 0.3183411953125 0.5559643609375 0.3183411953125 0.5133438156250001 0.3219732703125 0.430031446875 0.33214622656250004 0.4261530390625 0.332869496875 0.4222746328125 0.3357783015625 0.4222746328125 0.3372327046875 0.4261530390625 0.3401336484375 0.430031446875 0.3401336484375 0.4639308171875 0.33504717031250003 0.5268972749999999 0.32778301875000004 0.5617819703125 0.32560534531249996 0.5656498953125 0.32269654062500003
2 0.5811530390625 0.2326022015625 0.57437106875 0.22897012656250001 0.5317505234375 0.22243710625 0.509465409375 0.2209827046875 0.4649056609375 0.2209827046875 0.4261530390625 0.2297012578125 0.4222746328125 0.2326022015625 0.4222746328125 0.23405660312499998 0.4261530390625 0.236965409375 0.429056603125 0.236965409375 0.4658700203125 0.2282468546875 0.5220545078125001 0.22897012656250001 0.57437106875 0.236965409375 0.5772746328125 0.236965409375 0.5811530390625 0.23405660312499998 0.5811530390625 0.2326022015625
0 0.5474109015625 0.24028301875000002 0.5572641515625001 0.2425393078125 0.568406709375 0.23739779843750003 0.5718238999999999 0.2406132078125 0.5773899375 0.23482704375000002 0.570104821875 0.22680031406249998 0.5568343812500001 0.2258333328125 0.542704403125 0.23097484218750003 0.5474109015625 0.24028301875000002
2 0.5695283015625 0.41642295625000003 0.5656498953125 0.4135220125 0.5569287218750001 0.4135220125 0.42711740000000004 0.42005503125 0.41937106875 0.42078616406249997 0.4154926625 0.42369496875 0.4154926625 0.42514150937500006 0.41937106875 0.4280503140625 0.42711740000000004 0.4280503140625 0.48233752656249995 0.42441823906250004 0.5569287218750001 0.421509434375 0.5656498953125 0.42078616406249997 0.5695283015625 0.4178773578125 0.5695283015625 0.41642295625000003
1 0.5278721171874999 0.3510377359375 0.5259329140625 0.35539308125 0.5298113203125 0.3583018875 0.5346540875 0.35684748437499997 0.5617819703125 0.32560534531249996 0.5637106921874999 0.3212421390625 0.5598427671875 0.3183411953125 0.5579035640625001 0.3183411953125 0.5549999999999999 0.31979559687500003 0.5278721171874999 0.3510377359375
1 0.5714675046875 0.62131289375 0.576310271875 0.620589621875 0.65380503125 0.592979559375 0.655744234375 0.589347484375 0.6518658281249999 0.5864386796875001 0.64993710625 0.5864386796875001 0.5695283015625 0.6147798734375 0.5675890984375 0.61841195 0.5714675046875 0.62131289375
0 0.5568343812500001 0.5100707546875001 0.547851153125 0.5152122640625 0.5444129984375 0.522924528125 0.5461320749999999 0.529347484375 0.5499895171875 0.5309512578125 0.5581236890625 0.5280581765625 0.56112159375 0.521957546875 0.56796645625 0.521957546875 0.5718238999999999 0.5184276734375 0.5658280921875 0.5139308171875 0.5568343812500001 0.5100707546875001
1 0.55014675 0.32560534531249996 0.5540251578125 0.326328615625 0.5579035640625001 0.3234276734375 0.5569287218750001 0.3205188671875 0.4900943390625 0.2711163515625 0.48621593281250003 0.2703852203125 0.48233752656249995 0.273294025 0.48331236874999994 0.27619496875 0.55014675 0.32560534531249996
3 0.5152725359375 0.7804323906249999 0.5114046125 0.7121383640625 0.5133438156250001 0.5530188671875 0.500744234375 0.3219732703125 0.49105869999999996 0.203545596875 0.49784067031249996 0.0887421390625 0.49493710625 0.086564465625 0.49105869999999996 0.0858411953125 0.48621593281250003 0.0887421390625 0.48524109062500004 0.0981918234375 0.47943396250000003 0.2042688671875 0.489119496875 0.3219732703125 0.501719078125 0.5530188671875 0.4997798734375 0.7128616359375 0.5026834375 0.7695361640625 0.5036477984375 0.7804323906249999 0.5065618453125 0.7826100625 0.51042976875 0.7833411953125 0.5152725359375 0.7804323906249999
2 0.59471698125 0.613325471875 0.584056603125 0.613325471875 0.48524109062500004 0.6176808171875 0.4261530390625 0.6176808171875 0.4222746328125 0.620589621875 0.4222746328125 0.622044025 0.4261530390625 0.6249528296875 0.48621593281250003 0.6249528296875 0.584056603125 0.62131289375 0.59471698125 0.620589621875 0.5985849062499999 0.6176808171875 0.5985849062499999 0.616226415625 0.59471698125 0.613325471875
2 0.5472431859375 0.106910378125 0.5375576515625 0.106910378125 0.45520964375000006 0.110542453125 0.409685534375 0.120715409375 0.405807128125 0.12362421406249999 0.405807128125 0.1250707546875 0.409685534375 0.127979559375 0.4125890984375 0.127979559375 0.45618448593750005 0.11780660312499999 0.5472431859375 0.114174528125 0.55112159375 0.1112657234375 0.55112159375 0.1098191828125 0.5472431859375 0.106910378125
0 0.5576834374999999 0.31865566093750003 0.5499895171875 0.321226415625 0.5469811328125 0.32732704375 0.55126834375 0.3318239 0.55641509375 0.33471698125 0.5632599578125 0.33278301875 0.568406709375 0.33471698125 0.5765303984375 0.33085691875 0.575251571875 0.32572327031250004 0.5718238999999999 0.3228301890625 0.5641090140625 0.32346698125 0.56154088125 0.32346698125 0.5576834374999999 0.31865566093750003
1 0.55014675 0.51596698125 0.5462788265625 0.514512578125 0.54240041875 0.517421384375 0.5433752625 0.521053459375 0.5888993703125001 0.565369496875 0.5888993703125001 0.5668238999999999 0.5898742140625 0.5661006296875 0.5937421390625001 0.5675471703125 0.5976205453125 0.5646462265625 0.596656184375 0.5610141515625 0.55112159375 0.5166902515625 0.55112159375 0.5152358484375 0.55014675 0.51596698125
2 0.4736163515625 0.5130581765625 0.40774633125 0.5181446546874999 0.403867925 0.521053459375 0.403867925 0.5225 0.40774633125 0.5254088046875001 0.413553459375 0.5254088046875001 0.4745911953125 0.5203223265625 0.5753354296875 0.5225 0.5792138359375001 0.5195990562499999 0.5792138359375001 0.5181446546874999 0.5753354296875 0.5152358484375 0.4736163515625 0.5130581765625
1 0.6470230609375001 0.4774528296875 0.6489622640625 0.4745518875 0.6450943390625 0.47164308125 0.64218029375 0.47164308125 0.604402515625 0.49416666718749996 0.553060796875 0.514512578125 0.55014675 0.51596698125 0.5482180296875 0.5195990562499999 0.552085953125 0.5225 0.5540251578125 0.5225 0.6092452828125 0.500707546875 0.6111844859375 0.4985298734375 0.6373375265625 0.483270440625 0.647997903125 0.4781839625 0.6470230609375001 0.4774528296875
2 0.5976205453125 0.7048742140625001 0.5239937109375 0.715770440625 0.42711740000000004 0.7150393078125 0.4232494765625 0.7179481125 0.4232494765625 0.719402515625 0.42711740000000004 0.7223113203125 0.524968553125 0.723034590625 0.6014989515625 0.7121383640625 0.6053668765625 0.709229559375 0.6053668765625 0.7077751578125 0.6014989515625 0.7048742140625001 0.5976205453125 0.7048742140625001
1 0.457148846875 0.192641509375 0.457148846875 0.1940959125 0.46199161406249994 0.1977279875 0.5394968546875 0.2311556609375 0.541436059375 0.2311556609375 0.5453039828125 0.2282468546875 0.5433752625 0.2246147796875 0.5404612156249999 0.223160378125 0.46877358437499994 0.1919182390625 0.461027253125 0.189740565625 0.457148846875 0.192641509375
0 0.5448427671875 0.41243710624999996 0.5388469609375 0.41982704374999996 0.5414255765625 0.42817610000000006 0.54570230625 0.43267295624999996 0.5521278828125 0.4336399375 0.5555450734375 0.43010220156249995 0.5546960171875 0.42496069218750004 0.5624109015625 0.4236792453125 0.564119496875 0.41693396250000003 0.55641509375 0.41211477968750004 0.5448427671875 0.41243710624999996
1 0.5637106921874999 0.6169575468749999 0.5666247375 0.6431132078124999 0.5792138359375001 0.6627279875000001 0.584056603125 0.664182390625 0.5879350109375 0.6612735843750001 0.5879350109375 0.65982704375 0.576310271875 0.6423899375000001 0.573406709375 0.6169575468749999 0.5695283015625 0.6140487421875 0.5675890984375 0.6140487421875 0.5637106921874999 0.6169575468749999
1 0.596656184375 0.37864779843749996 0.592777778125 0.37573899375 0.590838575 0.37573899375 0.5879350109375 0.377193396875 0.5714675046875 0.3968081765625 0.549182390625 0.41496855312500003 0.5482180296875 0.41860849062499994 0.552085953125 0.421509434375 0.5569287218750001 0.42078616406249997 0.5579035640625001 0.41860849062499994 0.580178196875 0.4004402515625 0.580178196875 0.3989858484375 0.596656184375 0.3800943390625 0.596656184375 0.37864779843749996
1 0.580178196875 0.7077751578125 0.576310271875 0.7106839625 0.576310271875 0.7121383640625 0.580178196875 0.7150393078125 0.6431551359375 0.715770440625 0.6770545078125 0.7215801890625 0.6799685531249999 0.7215801890625 0.683836478125 0.7186792453125 0.683836478125 0.7172248421874999 0.6799685531249999 0.7143160375 0.6431551359375 0.7085062890625 0.580178196875 0.7077751578125
0 0.5820964359375 0.7175550312500001 0.5915303984375 0.7252672953125 0.5983752625000001 0.7243003140625001 0.601373165625 0.7185141515625 0.6017924531250001 0.711132075 0.5975157234374999 0.7047012578125 0.5863836484375 0.7037421390625 0.5782494765624999 0.7101650937499999 0.5820964359375 0.7175550312500001
1 0.5888993703125001 0.2551257859375 0.592777778125 0.25585691875 0.596656184375 0.25294811250000004 0.5956813421875 0.2500393078125 0.56274633125 0.22751572343749998 0.558867925 0.226792453125 0.5549999999999999 0.2297012578125 0.5559643609375 0.2326022015625 0.5888993703125001 0.2551257859375
0 0.5658280921875 0.6157468546875 0.5641090140625 0.6253773578125 0.5671174 0.6289072328125 0.5756813421875 0.6295518875 0.5812473796875001 0.62312893125 0.5893815515624999 0.6212028296875001 0.5945178203125 0.6160613203125 0.5846645703125 0.6122012578125 0.5756813421875 0.6096383640624999 0.5658280921875 0.6157468546875
0 0.5217190781250001 0.1158333328125 0.532421384375 0.12353773593749999 0.5409853250000001 0.1225707546875 0.542704403125 0.11743710624999999 0.5491299796875 0.12065251562499998 0.5572641515625001 0.117759434375 0.547851153125 0.10941037812500001 0.5409853250000001 0.105880503125 0.5238574421875 0.10812106875000001 0.5217190781250001 0.1158333328125
1 0.521090146875 0.049512578125 0.517211740625 0.052421384375000005 0.5191509437499999 0.0858411953125 0.528836478125 0.1112657234375 0.532714884375 0.114174528125 0.5346540875 0.114174528125 0.5385220125 0.1112657234375 0.5385220125 0.10908804999999999 0.528836478125 0.0851100625 0.5268972749999999 0.052421384375000005 0.5230293500000001 0.049512578125 0.521090146875 0.049512578125
1 0.591802934375 0.7063207546875 0.5879350109375 0.709229559375 0.58309224375 0.7644496859375 0.5753354296875 0.7862421390625001 0.5753354296875 0.7884276734375 0.5792138359375001 0.791328615625 0.5811530390625 0.791328615625 0.585031446875 0.7884276734375 0.592777778125 0.76517295625 0.5976205453125 0.709229559375 0.5937421390625001 0.7063207546875 0.591802934375 0.7063207546875
1 0.5394968546875 0.1098191828125 0.5356184484375001 0.106910378125 0.5336792453125 0.106910378125 0.53077568125 0.1083647796875 0.5230293500000001 0.11780660312499999 0.46877358437499994 0.1083647796875 0.4658700203125 0.1083647796875 0.46199161406249994 0.1112657234375 0.46199161406249994 0.1127201265625 0.46877358437499994 0.1163522015625 0.5259329140625 0.12580188750000001 0.528836478125 0.12434748437500001 0.5394968546875 0.1112657234375 0.5394968546875 0.1098191828125