1 0.50277968125 0.696816653125 0.50782803125 0.6956845703125001 0.5702937015625 0.6552897703125 0.5714856671875 0.6523948515625 0.56774389375 0.6491468593749999 0.5657637515625 0.6490083953125 0.500219171875 0.69067299375 0.4990266421875 0.693575946875 0.50277968125 0.696816653125
0 0.49823571875 0.49231392500000004 0.50610343125 0.4933160734375 0.5069608453125001 0.4853613375 0.51439369375 0.48381486875 0.5200565984375001 0.4771243515625 0.5112832421875 0.47169235781249996 0.49911547812499996 0.4754259421875 0.49559214531249995 0.4822822140625 0.49823571875 0.49231392500000004
1 0.622902409375 0.7984629203125 0.6270705046875 0.7957680421875 0.627174409375 0.7942821375 0.623421371875 0.7910414296875 0.6194610843749999 0.7907645 0.545533796875 0.7960310484375 0.5403293109375 0.7993960062500001 0.5187855625 0.8090842625000001 0.5168054171875001 0.808945796875 0.5177384671875 0.8097535921875 0.5155505140625001 0.8125869359375001 0.519302990625 0.815835675 0.52430023125 0.8154344953124999 0.5295047187499999 0.8120695390625 0.5530387515624999 0.802528528125 0.622902409375 0.7984629203125
1 0.59376299375 0.348119071875 0.5979203875 0.3454234453125 0.5980237296875 0.343945571875 0.5942819546875 0.3406975796875 0.5893369484375001 0.3403517921875 0.5445100359375 0.3416886296875 0.5150979484375 0.35007605625 0.5107742765625 0.3549957765625 0.4929206296875 0.368670959375 0.4916657265625 0.3723120984375 0.4954187640625 0.37555280625 0.49948295624999994 0.37434383125 0.5004154421875 0.3751596578125 0.521596775 0.3565031796875 0.5449752328125 0.34918700937499997 0.59376299375 0.348119071875
1 0.5929625984375 0.2600467671875 0.5637583187499999 0.2654623859375 0.5045007390625 0.25982552187499997 0.500343346875 0.26252114843749996 0.5002400046875 0.2639990203125 0.503981778125 0.2672470109375 0.565208796875 0.27302159375 0.5954085 0.26767558125 0.5995765953125 0.264980703125 0.5996805000000001 0.263494796875 0.5959274609375 0.260254090625 0.5929625984375 0.2600467671875
0 0.5165104 0.7024177328125 0.5267995671875 0.6992469078125 0.5233122203125 0.692360459375 0.514792378125 0.6869946203125 0.5028320875000001 0.6888379109375 0.5003996749999999 0.697166784375 0.50534523125 0.7055030890625 0.5165104 0.7024177328125
1 0.554525346875 0.440106875 0.5565571609375 0.43950640312499994 0.5578013609375 0.43586451718749997 0.554048884375 0.432615778125 0.5520794437500001 0.43247806093749996 0.549995396875 0.43382550000000003 0.5490522062500001 0.43300892500000004 0.5489483015625 0.4344948296875 0.5053818421875 0.4747180203125 0.5033500281250001 0.475318490625 0.5021058265625 0.47896037812500003 0.5058583046875 0.4822091171875 0.509911790625 0.48099939375 0.51085554375 0.4818079375 0.5109588859375 0.480330065625 0.554525346875 0.440106875
2 0.515562175 0.371739309375 0.5118198390625001 0.36849935 0.5078595531250001 0.3682224203125 0.43012755468749997 0.37098719999999996 0.3820757375 0.375835490625 0.379059203125 0.376367103125 0.37489110625 0.37906198125 0.374787203125 0.3805478859375 0.37853968125000004 0.383796625 0.38150454375 0.3840039484375 0.44059737343750005 0.377692 0.5113008781249999 0.3759208421875 0.5154582703125 0.3732252140625 0.515562175 0.371739309375
2 0.5313822015625 0.5861832687499999 0.53148610625 0.5846973640625001 0.5277437703125 0.58145740625 0.5089484640624999 0.580143109375 0.47125451093750004 0.5789923906250001 0.4020030140625 0.5741498546875 0.352189565625 0.57588861875 0.3480214703125 0.5785834984375 0.347917565625 0.580069403125 0.3516700421875 0.5833181421875 0.35661505 0.58366393125 0.402478915625 0.581648984375 0.47073498750000003 0.5864219140625 0.527224809375 0.5888788953125 0.5313822015625 0.5861832687499999
1 0.5286707078124999 0.5397457390625 0.5297071 0.5390756609375 0.51158689375 0.5281070015625 0.5089331828125 0.5234499968749999 0.5022690437499999 0.50508209375 0.50517459375 0.47768179687499995 0.50142155625 0.47444109062499995 0.499452115625 0.47430337343750006 0.4952845828125 0.47699022031249994 0.4931042703125 0.5081701203125 0.5006599265625 0.5280935343750001 0.5034175421875 0.5312646359375 0.502380590625 0.5319427453125 0.5043500296875 0.5320804625 0.51955760625 0.5420948296875 0.5213821750000001 0.5444581359375 0.526274946875 0.54555089375 0.5304430421874999 0.5428560124999999 0.5286707078124999 0.5397457390625
0 0.5063938140625 0.3845690140625 0.513396821875 0.38024828125 0.5095330515625001 0.3701312484375 0.5037511828125 0.3656025609375 0.492888390625 0.36805529375 0.49168354062499997 0.3766717859375 0.4979002765625 0.38374909375 0.5063938140625 0.3845690140625
1 0.5016550640624999 0.31482540625 0.4909404859375 0.36853249374999997 0.490629334375 0.3729821765625 0.4943818125 0.376230915625 0.49635125156250004 0.37636863125 0.500519346875 0.373673753125 0.511233925 0.319966665625 0.5115450765625 0.315516984375 0.5077925984375 0.31226824375 0.5058124562499999 0.312129778125 0.5016550640624999 0.31482540625
1 0.5153125484375 0.1621211 0.5104197765625 0.16102834375 0.50625168125 0.163723221875 0.5069876234375 0.167503575 0.5293783000000001 0.1884643546875 0.5516650703125 0.21091103906250003 0.552494215625 0.2132047375 0.55738755 0.21428946249999997 0.5615550828125 0.211602615625 0.56082984375 0.20782301250000002 0.5384391671875 0.18686223125 0.5161416937500001 0.1644147984375 0.5153125484375 0.1621211
2 0.5274119078124999 0.25919190625 0.5234516218749999 0.2589149765625 0.4177702484375 0.2634542359375 0.36441003906249997 0.27315338749999996 0.35821012812499997 0.27644873593749997 0.3581062234375 0.277934640625 0.3618587015625 0.28118337968749996 0.3648235640625 0.281390703125 0.423232684375 0.2705514359375 0.526892946875 0.266613396875 0.5310610421875 0.26391851875 0.5311649468749999 0.2624326140625 0.5274119078124999 0.25919190625
0 0.5262435234375 0.27513151874999997 0.529902021875 0.270802909375 0.526066675 0.2645862484375 0.52053979375 0.256411071875 0.503467940625 0.2561374078125 0.4987062171875 0.2674753765625 0.5051850499999999 0.275265134375 0.5262435234375 0.27513151874999997
2 0.5298482421874999 0.6934874125 0.526095203125 0.6902467031249999 0.502354890625 0.6885866187499999 0.4290499078125 0.6849538046875 0.36840325625000003 0.68518441875 0.36241059375 0.6855159921875 0.3582430578125 0.6882028375 0.358139153125 0.6896887421875 0.36189163125 0.6929374828125 0.3678320625 0.693352878125 0.42952636875000005 0.692444903125 0.525576240625 0.6976681953125 0.5297443375 0.694973315625 0.5298482421874999 0.6934874125
0 0.5140369234375 0.8076222390625001 0.512617153125 0.8148516000000001 0.515435959375 0.8223773515625 0.5192367390625 0.8249353453125 0.52758440625 0.823226853125 0.5305474703125 0.8202297875 0.5320155421874999 0.8123096828125 0.529453715625 0.805261959375 0.5219334390625 0.8035980515625001 0.5140369234375 0.8076222390625001
2 0.520165190625 0.476494321875 0.4964248765625 0.4748342375 0.4251000375 0.4713398890625 0.3692944875 0.47340219375 0.3651263921875 0.4760970734375 0.3650224875 0.47758297812499995 0.3687755265625 0.48082368593749997 0.37272510937500003 0.4810998671875 0.42458107656250005 0.4787613796875 0.5196462281249999 0.4839158125 0.5238137625 0.481228965625 0.5239176671875 0.47974306093749997 0.520165190625 0.476494321875
1 0.512897365625 0.8079218984375001 0.50872926875 0.8106167781250001 0.5085736921875 0.8128416187499999 0.5272225953125 0.8305544078124999 0.581678509375 0.8477927984375 0.584643371875 0.848000121875 0.5888114671875 0.8453052421875 0.5889148109375 0.8438273687500001 0.585162334375 0.8405786296875 0.533567378125 0.82503346875 0.5168054171875001 0.808945796875 0.512897365625 0.8079218984375001
1 0.5606094046875 0.6658073203125 0.5586814953125 0.6649218875 0.512957921875 0.6080188796875 0.5056095125 0.5851316875 0.5009762203125 0.5803281859375 0.49900678125000003 0.58019046875 0.494838684375 0.582885346875 0.4946831078125 0.5851101875 0.5037931484375 0.6111069062500001 0.505721059375 0.611992340625 0.5313458125 0.6436153171875 0.5523883828125 0.6697038890625 0.552284478125 0.67118979375 0.5533208703125 0.670519715625 0.5571778125 0.6722745203125 0.56133464375 0.6695869234375 0.5606094046875 0.6658073203125
1 0.5553368421875 0.087339584375 0.5515843640625 0.0840908453125 0.549604221875 0.0839523796875 0.546535453125 0.0852309609375 0.5443475015625 0.0880643046875 0.521868203125 0.12528254375 0.507298775 0.1630538921875 0.5071431984375 0.1652787328125 0.5108855359375 0.16851869218749999 0.5128656781250001 0.16865715781249999 0.5170332125 0.16597030937499999 0.5305140171875 0.1296160078125 0.5551812671875 0.0895644265625 0.5553368421875 0.087339584375
0 0.49683794531250003 0.5909026328125 0.5009409765624999 0.59759806875 0.5085404437500001 0.598129475 0.5140844703125 0.5886783703125 0.5193075734375 0.5881234890625 0.516398309375 0.5817375218749999 0.5080592562499999 0.5788621796875 0.49828916875000007 0.5832234828125 0.49683794531250003 0.5909026328125
0 0.5171697828124999 0.177860653125 0.5255062796875001 0.1766195078125 0.5240614984375 0.1666716265625 0.5181714515625 0.1593831 0.5087203765625 0.15918227499999998 0.5051863421875 0.1660377984375 0.5112918703125 0.174705425 0.5171697828124999 0.177860653125
1 0.558758865625 0.5075390765625001 0.5567787234375 0.5074006109375 0.5515225625 0.5115045046875 0.5364250015625001 0.5425236921875001 0.50181606875 0.5826226328125 0.5017121640625 0.5841085374999999 0.5054539359375 0.587356528125 0.51051355 0.5862171609375 0.5126385671875 0.5841300359375 0.546211109375 0.5447011734375 0.5623450625 0.5130119093750001 0.5625006390625 0.5107870671875 0.558758865625 0.5075390765625001
1 0.45352463125 0.704567146875 0.44946100156249996 0.7057680890625 0.44723151874999995 0.7093491484375 0.4509738546875 0.712589109375 0.45393871875 0.7127964328124999 0.51959484375 0.697992484375 0.5236477703125 0.69679079375 0.5258879546874999 0.6932104812500001 0.52214561875 0.6899705218750001 0.5191700531250001 0.68976245 0.45352463125 0.704567146875
2 0.5289556015625 0.166053384375 0.5252025625 0.1628126765625 0.44357418437499996 0.15038943437500002 0.3955116625 0.155236975 0.392495128125 0.1557685890625 0.38832703281250003 0.15846346875 0.38822368906250004 0.159941340625 0.3919761671875 0.1631900796875 0.3949410296875 0.163397403125 0.44403994375 0.15787978281249998 0.5197385953125 0.16988837968749998 0.5246836015625 0.17023416875 0.528851696875 0.16753928906249999 0.5289556015625 0.166053384375
3 0.4419496609375 0.8700969171875 0.4458582765625 0.8711127843750001 0.45101053125 0.86849479375 0.45728378125 0.7503273140625 0.4690362796875 0.68177724375 0.45144946875 0.5067505031249999 0.4623135125 0.4082991140625 0.45651796874999995 0.3064470515625 0.44774685937500003 0.20438691874999998 0.4479546671875 0.20141511093750003 0.4854777640625 0.1480975578125 0.4856855734375 0.14512574843749998 0.4828762859375 0.142693584375 0.4789676703125 0.1416777171875 0.473815415625 0.14429570625000002 0.43618785468750004 0.1991071953125 0.43587670312500004 0.2035568765625 0.4446478140625 0.305617009375 0.45044335625 0.40746907187500003 0.439527640625 0.5066593968750001 0.45711389062499996 0.6816941703125 0.4454136234375 0.7494972718749999 0.4431816421875 0.7814161093750001 0.439140375 0.8676647515625 0.4419496609375 0.8700969171875
1 0.541923553125 0.17964003281250002 0.5399434109375 0.17950156875 0.535775315625 0.182196446875 0.5345827859375001 0.18509939687500002 0.5083571203125 0.26158835625 0.5082015453125 0.263813196875 0.5119540234375 0.2670619359375 0.513934165625 0.2672004 0.5180915578125 0.2645047734375 0.519294790625 0.261602571875 0.5455097515625 0.1851128640625 0.545665328125 0.1828880234375 0.541923553125 0.17964003281250002
2 0.5178940421875 0.8075287515625 0.4345951421875 0.8046902656249999 0.3595700578125 0.7972002093749999 0.3554019625 0.7998950875 0.3552980578125 0.8013809921874999 0.359050534375 0.80462973125 0.43407618125 0.81211175625 0.53122538125 0.8159187484375 0.5353934765624999 0.8132238703124999 0.5354968203125 0.8117459984375 0.5317443421875 0.808497259375 0.5178940421875 0.8075287515625