1 0.55505859375 0.6553919406250001 0.5595703125 0.65404395625 0.613720703125 0.61341391875 0.614619140625 0.6107106234375 0.6110156250000001 0.608 0.609208984375 0.608 0.55234375 0.649978021875 0.5514453125000001 0.6526886453125 0.55505859375 0.6553919406250001
0 0.53794921875 0.47005860781250003 0.54515625 0.4704688640625 0.5454296875 0.4631941390625 0.552080078125 0.46131868125000003 0.5567968750000001 0.45488644687499996 0.548486328125 0.45051282031250006 0.53767578125 0.4546739921875 0.534912109375 0.46112087968750004 0.53794921875 0.47005860781250003
1 0.5767187500000001 0.7562783875 0.574912109375 0.7562783875 0.575810546875 0.75695238125 0.57400390625 0.759663003125 0.5776171875 0.7623736265625001 0.58212890625 0.7616923078125 0.586640625 0.7583076921874999 0.60740234375 0.748153846875 0.670576171875 0.7400293046875001 0.674189453125 0.73731868125 0.674189453125 0.7359633703124999 0.670576171875 0.7332600734375 0.666962890625 0.7332600734375 0.60017578125 0.7427326 0.5956640625 0.746117215625 0.5767187500000001 0.7562783875
1 0.5406152343749999 0.3446227109375 0.5252734375 0.3581684984375 0.524365234375 0.3615531140625 0.527978515625 0.3642564109375 0.531591796875 0.36290109843749996 0.532490234375 0.3635824171875 0.550537109375 0.34530402968749996 0.571298828125 0.3371794875 0.61552734375 0.333113553125 0.619130859375 0.3304029296875 0.619130859375 0.3290549453125 0.61552734375 0.326344321875 0.6110156250000001 0.326344321875 0.5704003906249999 0.3304029296875 0.544228515625 0.33988278437499997 0.5406152343749999 0.3446227109375
1 0.5252734375 0.26134798593749997 0.5252734375 0.26269597031249997 0.5288769531249999 0.26540659375 0.584833984375 0.2667619046875 0.6119140625 0.2599926734375 0.61552734375 0.2572820515625 0.61552734375 0.255926740625 0.6119140625 0.25322344375 0.609208984375 0.25322344375 0.583037109375 0.2599926734375 0.5288769531249999 0.25863736249999997 0.5252734375 0.26134798593749997
0 0.557939453125 0.663113553125 0.567880859375 0.6596043953125 0.577021484375 0.656073259375 0.5734179687500001 0.65004395625 0.5653417968750001 0.6457142859375 0.5545996093750001 0.6481465203125001 0.5529199218749999 0.65586080625 0.557939453125 0.663113553125
1 0.580322265625 0.414358975 0.5433203125 0.4536337 0.541513671875 0.45430769218749995 0.5406152343749999 0.4576923078125 0.544228515625 0.46040292968749996 0.54783203125 0.45904761875 0.5487402343750001 0.4597216125 0.5487402343750001 0.4583736265625 0.5857421875 0.4190989015625 0.587548828125 0.4184249078125 0.5884472656249999 0.41504029375 0.584833984375 0.4123296703125 0.583037109375 0.4123296703125 0.5812304687500001 0.41368498125000003 0.580322265625 0.4130036625 0.580322265625 0.414358975
2 0.4223828125 0.372380953125 0.41876953125 0.375091575 0.41876953125 0.3764468859375 0.4223828125 0.37915750937500003 0.42508789062499996 0.37915750937500003 0.47833984375 0.36967765625000004 0.5424218749999999 0.3635824171875 0.546025390625 0.3608717953125 0.546025390625 0.35951648281250004 0.5424218749999999 0.3568131875 0.53880859375 0.3568131875 0.468408203125 0.3642564109375 0.42508789062499996 0.371706959375 0.4223828125 0.372380953125
2 0.41065429687500005 0.5551868125 0.40704101562500006 0.5578974359375 0.40704101562500006 0.559252746875 0.41065429687500005 0.5619633703125 0.415166015625 0.5619633703125 0.4566796875 0.55722344375 0.5189550781250001 0.55722344375 0.5704003906249999 0.55586813125 0.57400390625 0.553157509375 0.57400390625 0.5518021984375 0.5704003906249999 0.5490989015625 0.553251953125 0.5490989015625 0.5189550781250001 0.5504468859375 0.45577148437500004 0.5504468859375 0.41065429687500005 0.5551868125
1 0.5424218749999999 0.5023809531250001 0.545126953125 0.5050842484375 0.544228515625 0.5057655671875 0.546025390625 0.5057655671875 0.56046875 0.513890109375 0.562275390625 0.5159194140625 0.566787109375 0.5166007328125 0.5704003906249999 0.513890109375 0.56859375 0.5111794875 0.5694921875000001 0.51050549375 0.55234375 0.501699634375 0.549638671875 0.49764102499999996 0.5424218749999999 0.481391940625 0.5433203125 0.456336996875 0.5397070312500001 0.4536337 0.5379101562499999 0.4536337 0.534296875 0.456336996875 0.534296875 0.48477655625000005 0.5424218749999999 0.5023809531250001
0 0.530751953125 0.3715384609375 0.5385156249999999 0.3717435890625 0.544599609375 0.3673772890625 0.54044921875 0.3584395609375 0.534912109375 0.3546959703125 0.5252050781250001 0.357611721875 0.524658203125 0.3655091578125 0.530751953125 0.3715384609375
1 0.523466796875 0.36222710625 0.527080078125 0.3649377296875 0.5288769531249999 0.3649377296875 0.532490234375 0.36222710625 0.53880859375 0.312798534375 0.53880859375 0.30873992656250004 0.5351953125 0.3060293046875 0.5333886718749999 0.3060293046875 0.52978515625 0.30873992656250004 0.523466796875 0.3581684984375 0.523466796875 0.36222710625
1 0.5469335937500001 0.1922857140625 0.56859375 0.211245421875 0.5694921875000001 0.213274725 0.57400390625 0.2139487171875 0.5776171875 0.211245421875 0.5767187500000001 0.20786080624999997 0.55505859375 0.1902564109375 0.5333886718749999 0.171296703125 0.532490234375 0.1692674 0.527978515625 0.16858608125000002 0.524365234375 0.171296703125 0.5252734375 0.17468131874999998 0.5469335937500001 0.1922857140625
2 0.397109375 0.2830109890625 0.397109375 0.28436629999999996 0.40072265625 0.2870769234375 0.403427734375 0.2870769234375 0.45577148437500004 0.2735311359375 0.549638671875 0.2633772890625 0.553251953125 0.2606666671875 0.553251953125 0.2593113546875 0.549638671875 0.25660805937500003 0.546025390625 0.25660805937500003 0.45036132812499996 0.267435896875 0.40252929687499994 0.2796263734375 0.397109375 0.2830109890625
0 0.530478515625 0.272608059375 0.54958984375 0.2711501828125 0.55263671875 0.2669890109375 0.5487597656250001 0.26158974375 0.54322265625 0.254520146875 0.527705078125 0.2553553109375 0.5241015625000001 0.2659487171875 0.530478515625 0.272608059375
2 0.42689453125 0.65404395625 0.42328124999999994 0.656747253125 0.42328124999999994 0.6581025640625 0.42689453125 0.6608131875 0.43231445312499994 0.6608131875 0.48827148437499995 0.656073259375 0.575810546875 0.6547179484375001 0.579423828125 0.6520073265625 0.579423828125 0.6506520140625 0.575810546875 0.6479487171875 0.554150390625 0.6479487171875 0.48736328125000006 0.6493040296875 0.43231445312499994 0.6533626375 0.42689453125 0.65404395625
0 0.571484375 0.7619047625 0.5745214843750001 0.7685567765625 0.578134765625 0.7706373625 0.5856054687500001 0.7685567765625 0.58810546875 0.7656483515625 0.5889355468749999 0.7583662999999999 0.586162109375 0.75213186875 0.579228515625 0.7510989015625 0.572314453125 0.755252746875 0.571484375 0.7619047625
2 0.416064453125 0.4637875453125 0.416064453125 0.46514285781250003 0.419677734375 0.467846153125 0.42328124999999994 0.467846153125 0.47021484375 0.46243223437500003 0.55685546875 0.46107692343749995 0.56046875 0.4583736265625 0.56046875 0.45701831562499995 0.55685546875 0.45430769218749995 0.5351953125 0.45430769218749995 0.47021484375 0.455663003125 0.419677734375 0.46107692343749995 0.416064453125 0.4637875453125
1 0.5857421875 0.77523076875 0.636279296875 0.7874212453125 0.6389843749999999 0.7874212453125 0.64259765625 0.7847106234375001 0.64259765625 0.7833626375 0.6389843749999999 0.7806520140625001 0.5911523437499999 0.76981685 0.574912109375 0.7562783875 0.571298828125 0.7555970703125 0.5676855468750001 0.7583076921874999 0.5676855468750001 0.760336996875 0.5857421875 0.77523076875
1 0.550537109375 0.5775311359375 0.55234375 0.5782124546875 0.5776171875 0.6052893765625 0.59837890625 0.6276337 0.59837890625 0.6289890109375 0.5992773437500001 0.6283150187500001 0.602890625 0.629663003125 0.606494140625 0.62695970625 0.605595703125 0.6235750921875 0.6037890625 0.6228937734375 0.5586621093749999 0.5741465203125 0.550537109375 0.553838828125 0.546025390625 0.5497728937499999 0.544228515625 0.5497728937499999 0.5406152343749999 0.5524835171875 0.5406152343749999 0.5545128203125 0.550537109375 0.5775311359375
1 0.536103515625 0.13541391875 0.5252734375 0.1706227109375 0.5252734375 0.1726520140625 0.5288769531249999 0.1753553109375 0.53068359375 0.1753553109375 0.534296875 0.1726520140625 0.544228515625 0.138798534375 0.56408203125 0.10087912031249999 0.56408203125 0.0988498171875 0.56046875 0.09613919374999999 0.5586621093749999 0.09613919374999999 0.55595703125 0.09749450625 0.554150390625 0.100205128125 0.536103515625 0.13541391875
0 0.542939453125 0.5596337 0.54708984375 0.56545055 0.5540234374999999 0.56545055 0.55845703125 0.556520146875 0.5631640625000001 0.55568498125 0.5601171875000001 0.550073259375 0.55236328125 0.5479926734375 0.5437695312499999 0.552571428125 0.542939453125 0.5596337
0 0.529638671875 0.1809450546875 0.53517578125 0.183435896875 0.5426660156249999 0.18178022031250002 0.54072265625 0.17284249062499998 0.534912109375 0.1666007328125 0.526318359375 0.167018315625 0.523544921875 0.1734652015625 0.529638671875 0.1809450546875
1 0.5469335937500001 0.5518021984375 0.5469335937500001 0.553157509375 0.550537109375 0.55586813125 0.55505859375 0.5545128203125 0.55685546875 0.5524835171875 0.584833984375 0.514564103125 0.5974707031250001 0.48477655625000005 0.5974707031250001 0.482747253125 0.5938671875 0.48003662968749994 0.592060546875 0.48003662968749994 0.587548828125 0.48409523749999994 0.575810546875 0.513208790625 0.5469335937500001 0.5518021984375
1 0.505419921875 0.6702930406250001 0.5090234375 0.6729963375 0.511728515625 0.6729963375 0.5704003906249999 0.6553919406250001 0.57400390625 0.65404395625 0.575810546875 0.6506520140625 0.5722070312499999 0.6479487171875 0.5694921875000001 0.6479487171875 0.5108300781249999 0.6655531140625001 0.507216796875 0.6669010984375 0.505419921875 0.6702930406250001
2 0.41696289062499997 0.1740073265625 0.41696289062499997 0.1753553109375 0.42057617187499996 0.178065934375 0.42328124999999994 0.178065934375 0.467509765625 0.16994139218749998 0.537001953125 0.1760366296875 0.541513671875 0.1760366296875 0.545126953125 0.17332600781250002 0.545126953125 0.1719706953125 0.541513671875 0.1692674 0.46661132812500006 0.1631721609375 0.42328124999999994 0.1706227109375 0.42057617187499996 0.171296703125 0.41696289062499997 0.1740073265625
3 0.462998046875 0.21191941406249998 0.47744140625 0.304 0.489169921875 0.3960805859375 0.48555664062500004 0.4868058609375 0.5126367187499999 0.644564103125 0.506318359375 0.7068498171875001 0.506318359375 0.7359633703124999 0.5081249999999999 0.8145054937499999 0.5108300781249999 0.8165347984375 0.514443359375 0.8172087906250001 0.5189550781250001 0.8145054937499999 0.5171484375000001 0.7068498171875001 0.523466796875 0.643882784375 0.49638671875 0.48613186875 0.5 0.3960805859375 0.48827148437499995 0.304 0.473828125 0.21191941406249998 0.473828125 0.20920879062500003 0.50451171875 0.158432234375 0.50451171875 0.1557216125 0.501806640625 0.1536923078125 0.498193359375 0.15301831562499998 0.49368164062500003 0.1557216125 0.462998046875 0.20786080624999997 0.462998046875 0.21191941406249998
1 0.532490234375 0.2599926734375 0.532490234375 0.262021978125 0.536103515625 0.2647326 0.5379101562499999 0.2647326 0.541513671875 0.262021978125 0.5424218749999999 0.2593113546875 0.5613671874999999 0.1882197796875 0.5613671874999999 0.1861904765625 0.557763671875 0.18347985312499998 0.55595703125 0.18347985312499998 0.55234375 0.1861904765625 0.5514453125000001 0.1889010984375 0.532490234375 0.2599926734375
2 0.42779296875000006 0.7583076921874999 0.42779296875000006 0.759663003125 0.43140625000000005 0.7623736265625001 0.5 0.7644029296875 0.5884472656249999 0.7616923078125 0.592060546875 0.758981684375 0.592060546875 0.7576337 0.5884472656249999 0.7549230765625 0.575810546875 0.7549230765625 0.5 0.7576337 0.43140625000000005 0.7555970703125 0.42779296875000006 0.7583076921874999