1 0.6188637499999999 0.6126860062499999 0.6165421953125 0.6131794671875 0.6127534625 0.6181351562499999 0.615827578125 0.64969563125 0.603602390625 0.6720384734375 0.604023478125 0.67401953125 0.6095125171875 0.6770124125 0.6137223374999999 0.67403778125 0.615100696875 0.6747893281249999 0.6146777296875 0.6727994265625 0.6278479906250001 0.6492204203124999 0.6243509078125 0.61567004375 0.6188637499999999 0.6126860062499999
0 0.6159451609375 0.6774938296874999 0.6217036874999999 0.674347153125 0.6192721031249999 0.667422915625 0.6129787546875 0.66353798125 0.6052163140625 0.6662879265625 0.6033477765625 0.6710942859375 0.6070996015625 0.6766194234375 0.6159451609375 0.6774938296874999
1 0.580218984375 0.48790348906250003 0.5850745140625 0.48791594062500004 0.5888613671875 0.48295140625000005 0.586859815625 0.4792172359375 0.5304293109375 0.447572940625 0.524209503125 0.44682444062500004 0.5204207671875001 0.4517801296875 0.52242231875 0.4555143015625 0.580218984375 0.48790348906250003
1 0.5869093000000001 0.5935036578124999 0.5831102484375 0.598461540625 0.5835332156249999 0.60045144375 0.5977779859375 0.6161233984375001 0.6102271359375 0.6404962515625 0.6157161734375001 0.6434891328125001 0.618037728125 0.642995671875 0.6218245812500001 0.6380311375 0.6211910703125 0.63505070625 0.6109540171875001 0.615402553125 0.593130990625 0.594261003125 0.5869093000000001 0.5935036578124999
1 0.5714594296875 0.463790915625 0.5439272234375 0.442633309375 0.54298215 0.443869471875 0.5379160781250001 0.44286649218749996 0.5341292234374999 0.44783102656249996 0.53634131875 0.45255572656250004 0.54024145625 0.45380653281249994 0.5620740765625001 0.47098072812499997 0.5744183171875 0.47771138750000003 0.57620744375 0.4804461875 0.57716095625 0.4791989859375 0.5822167109375 0.48020415937500005 0.5860157625 0.47524627500000005 0.5838036671875 0.4705215765625 0.5714594296875 0.463790915625
1 0.5455619578124999 0.3134394921875 0.5092939999999999 0.325308096875 0.5054968265625 0.3302748265625 0.5059179140625 0.3322558828125 0.5114069531250001 0.335248765625 0.5172056765625 0.3340162078125 0.5476749109375 0.323380159375 0.5708698046875 0.3184499328125 0.57466885625 0.31349205 0.5742458890625 0.311502146875 0.56875685 0.30850926562500003 0.5455619578124999 0.3134394921875
1 0.5726846140624999 0.3783323625 0.5385257859375 0.38870813593750003 0.5347389328125 0.39367266875 0.5351618984375001 0.39566257031249996 0.5406387390625 0.398648803125 0.548759015625 0.3969227859375 0.575963503125 0.3880252046875 0.6132879390625 0.3811269328125 0.617076671875 0.3761712421875 0.6166537046875 0.3741813390625 0.6111749859375 0.3711862640625 0.5726846140624999 0.3783323625
2 0.471896171875 0.405985784375 0.4723191390625 0.4079756859375 0.477797859375 0.41097076406250005 0.50047064375 0.40926660156250005 0.55202564375 0.3951931609375 0.555822815625 0.39022643281249997 0.5553998484375 0.3882365296875 0.5499126890625 0.3852524921875 0.5087995203125 0.3971064546875 0.47568490468749997 0.4010300953125 0.471896171875 0.405985784375
2 0.5228414609375001 0.4460707015625 0.47497605781249996 0.46040441875000004 0.4711770046875 0.46536230312500004 0.471599971875 0.46735220625 0.4770890125 0.4703450875 0.48404335156249995 0.468866896875 0.5249544140625 0.45601136875000003 0.5530048359374999 0.45109359375 0.556791690625 0.4461290578125 0.5563687234375 0.4441391546875 0.5508918828125 0.44115292500000003 0.5228414609375001 0.4460707015625
2 0.6097107984375 0.6665804765625001 0.5904160421875 0.6727615109375 0.5544680859375 0.680402484375 0.550669034375 0.68536036875 0.5510919999999999 0.6873502703125001 0.556581040625 0.6903431546875 0.5925289968749999 0.6827021796875 0.6222655796875001 0.674301665625 0.626062753125 0.6693349390625001 0.625641665625 0.6673538812500001 0.6201526265624999 0.6643609984375 0.6097107984375 0.6665804765625001
2 0.593440675 0.5900355640625 0.561081290625 0.603143940625 0.5236473984375001 0.6152603734375 0.51986054375 0.6202249078125 0.52028163125 0.622205965625 0.525760353125 0.625201040625 0.531559075 0.623968484375 0.600196734375 0.5989893093750001 0.60399390625 0.5940225828125001 0.60357281875 0.5920415234374999 0.59808378125 0.5890486421875 0.593440675 0.5900355640625
0 0.5395754046875 0.3997344765625 0.5469399765625 0.40120098281249994 0.5483965015625001 0.395927584375 0.5505470156250001 0.392447825 0.5524719499999999 0.3879067859375 0.5450341062499999 0.38619703125 0.53856434375 0.388940271875 0.5353238484375 0.39485168593750003 0.5395754046875 0.3997344765625
0 0.5822936671875001 0.54784160625 0.5856701453125 0.5440920171875 0.5871746265625 0.539094975 0.5842073109375 0.5342165203125 0.5785468203125 0.5362516171875 0.5715413265625 0.541040640625 0.5763511984374999 0.5485501015625001 0.5822936671875001 0.54784160625
1 0.6070795609374999 0.671299378125 0.6154284140625 0.7048445171875 0.6206985359375 0.7182737203125 0.626187575 0.721266603125 0.6285091281249999 0.7207731421875 0.6322959828125 0.7158086078125 0.627025859375 0.7023794031249999 0.6186770078125 0.6688342656249999 0.6131982859375 0.6658391890625001 0.6108767328125 0.66633265 0.6070795609374999 0.671299378125
1 0.50685145 0.285303396875 0.505284403125 0.329275453125 0.5059179140625 0.3322558828125 0.5114069531250001 0.335248765625 0.51372850625 0.3347553046875 0.5180477859375 0.3265625125 0.51961483125 0.28259045625 0.518981321875 0.279610025 0.51349228125 0.2766171421875 0.511170728125 0.277110603125 0.50685145 0.285303396875
1 0.6336029984375 0.556559603125 0.628115840625 0.5535755640625 0.6246386687500001 0.554314659375 0.6048237515625 0.5751464171875 0.5836426734375 0.59523328125 0.5813211203125 0.5957267421875 0.5826891609375 0.5964804828125 0.5812116625 0.6009449046875 0.586700703125 0.6039377859374999 0.5922870015624999 0.60170585625 0.59303185 0.5994769718749999 0.633503859375 0.5617755718749999 0.6321273796875 0.56103286875 0.6336029984375 0.556559603125
1 0.6442115921875 0.4524865796875 0.62364988125 0.46412256406249996 0.5827491359375 0.4769758984375 0.5789519640624999 0.481942628125 0.57937305 0.4839236859375 0.5848620906249999 0.4869165671875 0.6280843875000001 0.4735697703125 0.6476907078125 0.46317214218749997 0.6535988890625 0.456721425 0.6531759218750001 0.45473152343749995 0.6476887625 0.45174748437499995 0.6442115921875 0.4524865796875
2 0.51720373125 0.32259155 0.45762954218749996 0.3445997 0.453842690625 0.3495642359375 0.45426565625000004 0.35155413750000003 0.459742496875 0.35454036875 0.46438560312500005 0.3535534453125 0.4821036546875 0.3456369890625 0.523949475 0.3315474890625 0.5277466468750001 0.3265807625 0.5273236796874999 0.324590859375 0.5218365203124999 0.3216068203125 0.51720373125 0.32259155
1 0.513758078125 0.4147522546875 0.5141810453125 0.41674215625000005 0.5270493359375 0.431671409375 0.5333862546875 0.45006875468749996 0.5388734140625 0.45305279374999996 0.5411949671875 0.4525593328125 0.5449837 0.44760364218750004 0.538434359375 0.4282069234375 0.523776940625 0.41054287343749996 0.51755713125 0.4097943703125 0.513758078125 0.4147522546875
1 0.498657715625 0.34939301718750004 0.49243602500000005 0.3486356703125 0.488636971875 0.35359355312499996 0.4922274265625 0.35906979843750003 0.5208161078125 0.385197740625 0.52471624375 0.3864485484375 0.5378942203125 0.3971523625 0.5388496125 0.39591400625 0.5439156859375001 0.3969169859375 0.5477025375 0.39195245 0.54549044375 0.3872277515625 0.5301911406250001 0.378010121875 0.498657715625 0.34939301718750004
2 0.5871713796875 0.47500064062499997 0.5315076453125 0.4982574046875 0.4943937546875 0.5061462046874999 0.49060689999999996 0.5111107406250001 0.4910298671875 0.51310064375 0.496506709375 0.516086875 0.5347865359374999 0.507950246875 0.592771821875 0.4842000203125 0.5965586765625 0.4792354859375 0.5961357109375001 0.47724558437500003 0.5906588687500001 0.474259353125 0.5871713796875 0.47500064062499997
1 0.5709611234375 0.52415576875 0.5748650843750001 0.536840078125 0.5772877234375 0.5425553078124999 0.5827767625 0.5455481921875001 0.585098315625 0.5450547296875 0.5888851703125 0.5400901953125 0.5849830875 0.5274147296875 0.58255856875 0.52169065625 0.5770714109374999 0.51870661875 0.57474985625 0.5192000796875 0.5709611234375 0.52415576875
3 0.5929642265624999 0.696114546875 0.5686729671874999 0.6160796828125 0.5505976265625 0.513944003125 0.531593303125 0.43590045625 0.507951640625 0.381701990625 0.49474343593750003 0.3367108984375 0.46340251875 0.274803696875 0.45928995937500006 0.2725535171875 0.45444662812500003 0.272547715625 0.44948352031249994 0.277762271875 0.4503275734375 0.28173323125 0.483259271875 0.3453913546875 0.494243184375 0.38565109531249997 0.517884846875 0.439849559375 0.5364765234375 0.5159010125 0.5547539687499999 0.6190382578125 0.579045228125 0.6990731218749999 0.5831559078125 0.701314459375 0.5880114375 0.7013269078125 0.5929642265624999 0.696114546875
2 0.5155136375 0.559845409375 0.5885754859375 0.544315634375 0.5923726578124999 0.53934890625 0.591949690625 0.5373590046875 0.58646253125 0.534374965625 0.5134006828125 0.5499047406249999 0.5096016328124999 0.5548626249999999 0.5100246 0.5568525265625001 0.5155136375 0.559845409375
0 0.5929038906249999 0.6053183859375 0.5999927328125 0.6024435546875 0.5995797484375001 0.5928902765624999 0.5937319234375 0.5911013734375 0.5846307296875 0.5935905078125 0.5803904625 0.5977917640625 0.585641790625 0.6043847109375 0.5929038906249999 0.6053183859375
1 0.575822421875 0.5470263828124999 0.5802427859375 0.5450422796875001 0.616071625 0.4969119875 0.6163916265625 0.49268435625 0.6109025859375 0.48969147187499995 0.608581034375 0.49018493437500005 0.5706449453125 0.5398169046875 0.5703333828125 0.5440334984375 0.575822421875 0.5470263828124999
0 0.51151725625 0.33881183125000003 0.5190428171875 0.3394121984375 0.5260802421874999 0.330207196875 0.5193454375 0.327238775 0.5121275375 0.32656377187499996 0.5065215625 0.3288553453125 0.506468628125 0.3346438375 0.51151725625 0.33881183125000003
0 0.546157165625 0.45642217343749997 0.5513344921875001 0.45201249375 0.55168665 0.4461604 0.545794628125 0.4441128265625 0.54093776875 0.4454132484375 0.5328927421875 0.449877859375 0.5348456015624999 0.45607193125 0.546157165625 0.45642217343749997
0 0.5911474859375 0.4807184390625 0.5858432234375 0.4799139859375 0.5765703531249999 0.484639584375 0.5800900359375001 0.489123321875 0.5903974609375 0.49078698593750003 0.5948908734375 0.4862546140625 0.5911474859375 0.4807184390625