1 0.5584553265625 0.610733425 0.556056971875 0.6107752875 0.5513425484375001 0.6149624078125 0.5483063015625 0.6468758359375 0.5318692265625 0.6666904 0.5319049609375 0.6687376203125 0.536773459375 0.6727666125 0.541523615625 0.6706267109375 0.5427461499999999 0.6716384375 0.54271025625 0.6695820765625 0.5603233125 0.6487230640625 0.563323665625 0.6147532765625 0.5584553265625 0.610733425
0 0.5430624078124999 0.6744852703124999 0.549382203125 0.6724733875 0.5483050984375 0.6651327515625 0.542810671875 0.6600633359375 0.5345793140625 0.6612949312499999 0.5317987 0.6657042765625001 0.5344554046875001 0.6719111421874999 0.5430624078124999 0.6744852703124999
1 0.544178915625 0.47944521875 0.5489936515625 0.4803942421875 0.5537079171875 0.47619798125 0.5524422812500001 0.4721061015625 0.5025601703125 0.429816659375 0.4965338765625 0.4278740046875 0.4918194546875 0.432061125 0.4930850890625 0.4361530046875 0.544178915625 0.47944521875
1 0.5304526140625 0.5855327453125 0.5257275328125 0.5897200515625001 0.5257634265625 0.591776409375 0.536873421875 0.610077075 0.5445241296875001 0.6366660640624999 0.549392628125 0.64069505625 0.5517909828125 0.64065319375 0.556505246875 0.6364569343750001 0.5564514859374999 0.6333769640625 0.5500842796875001 0.6119034640625001 0.5364790671875 0.5874845375 0.5304526140625 0.5855327453125
1 0.5401384359375 0.45382627500000006 0.5169039078125001 0.42751844375000003 0.5157279265625 0.42856289218750004 0.5108953234375 0.42659026093749997 0.506181059375 0.4307865203125 0.5074645624999999 0.435902009375 0.511092659375 0.43789566718749995 0.529440821875 0.4591508984375 0.540389534375 0.468211653125 0.5416371437499999 0.471270784375 0.542823625 0.4702170109375 0.5476455687499999 0.472189828125 0.552370653125 0.468002521875 0.5510871484375001 0.46288703125 0.5401384359375 0.45382627500000006
1 0.5434391875 0.299622696875 0.5051692671875 0.3044046734375 0.5004443453125 0.30860111875 0.5004800796875 0.310648340625 0.5053485765625 0.3146773328125 0.5113391359375 0.3145727671875 0.543618496875 0.30989535625000003 0.56758073125 0.30947709375 0.5723058140624999 0.3052897875 0.5722699203125 0.30323342656249996 0.567401421875 0.2992044359375 0.5434391875 0.299622696875
1 0.5578335875 0.369254115625 0.5219439968749999 0.3729614796875 0.5172297328125001 0.3771577390625 0.5172656265625 0.379214096875 0.5221233062499999 0.3832341359375 0.530512221875 0.38308770625 0.5592174046875 0.37950575 0.5975769796875 0.3798601015625 0.602291403125 0.37567298125000004 0.602255509375 0.373616621875 0.5973976703125 0.36958744375 0.5578335875 0.369254115625
2 0.452509409375 0.37725437031250003 0.45254530312499996 0.37931073125000003 0.45740314218749994 0.383339909375 0.48022529062499997 0.3860224546875 0.53408655625 0.3820013953125 0.5388114796875 0.37780495 0.5387755859375 0.37574858906249997 0.533907246875 0.3717287359375 0.49083325 0.3755615046875 0.45722383281249995 0.37306724999999996 0.452509409375 0.37725437031250003
2 0.4953220015625 0.42686209374999995 0.4450709640625 0.43185320000000005 0.44034588281250003 0.4360405078125 0.4403817765625 0.4380968671875 0.445250275 0.44212585937500004 0.45243468125 0.4420004546875 0.49550131249999996 0.4371347515625 0.524278284375 0.4376655125 0.528992546875 0.4334692515625 0.5289566531250001 0.43141289218749995 0.524098975 0.427392853125 0.4953220015625 0.42686209374999995
2 0.5389818453124999 0.6624522765624999 0.5186477078125 0.664864196875 0.48151050624999997 0.665512428125 0.476785425 0.6696997359375 0.47682131875 0.67175609375 0.4816898171875 0.6757850859375 0.5188270171875 0.6751368531249999 0.549948425 0.6725366421875 0.554673346875 0.668340196875 0.5546376125 0.666292975 0.5497691140625001 0.662263984375 0.5389818453124999 0.6624522765624999
2 0.5376011265625 0.5833509796875 0.5029698046875 0.5901172890625 0.463495378125 0.5949202890625 0.4587811125 0.5991165484375001 0.458816846875 0.60116376875 0.4636746875 0.605192946875 0.4696652453125 0.6050883812500001 0.542577146875 0.5935399125 0.5473020703125 0.5893434656250001 0.5472663359375 0.5872962453125 0.5423978375 0.583267253125 0.5376011265625 0.5833509796875
0 0.52085901875 0.3841064265625 0.527882565625 0.38698245781249996 0.530344484375 0.3820301453125 0.5331490265625 0.3789917046875 0.535934425 0.374856540625 0.5288850953125 0.37172497656250003 0.5219374859375 0.3731992875 0.5175826671875 0.3784406234375 0.52085901875 0.3841064265625
0 0.5346788499999999 0.539327634375 0.538751696875 0.5362579140625 0.541207903125 0.5315891078125 0.5392047984375 0.5261753453125 0.53319661875 0.5271030125 0.5253230078125 0.5305041968750001 0.5286467421875 0.5388843953125 0.5346788499999999 0.539327634375
1 0.5354614296875 0.666627696875 0.5372754953125 0.7015282265625 0.5399142890624999 0.7158719265625 0.5447827859375 0.71990091875 0.54718114375 0.7198590546875 0.55189540625 0.7156627953125 0.5492566125 0.7013190953125 0.5474425468749999 0.666418565625 0.5425847078125 0.6623893875 0.540186353125 0.6624312515625 0.5354614296875 0.666627696875
1 0.5104604546875 0.2642330859375 0.50042631875 0.3075683703125 0.5004800796875 0.310648340625 0.5053485765625 0.3146773328125 0.507746934375 0.31463546875000004 0.5136119421875 0.3073382140625 0.523646078125 0.2640029296875 0.5235923171875 0.2609229609375 0.5187238203125 0.25689396875 0.5163254625 0.25693583124999997 0.5104604546875 0.2642330859375
1 0.583901340625 0.5578772578125 0.5790330015625 0.5538574046875 0.5754407984375 0.5539201078125 0.5517653953125 0.57077096875 0.526878278125 0.58661905625 0.5244799234374999 0.5866609203125 0.5256917984375 0.5876728296875 0.5233650703125 0.5918182734374999 0.5282335687499999 0.595847265625 0.5342061015625 0.59470995 0.5353748734375 0.5926417046875 0.5827971468750001 0.5630344265625 0.5815747734375 0.562031840625 0.583901340625 0.5578772578125
1 0.614495284375 0.45664234375 0.5918522859375 0.4642233171875 0.548796315625 0.46908883437500004 0.54407139375 0.47328528125 0.5441071281250001 0.47533250000000005 0.548975625 0.4793614921875 0.594429953125 0.47445411249999997 0.615886309375 0.4679177734375 0.6229917203124999 0.4626558546875 0.6229558265625 0.4605994953125 0.6180874875 0.45657964218749997 0.614495284375 0.45664234375
2 0.5135403140625 0.303234634375 0.45019314843749997 0.31358308749999997 0.4454788859375 0.3177793484375 0.4455147796875 0.31983570625 0.4503724578125 0.3238557453125 0.45516916875 0.32377201875 0.4742737234375 0.31933371718750003 0.5185056765625 0.31342375312500004 0.5232305984375001 0.30922730625 0.5231947046875 0.307170946875 0.5183263671875 0.30315109375 0.5135403140625 0.303234634375
1 0.4923498234375 0.394029621875 0.4923857171875 0.39608598281249996 0.5022733374999999 0.4133840609375 0.5050124453125 0.43286390468749997 0.5098807859375001 0.43688375781250005 0.512279140625 0.43684189375000004 0.5169935625 0.4326547734375 0.514236428125 0.41214218125 0.5031011984375 0.391784971875 0.49707490468750004 0.389842315625 0.4923498234375 0.394029621875
1 0.48997259375 0.32625457343750003 0.48394614062499997 0.32430277812499997 0.47922105937500004 0.3284900859375 0.4817270953125 0.3346173 0.5050512796875 0.3660614625 0.5086793765625 0.36805511874999997 0.5196890578125 0.381219640625 0.5208756984375 0.38017500625 0.5257083015624999 0.3821476375 0.530422565625 0.377951378125 0.5291390640625 0.3728358890625 0.515738234375 0.360737025 0.48997259375 0.32625457343750003
2 0.5535645 0.4679816828125 0.493856090625 0.4803236078125 0.4555143828125 0.4809928640625 0.45080012031249994 0.4851891234375 0.4508360140625 0.487245484375 0.4556936921875 0.4912655234375 0.49523990781249994 0.490575240625 0.557346671875 0.478191453125 0.5620609375 0.47399519375 0.5620250437500001 0.47193883437500006 0.5571673625 0.4679187953125 0.5535645 0.4679816828125
1 0.5280034375 0.5136358359375001 0.529430515625 0.5269767640625 0.5307318859375 0.5331158640625 0.535600384375 0.5371448578125 0.5379987390625 0.53710299375 0.5427130046875 0.5329067328125 0.5412860828125 0.5195749453125 0.5399845546875001 0.5134267046875001 0.535116215625 0.5094068515625 0.5327178609375001 0.5094487156249999 0.5280034375 0.5136358359375001
3 0.5166723921874999 0.688531159375 0.508006953125 0.6044191234375 0.5097701625 0.49957347968750004 0.5059658546875 0.41845750312499996 0.4929626390625 0.360110653125 0.48853485625 0.3129138296875 0.4693797984375 0.2454316375 0.46573367499999996 0.24240523125000002 0.4609297546875 0.2414651625 0.45500032656249995 0.2456826328125 0.45507195468750006 0.24978621250000002 0.475467571875 0.319312878125 0.478601034375 0.36138525781249997 0.49160424999999996 0.41973210781250003 0.49538332343749997 0.4987915390625 0.49362748125 0.60467011875 0.50229291875 0.6887821546875 0.505938884375 0.691799421875 0.510753621875 0.69274844375 0.5166723921874999 0.688531159375
2 0.46611203593750006 0.53835778125 0.5415909421875 0.5370402921874999 0.546315865625 0.5328438453125 0.546279971875 0.5307874859374999 0.5414116328125 0.5267676328124999 0.46593272499999994 0.528085121875 0.46120764375 0.5322724296875 0.46124353749999997 0.5343287875 0.46611203593750006 0.53835778125
0 0.534121478125 0.598414003125 0.54170865 0.5969285281250001 0.5431411640625 0.58736825 0.5376845453125 0.5844648671875 0.5281753109375 0.5851793828125 0.523158409375 0.588530703125 0.5270968453125 0.59608651875 0.534121478125 0.598414003125
1 0.528415978125 0.5372702625 0.5331840031249999 0.5361539703125 0.578010903125 0.4953014265625 0.5791436234375 0.49116768281249995 0.574275125 0.48713868906249996 0.5718767687499999 0.48718055312499997 0.5246697 0.5291168500000001 0.5235474796874999 0.53324126875 0.528415978125 0.5372702625
0 0.5047709140625 0.31823457187500004 0.5121211999999999 0.3202821078125 0.5208780578125001 0.3125046953125 0.514768925 0.3082596609375 0.5077382593750001 0.30619740625 0.5017347062499999 0.3073901140625 0.5005659484375 0.31312436718750003 0.5047709140625 0.31823457187500004
0 0.5164572015625 0.44163259374999997 0.522443946875 0.43825520312500005 0.5239218265625001 0.4325155546875 0.5184712390625 0.42934694531249995 0.5134020125000001 0.42970055 0.5045596484375 0.432579259375 0.5053026140625 0.439102934375 0.5164572015625 0.44163259374999997
0 0.5564065609375 0.474423009375 0.551299365625 0.47260144375 0.5411885375 0.47550229218749995 0.5438157578125 0.480630896875 0.5537208671875 0.48427028281249995 0.5590527640625 0.4806392 0.5564065609375 0.474423009375