1 0.5323828125000001 0.674991625 0.5323828125000001 0.676867671875 0.5367773437500001 0.680636515625 0.541162109375 0.67875209375 0.542265625 0.6796984921875 0.542265625 0.6778140703125 0.55873046875 0.6589866 0.562021484375 0.6279145734375 0.557626953125 0.624154103125 0.5554296875 0.624154103125 0.551044921875 0.6279145734375 0.54775390625 0.6571021781249999 0.5323828125000001 0.674991625
0 0.53466796875 0.6798157453125 0.542509765625 0.6823115578125 0.548330078125 0.6805695140625 0.5474609375 0.6738274703125 0.542509765625 0.669095478125 0.534951171875 0.6700921265625001 0.532333984375 0.6740871015625001 0.53466796875 0.6798157453125
1 0.546650390625 0.503651590625 0.551044921875 0.504597990625 0.5554296875 0.5008291453125 0.5543359375 0.4970603015625 0.509326171875 0.4575209375 0.5038378906250001 0.455644890625 0.49945312499999994 0.459405359375 0.5005468750000001 0.4631742046875 0.546650390625 0.503651590625
1 0.53787109375 0.6232077046875 0.544453125 0.6476884421875 0.54884765625 0.6514572859375 0.551044921875 0.6514572859375 0.5554296875 0.6476884421875 0.5554296875 0.644865996875 0.54994140625 0.6250921265625 0.53787109375 0.6025041875 0.5323828125000001 0.6006197656250001 0.5279882812500001 0.604380234375 0.5279882812500001 0.60626465625 0.53787109375 0.6232077046875
1 0.51701171875 0.46505862656249997 0.5334765625 0.4848241203125 0.543359375 0.49329983281249995 0.544453125 0.496122278125 0.545556640625 0.4951758796875 0.54994140625 0.4970603015625 0.5543359375 0.49329983281249995 0.5532421875 0.4885929640625 0.543359375 0.480117253125 0.5225 0.455644890625 0.52140625 0.45658291406249996 0.51701171875 0.45469849218749997 0.5126269531250001 0.45846733593750005 0.513720703125 0.4631742046875 0.51701171875 0.46505862656249997
1 0.509326171875 0.3483165828125 0.513720703125 0.3520854265625 0.519208984375 0.3520854265625 0.54884765625 0.3483165828125 0.57080078125 0.3483165828125 0.5751953125 0.34455611406250003 0.5751953125 0.34267169218750004 0.57080078125 0.338902846875 0.54884765625 0.338902846875 0.513720703125 0.34267169218750004 0.509326171875 0.3464405359375 0.509326171875 0.3483165828125
1 0.523603515625 0.411398659375 0.5279882812500001 0.4151591296875 0.535673828125 0.4151591296875 0.562021484375 0.4123366828125 0.5971484375 0.41327470625 0.601533203125 0.4095142375 0.601533203125 0.407629815625 0.5971484375 0.40386097187500003 0.56091796875 0.4029229484375 0.5279882812500001 0.40574539375 0.523603515625 0.4095142375 0.523603515625 0.411398659375
2 0.46871093750000004 0.41422110625 0.4895703125 0.4170435515625 0.53896484375 0.41422110625 0.543359375 0.4104522609375 0.543359375 0.40856783906249994 0.53896484375 0.40480737031249997 0.49945312499999994 0.407629815625 0.46871093750000004 0.40480737031249997 0.46432617187499997 0.40856783906249994 0.46432617187499997 0.4104522609375 0.46871093750000004 0.41422110625
2 0.45224609375 0.464112228125 0.456640625 0.46788107187500005 0.46322265625 0.46788107187500005 0.5027441406250001 0.464112228125 0.529091796875 0.46505862656249997 0.5334765625 0.4612897828125 0.5334765625 0.459405359375 0.529091796875 0.455644890625 0.5027441406250001 0.45469849218749997 0.456640625 0.45846733593750005 0.45224609375 0.46222780625000004 0.45224609375 0.464112228125
2 0.481884765625 0.676867671875 0.481884765625 0.67875209375 0.486279296875 0.6825209375 0.520302734375 0.6825209375 0.54884765625 0.680636515625 0.5532421875 0.676867671875 0.5532421875 0.674991625 0.54884765625 0.67122278125 0.53896484375 0.67122278125 0.520302734375 0.673107203125 0.486279296875 0.673107203125 0.481884765625 0.676867671875
2 0.46652343749999997 0.6119179234375001 0.46652343749999997 0.6137939703125 0.47090820312500004 0.6175628140625 0.47639648437500004 0.6175628140625 0.543359375 0.6081490781250001 0.54775390625 0.604380234375 0.54775390625 0.6025041875 0.543359375 0.59873534375 0.53896484375 0.59873534375 0.5071386718750001 0.604380234375 0.47090820312500004 0.6081490781250001 0.46652343749999997 0.6119179234375001
0 0.52681640625 0.41593802343749997 0.533203125 0.4186850921875 0.535537109375 0.4141876046875 0.5381542968749999 0.41144891093749997 0.540771484375 0.4077051921875 0.5343652343749999 0.40472361875 0.527978515625 0.40596314843750003 0.52390625 0.41069514218750003 0.52681640625 0.41593802343749997
0 0.531474609375 0.557855946875 0.5369921875 0.5583584593750001 0.540771484375 0.555611390625 0.543095703125 0.5513735343749999 0.5413476562499999 0.546381909375 0.5358300781249999 0.547135678125 0.528564453125 0.550125628125 0.531474609375 0.557855946875
1 0.53896484375 0.7201758796875 0.543359375 0.7239447234374999 0.545556640625 0.7239447234374999 0.54994140625 0.7201758796875 0.54775390625 0.7069932999999999 0.546650390625 0.674991625 0.542265625 0.67122278125 0.540068359375 0.67122278125 0.535673828125 0.674991625 0.5367773437500001 0.7069932999999999 0.53896484375 0.7201758796875
1 0.509326171875 0.3483165828125 0.513720703125 0.3520854265625 0.51591796875 0.3520854265625 0.52140625 0.3454941375 0.5312890625 0.3059547734375 0.5312890625 0.303132328125 0.52689453125 0.29936348437500004 0.524697265625 0.29936348437500004 0.519208984375 0.3059547734375 0.509326171875 0.3454941375 0.509326171875 0.3483165828125
1 0.52689453125 0.6015577890625 0.5279882812500001 0.6025041875 0.5257910156250001 0.60626465625 0.5301855468750001 0.6100335015625 0.535673828125 0.6090871015625 0.5367773437500001 0.6072110546875 0.58068359375 0.580845896875 0.579580078125 0.5799078734374999 0.58177734375 0.576139028125 0.5773828125 0.5723785593749999 0.574091796875 0.5723785593749999 0.552138671875 0.5874371859374999 0.529091796875 0.6015577890625 0.52689453125 0.6015577890625
1 0.546650390625 0.4980067 0.546650390625 0.499882746875 0.551044921875 0.503651590625 0.59275390625 0.499882746875 0.612509765625 0.49423785625 0.6191015625 0.48953098749999996 0.6191015625 0.487646565625 0.61470703125 0.48388609687499995 0.6114160156249999 0.48388609687499995 0.590556640625 0.4904690125 0.551044921875 0.49423785625 0.546650390625 0.4980067
2 0.458837890625 0.355854271875 0.46322265625 0.359614740625 0.4676171875 0.359614740625 0.48518554687500004 0.355854271875 0.5257910156250001 0.35114740312500003 0.5301855468750001 0.347378559375 0.5301855468750001 0.3454941375 0.5257910156250001 0.34173366875 0.52140625 0.34173366875 0.46322265625 0.35020100468750004 0.458837890625 0.35396985000000003 0.458837890625 0.355854271875
1 0.509326171875 0.4424623109375 0.5115234375 0.46035175937500006 0.51591796875 0.464112228125 0.518115234375 0.464112228125 0.5225 0.46035175937500006 0.520302734375 0.4415159125 0.5104296875000001 0.4226884421875 0.5049414062500001 0.4208123953125 0.5005468750000001 0.4245728640625 0.5005468750000001 0.4264572859375 0.509326171875 0.4424623109375
1 0.5126269531250001 0.399154103125 0.51591796875 0.40103852656249994 0.5257910156250001 0.41327470625 0.52689453125 0.4123366828125 0.5312890625 0.41422110625 0.535673828125 0.4104522609375 0.5345800781250001 0.40574539375 0.5225 0.39444723593750003 0.49945312499999994 0.3624455609375 0.49396484375 0.3605611390625 0.4895703125 0.3643216078125 0.491767578125 0.369974875 0.5126269531250001 0.399154103125
2 0.46103515625 0.5074204359375 0.46103515625 0.5093048578125 0.465419921875 0.5130653265625 0.5016503906249999 0.5130653265625 0.55873046875 0.5027135671875 0.563115234375 0.49894472343749996 0.563115234375 0.4970603015625 0.55873046875 0.49329983281249995 0.5554296875 0.49329983281249995 0.5005468750000001 0.503651590625 0.465419921875 0.503651590625 0.46103515625 0.5074204359375
1 0.5334765625 0.5526046906250001 0.53787109375 0.556373534375 0.540068359375 0.556373534375 0.544453125 0.5526046906250001 0.543359375 0.540368509375 0.542265625 0.5347152421875 0.53787109375 0.5309547734375 0.535673828125 0.5309547734375 0.5312890625 0.5347152421875 0.5323828125000001 0.5469597984375001 0.5334765625 0.5526046906250001
3 0.486279296875 0.355854271875 0.4884765625 0.39444723593750003 0.49945312499999994 0.448107203125 0.5016503906249999 0.5205946406249999 0.49834960937500006 0.6175628140625 0.5049414062500001 0.69475711875 0.5082324218750001 0.6975795640625 0.5126269531250001 0.6985259625 0.518115234375 0.69475711875 0.5115234375 0.6175628140625 0.514814453125 0.5215410390625 0.5126269531250001 0.4471691796875 0.5016503906249999 0.39350921250000004 0.49834960937500006 0.35020100468750004 0.481884765625 0.2880737015625 0.47859375000000004 0.28524288124999997 0.474208984375 0.2843048578125 0.46871093750000004 0.2880737015625 0.46871093750000004 0.2918341703125 0.486279296875 0.355854271875
2 0.474208984375 0.556373534375 0.543359375 0.556373534375 0.54775390625 0.5526046906250001 0.54775390625 0.55072026875 0.543359375 0.5469597984375001 0.474208984375 0.5469597984375001 0.469814453125 0.55072026875 0.469814453125 0.5526046906250001 0.474208984375 0.556373534375
0 0.5291406249999999 0.6102345062500001 0.535537109375 0.6124790625000001 0.542509765625 0.6112395312500001 0.543974609375 0.6025041875 0.5390234375 0.59975711875 0.530302734375 0.6002596312499999 0.525654296875 0.6032495812499999 0.5291406249999999 0.6102345062500001
1 0.5312890625 0.556373534375 0.535673828125 0.5554271359375 0.5773828125 0.5187185921874999 0.578486328125 0.5149497484375 0.574091796875 0.5111809046875 0.57189453125 0.5111809046875 0.5279882812500001 0.548844221875 0.52689453125 0.5526046906250001 0.5312890625 0.556373534375
0 0.5093652343749999 0.35058626406250004 0.513134765625 0.3553350078125 0.5198339843750001 0.35732830781249997 0.527978515625 0.3503433828125 0.522451171875 0.346356784375 0.5160449218750001 0.344355109375 0.51052734375 0.345351759375 0.5093652343749999 0.35058626406250004
0 0.511689453125 0.46607202656249996 0.521865234375 0.4685678390625 0.5274023437500001 0.4655695140625 0.52884765625 0.4603350078125 0.52390625 0.457345059375 0.5192578125 0.45758793906250006 0.51111328125 0.4600837515625 0.511689453125 0.46607202656249996
0 0.5553125 0.50822445625 0.56025390625 0.50498325 0.5579296874999999 0.49924623125 0.5532812500000001 0.49749581249999997 0.543974609375 0.499991625 0.5462988281250001 0.50473199375 0.5553125 0.50822445625