0 0.7326201421875 0.5126361359375 0.7261013890625 0.50699516875 0.717604271875 0.50478195 0.7159442046875 0.49902587187499997 0.7082241203125 0.492607790625 0.6968149234375 0.499805328125 0.6850270765625 0.49937024374999994 0.678997621875 0.50579906875 0.688530240625 0.5132388375 0.698877246875 0.5167685203125 0.706034965625 0.5232358015624999 0.714153128125 0.5242899890625 0.7253753015625 0.52804115 0.735012971875 0.5268999171875001 0.7360564218750001 0.5191309562499999 0.7326201421875 0.5126361359375
1 0.865350084375 0.62368769375 0.8628737421875 0.6215557406250001 0.8611866390625 0.6217033437499999 0.7758094437499999 0.6556036234375 0.7351892046875 0.6732609828125 0.7320466765625 0.67646869375 0.7321491531250001 0.6776399921875 0.7346140171875 0.6797729484375 0.7363125984375001 0.6796243421875 0.7977666015625 0.6525142796875001 0.8600998046875 0.6288442421875 0.8633840484374999 0.6273885671875 0.865452559375 0.6248589921875001 0.865350084375 0.62368769375
1 0.6639772390625 0 0.6611009234375 0.0023671484375 0.6602318578124999 0.0053878796875000004 0.6626967234375 0.0075208359375 0.6659914078125 0.006052325 0.6739543453125 0 0.6639772390625 0
1 0.908220903125 0.768566696875 0.9059599531250001 0.7687645046875 0.8707952499999999 0.77713431875 0.7653110265625 0.8286617203125 0.7604192000000001 0.8314383031249999 0.7595491 0.834447203125 0.762015 0.8365919906249999 0.7637135796875001 0.836443384375 0.8724302921874999 0.78286874375 0.9087312093750001 0.7743995234375001 0.9107882421875001 0.7718709515625 0.910686803125 0.770711484375 0.908220903125 0.768566696875
0 0.76910435625 0.8182201171875001 0.7600549328125 0.81960793125 0.7508372249999999 0.8289861875 0.7498311281250001 0.8370499265625 0.75809918125 0.843122021875 0.765803103125 0.8427460625000001 0.77283246875 0.8477462625 0.779686065625 0.847432775 0.780053196875 0.8385427203125 0.7791762640625 0.8318239859375 0.7775061375 0.8225160765625 0.76910435625 0.8182201171875001
0 0.6277740953125 0 0.6271672234375 0.0018070953125000002 0.6339096671875 0.0068323984375 0.6457013468749999 0.0137884015625 0.649989490625 0.0104566171875 0.6548791234375 0.013867665625000001 0.66369338125 0.01309651875 0.67328033125 0.011375553125 0.680661390625 0.007177082812500001 0.6772640375 0 0.6277740953125 0
0 0.6808879296875 0.1637626953125 0.6770435124999999 0.1590799390625 0.6703661890625 0.154931153125 0.65819505 0.1565920828125 0.647689475 0.1545545828125 0.640661871875 0.1560516359375 0.63951698125 0.1626611296875 0.6472101546875 0.1687715984375 0.65432325625 0.17790135625 0.6650492171875 0.18259007031250002 0.674488040625 0.18234845 0.68101370625 0.17498207500000001 0.678190515625 0.16901778750000002 0.6808879296875 0.1637626953125
1 0.6755872015625 0.167946065625 0.6754857624999999 0.1667866 0.7104917140625 0.10438892343749999 0.7417252078125001 0.070516471875 0.7846867796875 0.020930228125 0.7850452328124999 0.0185502625 0.7825803687499999 0.01641730625 0.7808817875 0.0165659125 0.74002796875 0.0642033203125 0.7082828265625001 0.0987047046875 0.7066349671875 0.09943304375 0.7067374421875 0.10060434062500001 0.6870240828124999 0.135817515625 0.6717429671875 0.16300101250000001 0.6706574734374999 0.1636801515625 0.6703507765625 0.16665168125000002 0.672815640625 0.16878463906250002 0.6749741140625 0.1674155328125 0.6755872015625 0.167946065625
2 0.511612690625 0 0.500342709375 0.00174395 0.49828671093750004 0.004284353124999999 0.49838815 0.0054438203125 0.500853015625 0.0075767765625 0.5059372796875 0.007131960937499999 0.5526652859375 0 0.511612690625 0
2 0.603796609375 0 0.6067658203125 0.000075040625 0.6794036 0.009588040624999999 0.68110218125 0.009439434375 0.683158178125 0.0068990328125 0.6830567390625 0.005739565625 0.6788415390625 0.0031636499999999996 0.6534411546875 0 0.603796609375 0
3 0.5852979640625 0 0.5909120828125001 0.10544444687500001 0.6380226421875 0.44207314531249997 0.6414549046875 0.5463394140625 0.6534582515625 0.6574977171875 0.66063434375 0.7655614046875 0.6805919671875 0.8959928984375001 0.6816646421875 0.9017765234375 0.6835164171875 0.9033789484374999 0.6858280859375 0.903760875 0.6884474875000001 0.9011831015625 0.6879889359375 0.895941840625 0.6674171906249999 0.7649679828125 0.6625369578125 0.6831460984375 0.6482377515625 0.5457459921875001 0.644816965625 0.44147871875 0.5976949296875 0.1048510234375 0.5924236234375 0 0.5852979640625 0
2 0.7450614796874999 0.675330046875 0.6648134078125 0.6635620046875 0.62913870625 0.659625403125 0.5844604859375 0.657072596875 0.570781875 0.6571009796875 0.5554164687500001 0.650803371875 0.55254243125 0.6504706453125 0.550485396875 0.6529992171875 0.5518647703124999 0.6558113140625 0.5707287796875 0.662971175 0.5849707921875 0.6629054234375 0.6256387625000001 0.665224909375 0.653240175 0.6680914796875 0.745623540625 0.6817544375 0.7473106453125 0.6816068359375 0.7493781203125 0.679065428125 0.7492766796875 0.6779059609375 0.7450614796874999 0.675330046875
2 0.697128921875 0.8375596546875 0.6732817828125001 0.8384776687500001 0.612612246875 0.8355594890625 0.5890731453125 0.8270442109375 0.5861991093750001 0.8267114859375001 0.5841420765625001 0.8292400578124999 0.5855214484375 0.832052153125 0.61024748125 0.8410477593750001 0.67836470625 0.8444946124999999 0.7637643 0.8370231171875 0.7812388015625 0.8349101265625001 0.7833062765625 0.83236871875 0.7832048375 0.831209253125 0.7807284953125 0.8290772984375 0.7293675281249999 0.8347391421875001 0.697128921875 0.8375596546875
1 0.8980460265625 0.9128052171875 0.900103059375 0.9102766453125 0.8987744078125001 0.9080442828124999 0.8992860546875001 0.9074153484374999 0.8981498421874999 0.9075147546875 0.8806273046875001 0.896124490625 0.8795025671875001 0.8962228937500001 0.8291313265625 0.8677254984375 0.828006590625 0.8678239 0.7627941015624999 0.8324107890624999 0.7592944640625 0.8315367046875 0.75723743125 0.8340652765625001 0.75733990625 0.8352365734375 0.7586178375 0.8368892046875 0.7640189359375 0.8399336156249999 0.8195758828124999 0.8691456625 0.8250172593749999 0.8727826406249999 0.8261534718749999 0.8726832343750001 0.8765132375 0.9011816359375 0.87764945 0.9010822296875001 0.8951719890625001 0.9124724921875 0.8980460265625 0.9128052171875
1 0.7219145078125 0.24790623437499998 0.7024443078125 0.28603090937500003 0.7016259625 0.2896313734375 0.7040908265625 0.29176433125 0.7052270390625 0.2916649265625 0.7068127015625 0.29035785625 0.709750278125 0.28480755 0.73775665 0.227135296875 0.7386889484375 0.22470512656250002 0.73785943125 0.22183300312499998 0.7296998984374999 0.2066908078125 0.7285751625 0.20678920937499998 0.7152553109374999 0.19796403437500001 0.6918694046875 0.1911997890625 0.654155546875 0.1639555421875 0.652252015625 0.1617615515625 0.649377978125 0.16142882812499998 0.6473209453125001 0.1639574 0.648138984375 0.16683052812500002 0.649888284375 0.16726165312500002 0.6644860671874999 0.1777394578125 0.6876021421875 0.1945059015625 0.6895056734375 0.19669989062499998 0.71052815625 0.20249064687499999 0.7249220234375 0.2106376859375 0.732315275 0.22349831718750002 0.731996065625 0.2264590203125 0.7219145078125 0.24790623437499998
1 0.693775690625 0.3431915921875 0.723226009375 0.282460234375 0.75142079375 0.24650503281249997 0.75687633125 0.23721748593749997 0.7811115859375 0.20160869843749998 0.7837424640624999 0.1990299203125 0.7840491609375 0.1960583921875 0.7815842984375 0.193925434375 0.780448084375 0.194024840625 0.7788117015625 0.194752175 0.7783910515625 0.1965534125 0.74910943125 0.23964951406249999 0.7464900296875 0.2422272859375 0.7455587671874999 0.2446692875 0.7169030546874999 0.2818331578125 0.687453771875 0.342576346875 0.686622915625 0.3461659828125 0.6890877796875 0.348298940625 0.6918211328125 0.3468914609375 0.693775690625 0.3431915921875
2 0.6062206140625 0.3326350796875 0.5198508203125 0.3354942484375 0.5177937874999999 0.3380228203125 0.5178962640625 0.33919411875 0.5203611265625 0.34132707500000004 0.6067309203125 0.3384679078125 0.7011702843750001 0.3495904640625 0.70631778125 0.34973620781250003 0.7083748140624999 0.3472076359375 0.7082723390625 0.3460363375 0.7058074750000001 0.34390338125 0.7034843296875 0.34352245937500003 0.6062206140625 0.3326350796875
1 0.8109816359375 0.054466809375 0.8085167703125 0.052333853124999996 0.7439381218750001 0.0568154109375 0.7229653234375 0.051592557812499995 0.6962471359375 0.032780732812500005 0.6787259390625 0.014928709374999998 0.667947003125 0.0023642875000000002 0.6674238765625 0.002994225 0.665060453125 0.002020734375 0.6630034203124999 0.00454930625 0.663821459375 0.007422434375 0.6662470796875 0.0089746546875 0.6895160437500001 0.033965720312499996 0.690230571875 0.035655718749999996 0.691980909375 0.0360986765625 0.7206015921875 0.0570926578125 0.7433226562499999 0.0627348078125 0.8090270765625001 0.0581666796875 0.8110841109375 0.05563810625 0.8109816359375 0.054466809375
1 0.7147901796875 0.5052665890625 0.7115969328125 0.5078945671875 0.7107268328125 0.510903465625 0.713191696875 0.513036421875 0.71648741875 0.5115797421875 0.8312896000000001 0.42340004374999995 0.8354658640625001 0.418921628125 0.8353633890625 0.41775033125 0.8328985234375 0.41561737499999996 0.8317623109375001 0.4157167796875 0.7147901796875 0.5052665890625
2 0.729797440625 0.5074705703125 0.7263610359375 0.5071870453125 0.6413212374999999 0.505816815625 0.5948406187499999 0.5087030796875001 0.5446169000000001 0.51427735 0.524564615625 0.513098921875 0.52250758125 0.5156274921875 0.5226090218749999 0.516786959375 0.5250738875 0.5189199171875 0.54512720625 0.520110175 0.5727299609375 0.516514984375 0.6412691749999999 0.51169884375 0.7269220625 0.5135996046875 0.730307746875 0.513303396875 0.73236478125 0.510774825 0.73226230625 0.5096035265625 0.729797440625 0.5074705703125
1 0.8629971578125 0.7402150453125 0.8612086140624999 0.7392031828125 0.8062116578125 0.7163918640625 0.772904096875 0.7005170609375 0.72727014375 0.6739538109375001 0.7266063359375 0.6728435453125 0.7237197875 0.6724999921875 0.7216627546875001 0.675028565625 0.7230028828124999 0.6772599234375 0.72248079375 0.6779016921875 0.72361700625 0.6778022859374999 0.7596451015625 0.698732375 0.769914765625 0.7054758015625 0.80558575 0.722324096875 0.8611957953125 0.745665946875 0.8623320078125 0.7455665406249999 0.8643880062499999 0.7430261390624999 0.8629971578125 0.7402150453125
0 0.7050160421875 0.347811459375 0.6952730984375 0.34127230937499997 0.6823721203125 0.3347233265625 0.6696260984375 0.336422628125 0.6602433703125 0.3340007671875 0.6532862640625 0.3331311265625 0.6462748265625 0.34142221875 0.653436884375 0.34463445625 0.664587146875 0.354305146875 0.6727426640624999 0.3556541125 0.6851705109374999 0.35692734375 0.696812296875 0.3588654375 0.710566178125 0.3555996484375 0.7050160421875 0.347811459375
1 0.8377177843749999 0.5749962328125 0.8062737828125 0.5542492578125 0.8049843750000001 0.5525976328125 0.79548099375 0.54813576875 0.7702964078125001 0.5338989015625 0.7035868765625 0.5074150921875 0.7007013625 0.5070833718750001 0.698644328125 0.50961194375 0.7000351765625 0.5124230359374999 0.7666939890625 0.5383271109375001 0.802619609375 0.5580859015625 0.8388918984375 0.5819393234375 0.8401813062500001 0.5835909499999999 0.84305534375 0.5839236734375 0.8451123765625 0.581395103125 0.8437837265624999 0.579162740625 0.8442953734374999 0.5785338062500001 0.8377177843749999 0.5749962328125
1 0.8538364093749999 0.39440061718749997 0.8543480578124999 0.393771684375 0.8501846125 0.391787334375 0.8217160890624999 0.3725325515625 0.8204266812500001 0.370880925 0.784346525 0.35583286406250003 0.7469225203125001 0.35146513281249997 0.7008128671875 0.351982259375 0.6539892984375 0.337862203125 0.6522907171875 0.338010809375 0.6502336843750001 0.34053938125 0.65161305625 0.3433514765625 0.700185925 0.357902659375 0.7474328265625 0.357297959375 0.782544125 0.3612719328125 0.8180629500000001 0.3763810265625 0.8489445828125 0.3971772015625 0.850233990625 0.3988288265625 0.8531080281250001 0.399161553125 0.8551650625 0.3966329796875 0.8538364093749999 0.39440061718749997
0 0.74551963125 0.6796414390625001 0.74696408125 0.6668063734375 0.737505484375 0.66999441875 0.730198909375 0.6585210609375001 0.7169513015625 0.6644011296875 0.7050653203125 0.6595397015625 0.69876871875 0.6630472015625 0.7007764890625 0.67290974375 0.7096701421875 0.679523196875 0.719570621875 0.6845583328125 0.730193071875 0.68806391875 0.7404634796875 0.6907180859375 0.7476557546875 0.690971059375 0.74551963125 0.6796414390625001
2 0.6834555421874999 0.166673503125 0.6833541015625 0.1655140375 0.6808882015625 0.16336925 0.6780141640624999 0.16303652500000002 0.6035750234374999 0.15897442343749998 0.5451650953125 0.162320196875 0.49271832812499994 0.17513477187499998 0.49066129375 0.1776633421875 0.4907637703125 0.178834640625 0.49322863437500003 0.180967596875 0.495489584375 0.18076978906250002 0.5456754015625 0.1681530234375 0.5564177781249999 0.1672131875 0.6040853296875001 0.16480725000000002 0.679137559375 0.169399884375 0.6813985078125 0.1692020765625 0.6834555421874999 0.166673503125