0 0.8052281546875 0.6743753203125 0.8001640703125 0.66769218125 0.79252374375 0.6638688203124999 0.7921076203124999 0.6580588656249999 0.7860572078125 0.6503937015625 0.773742015625 0.6549312984375 0.762609875 0.6521334546875 0.755570775 0.657028021875 0.7631398203125 0.6660314234375 0.772274725 0.6714809203125001 0.7777799046875 0.6790791375 0.7852939046875 0.6817235828125 0.795217040625 0.6875607140625 0.8046213249999999 0.6884245625000001 0.8071855578125 0.681247075 0.8052281546875 0.6743753203125
1 0.9091087968749999 0.8068331296875 0.90718284375 0.8043047421875 0.9055471453124999 0.8041039046874999 0.8174265625 0.8190767734375 0.7751919953125 0.8276541171874999 0.7715521562500001 0.8300691796875 0.7714128375 0.8312038453125 0.7733276640625 0.8337308671875 0.774974490625 0.833933071875 0.8389509500000001 0.8205794984375 0.9030686250000001 0.8106753109374999 0.9064890609375 0.8099551500000001 0.908969478125 0.807967796875 0.9091087968749999 0.8068331296875
1 1 0.133071025 0.980106475 0.1379013015625 0.8928884375000001 0.1501230109375 0.8439106859375001 0.1727756296875 0.8403398031249999 0.174629090625 0.8389017437499999 0.17732613125000002 0.8408165703125 0.179853153125 0.844249540625 0.1791228984375 0.8944556703125001 0.155480965625 0.9822189375000001 0.143326203125 1 0.13912511562500002 1 0.133071025
1 0.9206175140624999 0.95328808125 0.9184254562499999 0.9530189312499999 0.883261803125 0.9538669000000001 0.7724380296875 0.98153710625 0.767220321875 0.9831883640625 0.7657836687499999 0.98587394375 0.7676970875 0.9884124265625 0.7693439125 0.9886146312499999 0.8836584859375 0.9596512 0.9199237312499999 0.9589384890625 0.922393021875 0.95694976875 0.9225309328125 0.9558265640625001 0.9206175140624999 0.95328808125
0 0.78291320625 1 0.784472059375 0.9939158171875 0.7849960203124999 0.9873487359374999 0.785288571875 0.97815884375 0.7781601609375 0.9723740109375001 0.769265928125 0.9718636406250001 0.7585956953124999 0.9789183921875001 0.7560074078125 0.986383778125 0.7626493609375 0.9938307234374999 0.7700582765624999 0.9950312734375 0.774626946875 1 0.78291320625 1
0 0.8406377140625001 0.1853573734375 0.8501109546875 0.1856596203125 0.8579855437499999 0.183159546875 0.8555889125 0.1730577625 0.846103596875 0.170462121875 0.83661923125 0.17015850937500002 0.8302767281250001 0.169379746875 0.8244688546875001 0.1643387609375 0.8180819078124999 0.161530215625 0.8113330328125 0.161853328125 0.8081536625 0.167233446875 0.8135551640625 0.1733763109375 0.8233722953125 0.18237652499999998 0.82812766875 0.1800751640625 0.8320920265625 0.18430809374999998 0.8406377140625001 0.1853573734375
0 0.8265364953125 0.3321231359375 0.8238241765625001 0.326892165625 0.8183074109374999 0.3215960671875 0.8063865796874999 0.3207140765625 0.79679899375 0.316651621875 0.7898071203125 0.3166540484375 0.7873808 0.3227083328125 0.7934678 0.330075503125 0.79839210625 0.34019679687500004 0.8076533375 0.346825209375 0.8166864296874999 0.34850440312500003 0.8243874359375001 0.3428185515625 0.822906309375 0.3365753453125 0.8265364953125 0.3321231359375
1 0.8206450984375 0.3350295921875 0.8207830109375 0.3339063859375 0.86672105 0.2816441390625 0.9032999593750001 0.25574729218750003 0.9542197390625 0.21727811875 0.9550422031249999 0.21508719531249998 0.9531273765625 0.212560171875 0.95148055 0.2123579671875 0.90296110625 0.249400025 0.8657680078125001 0.2757915265625 0.864052225 0.276150925 0.8639129062500001 0.2772855890625 0.8380281828125 0.306787428125 0.8179859953124999 0.32954920468750004 0.816815446875 0.3299755484375 0.8159226187499999 0.3327395375 0.8178374453125 0.3352665578125 0.8201688234375 0.3344010421875 0.8206450984375 0.3350295921875
2 0.860556221875 0.18227687812499999 0.8570649328125001 0.1789745875 0.7903240968749999 0.1558766109375 0.745437271875 0.1452113109375 0.7388610984375 0.144403859375 0.68745 0.1415234171875 0.684979303125 0.1435235984375 0.684841390625 0.144646803125 0.6867562171875 0.147173825 0.6916855671875 0.147779071875 0.7447434890625 0.15086171875 0.78908508125 0.161460071875 0.8563007859375 0.1851980578125 0.8579476125 0.18540026406250001 0.8604183109375001 0.1834000828125 0.860556221875 0.18227687812499999
3 0.6868375234374999 1 0.6921390453125 0.901163578125 0.7040398406249999 0.8223614124999999 0.7182143 0.6887976703125 0.7360431515625 0.5889444125 0.759263303125 0.2592707109375 0.7876141234375 0.082737903125 0.7886540953125001 0.0742680234375 0.787226671875 0.072370915625 0.7850924421875 0.071538796875 0.7820779203125 0.0734605703125 0.7804237609375 0.08242510625 0.752687128125 0.2584632578125 0.7294558484375 0.58813559375 0.711638125 0.6879902171875 0.700584984375 0.7961328578125 0.6855628703125001 0.9003561250000001 0.679821890625 1 0.6868375234374999 1
2 0.7841704 0.8316185046875001 0.710166940625 0.804196740625 0.6770064515625001 0.793237778125 0.6349962359375 0.7817739125000001 0.621970671875 0.779034434375 0.6086187890625 0.769937596875 0.6059504546875 0.7690398968750001 0.6034811640625 0.7710286156249999 0.6042254421875 0.7739819812500001 0.6207330640625 0.784606434375 0.6343024546875 0.7874243187500001 0.6725427390625 0.797855228125 0.6982351453125 0.80616375 0.7834062546875 0.8378419750000001 0.785041953125 0.8380428140625 0.787523778125 0.836044 0.787661690625 0.8349207968749999 0.7841704 0.8316185046875001
2 0.7057403546875001 0.976209640625 0.6828560921875 0.9722596687499999 0.6256986171875 0.9572141109375 0.6050151546875 0.9443550859375 0.6023468203125 0.9434573875 0.5998775296875001 0.9454461078125 0.6006218078125001 0.9483994734375001 0.6223379078125 0.9619553578125 0.6864774671875 0.9790099812499999 0.7692749562500001 0.9891762343750001 0.7863351453125 0.9907008921875 0.7888169703125001 0.9887020765625 0.7889548828125 0.9875788734375 0.787028928125 0.9850504859375 0.73699665625 0.9800474328125001 0.7057403546875001 0.976209640625
1 0.7873343625 1 0.7692841875 0.9845935453125 0.76612985625 0.983054471875 0.7636605656250001 0.985043190625 0.763521246875 0.98617785625 0.7644034359375 0.9880080171875001 0.76892876875 0.99199570625 0.7785652234375 1 0.7873343625 1
1 0.8485716906249999 0.420443784375 0.822329653125 0.45276372968749995 0.8208226359375 0.456022375 0.8227374624999999 0.4585493953125 0.82383905625 0.45868465468749997 0.8256126671875 0.45776228750000003 0.82953114375 0.4530778921875 0.8678511406249999 0.40389401718749995 0.869229965625 0.40177140624999996 0.8690212 0.398872159375 0.864316690625 0.38282121562500004 0.863226225 0.3826873234375 0.852332503125 0.371600396875 0.8314407656249999 0.3604376421875 0.8010525921875 0.326899975 0.799684403125 0.32442843906249996 0.7970160703125 0.3235307390625 0.7945467796875 0.32551945937500004 0.79474441875 0.3284173390625 0.7963222875 0.329181146875 0.8080981968750001 0.34209823125 0.8267104625 0.3627188125 0.8280786484375 0.36519035 0.8469176484375 0.3749492890625 0.8589707890625 0.3856085046875 0.8634072984375001 0.39933463125 0.86250475 0.40208579218749996 0.8485716906249999 0.420443784375
1 0.8025195234375 0.5053721015625 0.8428325328125 0.453570959375 0.8769402562499999 0.42507877812499995 0.8840111671875001 0.4173494046875 0.9142800078125 0.3883858703125 0.9173056562499999 0.3864654625 0.918198484375 0.38370147499999996 0.9162836578125001 0.381174453125 0.915182065625 0.38103919531249997 0.9134774125 0.38139995781249997 0.9127127749999999 0.38302791406250003 0.8761265328125001 0.41809149999999995 0.873112009375 0.42001327499999996 0.8717317781249999 0.4221473484375 0.8369409109375001 0.4516957875 0.79662649375 0.503508390625 0.79510975625 0.50675420625 0.797024584375 0.509281228125 0.7999109140625 0.5084954875000001 0.8025195234375 0.5053721015625
2 0.7213159796874999 0.47762471250000005 0.638527721875 0.462875771875 0.6360584312500001 0.464864490625 0.6359191125 0.4659991578125 0.6378339390625001 0.46852617968750004 0.7206221968750001 0.48327511875000007 0.8082640031249999 0.5129531671875001 0.813134115625 0.5141328453125 0.8156034062499999 0.5121441234375 0.815742725 0.5110094593750001 0.8138278984375 0.5084824375 0.81169366875 0.5076503171875 0.7213159796874999 0.47762471250000005
1 0.9724664359374999 0.2544905234375 0.970551609375 0.2519635015625 0.9081769171875 0.243164715625 0.8892703687499999 0.2339559171875 0.8676430937499999 0.21066159375 0.854575775 0.19014014375 0.8468567421875 0.1760109734375 0.8462314281250001 0.1765042625 0.8441786890625 0.1751004453125 0.8417093984375 0.177089165625 0.8419070359375 0.1799870453125 0.8439019453125001 0.18195383125 0.8609965546874999 0.21042720468749998 0.8613349187500001 0.212178959375 0.86291138125 0.212954228125 0.88590825 0.23870862499999998 0.9063940765625 0.2486697671875 0.9698578265625001 0.257613909375 0.9723271171875 0.2556251890625 0.9724664359374999 0.2544905234375
1 0.78974718125 0.6637605828125 0.7861762984375 0.66561404375 0.7847396453125 0.6682996250000001 0.786654471875 0.6708266453125 0.7900860328125 0.6701078515625001 0.917190809375 0.6094647078125 0.9220715609375001 0.6060502375000001 0.9222108812500001 0.604915571875 0.920296053125 0.6023885499999999 0.9191944609375 0.6022532921875 0.78974718125 0.6637605828125
2 0.803585978125 0.668891821875 0.8003724109375 0.6679271765625 0.7197053578125 0.6494249359375 0.6748796671874999 0.642769259375 0.6259475796875 0.637912928125 0.6070993484375 0.6327366765625 0.604630059375 0.6347253953124999 0.604492146875 0.6358486015625 0.6064069734374999 0.6383756218750001 0.6252537968749999 0.643563334375 0.652254175 0.6457267921875001 0.7184663437500001 0.655008396875 0.799609671875 0.6741391859375 0.8028921953125 0.6745422296875 0.8053614859374999 0.6725535093749999 0.8055008046875001 0.6714188437499999 0.803585978125 0.668891821875
1 0.8833050796874999 0.91717838125 0.8818072953125 0.9158543375000001 0.834071978125 0.8830370546875 0.8055787640625001 0.8612032453125 0.7675142296875 0.82671140625 0.7671069078125 0.8255212546875 0.764428853125 0.8246107281249999 0.7619595640625 0.826599446875 0.762783925 0.8289925765625 0.7621572015625 0.8294973265625 0.76325879375 0.8296325859374999 0.7933192421874999 0.8568243515624999 0.8017306484375 0.8653145765625 0.832276603125 0.8885522031249999 0.8804881953124999 0.9219980359375001 0.8815897874999999 0.92213329375 0.8840604859375001 0.9201331125 0.8833050796874999 0.91717838125
0 0.8122842921875 0.5120390734375 0.8043329296874999 0.50384965 0.7933776156250001 0.495012171875 0.7809018328125 0.49405040624999996 0.7724607406249999 0.48984950625 0.7660145578125 0.487615390625 0.7576641828125 0.49408242968750005 0.763831725 0.49858587656250003 0.77248936875 0.5100381203125 0.779979315625 0.5129704625 0.79155114375 0.5166948484375 0.8022403234375 0.5208925609375 0.8159922 0.5205683875 0.8122842921875 0.5120390734375
1 0.8926536828125 0.7549374703125 0.866919521875 0.7288469734375 0.8660262046874999 0.7270154484375 0.8578828 0.7208500390625 0.8367901203124999 0.7022168109375 0.7786489765625 0.6635380328125 0.775969515625 0.6626389671874999 0.773500225 0.6646276875 0.7742556296875 0.66758241875 0.832465728125 0.70569959375 0.8626654953124999 0.73175669375 0.892367221875 0.7617780265625 0.8932605375 0.7636095546874999 0.8959288734375 0.764507253125 0.8983981625 0.7625185328125 0.8975849296874999 0.7601267703125 0.8981991171875 0.7596321140625 0.8926536828125 0.7549374703125
1 0.9445159796875 0.5864453968750001 0.9451301671874999 0.585950740625 0.941568515625 0.5832215140625 0.9183647781250001 0.5591519234375 0.9174714625 0.557320396875 0.8861719984375 0.5357120921875 0.8514336390624999 0.523989325 0.8074401312499999 0.5151555515624999 0.7657270171875 0.492256978125 0.7640801921875 0.4920547734375 0.7616109015625 0.4940434921875 0.7623551796875 0.4969968578125 0.8056461625000001 0.5206592390625 0.85073985625 0.52963973125 0.8833565218749999 0.540520284375 0.9141093437500001 0.5620731046875 0.9392982703125 0.588096653125 0.9401915875 0.5899281796875 0.9428599234374999 0.5908258796875 0.9453292140625 0.5888371593749999 0.9445159796875 0.5864453968750001
0 0.7837346390625 0.8358114343749999 0.787705025 0.823897025 0.778057284375 0.825015975 0.7734227437500001 0.8126267171875 0.7596241 0.815539546875 0.7492936421875 0.808512265625 0.742591009375 0.8105745328125 0.7425076828125 0.8203601828125 0.7496356328125 0.828448503125 0.7580410843750001 0.8352394249999999 0.7674430421875 0.8407217093750001 0.7766820859375 0.8453230734374999 0.7834768109375 0.8470182812499999 0.7837346390625 0.8358114343749999
2 0.8283918234375 0.3354107 0.8285297343750001 0.334287496875 0.826616315625 0.3317490125 0.8239479812500001 0.3308513125 0.753915390625 0.311932978125 0.697642003125 0.3033016359375 0.645129803125 0.30488145 0.6426605125 0.30687017031249997 0.64252119375 0.3080048359375 0.6444360203125 0.3105318578125 0.646628078125 0.310801009375 0.6969482203124999 0.3089520421875 0.707363278125 0.31023085 0.7532216078125 0.3175833859375 0.823730475 0.33713026875 0.8259225328124999 0.33739942031250003 0.8283918234375 0.3354107