0 0.6809960937499999 0.5694164984375 0.68849609375 0.576398390625 0.69697265625 0.5801408453125 0.7025390625 0.5861267609375 0.7093164062499999 0.58761569375 0.718515625 0.5916096578125 0.7267382812500001 0.5913581484375 0.728193359375 0.584879275 0.7257714843749999 0.57914486875 0.72068359375 0.5739034203125 0.713671875 0.5714084500000001 0.7126953125 0.5664285718750001 0.706650390625 0.56044265625 0.696484375 0.56567404375 0.6865625 0.5644366203125 0.6809960937499999 0.5694164984375
1 0.71318359375 0.7173541250000001 0.71318359375 0.7183501 0.715107421875 0.7203319921875 0.716552734375 0.7203319921875 0.7704492187499999 0.7019919515625 0.8248339843749999 0.68661971875 0.8277148437499999 0.685633803125 0.8296484375000001 0.6836519109375 0.8296484375000001 0.6826559359375 0.8277148437499999 0.6806740437500001 0.826279296875 0.6806740437500001 0.7516796875 0.7029778671875 0.71607421875 0.714879275 0.71318359375 0.7173541250000001
1 0.7059667968750001 0.1412877265625 0.703076171875 0.1432696171875 0.702119140625 0.14575452656250001 0.7040429687499999 0.14773641875000001 0.70693359375 0.1467404421875 0.74783203125 0.1209657953125 0.8224218750000001 0.1011368203125 0.8411914062499999 0.09419517031249999 0.843115234375 0.09221327968750001 0.843115234375 0.09121730312500001 0.8411914062499999 0.0892354125 0.83974609375 0.0892354125 0.82001953125 0.09667002031250001 0.7459082031250001 0.11649899374999999 0.7059667968750001 0.1412877265625
1 0.725693359375 0.8502213281250001 0.724736328125 0.8526961765625 0.72666015625 0.8546881281250001 0.72810546875 0.8546881281250001 0.8238671875 0.8175050296874999 0.8551464843750001 0.8130382296875001 0.8570703125 0.8110563375 0.8570703125 0.810070421875 0.8551464843750001 0.8080784703124999 0.85322265625 0.8080784703124999 0.8229101562500001 0.8125452718749999 0.730029296875 0.8482394359375001 0.725693359375 0.8502213281250001
0 0.716337890625 0.8541750499999999 0.72287109375 0.8599094562499999 0.7294042968750001 0.860160965625 0.734970703125 0.8648993968750001 0.7407812500000001 0.8651408453125 0.741748046875 0.8576659953125001 0.74150390625 0.8519315890625 0.7407812500000001 0.8439537218750001 0.73400390625 0.8397082499999999 0.7262597656249999 0.8402112671875 0.717783203125 0.84744466875 0.716337890625 0.8541750499999999
0 0.68826171875 0.13605633749999999 0.6824414062499999 0.13430583437500002 0.676640625 0.1353018109375 0.674462890625 0.14029175 0.67978515625 0.14503018125 0.689228515625 0.1517706234375 0.693095703125 0.14927565468749998 0.69697265625 0.152515090625 0.70447265625 0.152515090625 0.7126953125 0.1517706234375 0.71923828125 0.1487726359375 0.71609375 0.14029175 0.7076171875 0.1390543265625 0.699384765625 0.1397987921875 0.693818359375 0.1397987921875 0.68826171875 0.13605633749999999
0 0.674462890625 0.2714486921875 0.6730078125000001 0.27694165000000004 0.679052734375 0.28266599531250003 0.6843847656250001 0.290895371875 0.693095703125 0.2956438625 0.7010839843750001 0.2961368203125 0.707138671875 0.2904024140625 0.7051953125 0.285160965625 0.707861328125 0.280925553125 0.7049609375 0.276690140625 0.69962890625 0.2726961765625 0.689228515625 0.27319919531250003 0.6805078124999999 0.270704225 0.674462890625 0.2714486921875
1 0.73435546875 0.22854124687500002 0.73435546875 0.2295372234375 0.715107421875 0.25779678125 0.7001953125 0.2796076453125 0.699228515625 0.280100603125 0.69875 0.28258551249999997 0.700673828125 0.2845674046875 0.70259765625 0.283571428125 0.703076171875 0.2840643859375 0.703076171875 0.2830784703125 0.7372460937499999 0.23300804843749998 0.766123046875 0.2067303828125 0.8060644531250001 0.16805835 0.80654296875 0.16607645937499999 0.804619140625 0.16409456718749998 0.803173828125 0.16409456718749998 0.76515625 0.201277665625 0.73580078125 0.22804828906250002 0.73435546875 0.22854124687500002
2 0.56544921875 0.13385311875 0.567373046875 0.13583500937499998 0.57169921875 0.13583500937499998 0.617900390625 0.132867203125 0.65736328125 0.13732394375 0.717998046875 0.1507142859375 0.719443359375 0.1507142859375 0.7213671875000001 0.148722334375 0.7213671875000001 0.14773641875000001 0.717998046875 0.145251509375 0.657841796875 0.132364184375 0.617900390625 0.1279074453125 0.6121289062499999 0.1279074453125 0.567373046875 0.1308752515625 0.56544921875 0.132867203125 0.56544921875 0.13385311875
3 0.63619140625 0.225070421875 0.651103515625 0.51261569375 0.6462988281250001 0.60085513125 0.64822265625 0.6955432593750001 0.6462988281250001 0.7872635812500001 0.653515625 0.8988028171875 0.6539941406249999 0.903762575 0.655439453125 0.905251509375 0.65736328125 0.9057444671875 0.659765625 0.903762575 0.659765625 0.899305834375 0.6520703125 0.7872635812500001 0.6539941406249999 0.7178571421875 0.6520703125 0.60085513125 0.656884765625 0.51261569375 0.641962890625 0.225070421875 0.647734375 0.0694064390625 0.647734375 0.06197183125 0.6462988281250001 0.060482896875000004 0.644365234375 0.0599899390625 0.641962890625 0.06197183125 0.641484375 0.06989939687499999 0.63619140625 0.225070421875
2 0.577958984375 0.6940543265625 0.589990234375 0.6950503015625 0.62416015625 0.7000100609375 0.647255859375 0.7044668015625 0.7242578125 0.7228169015625 0.725693359375 0.7228169015625 0.7276269531249999 0.72082495 0.7276269531249999 0.719839034375 0.7242578125 0.7173541250000001 0.65736328125 0.70149899375 0.6275292968749999 0.6955432593750001 0.589990234375 0.69009054375 0.5784374999999999 0.6891046281250001 0.565927734375 0.6826559359375 0.563525390625 0.682162978125 0.5616015625 0.68414486875 0.5625585937500001 0.68661971875 0.577958984375 0.6940543265625
2 0.598173828125 0.8472434609375 0.655439453125 0.8551810859375 0.72810546875 0.8551810859375 0.743017578125 0.8546881281250001 0.744951171875 0.8526961765625 0.744951171875 0.8517102609375 0.743017578125 0.8497283703124999 0.699228515625 0.8507142859375 0.671796875 0.8507142859375 0.651591796875 0.8497283703124999 0.600576171875 0.8427867203125 0.581328125 0.8338631796874999 0.5789257812499999 0.833370221875 0.577001953125 0.8353521125000001 0.577958984375 0.8378269625 0.598173828125 0.8472434609375
1 0.72376953125 0.8546881281250001 0.72810546875 0.8576559359375 0.7728613281250001 0.88640845 0.7771874999999999 0.889879275 0.778154296875 0.889879275 0.81857421875 0.917645875 0.819541015625 0.917645875 0.83349609375 0.9285513078125 0.8358984375 0.9290442656250001 0.837822265625 0.927062375 0.836865234375 0.9250804828125 0.8373437499999999 0.924587525 0.836376953125 0.924587525 0.8224218750000001 0.9136820921875 0.82146484375 0.9136820921875 0.78103515625 0.8859154921875 0.780078125 0.8859154921875 0.7276269531249999 0.8512173031250001 0.724736328125 0.8502213281250001 0.7228125000000001 0.85220321875 0.7228125000000001 0.8531991953125001 0.72376953125 0.8546881281250001
1 0.68142578125 0.28158953750000004 0.692978515625 0.2915090546875 0.711259765625 0.307364184375 0.7127050781250001 0.3093561375 0.730029296875 0.31579476875 0.74158203125 0.32373239374999996 0.746875 0.335130784375 0.74638671875 0.337605634375 0.7362890625 0.3549597578125 0.71703125 0.38569416562500003 0.71607421875 0.3886720328125 0.717998046875 0.3906539234375 0.71896484375 0.3906539234375 0.7204003906249999 0.3896680078125 0.723291015625 0.3852012078125 0.751201171875 0.338601609375 0.75216796875 0.33661971875 0.7516796875 0.334134809375 0.7459082031250001 0.3207545265625 0.744951171875 0.3207545265625 0.73435546875 0.31232394375 0.715107421875 0.3048893359375 0.6852734375 0.2791146875 0.683828125 0.27712273593750003 0.68142578125 0.276629778125 0.6795019531250001 0.2786116703125 0.67998046875 0.2810965796875 0.68142578125 0.28158953750000004
1 0.75986328125 0.35 0.7574609375 0.35198189062499996 0.756494140625 0.35397384375 0.7295507812500001 0.383219315625 0.7001953125 0.43230382343749996 0.699228515625 0.4352716296875 0.70115234375 0.43725352187500005 0.703564453125 0.43626760625000005 0.70548828125 0.4332897390625 0.73484375 0.3842152921875 0.76130859375 0.355955734375 0.7666015625 0.3485211265625 0.789697265625 0.32026156875 0.792109375 0.318279678125 0.792587890625 0.31579476875 0.7906640625 0.3138128765625 0.789697265625 0.3138128765625 0.7882617187500001 0.314305834375 0.7877734375000001 0.31579476875 0.75986328125 0.35
2 0.559189453125 0.41891348125 0.632333984375 0.42287726406250004 0.711259765625 0.4392354125 0.715595703125 0.43973843125 0.71751953125 0.43775653906249995 0.71751953125 0.4367605640625 0.715595703125 0.434778671875 0.713662109375 0.4342857140625 0.632333984375 0.4179175046875 0.559189453125 0.413953721875 0.557265625 0.4159356140625 0.557265625 0.41693158906249994 0.559189453125 0.41891348125
1 0.70693359375 0.1492253515625 0.724736328125 0.17203219375 0.72521484375 0.17351106562500002 0.72666015625 0.17401408437500002 0.74927734375 0.1938430578125 0.768046875 0.200281690625 0.8238671875 0.201277665625 0.825791015625 0.199295775 0.825791015625 0.1982997984375 0.8238671875 0.1963179078125 0.76900390625 0.1953319921875 0.7516796875 0.1893762578125 0.7305078125 0.171529175 0.71703125 0.15517102656249998 0.708857421875 0.1437726359375 0.708369140625 0.14426559375 0.7064453125 0.1432696171875 0.7045214843750001 0.145251509375 0.705 0.14773641875000001 0.70693359375 0.1492253515625
1 0.707412109375 0.5760663984375001 0.7093359375 0.5780482890624999 0.7122265624999999 0.577062375 0.81568359375 0.5111267609375 0.819541015625 0.5076559359374999 0.819541015625 0.5066599593750001 0.8176171875 0.50467806875 0.816650390625 0.50467806875 0.711259765625 0.5716096578125 0.708369140625 0.57359155 0.707412109375 0.5760663984375001
2 0.550048828125 0.5691247484375 0.56689453125 0.5716096578125 0.59046875 0.5706136828124999 0.648701171875 0.5716096578125 0.7208886718749999 0.5795372234375 0.72376953125 0.5795372234375 0.725693359375 0.5775553312499999 0.725693359375 0.57655935625 0.72376953125 0.5745774640625 0.7208886718749999 0.5740845078125 0.6491796875 0.5666499 0.609716796875 0.5656539234375 0.56689453125 0.5666499 0.550048828125 0.56417505 0.548125 0.5661569421875 0.548125 0.5671428578125 0.550048828125 0.5691247484375
1 0.705 0.7178571421875 0.7059667968750001 0.7178571421875 0.73484375 0.738179075 0.743017578125 0.7446277671875 0.77189453125 0.7614788734375 0.81712890625 0.785281690625 0.8180957031249999 0.785281690625 0.82001953125 0.7832897390625 0.819052734375 0.7808148890625 0.8176171875 0.7798289734375 0.7728613281250001 0.7565191140625 0.7459082031250001 0.740663984375 0.7093359375 0.714879275 0.708857421875 0.7138933609375 0.7064453125 0.7133903421875 0.7045214843750001 0.7153722328125001 0.70548828125 0.7173541250000001 0.705 0.7178571421875
0 0.672041015625 0.42181086562500003 0.6655078125 0.4282897390625 0.6713183593750001 0.431529175 0.6800195312499999 0.44051307812499996 0.686806640625 0.442253521875 0.6972070312499999 0.4442454734375 0.70689453125 0.4467404421875 0.71875 0.445 0.714638671875 0.438018109375 0.70689453125 0.43178068437499995 0.696484375 0.42530181093749997 0.685595703125 0.42579476875 0.6778515625 0.42305834999999997 0.672041015625 0.42181086562500003
1 0.752646484375 0.603340040625 0.7815234375 0.6226659953125 0.8103906249999999 0.6454728375000001 0.8113574218749999 0.6469617703125 0.813759765625 0.6474547281249999 0.81568359375 0.6454728375000001 0.8147265625 0.6434909453125 0.8152050781250001 0.6429979875 0.809912109375 0.6395271625000001 0.784892578125 0.6196981890625 0.78392578125 0.61820925625 0.77623046875 0.6137424546875 0.7560156250000001 0.599869215625 0.701640625 0.5725955734375 0.699228515625 0.572102615625 0.6973046875 0.5740845078125 0.698271484375 0.57655935625 0.752646484375 0.603340040625
1 0.709814453125 0.4461770625 0.749755859375 0.44915492968750004 0.7791113281250001 0.455100603125 0.8079882812499999 0.4704728375 0.832529296875 0.4903018109375 0.83349609375 0.49179074375000004 0.8358984375 0.4922837015625 0.837822265625 0.4903018109375 0.836865234375 0.48831991874999997 0.8373437499999999 0.48782696249999996 0.833974609375 0.4858450703125 0.8113574218749999 0.4674949703125 0.8103906249999999 0.46600603593749995 0.78103515625 0.45064386250000005 0.749755859375 0.44419517031250005 0.7107812499999999 0.4412273640625 0.67228515625 0.42585513124999996 0.6708398437499999 0.42585513124999996 0.668916015625 0.427837021875 0.669873046875 0.43031187187500003 0.709814453125 0.4461770625
0 0.691650390625 0.7010764593750001 0.68607421875 0.703571428125 0.687041015625 0.712042253125 0.6940625 0.718279678125 0.70205078125 0.7232595578125001 0.7107617187499999 0.7270020125000001 0.71923828125 0.73 0.72529296875 0.7307444671875001 0.724326171875 0.72102615625 0.7264941406250001 0.7103018109375 0.718271484375 0.7122937625 0.7129492187500001 0.702072434375 0.7013281250000001 0.7060563375 0.691650390625 0.7010764593750001
2 0.5462011718750001 0.2796076453125 0.548125 0.28158953750000004 0.550048828125 0.28158953750000004 0.593359375 0.2746478875 0.6025 0.2746478875 0.6429296875 0.2761368203125 0.7059667968750001 0.28555332031249997 0.707890625 0.28555332031249997 0.709814453125 0.283571428125 0.709814453125 0.28258551249999997 0.707890625 0.2805935609375 0.70548828125 0.280100603125 0.6429296875 0.2711770625 0.593359375 0.269688128125 0.548125 0.276629778125 0.5462011718750001 0.2786116703125 0.5462011718750001 0.2796076453125