1 0.6245914906250001 0.5527620546875001 0.6232254421875 0.55310265 0.575284340625 0.52676308125 0.5455620453125001 0.4948889421875 0.5450893234375 0.4929929609375 0.5446426609375 0.4941112484375 0.5414278 0.49289896093749996 0.5396411453125001 0.497372109375 0.541505971875 0.5019417625 0.570076 0.5321041609375 0.5705487203125 0.534000140625 0.5719147687499999 0.533659546875 0.6198624390624999 0.5599826703125 0.6210181828125 0.5617083515625 0.6246696625 0.5618048578125 0.6264563171875001 0.557331709375 0.624144828125 0.5538803437500001 0.6245914906250001 0.5527620546875001
0 0.63073794375 0.79256493125 0.6228223546875 0.7968040828125 0.6286770578125 0.8072348984375 0.6363753734375 0.8217223859375 0.6434947203125 0.8290096265625 0.64998755 0.82398501875 0.6438034828125 0.8057290296874999 0.644859375 0.7935752093749999 0.6390532578125 0.789929 0.63073794375 0.79256493125
1 0.589068290625 0.6956135640625 0.5872816375000001 0.7000867109375 0.5879941953125 0.7029446234375001 0.6356189203125 0.7454738140625 0.6591679453125 0.7758663593749999 0.6630557859375 0.77691085625 0.6648424390625001 0.7724377062500001 0.6643697171875 0.770541728125 0.6426695078125 0.7417020625 0.5947949015625 0.69821344375 0.5920367484375 0.695880365625 0.589068290625 0.6956135640625
2 0.5532910875 0.8083059531250001 0.5515079093749999 0.8127930421875 0.55198063125 0.8146890234375 0.5556581671874999 0.8177997953125 0.57802375625 0.8172580343750001 0.6366097 0.8076855249999999 0.6461820796875 0.8052988640625 0.6479687328125 0.8008257140625 0.6474960109375 0.7989297359374999 0.643818475 0.7958189625000001 0.5834097734375 0.8068528578124999 0.5532910875 0.8083059531250001
2 0.5411914390625 0.49195097031249996 0.5163822296875 0.5001504437500001 0.47879582656249997 0.5095217875 0.4770091734375 0.513994934375 0.4774818953125 0.5158909140625 0.48115943281250007 0.5190016875000001 0.5194288593749999 0.5094600484375 0.55654254375 0.498192725 0.558329196875 0.49371957499999997 0.557856475 0.49182359687500005 0.5541789390625 0.4887128234375 0.5411914390625 0.49195097031249996
2 0.4830432078125 0.183034696875 0.47936566875000003 0.17992392343750002 0.47526752656250004 0.18094570625 0.42703117031250004 0.20002082968749998 0.39314836249999996 0.2155172125 0.389969603125 0.21731668750000002 0.388186425 0.2218037765625 0.3886591453125 0.22369975625 0.392336684375 0.22681052968749998 0.3950687796875 0.2261293421875 0.42417042031249996 0.2118250375 0.4817292734375 0.189403825 0.483515928125 0.1849306765625 0.4830432078125 0.183034696875
2 0.4997307875 0.2907015171875 0.45299261093750004 0.2983269671875 0.4304427765625 0.303949271875 0.4122274484375 0.3094977859375 0.41044079531250005 0.313970934375 0.4109169921875 0.3158808546875 0.41459452968750005 0.318991628125 0.45535969062500004 0.307820809375 0.503017253125 0.3009730515625 0.5091644671875 0.299440378125 0.5109511234374999 0.29496723125 0.5104784015625 0.29307125 0.5067973875 0.2899465375 0.4997307875 0.2907015171875
1 0.5667843890625 0.6004181984375 0.5695720750000001 0.605779484375 0.629370778125 0.6825442609375 0.6335210375 0.6875510140625 0.637408878125 0.688595509375 0.6391955312500001 0.6841223609375 0.6364113203125 0.6787750140625 0.5766191859375 0.6019937921875 0.5724689265625 0.596987040625 0.5685710421875 0.59594505 0.5667843890625 0.6004181984375
1 0.639273665625 0.79795903125 0.6346927578125 0.7970873375 0.6329061046875 0.8015604859375 0.6354539546875 0.8059598421875 0.6535666875 0.8145486156249999 0.723430015625 0.789059553125 0.7279848671875 0.7869169796875 0.7297715203124999 0.7824438312499999 0.7292987984375 0.7805478515625001 0.7256212625 0.7774370796875 0.7208300515625 0.7786316625 0.6525656546875 0.8047141796874999 0.639273665625 0.79795903125
1 0.6474246546875 0.6327018468750001 0.647845259375 0.6285692921875 0.6441677218749999 0.6254585203125 0.6428016734375 0.625799115625 0.6013727671875 0.6925457140625 0.60000671875 0.6928863078124999 0.600926103125 0.693664 0.6005054984375 0.6977965546875 0.6041865109375 0.7009212671875 0.6073652703125 0.69912179375 0.6075755734375 0.697055515625 0.6350436390625 0.6529212515625 0.646977990625 0.633820134375 0.6483440375 0.633479540625 0.6474246546875 0.6327018468750001
1 0.4673127453125 0.1053516890625 0.46594669843750003 0.10569228281250001 0.4639396953125 0.11223421250000001 0.4649388859375 0.1482490625 0.4627788046875 0.1890941 0.4634878859375 0.19193807031250001 0.46716542499999997 0.19504884375 0.4701178671875 0.19229887343750002 0.4707487765625 0.1861000421875 0.47218973125 0.1424135390625 0.47169936406249996 0.1113064296875 0.47099028125000003 0.1084624609375 0.4673127453125 0.1053516890625
1 0.5919824234375 0.4248839859375 0.593348471875 0.4245433921875 0.5924290859375 0.42376569999999997 0.5928462156250001 0.41961920468749997 0.5891686796875 0.41650843281250005 0.58780263125 0.41684902656249995 0.567740121875 0.44703901406249996 0.5663740734375 0.44737960781249997 0.5643771171874999 0.45391903281249996 0.5466656750000001 0.490586090625 0.5448529640625 0.49204497187499996 0.5453517421875 0.49695521875 0.5490292796875 0.500065990625 0.5522080390624999 0.49826651718750004 0.5542049953125 0.491727090625 0.571929959375 0.4550714703125 0.5919824234375 0.4248839859375
1 0.5310516140625 0.136814721875 0.5290025421875 0.1373256125 0.5065729515624999 0.15802175937500001 0.4784462859375 0.17914623125 0.47552994374999996 0.1849079640625 0.4760026640625 0.18680394218750002 0.47968020312500004 0.189914715625 0.4817292734375 0.189403825 0.50668065625 0.17009276874999998 0.53228553125 0.14758320625000002 0.535201871875 0.141821475 0.53472915 0.1399254953125 0.5310516140625 0.136814721875
0 0.5807410671875 0.6918259390625 0.581745796875 0.704028678125 0.59241193125 0.705900459375 0.603276771875 0.7167849875 0.611438490625 0.7119069703124999 0.6100701078124999 0.70149778125 0.60492815 0.685795421875 0.598112521875 0.682978409375 0.588938859375 0.690344690625 0.5807410671875 0.6918259390625
0 0.47256444062499997 0.18110139218750002 0.46695108906250005 0.18306365 0.4604402203125 0.1863898734375 0.4564836609375 0.19020462031250002 0.44712276093750003 0.1902729796875 0.44309027968750003 0.1969497265625 0.45135122031249997 0.203937528125 0.4613760125 0.206531903125 0.4663861515625 0.20698561875000002 0.4722657234375 0.20437948593750002 0.478534978125 0.2033790765625 0.48332180312500006 0.1931381015625 0.47954371093750003 0.186157984375 0.47256444062499997 0.18110139218750002
2 0.518968603125 0.7201546359375001 0.6126191578125 0.6998256953124999 0.6144158562500001 0.6953500406249999 0.613939659375 0.6934401203125 0.6102520765625 0.690331853125 0.5166015234375 0.7106607953124999 0.51481486875 0.7151339421875 0.5152875890625 0.7170299234375 0.518968603125 0.7201546359375001
0 0.5049537765625 0.29132427656250004 0.496737946875 0.291107140625 0.49106391250000003 0.287990690625 0.484695175 0.2918441671875 0.479029134375 0.2904286046875 0.4760242 0.29797453906250004 0.4827403421875 0.30364461875000004 0.49100024062500003 0.3089594140625 0.4969103578125 0.311439503125 0.5017849375 0.3113495171875 0.507194803125 0.3134064484375 0.514069325 0.308286675 0.5095098124999999 0.29979850468749997 0.5049537765625 0.29132427656250004
1 0.52894695 0.1312831390625 0.48847210625 0.123250065625 0.44809638281249997 0.101065765625 0.4469406375 0.09934008125 0.4432791140625 0.09924608124999999 0.44149245937500003 0.1037192296875 0.443807425 0.10718453593749999 0.44336076249999995 0.10830282499999999 0.444726809375 0.10796223125 0.48762085 0.13151767812499998 0.4887765953125 0.1332433625 0.53086736875 0.1418952671875 0.5329164390625001 0.1413843765625 0.5347030937499999 0.136911228125 0.5342303734375 0.135015246875 0.52894695 0.1312831390625
1 0.45180345468749994 0.10720474531249999 0.45474585312500004 0.1044572796875 0.492255753125 0.0074436234375 0.49199333593750005 0.003481365625 0.488315796875 0.00037059375 0.48694974999999996 0.0007111875 0.44786002343750003 0.100117775 0.44812591562500004 0.1040939734375 0.45180345468749994 0.10720474531249999
2 0.46334325625000006 0.09525045 0.39907277343750003 0.1082541171875 0.36613888125 0.1275564015625 0.364326171875 0.12901528125 0.3625294734375 0.13349093437499998 0.36300219375 0.1353869140625 0.3666897765625 0.1384951828125 0.368738846875 0.1379842921875 0.40212287812499997 0.1175776609375 0.4657103375 0.10474429062499999 0.46749699062500005 0.10027114374999999 0.46702079375 0.0983612234375 0.46334325625000006 0.09525045
2 0.4936345953125 0.6156357265625 0.497312134375 0.6187464984375 0.576412359375 0.6040740109375 0.5852916703125 0.60186015 0.587074846875 0.5973730609375 0.5866021265625 0.59547708125 0.5829245890625 0.5923663078125 0.494948528125 0.6092665968750001 0.493161875 0.6137397453125 0.4936345953125 0.6156357265625
0 0.5127773328125 0.3816254109375 0.50537551875 0.3862991546875 0.50585848125 0.39636641250000004 0.514646715625 0.40380024531250003 0.5201016890625 0.412627840625 0.5269977234375001 0.40922039374999997 0.5252622125 0.40059081093750004 0.5303357609375 0.3947946875 0.527544621875 0.383600040625 0.5203292687500001 0.379179809375 0.5127773328125 0.3816254109375
1 0.516093790625 0.38838005 0.5122059515624999 0.38733555625 0.5104227734375 0.3918226453125 0.5108954953125 0.39371862343749997 0.5370184250000001 0.43152479374999997 0.5637513171874999 0.4863261609375 0.5674288546875 0.489436934375 0.5687949031249999 0.489096340625 0.57058155625 0.484623190625 0.569872475 0.48177922031250003 0.5422201984374999 0.4262001609375 0.5181723984375 0.3908973671875 0.516093790625 0.38838005
0 0.5708751890625 0.5884553796875001 0.563620021875 0.5953433265625 0.5569444703124999 0.5947569625 0.558205375 0.6063183343749999 0.5686298953125 0.6105159265625 0.5819450421875 0.6230551 0.5879566984375 0.620978728125 0.5894248281250001 0.6138159625 0.5866517250000001 0.6043196984375 0.5835375265625 0.60000231875 0.5824333109375 0.590652646875 0.5708751890625 0.5884553796875001
1 0.55390054375 0.3769399265625 0.52519345 0.3840974078125 0.5234102734375 0.38858449687499996 0.52388299375 0.39048047656249996 0.52756053125 0.39359125 0.556267625 0.3864337671875 0.5891149312499999 0.3842855421875 0.5925400953125 0.383431553125 0.5943267484375 0.3789584046875 0.593854028125 0.377062425 0.590176490625 0.3739516515625 0.5858319421875 0.3740279484375 0.55390054375 0.3769399265625
3 0.6532123296875 0.9587007609375 0.6556820078125 0.954057315625 0.6537911234375 0.9464733953125 0.6155336203124999 0.8250382453125 0.5616819093750001 0.6440107 0.5255777078125 0.5341217296874999 0.487452334375 0.40157750312499996 0.449155253125 0.27711665 0.4200134203125 0.15441563125 0.40233648281249995 0.063106228125 0.399972878125 0.05362632656250001 0.39720468124999997 0.051295751562500005 0.394236225 0.05102895 0.391766546875 0.05567239375000001 0.4115807734375 0.15551120624999998 0.440958965625 0.27916021562500004 0.479246003125 0.40362357187500003 0.5173713765625 0.5361677984375001 0.5534856234375 0.6460542640625 0.6073272875 0.8270843140625 0.6411526265624999 0.9365197406249999 0.6474857203125 0.9561008796875001 0.6502438734375 0.958433959375 0.6532123296875 0.9587007609375
0 0.4542574703125 0.09453944843749999 0.446782465625 0.09074665 0.43825362031250004 0.097404275 0.43638023593749997 0.1046532734375 0.44465469375 0.11165251093749999 0.449819471875 0.1160213171875 0.45805785625000006 0.1196237859375 0.46420507187500004 0.1180911125 0.46618245625 0.10967599218749999 0.46509628125 0.1020247046875 0.45798492968750004 0.096438353125 0.4542574703125 0.09453944843749999
1 0.5802446078125 0.5990760296875 0.59157595 0.563007596875 0.6217812234375 0.5444004421875 0.6235644 0.539913353125 0.6230916796875 0.5380173734375 0.6194141421875 0.5349066 0.6173650703125 0.535417490625 0.5885293234375 0.55369799375 0.585823284375 0.5573934484375 0.5849039 0.5566157546875 0.5849299578125 0.559630021875 0.5749386046875 0.59234359375 0.572915590625 0.5958687546875 0.57341436875 0.600779 0.5770953828125001 0.6039037140625 0.57935128125 0.6013126046874999 0.5802741421875 0.6021042390625 0.5802446078125 0.5990760296875
1 0.4915244578125 0.2927475859375 0.489741278125 0.297234675 0.4922891296875 0.30163403125 0.5335025875 0.31553928125 0.56023878125 0.3179354921875 0.5622878546875001 0.3174246015625 0.5640745078125 0.312951453125 0.5636017875 0.3110554734375 0.5599242484375 0.3079447 0.534114009375 0.3063097375 0.502282115625 0.2951148140625 0.4915244578125 0.2927475859375
0 0.5412284078125 0.48264253906250004 0.537299928125 0.4881531640625 0.5298575234375 0.487743190625 0.526067696875 0.49376713125 0.530862253125 0.4999459328125 0.5412832984375 0.5041295859375 0.5428641703125 0.5088440750000001 0.549198621875 0.514609321875 0.55650894375 0.514489534375 0.5573006687500001 0.5012761968749999 0.5489575359375001 0.4874973625 0.5412284078125 0.48264253906250004
2 0.4397652390625 0.405397053125 0.4379820625 0.4098841421875 0.4384547828125 0.411780121875 0.44213232031249994 0.4148908953125 0.46900064375 0.4061780265625 0.53097565 0.392739765625 0.532762303125 0.388266615625 0.5322895828124999 0.3863706375 0.5286085703125 0.38324592343749997 0.46663356250000004 0.396684184375 0.4397652390625 0.405397053125
1 0.5209389984375 0.2622397171875 0.5223050453125 0.2618991234375 0.540739090625 0.22808747343750002 0.5421051375 0.22774687968750001 0.541185753125 0.22696918593749998 0.5416063609374999 0.22283663125 0.537928821875 0.219725859375 0.5365627734375 0.220066453125 0.5163160203125 0.255336984375 0.5149499703125 0.25567757812499997 0.5048283312499999 0.2733198140625 0.4917608171875 0.293695575 0.49039477031249995 0.29403616875 0.491314153125 0.29481386249999997 0.4908970234375 0.2989603578125 0.49457456093749996 0.3020711296875 0.497763365625 0.3002691515625 0.5078749609375001 0.28262941874999997 0.5209389984375 0.2622397171875
1 0.631514 0.7988868124999999 0.6297273453125001 0.8033599609375001 0.6304364265625 0.80620393125 0.65619434375 0.8541851296875 0.7015547578125 0.9255022890625 0.7054425984375 0.9265467859375001 0.7072358203125 0.9220571921875 0.7053709953125 0.9174875390624999 0.663943965625 0.8532598531250001 0.6377133296874999 0.8033826734374999 0.632880046875 0.79854621875 0.631514 0.7988868124999999