1 0.607496003125 0.5964917921875 0.6061764968750001 0.596282803125 0.5740626375 0.55552569375 0.559914590625 0.5166899046875 0.5602044421875 0.5148598546875001 0.5593997640625 0.515670384375 0.557040903125 0.5134208203124999 0.553822190625 0.5166629406250001 0.5537573140625 0.5213425593750001 0.567533328125 0.558257259375 0.5672434765625 0.560087309375 0.56856298125 0.5602962984375 0.6006886765624999 0.6010414890625 0.601058578125 0.6029760328125 0.6042124140625 0.6044135296875 0.6074311265625 0.601171409375 0.606691325 0.597302321875 0.607496003125 0.5964917921875
0 0.5239778546875 0.8080752140625 0.515492184375 0.8088416687500001 0.5167399671874999 0.8201157218749999 0.518094490625 0.835613790625 0.521612175 0.8446127453125 0.5291461921875 0.842633440625 0.53051124375 0.8244073296875 0.5359386046875 0.8141905140624999 0.532218428125 0.808856228125 0.5239778546875 0.8080752140625
1 0.5235156765625 0.7080107375 0.5202969640624999 0.7112528578124999 0.51986005625 0.7140113875 0.545696590625 0.7687819234375 0.55500139375 0.8040366828125001 0.5580103046875 0.8063892046875001 0.5612290171875001 0.803147084375 0.56151886875 0.8013170359374999 0.5532534234375001 0.76810285 0.5275542421875 0.712402296875 0.5260097609375001 0.7093437406249999 0.5235156765625 0.7080107375
2 0.45049247968749995 0.79311196875 0.4472716359375 0.7963675453125 0.44698178437499997 0.7981975953125 0.4490410921875 0.8022756718749999 0.4687784953125 0.8100916609375 0.5235021843750001 0.8234489359375001 0.5327484218749999 0.8249133953125 0.535967134375 0.8216712749999999 0.5362569859375 0.8198412265625 0.534197678125 0.8157631500000001 0.47734010312499997 0.8030058796875 0.45049247968749995 0.79311196875
2 0.557185828125 0.512505796875 0.53247543125 0.5104680109374999 0.4961696390625 0.5047177390625001 0.492950925 0.507959859375 0.492661075 0.5097899078125 0.49472038281249997 0.513867984375 0.5316859265625 0.5197227515625 0.568281571875 0.523642975 0.5715002859375 0.5204008546875001 0.5717901375000001 0.51857080625 0.569730828125 0.5144927296875 0.557185828125 0.512505796875
2 0.620897940625 0.22132635625 0.6188386343750001 0.2172482796875 0.6148801171875 0.2166213125 0.565674596875 0.2153937734375 0.5303335812500001 0.21636215781249998 0.5268898937500001 0.2167547078125 0.52366905 0.2200102859375 0.5233791984375 0.221840334375 0.52543850625 0.2259184109375 0.5280775156249999 0.2263363890625 0.5588002640624999 0.22463654375000003 0.6173893765625 0.2263985265625 0.6206080890625 0.22315640625 0.620897940625 0.22132635625
2 0.5955661328125 0.321484990625 0.5519133078125 0.31081914843749997 0.530131771875 0.30736929218750003 0.5121638265625 0.3054614265625 0.5089451140625 0.308703546875 0.50865313125 0.31054705312499997 0.5107124390625 0.3146251296875 0.5504619203125001 0.31998285000000004 0.594629571875 0.3316682125 0.60056734375 0.3326086625 0.6037860562499999 0.3293665421875 0.6040759062500001 0.32753649375 0.60201873125 0.32344496093749997 0.5955661328125 0.321484990625
1 0.5393362734375 0.6166634375 0.53978409375 0.62237603125 0.5635647109375 0.71153994375 0.56533416875 0.717448071875 0.5683430796875 0.7198005937499999 0.5715617921875 0.7165584734375 0.5711118421875 0.7108593359375 0.54734305625 0.621683503125 0.5455736 0.6157753765625 0.5425549859375 0.61342131875 0.5393362734375 0.6166634375
1 0.5294344859375 0.8159467125000001 0.5257561203125001 0.8134881593750001 0.52253740625 0.8167302796874999 0.523132284375 0.8215143921875001 0.5357703765624999 0.835723584375 0.6062447375 0.8393680046875 0.6110176328125 0.839185978125 0.6142363453125 0.8359438578124999 0.614526196875 0.8341138078125001 0.6124668890625 0.8300357328124999 0.6078389203125 0.8293027343749999 0.5385412703125 0.8267688718749999 0.5294344859375 0.8159467125000001
1 0.5978099390625 0.6747272328125 0.5997091453125 0.6712761234375 0.5976498390625 0.6671980468750001 0.5963303328125 0.6669890578125 0.535400925 0.709893175 0.5340814203125 0.7096841859375 0.534596246875 0.71070370625 0.5326970390625 0.7141548156249999 0.5347542140625 0.718246346875 0.538197903125 0.717853796875 0.5391475078125 0.7161282421874999 0.5795003078125001 0.6877867015625 0.5970052609375001 0.6755377609375001 0.5983247656249999 0.67574675 0.5978099390625 0.6747272328125
1 0.635951778125 0.1476930015625 0.6346322734375 0.1474840125 0.6304542546875 0.15245015312500002 0.617977521875 0.1842550546875 0.6009507359375 0.2191050078125 0.600515959375 0.2218500828125 0.6025752671875 0.225928159375 0.6061735828125 0.22462211875000002 0.6090223953125 0.21944545468749999 0.6264742546875001 0.181848890625 0.637576309375 0.154516153125 0.6380110859375 0.1517710796875 0.635951778125 0.1476930015625
1 0.6264118703125 0.4727916921875 0.6277313765625 0.47300068125 0.6272165484375 0.4719811625 0.6291178890625 0.46851659687499997 0.62705858125 0.4644385203125 0.625739075 0.46422953125 0.5970238015625 0.4831447375 0.5957042968749999 0.4829357484375 0.5915359812500001 0.48790342343750004 0.5624735515625 0.5133432906250001 0.5603493671875001 0.5139448296875 0.5589649859375 0.518415459375 0.5610242953125 0.5224935359375 0.564467984375 0.5221009828125001 0.5686363 0.5171333078125 0.5977063 0.4917084359375 0.6264118703125 0.4727916921875
1 0.6799660609375 0.19877676093750002 0.677986803125 0.198463278125 0.65072291875 0.20821478125 0.61832380625 0.2162287609375 0.6136406625 0.22017691562500002 0.6133508109375 0.22200696562500002 0.6154101187500001 0.22608504218749997 0.6173893765625 0.2263985265625 0.64634266875 0.21879055625000002 0.6770523734375 0.20863304375 0.6817355171874999 0.20468488749999997 0.6820253671875001 0.20285483750000002 0.6799660609375 0.19877676093750002
0 0.517645703125 0.701618678125 0.5140001859375001 0.7126418734375 0.5226233640625 0.7182285546875 0.52807938125 0.7317554140625 0.5370168546875 0.730522559375 0.5396799078125001 0.7209300453124999 0.5410087046875 0.7053190140625001 0.5360993546875 0.7003343390625 0.5253556171875 0.7033639734375 0.517645703125 0.701618678125
0 0.6124612359375 0.21575541562499997 0.6068305656249999 0.21538776875 0.5999103265625 0.21587799843750002 0.595040225 0.2177412671875 0.5868380359375001 0.21433171562500003 0.580840765625 0.21866486875 0.5854666374999999 0.22782554687499998 0.5932617546875 0.23380524062500002 0.5974699890624999 0.23605804687499998 0.6035718703125 0.23596236718750002 0.6094189515624999 0.2374126203125 0.6173962953125 0.2302480921875 0.616683390625 0.2227554953125 0.6124612359375 0.21575541562499997
2 0.45318624218750003 0.7034512921875 0.54252631875 0.7204153062499999 0.545754734375 0.7171747234375 0.5460467171875 0.7153312171875 0.54397770625 0.7112516046875 0.4546376296875 0.6942875890625 0.45141891718749994 0.6975297109375 0.451129065625 0.6993597609375 0.45318624218750003 0.7034512921875
0 0.5998976328125 0.32396422812500003 0.5928015 0.320729859375 0.5890003359375 0.315906909375 0.5820088125 0.3169100125 0.577584165625 0.3135746015625 0.572162290625 0.3190472171875 0.5759272015625 0.3264852453125 0.5811722921875 0.3341853015625 0.5854155578125 0.3385403125 0.5897069109374999 0.340268325 0.59367005 0.3440686 0.6015727546875 0.342147690625 0.600736259375 0.3330492296875 0.5998976328125 0.32396422812500003
1 0.68017799375 0.1931686640625 0.6478003671875 0.1711569359375 0.6207547250000001 0.136830425 0.6203848234375 0.13489588125000002 0.617221284375 0.13345684687499998 0.614002571875 0.13669896718750002 0.6147402421875 0.1405815109375 0.6139355640625 0.1413920421875 0.6152550703124999 0.14160103125 0.6439922484375 0.17805761874999998 0.64436215 0.17999216093749998 0.677921928125 0.20314289687499998 0.679901184375 0.20345637968750002 0.683119896875 0.20021425937499998 0.6834097484375 0.1983842109375 0.68017799375 0.1931686640625
1 0.621717371875 0.14356253593749999 0.6253059859375 0.1422549609375 0.694031115625 0.07148063906249999 0.69527056875 0.0679250359375 0.6932112625 0.06384695781250001 0.6918917578125 0.06363796875 0.6208996499999999 0.1359154 0.6196580640625 0.139484459375 0.621717371875 0.14356253593749999
2 0.6362285859375 0.1374052859375 0.5752675703125 0.124936075 0.5393447203124999 0.1295780125 0.5372205375 0.130179553125 0.5339921234375 0.1334201359375 0.533702271875 0.1352501875 0.5357712796875 0.1393298 0.5377505375 0.1396432828125 0.574475934375 0.13420427031249998 0.6347771984375 0.1465689890625 0.6379959125 0.14332686875 0.6382878953125 0.1414833625 0.6362285859375 0.1374052859375
2 0.4697984734375 0.6028357984375 0.47185778125000005 0.6069138749999999 0.5463913203125 0.6234225140625 0.554968103125 0.6247809421875 0.558188946875 0.6215253671875 0.5584787984374999 0.619695315625 0.5564194921875 0.615617240625 0.47330703749999997 0.597763628125 0.47008832500000003 0.6010057484375 0.4697984734375 0.6028357984375
0 0.573259896875 0.40568061718750004 0.565061925 0.4070168015625 0.5617521921875 0.41598272812500003 0.56667333125 0.42572813125 0.568166209375 0.435454715625 0.5754530015625 0.43503633593749996 0.5771357187499999 0.42686104687500004 0.5837159562500001 0.42368235 0.5854273578125 0.4128769859375 0.5807631 0.4063448421875 0.573259896875 0.40568061718750004
1 0.573653134375 0.41280532656249996 0.5706442234375 0.4104528046875 0.5674233796875 0.4137083796875 0.5671335281250001 0.4155384296875 0.575938678125 0.45821787968749994 0.5789770671875 0.515957190625 0.5810363734374999 0.520035265625 0.582355878125 0.5202442546875 0.5855745921875 0.5170021359375 0.58600936875 0.5142570609375 0.5824561546875 0.4554982328125 0.5745357328125 0.41577284531250003 0.573653134375 0.41280532656249996
0 0.5473438609375 0.607738096875 0.5384532531249999 0.6110612359375 0.53283943125 0.6080754359375 0.5296554203125 0.6186337671875 0.53720544375 0.6261609296875 0.5441885078124999 0.6420401015625 0.5502093984374999 0.6424557578125001 0.55414683125 0.6367480296875 0.5552444515625 0.627431740625 0.5541244765625 0.6225092859375 0.5566255546875001 0.6139394453125 0.5473438609375 0.607738096875
1 0.6109182343749999 0.41683158125 0.5831892234375 0.4124397375 0.5799683796874999 0.4156953125 0.579678528125 0.4175253625 0.5817378359375 0.42160343906250003 0.6094668453125001 0.4259952828125 0.6389556109375001 0.4362937171875 0.6422640765625001 0.43681772656250006 0.6454827875 0.43357560624999997 0.6457726390625 0.43174555468750003 0.6437133328125 0.42766747812499994 0.639890040625 0.42612395156250005 0.6109182343749999 0.41683158125
3 0.48202831875 0.9614115859375 0.485906784375 0.9582739609375001 0.48706619062499995 0.9509537640625 0.4986599046875 0.8307838421874999 0.518720875 0.6528209687500001 0.527915728125 0.5435268484375 0.5437426359375 0.41370963281249995 0.5564233093750001 0.290884140625 0.5764488812499999 0.1729876703125 0.5948533140625 0.08673950625 0.5963025703125 0.077589259375 0.5947483874999999 0.074529165625 0.592254303125 0.0731961625 0.5883758375 0.0763337875 0.5686767765625 0.1708187125 0.5485062796875 0.28963020625 0.5358159031249999 0.4124541625 0.5199889953125 0.5422713765625 0.51080384375 0.651567034375 0.490733171875 0.8295283703124999 0.47971581875 0.9375820625 0.47798975468749993 0.9570200265625 0.4795342359375 0.9600785828125 0.48202831875 0.9614115859375
0 0.628555596875 0.13341745 0.623431965625 0.1273367125 0.6135141578125001 0.12998679062500001 0.6091907671875 0.1356195953125 0.6138242078125 0.1447952671875 0.616716325 0.15052256718749998 0.6225773265625001 0.156720090625 0.6285151 0.15766054062499998 0.6333615796875 0.1510484640625 0.6352488765625 0.14396769843749999 0.6311077093749999 0.13645628125 0.628555596875 0.13341745
1 0.551591421875 0.620480421875 0.5748588734375 0.5931985359375 0.60814058125 0.5881520765625 0.6113614265625 0.5848964984375 0.6116512765625 0.58306645 0.60959196875 0.5789883734375 0.6076127109375 0.5786748890625 0.575648378125 0.5839437953125 0.5719148374999999 0.586166396875 0.5714000109375 0.5851468765625001 0.5703054812499999 0.58778745625 0.5494520656249999 0.6126377515625 0.546378278125 0.614964846875 0.544993896875 0.6194354765625001 0.5470510734375 0.6235270078124999 0.549982065625 0.62210148125 0.5504947609374999 0.6231344562500001 0.551591421875 0.620480421875
1 0.5876394 0.32022952031249996 0.5844185546875 0.3234850953125 0.5850134312499999 0.3282692078125 0.6158596203125 0.3556800453125 0.6383257859375 0.36768014375 0.6403050421875001 0.3679936265625 0.6435237546875 0.36475150625 0.64381360625 0.3629214578125 0.6417542984375 0.35884338125 0.6198147953124999 0.34785088124999997 0.596158878125 0.326282559375 0.5876394 0.32022952031249996
0 0.56066845625 0.50439488125 0.5551942750000001 0.5077487609375 0.5488452140625 0.504632715625 0.5433018796875 0.5084860124999999 0.5451996968749999 0.5156559109375001 0.5527518515625001 0.5231696171875 0.552385253125 0.527870415625 0.5557814765625 0.5352500515624999 0.5622115265625001 0.53785475625 0.5678008609375 0.52661526875 0.565620409375 0.51149675625 0.56066845625 0.50439488125
2 0.500671646875 0.3993702375 0.497450803125 0.4026258125 0.49716095156250006 0.4044558625 0.49922025937500003 0.4085339375 0.525919615625 0.41088674375 0.5850365984375 0.42212591093749996 0.5882553125000001 0.418883790625 0.5885451625 0.4170537421875 0.5864879859375 0.412962209375 0.5273710031250001 0.40172304218750005 0.500671646875 0.3993702375
1 0.6246416046875 0.304502790625 0.625961109375 0.30471177968749996 0.6545963328125 0.28203198125 0.6559158375 0.2822409703125 0.6554010109374999 0.2812214515625 0.65730021875 0.2777703421875 0.6552409109374999 0.273692265625 0.6539214062500001 0.27348327656250004 0.6231619984375001 0.29676461718749997 0.6218424953125 0.296555628125 0.6064617265625001 0.30820302499999996 0.5874944734375 0.32114454375 0.58617496875 0.3209355546875 0.5866897953125 0.321955075 0.58478845625 0.32541963906250004 0.5868477640624999 0.32949771562499997 0.5903011546875 0.3291067015625 0.6056722203125 0.31745776718749996 0.6246416046875 0.304502790625
1 0.52231243125 0.8138807109374999 0.5190937171875001 0.8171228312500001 0.5186589406250001 0.8198679046875 0.52337369375 0.8712930812499999 0.5365615625 0.9503512531249999 0.5395704734375 0.952703775 0.5428010203125 0.949449734375 0.5428658953125 0.9447701171875 0.530486046875 0.8733575437500001 0.52606114375 0.8201023203125001 0.5236319359375 0.8140897 0.52231243125 0.8138807109374999