1 0.723388671875 0.7042569000000001 0.723388671875 0.706231421875 0.727021484375 0.7101910828125 0.731572265625 0.7082165609375 0.7388574218749999 0.6963481953125 0.747041015625 0.6824946921875 0.75978515625 0.6547983015625001 0.75978515625 0.6528237796874999 0.756142578125 0.6488641187499999 0.7543261718750001 0.6488641187499999 0.751591796875 0.65084925625 0.740673828125 0.6755732484375 0.723388671875 0.7042569000000001
0 0.6997753906249999 0.5371231421875 0.7090234375 0.5468259015625 0.7179492187500001 0.55113588125 0.729521484375 0.5468259015625 0.7291894531249999 0.5367728234375 0.720263671875 0.529225053125 0.71068359375 0.5274203828124999 0.69779296875 0.5267091296874999 0.6997753906249999 0.5371231421875
1 0.7124707031249999 0.5420382171875 0.725205078125 0.5539065812499999 0.7424902343750001 0.5717197453125 0.75705078125 0.5825902328125 0.776162109375 0.600403396875 0.780712890625 0.6013906578125 0.784345703125 0.5974309984375 0.7825292968750001 0.5934713375 0.7834375 0.5924840765625 0.747041015625 0.5628131640625 0.720654296875 0.538089171875 0.71701171875 0.53314225 0.7124707031249999 0.5321443734375 0.7088281249999999 0.536104034375 0.709736328125 0.5410509546875 0.7124707031249999 0.5420382171875
2 0.5641503906249999 0.5301698515625 0.56779296875 0.5341295109375 0.6596875 0.5341295109375 0.727021484375 0.5459978765625 0.7306640625 0.5459978765625 0.7343066406250001 0.5420382171875 0.7343066406250001 0.54006369375 0.7306640625 0.536104034375 0.6596875 0.52423566875 0.5914453125 0.5232484078125 0.56779296875 0.52423566875 0.5641503906249999 0.5281953296874999 0.5641503906249999 0.5301698515625
0 0.6905175781249999 0.3086411890625 0.691845703125 0.31941613593749996 0.7017578125 0.3255201703125 0.71068359375 0.3244479828125 0.71828125 0.3169002125 0.7146484375 0.3086411890625 0.7057226562500001 0.3050424625 0.695478515625 0.30432059375 0.6905175781249999 0.3086411890625
1 0.703369140625 0.3155307859375 0.7188378906249999 0.3412526546875 0.725205078125 0.3481740984375 0.73521484375 0.3640021234375 0.736123046875 0.363004246875 0.739765625 0.364989384375 0.7433984375 0.3610297234375 0.7424902343750001 0.35608280312499996 0.739765625 0.3541082796875 0.7242968750000001 0.332346071875 0.7088281249999999 0.30860934218749997 0.7088281249999999 0.306624203125 0.7079199218750001 0.30762208125 0.7042773437500001 0.3056369421875 0.700634765625 0.30959660312500004 0.70154296875 0.314543525 0.703369140625 0.3155307859375
1 0.6869921875 0.1839808921875 0.7151953125 0.20178343906250001 0.71701171875 0.20178343906250001 0.720654296875 0.1978237796875 0.7188378906249999 0.1928768578125 0.6979101562500001 0.17903397031249998 0.669697265625 0.16617834375 0.66697265625 0.16617834375 0.663330078125 0.1701273890625 0.665146484375 0.175074309375 0.6869921875 0.1839808921875
0 0.695810546875 0.4232377921875 0.699443359375 0.4329405515625 0.7063867187499999 0.43761146562500003 0.7146484375 0.4390445859375 0.7235742187499999 0.43545647499999995 0.72291015625 0.426475584375 0.71861328125 0.41964968125 0.708701171875 0.413895965625 0.69779296875 0.414617834375 0.695810546875 0.4232377921875
1 0.705185546875 0.42532908750000004 0.7088281249999999 0.42927813125 0.71064453125 0.42927813125 0.7142871093750001 0.42532908750000004 0.716103515625 0.3897133765625 0.7224707031250001 0.355095540625 0.7224707031250001 0.35113588125 0.7188378906249999 0.3471868359375 0.71701171875 0.3471868359375 0.71337890625 0.35113588125 0.707001953125 0.3887261140625 0.705185546875 0.42532908750000004
0 0.71068359375 0.2004989390625 0.712998046875 0.20804670937499997 0.72224609375 0.21235668749999997 0.7291894531249999 0.213789809375 0.73580078125 0.2094798296875 0.739111328125 0.20301486249999998 0.73546875 0.1951167734375 0.7278710937499999 0.1933121015625 0.716630859375 0.19151804687500001 0.71068359375 0.2004989390625
2 0.5541406249999999 0.3105838640625 0.5541406249999999 0.31255838593749996 0.557783203125 0.316518046875 0.5605078125 0.316518046875 0.6023632812499999 0.306624203125 0.6542285156250001 0.3036624203125 0.6778906250000001 0.3056369421875 0.716103515625 0.3194904453125 0.7188378906249999 0.3194904453125 0.7224707031250001 0.3155307859375 0.7224707031250001 0.3135562625 0.71701171875 0.30860934218749997 0.67970703125 0.29575371562499997 0.6405859375 0.293768578125 0.6023632812499999 0.2967409765625 0.557783203125 0.306624203125 0.5541406249999999 0.3105838640625
1 0.709736328125 0.6172186843749999 0.7388574218749999 0.639968153125 0.753408203125 0.6557855625 0.7643359375000001 0.67260085 0.765244140625 0.6716135875 0.768876953125 0.6735987265625 0.7725195312500001 0.669639065625 0.7725195312500001 0.6666666671875 0.7625097656250001 0.6518365187499999 0.749775390625 0.6389702765624999 0.74794921875 0.63502123125 0.7343066406250001 0.6251273890625 0.7188378906249999 0.6122717625 0.71701171875 0.6092993625 0.7124707031249999 0.6083121015625 0.7088281249999999 0.6122717625 0.71064453125 0.6162208062500001 0.709736328125 0.6172186843749999
1 0.71064453125 0.5341295109375 0.709736328125 0.5390764328125 0.71337890625 0.543025478125 0.7179296875000001 0.5410509546875 0.74158203125 0.48269639062499997 0.7424902343750001 0.47774946875 0.7388574218749999 0.47378980937500004 0.73703125 0.47378980937500004 0.7343066406250001 0.47576433125 0.7306640625 0.48368365156250004 0.71064453125 0.5341295109375
0 0.7090234375 0.7156687890625 0.71498046875 0.7264543531250001 0.72224609375 0.7293312109375 0.7282031250000001 0.7264543531250001 0.7278710937499999 0.7181953296875 0.73216796875 0.708131634375 0.728525390625 0.7013057328125 0.7179492187500001 0.69915074375 0.7096875 0.704532909375 0.7090234375 0.7156687890625
1 0.74794921875 0.44807855625000004 0.787080078125 0.46093418281250004 0.7898046875 0.46093418281250004 0.793447265625 0.456974521875 0.793447265625 0.45499999999999996 0.7898046875 0.4510403390625 0.751591796875 0.439171975 0.7151953125 0.42038216562499997 0.71064453125 0.41938428906249997 0.707001953125 0.4233439484375 0.7088281249999999 0.4282908703125 0.74794921875 0.44807855625000004
1 0.7279296875 0.21266454375000002 0.7424902343750001 0.23442675156249998 0.7424902343750001 0.2364012734375 0.745224609375 0.23738853437500002 0.76341796875 0.25617834375 0.76615234375 0.25617834375 0.769794921875 0.2522293 0.768876953125 0.24826963906250002 0.74794921875 0.22749469218749999 0.7279296875 0.1978237796875 0.7279296875 0.19584925625 0.727021484375 0.19683651875 0.723388671875 0.19486199531249998 0.71974609375 0.198811040625 0.720654296875 0.20375796249999997 0.7279296875 0.21266454375000002
2 0.56505859375 0.189915075 0.561416015625 0.19386411875 0.561416015625 0.19584925625 0.56505859375 0.1997983015625 0.568701171875 0.1997983015625 0.61328125 0.191889596875 0.6560546875 0.1909023359375 0.7088281249999999 0.1997983015625 0.751591796875 0.2136518046875 0.7543261718750001 0.2136518046875 0.757958984375 0.20969214374999998 0.757958984375 0.207717621875 0.7543261718750001 0.20375796249999997 0.709736328125 0.189915075 0.656962890625 0.18100849218749998 0.635126953125 0.18100849218749998 0.61328125 0.181995753125 0.569609375 0.1889278125 0.56505859375 0.189915075
2 0.6041894531249999 0.706231421875 0.6041894531249999 0.7082165609375 0.6078222656250001 0.7121656046875 0.6542285156250001 0.7121656046875 0.67333984375 0.7101910828125 0.7461328125 0.7101910828125 0.749775390625 0.706231421875 0.749775390625 0.7042569000000001 0.7461328125 0.700297240625 0.67333984375 0.700297240625 0.6542285156250001 0.7022823781249999 0.6078222656250001 0.7022823781249999 0.6041894531249999 0.706231421875
2 0.55232421875 0.42038216562499997 0.55595703125 0.42433121093750004 0.5641503906249999 0.42433121093750004 0.6096484375 0.42038216562499997 0.666064453125 0.41938428906249997 0.7306640625 0.43323779218749997 0.7333984375 0.43323779218749997 0.73703125 0.42927813125 0.73703125 0.427303609375 0.7333984375 0.4233439484375 0.6979101562500001 0.41543524375 0.66697265625 0.40950106093749994 0.6405859375 0.40950106093749994 0.55595703125 0.4144479828125 0.55232421875 0.41839702812499996 0.55232421875 0.42038216562499997
1 0.7088281249999999 0.6132590234374999 0.7124707031249999 0.6172186843749999 0.7142871093750001 0.6172186843749999 0.7179296875000001 0.6132590234374999 0.7179296875000001 0.6102866234375 0.7124707031249999 0.584575371875 0.71337890625 0.5509447984375 0.709736328125 0.5469851375 0.7079199218750001 0.5469851375 0.7042773437500001 0.5509447984375 0.703369140625 0.584575371875 0.7088281249999999 0.6132590234374999
2 0.573251953125 0.6152335453125 0.573251953125 0.6172186843749999 0.576884765625 0.621167728125 0.585986328125 0.621167728125 0.62056640625 0.6182059453125001 0.7306640625 0.6162208062500001 0.7343066406250001 0.6122717625 0.7343066406250001 0.6102866234375 0.7306640625 0.6063375796875 0.705185546875 0.6063375796875 0.58689453125 0.6102866234375 0.576884765625 0.6112845015625 0.573251953125 0.6152335453125
0 0.6931640625 0.6082484078125 0.693828125 0.615084925 0.703740234375 0.6215498937499999 0.713984375 0.626932059375 0.72291015625 0.6280148624999999 0.730185546875 0.621188959375 0.7318359375 0.6132908703125 0.7232421875 0.605382165625 0.7123339843750001 0.6032271765624999 0.7011035156250001 0.6035881109375001 0.6931640625 0.6082484078125
3 0.65150390625 0.45499999999999996 0.6596875 0.5647876859375 0.6587792968749999 0.6686518046875001 0.669697265625 0.7883333328125001 0.6724316406249999 0.7912951171875 0.676064453125 0.7922929937500001 0.680615234375 0.7883333328125001 0.680615234375 0.7814118890625 0.669697265625 0.6676645437500001 0.67060546875 0.5638004249999999 0.6624218749999999 0.4540127390625 0.656962890625 0.3481740984375 0.663330078125 0.1533121015625 0.663330078125 0.13452229375 0.660595703125 0.13154989374999998 0.656962890625 0.1305626328125 0.6524121093749999 0.13452229375 0.646044921875 0.349161359375 0.65150390625 0.45499999999999996
1 0.723388671875 0.7527282375000001 0.7279296875 0.7922929937500001 0.731572265625 0.7962420375 0.7333984375 0.7962420375 0.73703125 0.7922929937500001 0.73703125 0.7873460718749999 0.7324804687500001 0.7507431 0.7188378906249999 0.706231421875 0.7142871093750001 0.700297240625 0.7124707031249999 0.700297240625 0.7088281249999999 0.7042569000000001 0.7088281249999999 0.7072293000000001 0.723388671875 0.7527282375000001
1 0.6988183593749999 0.3105838640625 0.7024609374999999 0.314543525 0.707001953125 0.31255838593749996 0.7324804687500001 0.25915074374999997 0.7324804687500001 0.2571762203125 0.7288476562499999 0.2532165609375 0.727021484375 0.2532165609375 0.7224707031250001 0.25816348125 0.6988183593749999 0.30860934218749997 0.6988183593749999 0.3105838640625