0 0.763068078125 0.30623533593749996 0.76825509375 0.2943963203125 0.759580253125 0.2842976765625 0.7491212390624999 0.28188302187500003 0.73873935 0.286234628125 0.745286484375 0.296729121875 0.7511705609375 0.303039428125 0.763068078125 0.30623533593749996
1 0.6359425875 0.74940145625 0.6359235421875 0.7535853671875 0.66054755625 0.794842821875 0.6805309125 0.8151428515625 0.682328859375 0.815557940625 0.6868499703125 0.8124246421875 0.6861892640625 0.8070395265625001 0.6648682015625 0.78433089375 0.643163078125 0.746880128125 0.64045649375 0.7462552640625 0.6359425875 0.74940145625
1 0.7213784546875 0.4039906828125 0.7231764 0.40440577031249997 0.7276999734375 0.4012618109375 0.7437517328125 0.33173400468750003 0.74106419375 0.3269252296875 0.739266246875 0.326510140625 0.734742675 0.3296541 0.718690915625 0.39918190625 0.7213784546875 0.4039906828125
2 0.6223288078125 0.48784093124999994 0.5826966921875 0.4786911359375 0.5781852484375001 0.48182666718749995 0.577725009375 0.48382018125000004 0.5804053421875001 0.48861606562500004 0.6200374578125001 0.4977658609375 0.7046671 0.5256807703125 0.710969575 0.5271358109375 0.715493146875 0.5239918515624999 0.715950925 0.5220089984375 0.7132633859374999 0.517200221875 0.706290828125 0.5145462109375 0.6223288078125 0.48784093124999994
2 0.5963461 0.7318944984375 0.5452369 0.7190507375 0.5407157875 0.7221840375 0.5402555484375 0.7241775515625 0.5429455484375 0.7289756671875 0.59405475 0.7418194265625 0.6426672109375 0.75723080625 0.65077729375 0.7591031671875 0.6553008671875 0.75595920625 0.6557586453125 0.753976353125 0.65307110625 0.749167578125 0.6442909390625 0.7460962453125 0.5963461 0.7318944984375
2 0.743030546875 0.40061284375 0.66831585 0.37080989999999997 0.619417365625 0.368941684375 0.614903459375 0.37208787499999996 0.61444568125 0.37407072812500003 0.6171235546875 0.3788772734375 0.6207291109375 0.37970968125 0.6714352046875 0.38199521718749996 0.7371311796875 0.409716025 0.740736734375 0.4105484328125 0.7452506421875 0.4074022421875 0.7457084187499999 0.4054193890625 0.743030546875 0.40061284375
1 0.7274981546875 0.4514412390625 0.72297704375 0.4545745390625 0.7129502921875 0.481555384375 0.6920905765625001 0.514400634375 0.6914014484375001 0.517385575 0.6940889875 0.5221943515625 0.6958869328125 0.5226094390625 0.7017672562499999 0.5176901703125 0.7214991093750001 0.485628803125 0.7319861000000001 0.4566544421875 0.7292961 0.45185632656249997 0.7274981546875 0.4514412390625
3 0.5879830953125 0.8502793750000001 0.5913788078125 0.847919296875 0.62210653125 0.71482290625 0.6345908234375 0.636094865625 0.6541092609375 0.543304278125 0.660439334375 0.48303024375000003 0.664125525 0.4629621796875 0.680106028125 0.4101487 0.7121289125 0.2919935578125 0.7431697296875 0.194542003125 0.7450057625000001 0.1865892671875 0.7429858453125 0.182990121875 0.739618846875 0.18116851875 0.7341987609375 0.184094275 0.7090808140625 0.2640939125 0.6640413203125 0.4263259171875 0.6533185234375 0.46046718750000004 0.6505669328125 0.47238563125 0.6430733703125 0.5418007125 0.62377415625 0.633597640625 0.6112898625 0.7123256812500001 0.580562140625 0.8454220734375 0.5841486515625001 0.8504383921875001 0.5879830953125 0.8502793750000001
0 0.6271399515625 0.7519842062500001 0.635913240625 0.76165643125 0.6472201484375 0.7692186984375 0.6531661359375 0.7593402703125001 0.6503753703124999 0.7555519328125 0.6534082859375 0.7477070875 0.6478099578125 0.741923128125 0.6392842203125 0.73995480625 0.6300790921874999 0.742781496875 0.6271399515625 0.7519842062500001
1 0.7539477140625 0.43138470624999997 0.736048325 0.3979566015625 0.7326716578125 0.3961327671875 0.7281577515625 0.3992789578125 0.7274710843750001 0.4022532390625 0.744020640625 0.4332811703125 0.7587556703125 0.4680672640625 0.7607565421875 0.47585032031249996 0.761884403125 0.47506643750000005 0.7650297203124999 0.4778923609375 0.76955329375 0.4747484 0.769791559375 0.46957082968749997 0.7626447875 0.45536716874999994 0.7539477140625 0.43138470624999997
2 0.691265628125 0.267302071875 0.6515885046875 0.27069558437499996 0.64706493125 0.2738395453125 0.6466071546875 0.2758223984375 0.64929469375 0.280631175 0.6520012765625001 0.28125603906249996 0.6898707875000001 0.27744520625 0.7695762140625 0.29793519375 0.7740997859375 0.2947912328125 0.7745575640625 0.2928083796875 0.771870025 0.287999603125 0.691265628125 0.267302071875
0 0.6584670421875 0.642752453125 0.6696850984375 0.6489355328124999 0.67704120625 0.6506338234375 0.6848124265625 0.64343375625 0.676730728125 0.6307659296875 0.6694848703125 0.625061984375 0.6557335890625 0.62636750625 0.6513388203125 0.633010875 0.6584670421875 0.642752453125
0 0.72149780625 0.4068254140625 0.731745659375 0.41368280312500005 0.7388277515625 0.409467675 0.740897596875 0.400502190625 0.7322156234375 0.3921984921875 0.72594243125 0.38580957968749996 0.7137353078124999 0.3874828265625 0.714182284375 0.39613106875000004 0.72149780625 0.4068254140625
1 0.66745413125 0.7033176390625 0.6656465203125 0.70290031875 0.6624893640625 0.7042712 0.6482060171875 0.72503675625 0.6379694203125 0.748825115625 0.6372827531249999 0.7517993984375 0.6399702921875 0.7566081734375001 0.6417682375 0.7570232625 0.6462918109375 0.753879303125 0.6572150734375 0.727116659375 0.6696742265625 0.7101070359375 0.670132003125 0.7081241828125 0.66745413125 0.7033176390625
1 0.7520434796875 0.2300634546875 0.74751990625 0.2332074140625 0.746830778125 0.2361923546875 0.74652125625 0.258084253125 0.7506781734375 0.289383928125 0.7553925453125 0.29361636562500004 0.7599161171875 0.29047240625000004 0.760602784375 0.287498125 0.755988090625 0.2581813046875 0.7565289625 0.23528731875000003 0.7538414234374999 0.23047854218750002 0.7520434796875 0.2300634546875
2 0.5468134015625 0.60536469375 0.5463531625 0.6073582078124999 0.5490431625000001 0.6121563234375 0.64450823125 0.634196171875 0.6834512187499999 0.6463309078125 0.687974790625 0.643186946875 0.6884325687499999 0.6412040921875 0.6857450296875001 0.6363953171875 0.64679958125 0.6242712421875 0.5513345140625 0.6022313953125 0.5468134015625 0.60536469375
1 0.7002867984375001 0.6638156734375 0.6984888515625001 0.6634005859375 0.6738101671875001 0.6346842078125 0.6733689734375 0.632493809375 0.6690933328125 0.6304624296875 0.664569759375 0.6336063890625 0.66545215 0.637987184375 0.6643242890625001 0.63877106875 0.6661318984375 0.6391883875000001 0.7174970593750001 0.7002287203125 0.7217726984375 0.7022600999999999 0.72628660625 0.6991139078125 0.7254066765625 0.6947224515625 0.7265345390625 0.6939385703125 0.72473659375 0.69352348125 0.7002867984375001 0.6638156734375
1 0.7218061078125 0.5788081453125 0.7251827750000001 0.5806319796875 0.7297038859375 0.5774986796875 0.7297132640624999 0.5733125359375 0.69795185625 0.5136652765624999 0.6945751890625 0.5118414421875 0.6900612828125 0.5149876328125 0.6900446984374999 0.519160884375 0.7218061078125 0.5788081453125
1 0.75474150625 0.28823348125 0.7536302296875 0.2848441140625 0.74935705 0.28280207343749997 0.7448334765625 0.2859460328125 0.7457134062499999 0.29033749062499997 0.7445855453125 0.2911213734375 0.7732919359375 0.3270444703125 0.7876048156250001 0.35545625468750003 0.7909814828124999 0.3572800890625 0.7954929265625 0.3541445578125 0.7961820546875 0.3511596171875 0.7836577421875 0.327349065625 0.7834478984375 0.3241565796875 0.75474150625 0.28823348125
1 0.6936867046875 0.56499515 0.691888759375 0.5645800609375 0.685779546875 0.5704907578125 0.6734970734375 0.5990393703125 0.662323415625 0.6309880109375 0.6611765109375 0.6359558062499999 0.66386405 0.6407645828125 0.665671659375 0.6411819015625 0.670185565625 0.6380357109375 0.6822747796875 0.6021213609375 0.6956875765625 0.5727782078125 0.69637424375 0.5698039265625 0.6936867046875 0.56499515
0 0.682814609375 0.5143588765625 0.68857630625 0.524683265625 0.6941650421875 0.532272834375 0.70289480625 0.5315933671875 0.7078634578125 0.5241841953125 0.7087566125 0.518551465625 0.699678315625 0.5101562703125 0.6905858281249999 0.5071588078125 0.682936915625 0.5085369546875 0.682814609375 0.5143588765625