0 0.704130859375 0.24967707187500002 0.7162499999999999 0.25010764218750003 0.718603515625 0.237610334375 0.708046875 0.2298493 0.69748046875 0.2298493 0.688486328125 0.23631862187500002 0.6970898437499999 0.2449300328125 0.704130859375 0.24967707187500002
1 0.72611328125 0.7411948328125 0.749775390625 0.7562325078125001 0.751591796875 0.7562325078125001 0.755234375 0.7522282031249999 0.753408203125 0.74721205625 0.7279296875 0.7301614640625 0.6988183593749999 0.699063509375 0.696083984375 0.699063509375 0.6924511718749999 0.7030785796875 0.693359375 0.7070936484375 0.72611328125 0.7411948328125
1 0.6979101562500001 0.3530462859375 0.6997265625 0.3530462859375 0.703369140625 0.349031215625 0.703369140625 0.2788266953125 0.6997265625 0.274811625 0.6979101562500001 0.274811625 0.6942675781250001 0.2788266953125 0.6942675781250001 0.349031215625 0.6979101562500001 0.3530462859375
2 0.581435546875 0.4653713671875 0.621474609375 0.4653713671875 0.7088281249999999 0.47340150625 0.7151953125 0.47340150625 0.7188378906249999 0.46938643750000003 0.7188378906249999 0.467384284375 0.7151953125 0.4633692140625 0.7079199218750001 0.46236813750000005 0.621474609375 0.45534983906250004 0.581435546875 0.45534983906250004 0.577802734375 0.45935414375 0.577802734375 0.4613670609375 0.581435546875 0.4653713671875
2 0.59873046875 0.70407965625 0.650595703125 0.70508073125 0.700634765625 0.7090958015625 0.7088281249999999 0.7090958015625 0.7124707031249999 0.70508073125 0.7124707031249999 0.7030785796875 0.7088281249999999 0.699063509375 0.6997265625 0.6980624328125 0.650595703125 0.695059203125 0.59873046875 0.6940581265625 0.595087890625 0.6980624328125 0.595087890625 0.70007535 0.59873046875 0.70407965625
2 0.588720703125 0.34803014062500004 0.5923535156249999 0.352045209375 0.59599609375 0.352045209375 0.64513671875 0.34301399374999997 0.7142871093750001 0.3550484390625 0.7179296875000001 0.3550484390625 0.7215625 0.35103336875 0.7215625 0.349031215625 0.7179296875000001 0.34501614687500004 0.63966796875 0.3329817 0.5923535156249999 0.34201291718750004 0.588720703125 0.34602798749999997 0.588720703125 0.34803014062500004
1 0.6942675781250001 0.4653713671875 0.6942675781250001 0.46838536093750005 0.6979101562500001 0.47240043125 0.6997265625 0.47240043125 0.7042773437500001 0.4663832078125 0.716103515625 0.431280946875 0.71974609375 0.40118406875 0.716103515625 0.39717976250000003 0.7142871093750001 0.39717976250000003 0.71064453125 0.40118406875 0.707001953125 0.4292680296875 0.6942675781250001 0.4653713671875
3 0.6478613281250001 0.3871474703125 0.64513671875 0.42224973125 0.64513671875 0.43428417656249996 0.6533203125 0.5024865453125 0.65513671875 0.5947578046875 0.660595703125 0.6729924656249999 0.660595703125 0.8073842843750001 0.665146484375 0.8113993546874999 0.6687890624999999 0.810398278125 0.6715234375 0.8073842843750001 0.6715234375 0.6729924656249999 0.666064453125 0.5947578046875 0.6642382812500001 0.50148546875 0.656962890625 0.4423035515625 0.6560546875 0.42224973125 0.6596875 0.3680839609375 0.6642382812500001 0.247728740625 0.6724316406249999 0.14743810625 0.6724316406249999 0.139407965625 0.669697265625 0.1364047359375 0.666064453125 0.135403659375 0.661513671875 0.139407965625 0.65513671875 0.221657696875 0.6478613281250001 0.3871474703125
0 0.6951367187499999 0.7148331546875 0.70765625 0.7195801937499999 0.711171875 0.708794403125 0.70765625 0.705780409375 0.7088281249999999 0.6975888046875001 0.702177734375 0.6932831 0.693564453125 0.6932831 0.6853613281250001 0.698030140625 0.684580078125 0.7075026906249999 0.6951367187499999 0.7148331546875
1 0.72611328125 0.37611410156249997 0.74794921875 0.406200215625 0.751591796875 0.41321851406250004 0.7525000000000001 0.4122174375 0.756142578125 0.41423035468749997 0.75978515625 0.4102152859375 0.7588671875 0.4051991390625 0.7488671874999999 0.39316469375 0.73521484375 0.37209903125 0.71064453125 0.3440150703125 0.707001953125 0.34301399374999997 0.703369140625 0.3470290640625 0.703369140625 0.3500322921875 0.72611328125 0.37611410156249997
2 0.5978125000000001 0.24672766406250002 0.601455078125 0.250742734375 0.6041894531249999 0.250742734375 0.63966796875 0.2387082890625 0.720654296875 0.24071044062500002 0.7242968750000001 0.236695371875 0.7242968750000001 0.23469321875000002 0.720654296875 0.2306781484375 0.6387597656249999 0.2286759953125 0.601455078125 0.24071044062500002 0.5978125000000001 0.2447255109375 0.5978125000000001 0.24672766406250002
0 0.690439453125 0.595855759375 0.7025683593750001 0.5993003234375001 0.71 0.5993003234375001 0.715859375 0.5906781484375 0.705302734375 0.580322928125 0.6970898437499999 0.5764585578125 0.684189453125 0.5807534984375 0.6814453125 0.588094725 0.690439453125 0.595855759375
0 0.69865234375 0.3557373515625 0.71 0.3600430578125 0.715859375 0.3544348765625 0.715859375 0.34538213125 0.705693359375 0.3393433796875 0.69826171875 0.3346071046875 0.6869238281250001 0.338912809375 0.6892675781250001 0.34710441406250003 0.69865234375 0.3557373515625
1 0.6942675781250001 0.7020775031250001 0.6942675781250001 0.70508073125 0.6979101562500001 0.7090958015625 0.6997265625 0.7090958015625 0.703369140625 0.70508073125 0.7079199218750001 0.677007534375 0.716103515625 0.6579440265625001 0.716103515625 0.6559418734375 0.7124707031249999 0.6519268031250001 0.71064453125 0.6519268031250001 0.7079199218750001 0.6539397203124999 0.6988183593749999 0.677007534375 0.6942675781250001 0.7020775031250001
1 0.689716796875 0.20761033437499998 0.700634765625 0.236695371875 0.70609375 0.239709365625 0.709736328125 0.2356942953125 0.709736328125 0.232691065625 0.6988183593749999 0.20560818125 0.6942675781250001 0.1835414421875 0.690625 0.179526371875 0.6888085937499999 0.179526371875 0.685166015625 0.1835414421875 0.685166015625 0.18655543593749999 0.689716796875 0.20761033437499998
2 0.5787109375 0.590742734375 0.67515625 0.590742734375 0.7151953125 0.593756728125 0.7188378906249999 0.5897416578125 0.7188378906249999 0.5877395046875 0.7151953125 0.583724434375 0.67515625 0.58072120625 0.5787109375 0.58072120625 0.575068359375 0.5847255109375 0.575068359375 0.586738428125 0.5787109375 0.590742734375
1 0.69517578125 0.590742734375 0.697001953125 0.590742734375 0.75978515625 0.6378902046875 0.7643359375000001 0.63889128125 0.76796875 0.6348762109375 0.76615234375 0.630861140625 0.767060546875 0.6298600640625 0.765244140625 0.6298600640625 0.73521484375 0.60679225 0.7333984375 0.60679225 0.703369140625 0.5847255109375 0.7024609374999999 0.5827233578125 0.6979101562500001 0.58172228125 0.6942675781250001 0.5857373515625001 0.696083984375 0.5897416578125 0.69517578125 0.590742734375
1 0.73703125 0.5205382125 0.740673828125 0.5215392890625 0.7443164062500001 0.517534984375 0.7433984375 0.5135199140625 0.6997265625 0.4633692140625 0.696083984375 0.46236813750000005 0.6924511718749999 0.4663832078125 0.693359375 0.47038751406249996 0.73703125 0.5205382125
1 0.69517578125 0.239709365625 0.7306640625 0.2677933265625 0.75068359375 0.2918622171875 0.7543261718750001 0.29286329375000003 0.757958984375 0.2888589875 0.757958984375 0.2858449953125 0.740673828125 0.2657911734375 0.739765625 0.2627771796875 0.7042773437500001 0.23469321875000002 0.7024609374999999 0.2316899890625 0.6979101562500001 0.2306781484375 0.6942675781250001 0.23469321875000002 0.696083984375 0.2387082890625 0.69517578125 0.239709365625
1 0.691533203125 0.583724434375 0.691533203125 0.58874058125 0.69517578125 0.5927556515625 0.697001953125 0.5927556515625 0.700634765625 0.58874058125 0.7042773437500001 0.5516361671875 0.71064453125 0.5205382125 0.71064453125 0.517534984375 0.707001953125 0.5135199140625 0.705185546875 0.5135199140625 0.700634765625 0.5205382125 0.69517578125 0.5506243265624999 0.691533203125 0.583724434375
0 0.6931738281250001 0.4760064578125 0.70021484375 0.482045209375 0.7084374999999999 0.4794617875 0.7115625 0.47125941875 0.711171875 0.46566200156250004 0.70060546875 0.4596232515625 0.6912207031250001 0.458762109375 0.684189453125 0.46177610312499995 0.6853613281250001 0.467384284375 0.6931738281250001 0.4760064578125