0 0.700830078125 0.6228602859375 0.7127343749999999 0.6325522546875 0.721318359375 0.6370077000000001 0.73189453125 0.63031903125 0.727265625 0.6206270625 0.71603515625 0.6116941687499999 0.7061132812500001 0.6116941687499999 0.69951171875 0.6161716171875 0.700830078125 0.6228602859375
1 0.7388574218749999 0.1927062703125 0.757958984375 0.2183278328125 0.7588671875 0.221408140625 0.76341796875 0.22243124375 0.767060546875 0.2183278328125 0.76615234375 0.213212321875 0.7616015625 0.2091089109375 0.7424902343750001 0.183476346875 0.74158203125 0.180407040625 0.716103515625 0.1527282734375 0.711552734375 0.15068206875 0.7079199218750001 0.15478547812500001 0.7088281249999999 0.1588778875 0.7388574218749999 0.1927062703125
2 0.555048828125 0.15580858125 0.55140625 0.15990099062500002 0.55140625 0.1619581953125 0.555048828125 0.1660506046875 0.557783203125 0.1660506046875 0.61146484375 0.15068206875 0.646044921875 0.14555555625 0.7224707031250001 0.1629812984375 0.725205078125 0.1629812984375 0.7288476562499999 0.1588778875 0.7288476562499999 0.15683168281249998 0.725205078125 0.1527282734375 0.650595703125 0.1353025296875 0.64513671875 0.1353025296875 0.610556640625 0.14042904218750002 0.557783203125 0.15478547812500001 0.555048828125 0.15580858125
1 0.71974609375 0.5822222218750001 0.71337890625 0.6211661171875 0.71337890625 0.6252695265625 0.71701171875 0.6293729375 0.7188378906249999 0.6293729375 0.7224707031250001 0.6252695265625 0.7288476562499999 0.5842684265625 0.7461328125 0.5381408140625 0.7461328125 0.5350715078125 0.7424902343750001 0.530968096875 0.740673828125 0.530968096875 0.737939453125 0.5330143015625 0.73521484375 0.539163915625 0.71974609375 0.5822222218750001
1 0.71337890625 0.6273157312500001 0.7388574218749999 0.648844884375 0.776162109375 0.689845984375 0.7798046875 0.6908690875 0.7834375 0.686776678125 0.7825292968750001 0.6826732671875 0.74794921875 0.643718371875 0.745224609375 0.64269526875 0.720654296875 0.6191199125 0.716103515625 0.618096809375 0.7124707031249999 0.6222002203125 0.7142871093750001 0.6262926296875 0.71337890625 0.6273157312500001
0 0.69951171875 0.386094609375 0.710078125 0.39355335468749997 0.724619140625 0.39205720624999996 0.721318359375 0.3808910890625 0.7127343749999999 0.37270627031250003 0.701494140625 0.370473046875 0.695537109375 0.37865786562500003 0.69951171875 0.386094609375
1 0.7188378906249999 0.7636523656249999 0.7242968750000001 0.771848184375 0.731572265625 0.776974696875 0.7525000000000001 0.7964466453125 0.755234375 0.8005500546875 0.75978515625 0.8015731578124999 0.76341796875 0.7974807484374999 0.7616015625 0.7933773375000001 0.7625097656250001 0.7923542359375 0.75978515625 0.7913311328125 0.7343066406250001 0.767755775 0.6924511718749999 0.7195709578125 0.6888085937499999 0.7185478546875 0.685166015625 0.7226512656249999 0.68607421875 0.726754675 0.7188378906249999 0.7636523656249999
1 0.6942675781250001 0.6959956 0.691533203125 0.7195709578125 0.691533203125 0.7257205718749999 0.69517578125 0.7298239828125 0.697001953125 0.7298239828125 0.700634765625 0.7257205718749999 0.703369140625 0.6959956 0.7042773437500001 0.6580748078124999 0.71064453125 0.63756875625 0.71064453125 0.6344994500000001 0.707001953125 0.6303960390625 0.705185546875 0.6303960390625 0.700634765625 0.6365456546875 0.69517578125 0.6560176015625 0.6942675781250001 0.6959956
0 0.700830078125 0.5163916390625001 0.711396484375 0.5208580859375 0.72 0.515654565625 0.727265625 0.5067106703125 0.7127343749999999 0.49852585312500003 0.704130859375 0.49852585312500003 0.694873046875 0.49555555625 0.691572265625 0.505225521875 0.700830078125 0.5163916390625001
1 0.7042773437500001 0.380286028125 0.7042773437500001 0.3833663359375 0.7079199218750001 0.3874587453125 0.709736328125 0.3874587453125 0.71337890625 0.3833663359375 0.725205078125 0.331089109375 0.7333984375 0.3023872390625 0.7333984375 0.29930693124999996 0.729755859375 0.295214521875 0.7279296875 0.295214521875 0.7242968750000001 0.29930693124999996 0.7224707031250001 0.3054565453125 0.7042773437500001 0.380286028125
2 0.5741601562499999 0.276754675 0.5741601562499999 0.27881188125 0.577802734375 0.282904290625 0.58052734375 0.282904290625 0.615107421875 0.272662265625 0.6487695312499999 0.2654785484375 0.68607421875 0.2654785484375 0.720654296875 0.282904290625 0.7224707031250001 0.282904290625 0.72611328125 0.27881188125 0.7242968750000001 0.27368536875 0.6869921875 0.2552365234375 0.6478613281250001 0.2552365234375 0.58052734375 0.2716391640625 0.577802734375 0.272662265625 0.5741601562499999 0.276754675
2 0.58052734375 0.6222002203125 0.5841699218749999 0.6262926296875 0.623291015625 0.6222002203125 0.6687890624999999 0.6222002203125 0.72611328125 0.6314191421875 0.7306640625 0.6314191421875 0.7343066406250001 0.6273157312500001 0.7343066406250001 0.6252695265625 0.7306640625 0.6211661171875 0.669697265625 0.6119471953125 0.6223828124999999 0.6119471953125 0.5841699218749999 0.6160506046875 0.58052734375 0.6201430140624999 0.58052734375 0.6222002203125
0 0.7074316406250001 0.28112211249999997 0.718671875 0.28112211249999997 0.7252832031249999 0.2736743671875 0.7193359375 0.2625082515625 0.704794921875 0.25729372968750003 0.694873046875 0.2610121015625 0.698193359375 0.2744224421875 0.7074316406250001 0.28112211249999997
0 0.681669921875 0.7226292625 0.68958984375 0.73305830625 0.6962011718750001 0.741243125 0.7080957031249999 0.7427392734375 0.7080957031249999 0.7345544546875 0.7080957031249999 0.7218921890625001 0.697529296875 0.7136963703125 0.687607421875 0.7129482953124999 0.6836523437500001 0.7166776671874999 0.681669921875 0.7226292625
2 0.565966796875 0.7123982390625 0.5941796874999999 0.7134213421875 0.6524121093749999 0.7236743671875 0.71337890625 0.7318701875 0.7179296875000001 0.7318701875 0.7215625 0.727777778125 0.7215625 0.7257205718749999 0.7179296875000001 0.7216281625 0.71337890625 0.720594059375 0.6533203125 0.7134213421875 0.6241992187500001 0.7072717265625 0.58689453125 0.7021452140625 0.565966796875 0.7021452140625 0.562333984375 0.706248625 0.562333984375 0.7082948296875 0.565966796875 0.7123982390625
1 0.71064453125 0.277788778125 0.7151953125 0.27881188125 0.78798828125 0.28906490625000003 0.793447265625 0.28906490625000003 0.79708984375 0.284961496875 0.79708984375 0.282904290625 0.793447265625 0.27881188125 0.753408203125 0.2747084703125 0.71064453125 0.267535753125 0.707001953125 0.2716391640625 0.707001953125 0.27368536875 0.71064453125 0.277788778125
0 0.688935546875 0.1508250828125 0.6968652343749999 0.1619911984375 0.7080957031249999 0.16795379531250001 0.71603515625 0.165720571875 0.7259375 0.1597579765625 0.7193359375 0.150088009375 0.7074316406250001 0.14262926250000002 0.694873046875 0.1418921890625 0.688935546875 0.1508250828125
1 0.7433984375 0.5330143015625 0.8025488281250001 0.5545434546875 0.8052734375 0.5545434546875 0.8089160156249999 0.55044004375 0.8089160156249999 0.5483938390625 0.8052734375 0.5442904296875 0.77888671875 0.536094609375 0.747041015625 0.5237953796875 0.7088281249999999 0.5022662265625 0.705185546875 0.5063696375 0.707001953125 0.5114961499999999 0.7433984375 0.5330143015625
1 0.705185546875 0.4510121015625 0.707001953125 0.5084158421875 0.71064453125 0.5125192515625 0.7124707031249999 0.5125192515625 0.716103515625 0.5084158421875 0.7142871093750001 0.44998899843749995 0.707001953125 0.411034103125 0.70609375 0.407964796875 0.7024609374999999 0.40386138593750004 0.700634765625 0.40386138593750004 0.697001953125 0.407964796875 0.697001953125 0.411034103125 0.705185546875 0.4510121015625
1 0.7042773437500001 0.2747084703125 0.70609375 0.2747084703125 0.709736328125 0.27060506093750003 0.709736328125 0.2039823984375 0.7088281249999999 0.1824532453125 0.705185546875 0.17836083593750002 0.703369140625 0.17836083593750002 0.6997265625 0.1824532453125 0.700634765625 0.27060506093750003 0.7042773437500001 0.2747084703125
1 0.700634765625 0.14555555625 0.7024609374999999 0.15478547812500001 0.70609375 0.1588778875 0.7079199218750001 0.1588778875 0.711552734375 0.15478547812500001 0.711552734375 0.15068206875 0.7042773437500001 0.106600659375 0.700634765625 0.08712871250000001 0.697001953125 0.083025303125 0.69517578125 0.083025303125 0.691533203125 0.08712871250000001 0.691533203125 0.0901980203125 0.700634765625 0.14555555625
3 0.641494140625 0.34953795312499997 0.649677734375 0.4315401546875 0.6487695312499999 0.5699229921875 0.6533203125 0.7544224421875 0.6542285156250001 0.771848184375 0.656962890625 0.7749284921874999 0.660595703125 0.7759515953125 0.665146484375 0.771848184375 0.660595703125 0.63756875625 0.660595703125 0.4305170515625 0.6524121093749999 0.3485148515625 0.65150390625 0.23781078125000002 0.65150390625 0.19680968125 0.6578710937500001 0.106600659375 0.65513671875 0.10353135312499999 0.65150390625 0.10250825156250001 0.646953125 0.106600659375 0.6405859375 0.19680968125 0.641494140625 0.34953795312499997
1 0.71701171875 0.39360836093749996 0.7188378906249999 0.39360836093749996 0.7388574218749999 0.4100110015625 0.75068359375 0.423344334375 0.755234375 0.42436743750000006 0.7588671875 0.4202640265625 0.757958984375 0.41513751406250005 0.755234375 0.4141144109375 0.7433984375 0.4007920796875 0.73521484375 0.3956655671875 0.7242968750000001 0.385412540625 0.71974609375 0.3843894390625 0.716103515625 0.38849285 0.7179296875000001 0.39258525781250003 0.71701171875 0.39360836093749996
2 0.565966796875 0.50943894375 0.562333984375 0.5135423546875 0.562333984375 0.515588559375 0.565966796875 0.51969196875 0.568701171875 0.51969196875 0.6078222656250001 0.5104620468750001 0.643310546875 0.505346534375 0.720654296875 0.5135423546875 0.72611328125 0.5135423546875 0.729755859375 0.50943894375 0.729755859375 0.5073927390625 0.72611328125 0.5032893296875 0.6424023437499999 0.495093509375 0.61328125 0.49919692031249996 0.569609375 0.5084158421875 0.565966796875 0.50943894375
2 0.5632421875 0.3690099015625 0.559599609375 0.3731133109375 0.559599609375 0.375159515625 0.5632421875 0.3792629265625 0.566875 0.3792629265625 0.603271484375 0.372090209375 0.650595703125 0.3690099015625 0.6742480468750001 0.372090209375 0.7242968750000001 0.39668866875000003 0.72611328125 0.39668866875000003 0.729755859375 0.39258525781250003 0.7279296875 0.3874587453125 0.6778906250000001 0.36286028593749997 0.65150390625 0.358756875 0.6405859375 0.358756875 0.6023632812499999 0.361837184375 0.566875 0.3679867984375 0.5632421875 0.3690099015625