0 0.6856828921875 0.6554506796874999 0.6965515109375 0.66675839375 0.7047040046874999 0.6723441296875 0.71626436875 0.6668808 0.712775459375 0.6564791999999999 0.7024958484375 0.646024909375 0.6924317078125 0.6447891890624999 0.6851781765625 0.64850594375 0.6856828921875 0.6554506796874999
1 0.782091790625 0.21199564531249998 0.7596931546875 0.180763475 0.7553318140624999 0.1781223875 0.7511361562500001 0.1818297109375 0.7515479953125 0.18609144375 0.7777972171875 0.224124471875 0.793983525 0.2524769609375 0.7945213421874999 0.25571269218750003 0.799010028125 0.25731662499999997 0.803215590625 0.2536105171875 0.8029310984375 0.2483116296875 0.7988258218750001 0.2435850796875 0.782630975 0.21522022343749997 0.782091790625 0.21199564531249998
2 0.767649015625 0.192290884375 0.7718545781249999 0.18858477812500002 0.772109271875 0.18651046875 0.7689252203125 0.1818970296875 0.695415053125 0.15493970625 0.6898777953125 0.15425981718749998 0.654163784375 0.15514996406249998 0.5988466890625 0.16313091562499998 0.5959457609375 0.16382751874999998 0.5917415671875 0.167522471875 0.5914855046875 0.169607934375 0.5946709265625 0.17421021875 0.5974445078125 0.174550771875 0.6538088046875 0.1656569296875 0.689522815625 0.16476678281249998 0.7648754328125 0.19195033125 0.767649015625 0.192290884375
1 0.742562365625 0.5720983265624999 0.7393783125 0.5674848890625 0.7375358640624999 0.5672586640625 0.7345075875 0.568992421875 0.7309784609375 0.5748871656250001 0.7099284 0.616610334375 0.698622528125 0.6552961359375 0.6981117718750001 0.6594559078125 0.70128591875 0.664068128125 0.7031382749999999 0.66429556875 0.7073339328125 0.6605882453125 0.718905771875 0.6198182 0.7421803265625 0.575209790625 0.742562365625 0.5720983265624999
1 0.70625693125 0.654127940625 0.7017682453125 0.6525240078125 0.6975725875000001 0.6562313296875 0.6989056515625001 0.6606061750000001 0.6978570796875 0.6615302171875 0.7210211656250001 0.6865283046874999 0.7537572984375001 0.7327386859375 0.757324759375 0.7342295062499999 0.7615190468749999 0.7305333359375 0.761108578125 0.7262604515625 0.730881428125 0.6824637171875 0.7282450984375 0.681087225 0.70625693125 0.654127940625
0 0.7236056171875 0.4241459390625 0.7385413578125 0.4244402515625 0.7365831078125 0.4127096703125 0.7288948125 0.40334333593749994 0.7177713812500001 0.399679521875 0.7107101609375001 0.40723484218749995 0.7138161015625 0.4152687515625 0.7236056171875 0.4241459390625
1 0.727149890625 0.834954590625 0.7245135609375 0.8335780984375001 0.7016041671875 0.8065057 0.6651461671875001 0.7524461515625 0.66157870625 0.7509553312499999 0.6573731421875 0.7546614390624999 0.6577836109375 0.7589343234375 0.6864243734375 0.8004193703125001 0.690941490625 0.809407653125 0.697683096875 0.81551069375 0.7164872124999999 0.8378565421875 0.7187500390625 0.8423568671874999 0.7232387250000001 0.8439608 0.7274330140624999 0.840264628125 0.72610131875 0.8358786328125 0.727149890625 0.834954590625
1 0.6938072921875 0.67158351875 0.6941893328125001 0.6684720546875 0.69100528125 0.6638586156249999 0.6891628296875 0.663632390625 0.6837813484375 0.669299696875 0.6758203953125 0.6883592078125 0.6699230671875 0.728773203125 0.6642150359375 0.7523318234375 0.6634495874999999 0.7585659062500001 0.6666336390625001 0.76317934375 0.6684859953125 0.763406784375 0.672681653125 0.7596994609375 0.6791551328125001 0.7299067578125 0.6847963984375001 0.691578225 0.6938072921875 0.67158351875
0 0.6989351562499999 0.54751965 0.7090971265625 0.5533634375 0.7184716921875001 0.549159971875 0.726954753125 0.540998128125 0.7132339171875001 0.5308910921875001 0.704507040625 0.5298195671875 0.6954862 0.52565545625 0.6909344578125001 0.5350471484375 0.6989351562499999 0.54751965
1 0.755805840625 0.32690715312499996 0.753953484375 0.3266797125 0.7497591953125 0.33037588281249997 0.747141390625 0.336382525 0.719373059375 0.409973921875 0.7189896499999999 0.4130965390625 0.722175071875 0.417698825 0.724017521875 0.4179250484375 0.7282217156249999 0.41423009375 0.746724459375 0.3627077140625 0.758607853125 0.33463205625 0.7589912625 0.3315094390625 0.755805840625 0.32690715312499996
2 0.7499484921875 0.31352050625 0.7541526859375 0.3098255515625 0.7529483375 0.3044024015625 0.7174051015625 0.2810540375 0.6777131609375 0.27618048125 0.60737205 0.2844222984375 0.6044810265625 0.285120115625 0.6002768328125 0.2888150703125 0.6000207703125 0.2909005328125 0.603206190625 0.2955028171875 0.6059698671875 0.29584215468749997 0.642320609375 0.2897662328125 0.6773595515624999 0.2866762953125 0.7151991343749999 0.2913224125 0.7481060421875 0.31329428125000003 0.7499484921875 0.31352050625
2 0.716155528125 0.6574489171875 0.65546204375 0.6405102546875 0.6074691671875 0.6346174703125 0.568197603125 0.6340180125 0.563993409375 0.6377129671875 0.563737346875 0.6397984296875 0.56692276875 0.6444007140625 0.6071141890625 0.6451244359375 0.6532646125 0.6507909953125 0.710263290625 0.6672759921875 0.7148793234374999 0.6678427703125001 0.7190848875 0.6641366640624999 0.7193395796875001 0.6620623546875 0.716155528125 0.6574489171875
0 0.7463170234375001 0.311240725 0.753950178125 0.304514090625 0.7493074953125001 0.2924539015625 0.7352070390625001 0.28535674375000003 0.7246800703125 0.2878904671875 0.726378790625 0.3018985328125 0.734915621875 0.30984080937499997 0.7463170234375001 0.311240725
0 0.6565813078125 0.7484172703125 0.6538296578125 0.7542037140625 0.6605650265625 0.7657623890624999 0.666252378125 0.7748830390625 0.6781312328125 0.77788114375 0.67915000625 0.7695839046875 0.6807260921875 0.7567477171875 0.6710283203125 0.74712333125 0.66105729375 0.7451292609375 0.6565813078125 0.7484172703125
2 0.6862466281249999 0.756089753125 0.626219675 0.7413385124999999 0.597446475 0.731477540625 0.56024499375 0.7216344984374999 0.539017184375 0.71902805 0.534821528125 0.7227353734374999 0.534566834375 0.7248096828125 0.5377409796875 0.729421903125 0.5662310578125 0.7339728359375 0.6240222453125 0.7516192546875 0.6848430765625 0.7675207640624999 0.689459109375 0.7680875406250001 0.6936533984375 0.7643913703125 0.6939094609375001 0.762305909375 0.6907339453125 0.757704840625 0.6862466281249999 0.756089753125
1 0.7398656890625 0.2964679859375 0.735660125 0.30017409375000004 0.7354054328124999 0.302248403125 0.738589484375 0.306861840625 0.7430781703125 0.308465771875 0.8156386812499999 0.3279256359375 0.8211759390625 0.32860552656249997 0.8253815046874999 0.3248994203125 0.8256375671875 0.32281395625 0.8224521453125 0.31821167031250003 0.7823497359375 0.3090652296875 0.7398656890625 0.2964679859375
0 0.732372528125 0.1754505078125 0.7390260578125 0.187757596875 0.7496753843749999 0.1952007921875 0.7580066484375 0.193925715625 0.76879315 0.18911450937500002 0.7633005609375 0.1784895296875 0.752153971875 0.1694457125 0.73950705 0.167134403125 0.732372528125 0.1754505078125
1 0.7088060890625 0.5341963359374999 0.7046005265625 0.5379024453125 0.705804875 0.5433255953125 0.7400448453124999 0.5696723109375 0.7973636140625 0.5988640671875001 0.800127290625 0.599203403125 0.8043328531249999 0.595497296875 0.8045875468749999 0.5934229875 0.8014034953125 0.5888095484375 0.7756585703125001 0.5772148203125 0.74488714375 0.560780428125 0.7088060890625 0.5341963359374999
1 0.714596159375 0.4336468703125 0.712743803125 0.4334194296875 0.7085481453125 0.437126753125 0.7081661046875001 0.4402382171875 0.7114909375 0.48178455312499996 0.706188284375 0.5402029796875001 0.7093723359374999 0.5448164156249999 0.7112246921875001 0.54504385625 0.71542035 0.541336534375 0.7208503484375 0.481880953125 0.718309490625 0.44148366875 0.7177703046875 0.4382590921875 0.714596159375 0.4336468703125
1 0.7293303578125 0.298332784375 0.732514409375 0.3029462203125 0.734356859375 0.3031724453125 0.7385624234375 0.2994663390625 0.746855015625 0.2319285921875 0.7486135468749999 0.20999061718749998 0.745428125 0.20538833125 0.7435856750000001 0.20516210781250002 0.7393814812499999 0.2088570609375 0.7293303578125 0.298332784375
1 0.7489937046875 0.1077241046875 0.7471413484375 0.1074966640625 0.7429357859375 0.1112027703125 0.7425537453125 0.11431423593750001 0.7448954 0.17156568125 0.7455988984374999 0.181149821875 0.7487744140625 0.185750890625 0.7506267703125 0.18597833125000002 0.754821059375 0.1822821609375 0.7553318140624999 0.1781223875 0.7534389640625 0.13252939218749998 0.7521678515625 0.11233632499999999 0.7489937046875 0.1077241046875
3 0.643040834375 0.66535018125 0.6688127781250001 0.45545454999999996 0.67071874375 0.3713067953125 0.68357696875 0.2589690546875 0.68868041875 0.21740479218750003 0.7063673140625 0.1267497203125 0.7039757718749999 0.1232977015625 0.7004182171875 0.1218080984375 0.6952927984375 0.125389940625 0.6776059015625 0.21604501250000002 0.6595168796875 0.370984171875 0.6576109140625 0.455131925 0.6394650328125 0.5953023875000001 0.621116225 0.7829027765625 0.61986845 0.80068098125 0.6222586234375 0.80414415 0.625816178125 0.8056337546875 0.6309429671875 0.8020407609375001 0.643040834375 0.66535018125
1 0.756502684375 0.435633971875 0.7488398515625 0.42941781875 0.7390415390625 0.41766418437499997 0.7345528531250001 0.41606025156250004 0.7303472906249999 0.4197663578125 0.7316902609375 0.42414241874999997 0.7306317828125 0.425065246875 0.7324841390625 0.4252926875 0.75074906875 0.44441395625 0.761085196875 0.4594033203125 0.7655738828125 0.461007253125 0.769769540625 0.45729992968750005 0.76948641875 0.45198989218749996 0.7668500890625001 0.45061339843750003 0.756502684375 0.435633971875
2 0.7249355390625001 0.547780128125 0.7291411015625 0.544074021875 0.7293957953125 0.5419997125 0.72621174375 0.537386275 0.642320653125 0.51865209375 0.612271246875 0.519184975 0.5668256921875 0.5230914046875 0.5630035359375001 0.52367489375 0.5588078796875 0.5273822171875 0.5585531859375 0.5294565265625 0.56172733125 0.5340687468749999 0.5645009140624999 0.5344093 0.6053318062499999 0.5299249421875001 0.6419656734375 0.5291590609375 0.7193982796875 0.5471002390625 0.7249355390625001 0.547780128125
2 0.7376379875 0.42909519375 0.7394804390624999 0.42932141875 0.743686003125 0.4256153109375 0.7424717484375 0.4201909421875 0.6947769921875 0.38902249375000003 0.66852268125 0.3815763859375 0.657448165625 0.38021660625 0.618294040625 0.3785787765625 0.5815314578125 0.38039296718750004 0.5777192109375 0.3809776734375 0.5735136468750001 0.38468378125 0.5732589531250001 0.386758090625 0.57644300625 0.391371528125 0.58012790625 0.3918239765625 0.6179390609375 0.38908574375 0.6663252515625 0.3918571265625 0.6899333265625 0.397925528125 0.7376379875 0.42909519375