1 0.7967904 0.676380315625 0.7947856125 0.6759174734375 0.7912608343749999 0.6774159890625 0.7728983687500001 0.7019750218749999 0.7464974437499999 0.7292904124999999 0.7459933359375001 0.731473940625 0.7489919875 0.7367784203125 0.7545188421875 0.7357544859375 0.7655896140625 0.72448618125 0.7781588187499999 0.71125154375 0.799295721875 0.6838708109375 0.7997998296875 0.68168728125 0.7967904 0.676380315625
0 0.763105434375 0.5384483828125 0.770835434375 0.551534703125 0.7795865562500001 0.5585752953124999 0.7934593578125 0.5567578484375 0.7956595015625 0.5455560328125 0.7877350078124999 0.5349349265625001 0.7776221109375 0.5304981125 0.763576171875 0.5264268890625 0.763105434375 0.5384483828125
1 0.84131026875 0.6209874390625 0.8087142187499999 0.5789015656250001 0.7859030828125 0.5448368593749999 0.7831457078125 0.5384381281249999 0.7783884999999999 0.5361775203125 0.7733572234375 0.53962814375 0.7730966390625 0.5453301234375 0.77586254375 0.5471186390625 0.7868875531249999 0.56348815625 0.80141756875 0.587591328125 0.8147129078124999 0.6033226734375 0.831258490625 0.627891175 0.836029184375 0.63014253125 0.8410496843749999 0.6266894203125 0.8400558218749999 0.62184778125 0.84131026875 0.6209874390625
2 0.7221502265625 0.5139818859374999 0.6470826109375001 0.4955012046875 0.6207252015625 0.4905660734375 0.6156939218749999 0.494016696875 0.6151898140625 0.49620022500000005 0.61819924375 0.5015071921875001 0.7196242703125 0.5249230046875 0.79091148125 0.5552051453125 0.794931834375 0.5561333171875 0.7999631140625 0.5526826953125 0.8004672203125001 0.550499165625 0.797457790625 0.5451921984375 0.7221502265625 0.5139818859374999
0 0.8112202703125 0.2834223109375 0.8099352296875001 0.295676221875 0.819316940625 0.3049520984375 0.8294421609375 0.3060408140625 0.8397547703124999 0.299630075 0.837853771875 0.2895711390625 0.8289210625000001 0.28331708906249997 0.8177987859375 0.27990848125 0.8112202703125 0.2834223109375
1 0.8539678765625001 0.3462511390625 0.8424508640624999 0.31824375312500003 0.8314379593749999 0.2880528375 0.8319447765625 0.28585756875 0.8306876171875001 0.286729653125 0.8271740796874999 0.2836062125 0.8221428015625 0.2870568359375 0.8218822187500001 0.292758815625 0.8236457296875 0.2943159109375 0.83415181875 0.32670209375 0.8394122703125 0.33597861562500003 0.8464191718749999 0.356032665625 0.8476763296875 0.3551605828125 0.8511898671875 0.35828402187499997 0.8562103671875001 0.35483091093749997 0.8564709515625 0.3491289296875 0.8539678765625001 0.3462511390625
1 0.8165765125 0.12331894531250001 0.817318321875 0.129252346875 0.8391557671875001 0.1446682453125 0.865738778125 0.17154170625 0.8677435656249999 0.172004546875 0.87277484375 0.1685539234375 0.872033034375 0.162620521875 0.8524690296875 0.14197971250000002 0.8246122625 0.1205743234375 0.8216050812500001 0.1198800609375 0.8165765125 0.12331894531250001
0 0.7921937390625 0.40247058124999996 0.787804990625 0.411497828125 0.7893373968749999 0.423153321875 0.7958083484375 0.4300879078125 0.8045610156249999 0.43377790781250003 0.815328565625 0.4320843859375 0.8168885078124999 0.4219836453125 0.8138886921875 0.4133403171875 0.8044175421875 0.40445184218749997 0.7921937390625 0.40247058124999996
1 0.8306212203125 0.3327990875 0.82560343125 0.336240459375 0.8089681078125001 0.37618474687500003 0.797618365625 0.41619935 0.8006305046875 0.4214945796875 0.8026352921875001 0.4219574203125 0.8076638609375 0.4185185359375 0.81876155 0.37959569531250004 0.8346272234375001 0.3429359515625 0.8356381484375 0.33855715625 0.8326367875 0.3332644171875 0.8306212203125 0.3327990875
0 0.8699440218750001 0.160555503125 0.8610870828125 0.1689715984375 0.8617145796875001 0.1779080625 0.870821390625 0.18503076875 0.87811896875 0.18838483749999999 0.8865163296875 0.1853032875 0.8918207625000001 0.178997559375 0.8898168375 0.169335275 0.8818919609375 0.16540360468749998 0.8699440218750001 0.160555503125
2 0.8397078390624999 0.3026363265625 0.8447283390625 0.299183215625 0.845232446875 0.29699968593750004 0.8404702828125 0.2901381140625 0.802578796875 0.2664160265625 0.7599072234375 0.25425224218750003 0.7169615796875 0.2477996890625 0.6652348 0.2473695390625 0.660203521875 0.2508201625 0.6596994140625 0.253003690625 0.66270884375 0.2583106578125 0.6657160249999999 0.2590049203125 0.7144383328125 0.25872906875 0.772438734375 0.2686696515625 0.7980507625000001 0.276882565625 0.8366898781250001 0.301939575 0.8397078390624999 0.3026363265625
1 0.8030590656250001 0.6812897812500001 0.7922888203125 0.6638167609375001 0.7912814671875 0.658984375 0.7787499578125 0.6445669656249999 0.7649590421875 0.626408934375 0.7637023468749999 0.622656571875 0.7589424296875 0.6204077031249999 0.753911153125 0.6238583281250001 0.7549077265624999 0.628688225 0.75365056875 0.6295603078124999 0.779983771875 0.6621382375 0.7920053546875 0.6833376531249999 0.799773375 0.704717375 0.8010278234375001 0.70385703125 0.8045305828125 0.7069779828125 0.8095618609375 0.7035273578125001 0.8103207328125 0.7002403265625 0.8030590656250001 0.6812897812500001
1 0.8168832265624999 0.47939363124999995 0.8108410234375001 0.48722305 0.7758661171875 0.5379074578124999 0.7736007453125 0.543146596875 0.7766128859375 0.5484418234375 0.782139740625 0.5474178890625 0.8231433625 0.4889133125 0.825408734375 0.48367417343749997 0.8224100828124999 0.4783696953125 0.8203945156250001 0.477904365625 0.8168832265624999 0.47939363124999995
0 0.7313048390625 0.7261044171875 0.7277288484375 0.738249834375 0.7315500734375 0.7516949859375 0.7388347468750001 0.75672773125 0.74614406875 0.755064275 0.747886178125 0.7458464171875 0.7551980078125 0.7358123625 0.7529203484375 0.7273357578125 0.7417974890625 0.7222577265625 0.7313048390625 0.7261044171875
1 0.8051612499999999 0.4110163015625 0.8001299703125 0.41446692343749997 0.800882559375 0.42040281406249996 0.839009034375 0.45225356874999995 0.8789160875 0.4764409875 0.8819232687499999 0.47713525 0.886954546875 0.473684625 0.8874586546875 0.47150109687499997 0.884449225 0.466194128125 0.8453032921875 0.4433323859375 0.809929234375 0.413279396875 0.8051612499999999 0.4110163015625
1 0.8953253953125 0.20832061093749998 0.8808047734375 0.17040777812500002 0.8813088812500001 0.1682242515625 0.880054434375 0.16908459375 0.8765489656250001 0.1659753828125 0.871520396875 0.1694142671875 0.8712598125 0.175116246875 0.8770158390624999 0.186819459375 0.8875304578125001 0.2145954234375 0.8870263515625 0.2167789515625 0.8897922578124999 0.21856746718750003 0.905075325 0.2439820859375 0.908093284375 0.24467883750000002 0.9131218531249999 0.24123995312500002 0.9131196062500001 0.236627246875 0.8953253953125 0.20832061093749998
2 0.9028799203125001 0.1939406078125 0.9058978812499999 0.1946373578125 0.9109183828124999 0.1911842453125 0.9114224906249999 0.18900071875 0.9084238375 0.18369623906250002 0.8627436984375001 0.15702604375 0.8067709656250001 0.1337293953125 0.7826703968750001 0.1281653390625 0.7583069953125 0.123690559375 0.7083360609375 0.120228278125 0.703061259375 0.1201604484375 0.6980326906250001 0.12359933281249999 0.6975258734375 0.1257946015625 0.7005380125 0.131089828125 0.7045583671875 0.132018 0.7557810390624999 0.1346316796875 0.8032426140625001 0.1444390921875 0.859218059375 0.167724003125 0.9028799203125001 0.1939406078125
2 0.7726113296875 0.73070709375 0.6922689140625 0.7121585859375 0.670668709375 0.7094840609374999 0.6194496109375 0.6976592 0.61443181875 0.701100571875 0.6139250015625 0.7032958390624999 0.6169263640625 0.7085885796875 0.6681454640625 0.720413440625 0.6897429578125001 0.7230997046875001 0.7700853734375 0.7416482125 0.775116653125 0.7381975890625 0.7756207609375 0.7360140609375 0.7726113296875 0.73070709375
2 0.8322627171875 0.42649754062499995 0.8292640656250001 0.4211930609375 0.792114390625 0.40340437500000004 0.7594833578125 0.3889588109375 0.7303600390625 0.3822351625 0.6356911875 0.366141278125 0.6306733953125 0.36958265 0.630166578125 0.37177791875 0.633167940625 0.377070659375 0.6422110437499999 0.3791584234375 0.6934359640625 0.38638480625 0.7559577171874999 0.3996567703125 0.82372015 0.431437428125 0.826738109375 0.4321341796875 0.831758609375 0.42868106875 0.8322627171875 0.42649754062499995
1 0.7695768171874999 0.5514296062499999 0.7645455390625 0.5548802296875001 0.7549570609375 0.591839221875 0.7536590984375 0.624950090625 0.7566685265624999 0.630257059375 0.7586733156250001 0.6307199015625 0.7637045953125 0.6272692765625 0.7644634671875 0.6239822453125 0.7650025578124999 0.5941584078125 0.7745910359375 0.557199415625 0.77158160625 0.5518924484375 0.7695768171874999 0.5514296062499999
2 0.7795267531250001 0.6228600578125 0.7514058296874999 0.61636783125 0.6198384921875 0.5905929390625 0.6085358390625 0.5891458359375 0.6035180484375 0.592587209375 0.60301123125 0.5947824765624999 0.6060125921874999 0.600075215625 0.6160580890625 0.6023944015625 0.6549806703125001 0.607930521875 0.77700350625 0.6337894375 0.7820320749999999 0.6303505546875 0.7825388921875 0.6281552859375 0.7795267531250001 0.6228600578125
0 0.7600897437499999 0.61474969375 0.7476024015625 0.612287178125 0.7376497359374999 0.6154177062499999 0.736637265625 0.6231470906250001 0.745926828125 0.6328221078125 0.755859303125 0.641384309375 0.7654343421875 0.644856121875 0.7752069640625 0.6391615453124999 0.7790449484375 0.6308479734375 0.77157906875 0.61991233125 0.7600897437499999 0.61474969375
3 0.6965798796875 0.6751435015625 0.7240993953125 0.5605166500000001 0.743096515625 0.437022515625 0.7640926015625 0.31858970000000003 0.8208695546874999 0.1047237375 0.825666703125 0.083945003125 0.8234076140625 0.0799612203125 0.8196500921875 0.0779437734375 0.8136164171875 0.081162975 0.7517902624999999 0.3168994375 0.730794175 0.4353322515625 0.7117970578125 0.5588263859375 0.6842775421875 0.6734532390625 0.6657724265625 0.80858524375 0.6680342265625 0.8125572875 0.6717890375 0.8145864749999999 0.6778227109375 0.8113672718749999 0.6795897953125001 0.8037131828125 0.6965798796875 0.6751435015625
1 0.737462871875 0.7225924328125 0.73545808125 0.722129590625 0.7304268046875 0.7255802140625 0.7296679328125 0.7288672468749999 0.734122425 0.78289250625 0.729033278125 0.82780235 0.7320454187500001 0.8330975765625 0.7340609859375 0.8335629062500001 0.7390787750000001 0.830121534375 0.740341753125 0.824650975 0.744663959375 0.7830139375 0.7409705875 0.7303143484375 0.737462871875 0.7225924328125
1 0.8203900671875 0.2855022296875 0.8198859593750001 0.287685759375 0.8228953890625 0.292992725 0.828414178125 0.2919545640625 0.8701703859375 0.23938587656250002 0.87067449375 0.23720234843750002 0.8676758437500001 0.23189786875 0.8656602765624999 0.2314325390625 0.8593745500000001 0.23574350625 0.8203900671875 0.2855022296875