1 0.562333984375 0.43935553125000004 0.566875 0.44035445781250004 0.570517578125 0.4363587546875 0.568701171875 0.432352309375 0.569609375 0.4313533828125 0.56779296875 0.4313533828125 0.539580078125 0.41033297500000004 0.5341210937499999 0.4083351234375 0.530478515625 0.4123308265625 0.5323046875 0.417336196875 0.562333984375 0.43935553125000004
2 0.55869140625 0.5584532765625 0.562333984375 0.5624597203125 0.5723339843749999 0.5624597203125 0.646953125 0.55745435 0.70154296875 0.55745435 0.705185546875 0.55344790625 0.705185546875 0.5514500531250001 0.70154296875 0.5474436093749999 0.646044921875 0.5474436093749999 0.562333984375 0.5524489796875 0.55869140625 0.556455425 0.55869140625 0.5584532765625
2 0.5641503906249999 0.6515252421875 0.6587792968749999 0.652534909375 0.69517578125 0.6565306125 0.70154296875 0.6565306125 0.705185546875 0.652534909375 0.705185546875 0.650526315625 0.70154296875 0.646519871875 0.6587792968749999 0.6425241671874999 0.5641503906249999 0.6415252421875001 0.5605078125 0.6455209453124999 0.5605078125 0.6475295375 0.5641503906249999 0.6515252421875
2 0.562333984375 0.3222663796875 0.55869140625 0.32626208437500004 0.55869140625 0.3282706765625 0.562333984375 0.3322663796875 0.56505859375 0.3322663796875 0.6178320312500001 0.3182599359375 0.6560546875 0.31425349062499996 0.661513671875 0.31425349062499996 0.689716796875 0.3222663796875 0.6924511718749999 0.3222663796875 0.696083984375 0.3182599359375 0.696083984375 0.3162513421875 0.689716796875 0.3112567125 0.6624218749999999 0.30424275 0.6560546875 0.30424275 0.616923828125 0.30824919375 0.600546875 0.3122556390625 0.562333984375 0.3222663796875
0 0.58109375 0.73979591875 0.58408203125 0.7505800218750001 0.5895312500000001 0.7571643390625 0.599873046875 0.7571643390625 0.607763671875 0.75267454375 0.6140234375 0.7451987109375 0.6145703124999999 0.734715359375 0.6083105468750001 0.7329108484375 0.5982324218749999 0.7308270671875 0.5887109374999999 0.732610096875 0.58109375 0.73979591875
1 0.541396484375 0.60149301875 0.550498046875 0.6154994625 0.55869140625 0.6235016109375 0.577802734375 0.6475295375 0.58052734375 0.650526315625 0.5841699218749999 0.6515252421875 0.5878027343750001 0.6475295375 0.58689453125 0.64352309375 0.559599609375 0.61149301875 0.557783203125 0.6074973140625 0.5541406249999999 0.6044897953125 0.53685546875 0.5814715359375 0.5359375 0.5784747578125 0.535029296875 0.579473684375 0.531396484375 0.577465090625 0.52775390625 0.5814715359375 0.528662109375 0.5864769062499999 0.541396484375 0.60149301875
0 0.5819140625 0.1983243828125 0.582998046875 0.20520945156249998 0.5957910156249999 0.20700322187500003 0.60205078125 0.20251342656250002 0.609130859375 0.2046079484375 0.61375 0.2010096671875 0.613203125 0.19352309375 0.609404296875 0.189344790625 0.597421875 0.189344790625 0.587900390625 0.192040815625 0.5819140625 0.1983243828125
0 0.5712890625 0.5434371640625 0.563671875 0.553920515625 0.5647656249999999 0.5605048328125 0.575927734375 0.5623093453125 0.5846289062500001 0.5605048328125 0.59251953125 0.564103115625 0.599873046875 0.56588614375 0.611572265625 0.5638023624999999 0.61673828125 0.55750805625 0.6151171875 0.5536197640625 0.610478515625 0.549140709375 0.604765625 0.5458431796875 0.59388671875 0.5431364125 0.581640625 0.5407518796875 0.5712890625 0.5434371640625
1 0.5168359375 0.66053705625 0.52046875 0.6645435015625 0.523203125 0.6645435015625 0.55869140625 0.650526315625 0.56779296875 0.6515252421875 0.57142578125 0.6475295375 0.57142578125 0.6455209453124999 0.56779296875 0.6415252421875001 0.556865234375 0.640515575 0.522294921875 0.653533834375 0.5168359375 0.6585392046874999 0.5168359375 0.66053705625
1 0.561416015625 0.2321911921875 0.5541406249999999 0.23919441406250003 0.55140625 0.2451987109375 0.545947265625 0.2512030078125 0.5450390625 0.256208378125 0.548681640625 0.2602148234375 0.55232421875 0.2582062296875 0.553232421875 0.25920515625 0.562333984375 0.24419978593749997 0.5787109375 0.2261868953125 0.58962890625 0.21017185781249997 0.599638671875 0.199162190625 0.600546875 0.19415682031249998 0.596904296875 0.1901503765625 0.595087890625 0.1901503765625 0.5923535156249999 0.1911600421875 0.581435546875 0.20716433906249998 0.561416015625 0.2321911921875
0 0.5819140625 0.6326423203125 0.5753808593749999 0.632040815625 0.5712890625 0.639527390625 0.5650292968749999 0.643727175 0.5658496093750001 0.650010740625 0.573740234375 0.652996778125 0.585986328125 0.6506122453125001 0.59279296875 0.6544897953125 0.596875 0.6568958109375 0.604765625 0.6538990328125001 0.6085839843749999 0.6512030078125 0.610205078125 0.6455102046875 0.6028710937499999 0.641321159375 0.596064453125 0.6416219125 0.5895312500000001 0.6371321156249999 0.5819140625 0.6326423203125
1 0.6096484375 0.7766272828125 0.6187402343749999 0.8306766921875001 0.6223828124999999 0.8346723953125 0.6241992187500001 0.8346723953125 0.6278417968750001 0.8306766921875001 0.6278417968750001 0.8266702468749999 0.6187402343749999 0.77462943125 0.60509765625 0.745606875 0.603271484375 0.7425993562500001 0.59873046875 0.740601503125 0.595087890625 0.7446079484375 0.595087890625 0.7466058 0.6096484375 0.7766272828125
1 0.585986328125 0.1911600421875 0.585078125 0.196154671875 0.588720703125 0.20016111718750002 0.5923535156249999 0.198163265625 0.593271484375 0.199162190625 0.596904296875 0.19215896875 0.61146484375 0.1731364125 0.62966796875 0.1591299671875 0.6287499999999999 0.15813104218750001 0.630576171875 0.154124596875 0.62693359375 0.15011815312500001 0.6241992187500001 0.15011815312500001 0.6023632812499999 0.1681417828125 0.5923535156249999 0.18414607968750002 0.585986328125 0.1911600421875
1 0.579619140625 0.5174221265625001 0.58326171875 0.5524489796875 0.5841699218749999 0.55745435 0.5878027343750001 0.5614607953124999 0.58962890625 0.5614607953124999 0.593271484375 0.55745435 0.593271484375 0.5524489796875 0.588720703125 0.5164232015625 0.58326171875 0.490397421875 0.579619140625 0.48639097812500004 0.577802734375 0.48639097812500004 0.5741601562499999 0.490397421875 0.5741601562499999 0.49340494062499995 0.579619140625 0.5174221265625001
2 0.575068359375 0.1971643390625 0.5787109375 0.2011600421875 0.6323925781249999 0.198163265625 0.6715234375 0.20016111718750002 0.6997265625 0.20516648750000002 0.7088281249999999 0.215177228125 0.711552734375 0.2161761546875 0.71337890625 0.2161761546875 0.71701171875 0.212169709375 0.716103515625 0.20716433906249998 0.70154296875 0.19515574687499998 0.6715234375 0.1901503765625 0.6323925781249999 0.1881525234375 0.5787109375 0.1911600421875 0.575068359375 0.19515574687499998 0.575068359375 0.1971643390625
3 0.641494140625 0.288238453125 0.6387597656249999 0.3733082703125 0.6478613281250001 0.46638023593750005 0.646953125 0.7976476906250001 0.65150390625 0.8016541359374999 0.65513671875 0.8006444687500001 0.6578710937500001 0.7976476906250001 0.6587792968749999 0.7716219125 0.6587792968749999 0.4653813109375 0.649677734375 0.372298603125 0.6524121093749999 0.288238453125 0.646044921875 0.20516648750000002 0.660595703125 0.1291084859375 0.660595703125 0.12510204062500002 0.6578710937500001 0.122094521875 0.6542285156250001 0.121095596875 0.649677734375 0.12510204062500002 0.635126953125 0.20516648750000002 0.641494140625 0.288238453125
2 0.579619140625 0.7506122453125 0.58326171875 0.7546079484375 0.616015625 0.7466058 0.696083984375 0.7546079484375 0.7024609374999999 0.7546079484375 0.70609375 0.7506122453125 0.70609375 0.7486036515625 0.7024609374999999 0.7446079484375 0.615107421875 0.736595059375 0.58326171875 0.7446079484375 0.579619140625 0.7486036515625 0.579619140625 0.7506122453125
1 0.5359375 0.7386036515625001 0.56505859375 0.7435982812499999 0.596904296875 0.7516111703125 0.599638671875 0.7516111703125 0.603271484375 0.7476047265625 0.603271484375 0.745606875 0.599638671875 0.7416004296875001 0.5359375 0.7285929109375 0.5323046875 0.73259935625 0.5323046875 0.7345972078125 0.5359375 0.7386036515625001
0 0.574833984375 0.42939849687500004 0.566396484375 0.4359828140625 0.5623144531250001 0.4440708921875 0.567763671875 0.4524489796875 0.577275390625 0.454844253125 0.5797265625 0.44824919375 0.58109375 0.4440708921875 0.5884472656249999 0.4461654140625 0.5966015625 0.441374865625 0.5982324218749999 0.437185821875 0.6015039062499999 0.430601503125 0.594697265625 0.427905478125 0.587353515625 0.42760472656250004 0.58109375 0.4258002140625 0.574833984375 0.42939849687500004
1 0.55140625 0.2902363046875 0.56505859375 0.297239528125 0.603271484375 0.3222663796875 0.60509765625 0.3222663796875 0.6087304687499999 0.3182599359375 0.6069140625 0.313254565625 0.6041894531249999 0.3112567125 0.566875 0.2872287859375 0.550498046875 0.2792266375 0.546865234375 0.2832330828125 0.546865234375 0.285230934375 0.55140625 0.2902363046875
1 0.5741601562499999 0.432352309375 0.553232421875 0.46638023593750005 0.55140625 0.4673791625 0.538671875 0.4923952734375 0.5359375 0.5004081625000001 0.539580078125 0.5044146078125 0.5441308593749999 0.502406015625 0.55869140625 0.47338345937500004 0.579619140625 0.43935553125000004 0.581435546875 0.43835660625 0.5823437499999999 0.43335123593749997 0.5787109375 0.429344790625 0.576884765625 0.429344790625 0.575068359375 0.4313533828125 0.5741601562499999 0.4303544578125 0.5741601562499999 0.432352309375
0 0.5898046875 0.30547798125000003 0.58517578125 0.3135660578125 0.587900390625 0.32134264218749997 0.591435546875 0.3228464015625 0.596875 0.32254565 0.6012304687500001 0.326133190625 0.607216796875 0.3258324375 0.6134765625 0.32224489843750004 0.61673828125 0.3183458640625 0.61755859375 0.310859290625 0.61265625 0.30728249218750003 0.6036718750000001 0.311761546875 0.598779296875 0.30547798125000003 0.5898046875 0.30547798125000003
1 0.522294921875 0.5554457578124999 0.5259375000000001 0.5594522015625001 0.565966796875 0.556455425 0.579619140625 0.560451128125 0.5823437499999999 0.560451128125 0.585986328125 0.556455425 0.585986328125 0.55444683125 0.5823437499999999 0.550451128125 0.566875 0.5464446828125 0.55869140625 0.5464446828125 0.5259375000000001 0.5494414609375 0.522294921875 0.55344790625 0.522294921875 0.5554457578124999
1 0.5914453125 0.34528464062499997 0.599638671875 0.37430719687499997 0.6041894531249999 0.38031149375 0.606005859375 0.38031149375 0.6096484375 0.3763050484375 0.6096484375 0.3733082703125 0.599638671875 0.3402792703125 0.59599609375 0.3192588609375 0.5923535156249999 0.3152524171875 0.590537109375 0.3152524171875 0.58689453125 0.3192588609375 0.58689453125 0.3222663796875 0.5914453125 0.34528464062499997
2 0.55140625 0.43735767968749995 0.555048828125 0.4413533828125 0.562333984375 0.4413533828125 0.6241992187500001 0.4363587546875 0.6997265625 0.4433619765625 0.70609375 0.4433619765625 0.709736328125 0.43935553125000004 0.709736328125 0.43735767968749995 0.70609375 0.43335123593749997 0.6988183593749999 0.432352309375 0.6123730468749999 0.4263480125 0.555048828125 0.4313533828125 0.55140625 0.4353490875 0.55140625 0.43735767968749995