0 0.7230921125 0.65291969375 0.73730445625 0.662202715625 0.7472599078125 0.6661105 0.7581181484374999 0.6575319171875 0.7519070875 0.647407928125 0.738523546875 0.6388818374999999 0.7276117296875 0.640028715625 0.720869059375 0.645716009375 0.7230921125 0.65291969375
1 0.716766115625 0.1616072421875 0.6855460796874999 0.134111728125 0.6803047265625 0.132387378125 0.676783775 0.137320153125 0.6782556421875 0.1417159296875 0.7151913515625 0.17544864843750002 0.7391603875 0.20141880156249997 0.7405152640625 0.2047014875 0.7456383546875001 0.205300646875 0.7491700453125001 0.20036674375 0.7475799171874999 0.19484577812499998 0.7421007671875001 0.190858953125 0.7181197203125 0.16487782812500001 0.716766115625 0.1616072421875
2 0.6967409046874999 0.14433575781250002 0.7002725937500001 0.1394018546875 0.7000360703124999 0.13715147656249999 0.6955557390625 0.1330596703125 0.6114880421875 0.122519325 0.6054843937500001 0.12315033281250001 0.5680467171875 0.1327855171875 0.5116673640625 0.15467458750000002 0.5087784328125 0.1561158453125 0.5052454703125 0.16103765 0.505483265625 0.16330012656249998 0.5099623265625 0.16737983437499998 0.5129695203125 0.167063765625 0.5702306984375001 0.143956625 0.6076683765625 0.1343214390625 0.693733709375 0.1446518265625 0.6967409046874999 0.14433575781250002
1 0.7627672125 0.551134634375 0.75828688125 0.5470428296875001 0.7562892453125001 0.5472527890625 0.7535185765625 0.5498192359375 0.7512329671875 0.556897409375 0.739198025 0.6060401843750001 0.73669715 0.6496059484375001 0.7371714703125 0.654118803125 0.7416410625000001 0.6582117375000001 0.7436494375 0.6580006484375 0.7471703890625 0.653067875 0.7494442078125 0.6072385046875 0.763122 0.554510203125 0.7627672125 0.551134634375
1 0.744461909375 0.6465146015625 0.7393388187500001 0.6459154421875 0.7358178671875 0.6508482156250001 0.7382885515625001 0.6551390109375 0.7374079953125 0.65636918125 0.7679171874999999 0.6771014609375 0.8136832859375 0.7178816328125001 0.817807559375 0.7185857718750001 0.821329784375 0.713665096875 0.8198566453125 0.709257221875 0.7773235234375 0.6704124890625 0.7742088078125 0.669602240625 0.744461909375 0.6465146015625
0 0.70675689375 0.39966318125 0.722575778125 0.396336934375 0.7176549546875 0.3844381859375 0.7072684171875 0.3764289046875 0.6946485609375 0.37527211562499996 0.6890432718749999 0.38496220625 0.69427406875 0.3926815703125 0.70675689375 0.39966318125
1 0.8105179 0.8321963984374999 0.8074031859374999 0.8313861484375 0.7766574687500001 0.8084034890625 0.7250561609374999 0.7602488265625 0.7209318875 0.7595446875 0.717400196875 0.764478590625 0.718873334375 0.768886465625 0.759171025 0.8056786812500001 0.766122040625 0.814061284375 0.77471590625 0.8188583578124999 0.799982471875 0.837854190625 0.8034639859375 0.8420509781250001 0.808587078125 0.8426501375000001 0.8121093015625 0.8377294609374999 0.8096373453125001 0.8334265671875001 0.8105179 0.8321963984374999
1 0.735585965625 0.6679613375 0.7352311796875 0.6645857703125 0.730750846875 0.660493965625 0.7287532125 0.660703925 0.724459228125 0.6679931859375 0.720706375 0.6900390828125 0.72432868125 0.734111125 0.724046603125 0.7603549359375 0.7247574484375 0.7671181687499999 0.7292377796875 0.771209975 0.7312461546875 0.7709988859375 0.7347671078125 0.7660661125 0.734338340625 0.7330590671875 0.7309538296875 0.6912495015625 0.735585965625 0.6679613375
0 0.7107852203125 0.53582744375 0.722922159375 0.5395181796874999 0.7317825953125 0.53280095625 0.7387393 0.5221247875 0.7218121171874999 0.5148029546874999 0.712350196875 0.5157974421875 0.70182535625 0.5136008828125 0.6993130125 0.524617275 0.7107852203125 0.53582744375
1 0.7170307953124999 0.289237384375 0.71502241875 0.2894484734375 0.711500196875 0.2943691484375 0.7102026640625 0.30134346875 0.698843753125 0.3857425375 0.6991998109375 0.3891302046875 0.703678871875 0.3932099109375 0.7056765078125 0.3929999515625 0.7092094703125 0.388078146875 0.7161727703125 0.3292176203125 0.7218659140625 0.2967047578125 0.72150985625 0.293317090625 0.7170307953124999 0.289237384375
2 0.7075958109375 0.2765409171875 0.7111287749999999 0.2716191125 0.70853855625 0.266191028125 0.665379309375 0.2502134109375 0.6223442218749999 0.25473657968749996 0.5501880875 0.28055909687499997 0.5473098953125 0.28199922499999996 0.5437769328125001 0.286921028125 0.5440147296875 0.28918350625 0.5484937875 0.2932632140625 0.5514902421875 0.2929482734375 0.5883366078125001 0.2776871421875 0.6245269312499999 0.2658955890625 0.6655536453125 0.2615835078125 0.705598175 0.2767508765625 0.7075958109375 0.2765409171875
2 0.7557069109375 0.6476079421875001 0.6875916015625 0.6445163468749999 0.6355564109375 0.649985465625 0.5940052015624999 0.6589153828125001 0.5904722375 0.6638371875 0.5907100328125 0.6660996640625 0.59518909375 0.6701793703125001 0.6377403937499999 0.6611565734375 0.6877779484375 0.6558974140625 0.7518872453125 0.6594100578125001 0.756892075 0.6588840296875 0.7604237656249999 0.6539501265625 0.7601872421875 0.6516997484375 0.7557069109375 0.6476079421875001
0 0.7032119546875 0.2750200203125 0.709622021875 0.26606491875 0.701790665625 0.2544720796875 0.685196084375 0.250418053125 0.67471408125 0.2556543296875 0.679915796875 0.27001897656249996 0.6908502421875 0.27631928906250003 0.7032119546875 0.2750200203125
0 0.7150450015625001 0.75808390625 0.713552740625 0.764858509375 0.7234683734375 0.7754127078125 0.7316854359375 0.7836500109375 0.7449396703125 0.78392055 0.7439935734375 0.7749190375 0.7425299203125 0.7609933109375 0.729961896875 0.7532010796875 0.7189636078125 0.7535252390625 0.7150450015625001 0.75808390625
2 0.7481901953125 0.7589549609375 0.681310228125 0.7580087640625 0.648572771875 0.7546116656249999 0.6069534765625 0.753285703125 0.5839377046875 0.7557047578125 0.580416753125 0.76063753125 0.580653278125 0.7628879093750001 0.58512286875 0.7669808437500001 0.6162689265625 0.7648448812499999 0.6814965749999999 0.7693898328125 0.749493621875 0.7713562375 0.7544984515625 0.770830209375 0.758020675 0.7659095328125 0.757782878125 0.76364705625 0.7533145593749999 0.7595662203125 0.7481901953125 0.7589549609375
1 0.6928132234375 0.26100588125 0.6892815328124999 0.2659397859375 0.6895180562500001 0.2681901640625 0.6939983890625 0.27228196875 0.6991214796875 0.2728811296875 0.7803624359375 0.2757430140625 0.7863660828125 0.2751120046875 0.789897775 0.2701781015625 0.789659978125 0.267915625 0.78518091875 0.26383591875 0.7406726906250001 0.2639512125 0.6928132234375 0.26100588125
0 0.6554474703125 0.1351590046875 0.6654590421875 0.1465226921875 0.6784992421875 0.15178210625 0.686972703125 0.1484083203125 0.6971738125 0.140706146875 0.6887958203125 0.130834375 0.67484161875 0.1240074125 0.6609448078125 0.12464845312499999 0.6554474703125 0.1351590046875
1 0.71794848125 0.5193680765625001 0.714416790625 0.5243019796875 0.7170070078124999 0.5297300625 0.7595222234375 0.5491882265625 0.8270628562500001 0.566028346875 0.830059309375 0.56571340625 0.8335910015625 0.560779503125 0.833354478125 0.558529125 0.8288741453125 0.5544373203124999 0.7989073578125 0.548473771875 0.762462603125 0.5386283796875 0.71794848125 0.5193680765625001
1 0.6995712328125 0.41188024062500006 0.6975628578124999 0.412091328125 0.6940419062500001 0.41702410468749995 0.6943966921875 0.42039967031250003 0.70801791875 0.46342078593749997 0.71665095 0.5263423984375 0.72113128125 0.5304342046875 0.7231396578125 0.530223115625 0.726660609375 0.525290340625 0.717909315625 0.46124353906250004 0.7053944296875 0.4192437625 0.7040408265625 0.4159731765625 0.6995712328125 0.41188024062500006
1 0.682159534375 0.26553848593749996 0.6866398640625 0.2696302921875 0.6886375015625 0.26942033125 0.6921691921875001 0.264486428125 0.684468165625 0.19121605625 0.6809807578125 0.167643671875 0.6765016968750001 0.163563965625 0.6745040609374999 0.16377392500000001 0.6709710984374999 0.1686957296875 0.682159534375 0.26553848593749996
1 0.6564816 0.05966165624999999 0.654473225 0.05987274375 0.6509415328125 0.0648066484375 0.6512963187499999 0.068182215625 0.66770485 0.12801135156250001 0.6707801265625 0.1379511625 0.6752484484375 0.1420319984375 0.6772568234375 0.141820909375 0.680779046875 0.1369002328125 0.6803047265625 0.132387378125 0.6672079984375 0.08474843125 0.6609511921875 0.0637545921875 0.6564816 0.05966165624999999
3 0.6805435828124999 0.673746525 0.656610125 0.44603488750000003 0.63813125 0.3567963328125 0.6243359609375 0.2351510234375 0.619596575 0.190058771875 0.6161716265625 0.09011256875 0.612809646875 0.08705307031250001 0.6086961125 0.0863478015625 0.60416433125 0.0913745875 0.60758928125 0.1913207890625 0.6262422171875001 0.3591835390625 0.6447210921875 0.4484220953125 0.6597181812499999 0.6007179609375 0.686049615625 0.8031010171874999 0.6890627031250001 0.8221605468750001 0.6924259546875 0.8252321421875 0.6965394890625001 0.8259374125000001 0.7010699984375 0.8208985296875 0.6805435828124999 0.673746525
1 0.7442384328125 0.4037726734375 0.73464575 0.39908057812500003 0.721453290625 0.38906650625 0.7163301984375 0.3884673453125 0.7127985078125 0.3934012515625 0.71527993125 0.3976909171875 0.714388634375 0.39892221562499997 0.7163970109375 0.39871112656249996 0.740309975 0.41443637187500004 0.754857309375 0.42773312812500003 0.7599804 0.4283322890625 0.7635013515625 0.42339951249999996 0.7619099515625 0.41786645 0.758795234375 0.41705620000000004 0.7442384328125 0.4037726734375
2 0.7382616671875 0.5297713453124999 0.741793359375 0.5248374421875 0.7415568343750001 0.522587065625 0.7370765031250001 0.5184952593750001 0.64406605 0.5191578671875 0.6125137578125 0.5270368546875 0.565550209375 0.5422237265625001 0.561662459375 0.5437699625 0.558141509375 0.5487027375 0.5583780328125 0.5509531171875001 0.5628476250000001 0.5550460515625 0.56585481875 0.5547299828125001 0.607812265625 0.5400570421875 0.6462500312499999 0.5303289765625 0.7322580203125 0.5304023546875001 0.7382616671875 0.5297713453124999
2 0.7227567171875 0.40146778281250006 0.7247543515625 0.4012578234375 0.7282860437500001 0.3963239203125 0.7256850859374999 0.3908969640625 0.6678100640625 0.36962809218750003 0.638316325 0.3681653015625 0.62630903125 0.36942731875 0.58462881875 0.37723317500000003 0.546310584375 0.388098528125 0.5424335765625 0.3896436375 0.538901884375 0.3945775421875 0.539138409375 0.39682791875 0.543618740625 0.40091972656249997 0.5476140125 0.40049980625000003 0.5868127999999999 0.3884042828125 0.6385026734375 0.37954636875 0.6648709562499999 0.380200040625 0.7227567171875 0.40146778281250006