1 0.360563075 0.40916623124999996 0.3629842578125 0.4130241265625 0.4144332984375 0.42634593593750003 0.44746567031250006 0.4377303140625 0.4496066140625 0.4375806046875 0.453664675 0.4340803078125 0.45124349218750004 0.43022241250000004 0.425910890625 0.4215161421875 0.3700235125 0.40609011562499997 0.364621134375 0.40566593281249996 0.360563075 0.40916623124999996
2 0.4321723484375 0.1882589890625 0.4195062796875 0.19155926406249998 0.40594415625 0.1973454921875 0.4040834515625 0.20150280625 0.4085897734375 0.2044129421875 0.41071914375 0.2042640421875 0.42851892343750003 0.197379534375 0.46696478125 0.19388046718750002 0.47101126718749997 0.1903809796875 0.47089905156249995 0.188776203125 0.46640430312500003 0.18586525781250002 0.4321723484375 0.1882589890625
1 0.48986555625 0.2293432890625 0.5037638671875 0.2130645734375 0.5128876531250001 0.2051741265625 0.513683671875 0.20109126093750002 0.509177353125 0.1981811265625 0.5070364078125 0.1983308359375 0.5050076812500001 0.200085321875 0.503887190625 0.1993617203125 0.5029789546875 0.20183980781250002 0.4849667796875 0.22082077187500002 0.480852915625 0.22352301875 0.4789364046875 0.22688228124999998 0.45366114687500003 0.2495963765625 0.45382916875 0.25199920625 0.45833548906250005 0.254909340625 0.4625493921875 0.25380400625 0.48986555625 0.2293432890625
0 0.445578346875 0.2487581625 0.44867912656250003 0.255183603125 0.45253364375 0.25841825625000003 0.4612260390625 0.2553348296875 0.4657172703125 0.2535389015625 0.469066365625 0.25004459375 0.46772495156250005 0.2444985703125 0.4619230984375 0.2416877453125 0.4531269765625 0.2432878375 0.445578346875 0.2487581625
1 0.5132938140625 0.3493491703125 0.5119488890625 0.345416015625 0.5074983734375 0.34330393125 0.4971529859375 0.33355837187500004 0.47902766249999995 0.32032091875 0.4629316734375 0.30533765625 0.46192339843749997 0.30621883125 0.45752929531250003 0.30491347343749997 0.453471234375 0.3084137703125 0.45482773125 0.312346115625 0.458145578125 0.313726734375 0.4742421734375 0.32871867187500003 0.47868051093749997 0.3308228921875 0.489037471875 0.3405676421875 0.5026006671875 0.35009690781249997 0.5038449484374999 0.35242447656250003 0.504853828125 0.351551975 0.5092479328125 0.352857334375 0.5132938140625 0.3493491703125
2 0.38948404999999997 0.484488809375 0.38959566093750003 0.48608491093749995 0.394090409375 0.48899585625 0.42538539999999997 0.4908346984375 0.46704906562500004 0.48711933749999997 0.471094946875 0.48361117499999995 0.4709827296875 0.48200639843750004 0.46648858750000005 0.4791041265625 0.424824921875 0.48281948750000003 0.39352993125 0.480980646875 0.38948404999999997 0.484488809375
2 0.46515031249999994 0.244765775 0.42916987031250003 0.2529215984375 0.396238 0.25844095 0.3921921203125 0.2619491125 0.39230433750000004 0.2635538890625 0.3967990859375 0.266464834375 0.4010809734375 0.266165415625 0.46998110468750004 0.2524823765625 0.474038559375 0.248973403125 0.4739263421875 0.2473686265625 0.46942062656249994 0.244467165625 0.46515031249999994 0.244765775
1 0.47403144375000006 0.4640717828125 0.481855146875 0.453055715625 0.4869208734375 0.4486655671875 0.48771689374999994 0.44458270312500003 0.48321117812500003 0.441681240625 0.481070234375 0.44183095000000006 0.47905308125 0.443584628125 0.47792040937499997 0.4428531609375 0.4780326265625 0.4444579390625 0.4611415484375 0.464171178125 0.44306139062499994 0.48234622343750005 0.44227755 0.486436953125 0.44678326406249996 0.4893384140625 0.45094136249999994 0.487435028125 0.45207403125 0.48816649375 0.4559518921875 0.48225550312500004 0.47403144375000006 0.4640717828125
1 0.4642765984375 0.309270809375 0.45702462187500004 0.2976963140625 0.45151002656249994 0.2956673546875 0.43625475468749997 0.2927069046875 0.41058657500000006 0.2945017984375 0.39792050625000003 0.2978020734375 0.3938630546875 0.301311046875 0.39397466406250004 0.30290715 0.398480984375 0.305817284375 0.4122117390625 0.30244255937500003 0.43467428906250005 0.300871825 0.44773220468749997 0.3031752578125 0.4547719265625 0.311548065625 0.4580897734375 0.312928684375 0.460230715625 0.31277897499999996 0.4642765984375 0.309270809375
0 0.46606160937499996 0.305694103125 0.45982394062500004 0.3061302828125 0.45313286562500005 0.30956191093749996 0.44858466406249997 0.3103768140625 0.444844621875 0.313602084375 0.4496803890625 0.31673325625 0.4563737671875 0.31799115312500004 0.46216729843750004 0.3158600859375 0.4699335953125 0.31383514218749997 0.47021412656250006 0.308367471875 0.46606160937499996 0.305694103125
0 0.45723714375 0.363432925 0.45068145781249996 0.3641441328125 0.44444670000000003 0.36927851093749997 0.4461438828125 0.3745904515625 0.45222978593749996 0.3766404796875 0.4568817125 0.37730891093749996 0.46330322187500006 0.3793354703125 0.46729814999999997 0.3750986515625 0.464803025 0.3678550578125 0.4613217234375 0.365134753125 0.45723714375 0.363432925
2 0.469479959375 0.429749146875 0.4649852109375 0.42683820156249996 0.459627065625 0.4272128796875 0.4320539484375 0.4323662296875 0.417078915625 0.4334133859375 0.404076803125 0.4319080046875 0.4000187421875 0.435408303125 0.40013095937500004 0.43701307968750003 0.40463728125 0.4399232140625 0.41656313437500003 0.44150385468750003 0.4336791125 0.4403069890625 0.4655462953125 0.4348620875 0.4695921765625 0.4313539234375 0.469479959375 0.429749146875
1 0.3820279921875 0.37786222343750003 0.3779705390625 0.3813711984375 0.37808215 0.3829673 0.3825884703125 0.385877434375 0.3900644140625 0.385354665625 0.4528341328125 0.376136225 0.4568915859375 0.3726272515625 0.4567793703125 0.371022475 0.4522730484375 0.368112340625 0.44586178906249996 0.36856065937500004 0.3820279921875 0.37786222343750003
1 0.47686636718750003 0.4123131640625 0.485754753125 0.401222646875 0.48986861875 0.3985204 0.5041704921875 0.3725464375 0.504058275 0.370941659375 0.4995635265625 0.368030715625 0.4974225828125 0.368180425 0.4943291703125 0.37000936093750003 0.47995931406250003 0.3951774078125 0.46785432968749996 0.40650156718749997 0.44899033125 0.42876734531249994 0.44589691875000004 0.43059628125 0.445112471875 0.43467833593750005 0.4496066140625 0.4375806046875 0.45377689062500004 0.43568508437500003 0.45489738125 0.436408684375 0.4697713046875 0.41844912343749996 0.47686636718750003 0.4123131640625
1 0.4891501546875 0.3574792390625 0.5045735890625 0.34754437031249996 0.5074983734375 0.34330393125 0.5267554359375 0.32665921249999996 0.5276072593750001 0.32337439843750004 0.5231009375 0.3204642640625 0.52095999375 0.32061397343750003 0.49259132499999997 0.3451570046875 0.4803061390625 0.3540704703125 0.457619621875 0.367738471875 0.455478678125 0.36788818125 0.45661134687500005 0.368619646875 0.45469423124999997 0.3719702359375 0.45920055312499997 0.3748803703125 0.4644913203125 0.37370844999999997 0.4654437890625 0.3720292234375 0.48616895781249997 0.3609129515625 0.4891501546875 0.3574792390625
2 0.4606785125 0.3038825875 0.4127722171875 0.3104577703125 0.3710643171875 0.3133742703125 0.3670068640625 0.31688324218749997 0.367118475 0.3184793453125 0.3716247953125 0.32138948125 0.41333269531249994 0.31847298125 0.469802765625 0.311298959375 0.47384925312500004 0.307799471875 0.47373703593750005 0.3061946953125 0.4692422875 0.30328374999999996 0.4606785125 0.3038825875
0 0.4548928296875 0.183558290625 0.45747719531250003 0.1875878296875 0.4534246890625 0.19083494843749998 0.4544003109375 0.1954738453125 0.46148626875 0.1976892984375 0.46823491875 0.1952473703125 0.465888453125 0.189963396875 0.470867059375 0.18565779375 0.47116578750000004 0.18045035625 0.47651457343750003 0.1766157296875 0.4709906078125 0.1732886109375 0.46239300781250003 0.1729048046875 0.45455200625 0.1741940359375 0.451063625 0.1770268828125 0.4548928296875 0.183558290625
1 0.390212084375 0.47960002968750004 0.39032429999999996 0.48120480624999995 0.394830621875 0.48411494062499993 0.4144684265625 0.4883815578125 0.454214975 0.48801678437499996 0.45826085625 0.484508621875 0.4581486390625 0.4829038453125 0.45365449687500004 0.480001575 0.4160482859375 0.48020796250000003 0.3942695375 0.47609105625000003 0.390212084375 0.47960002968750004
0 0.45591542812499997 0.4248573578125 0.44837004687500004 0.42538498281250003 0.4462563390625 0.42825245624999997 0.4434113375 0.4346316703125 0.44604726250000004 0.43939854062499994 0.45033456093749996 0.439342815625 0.45631734375 0.4399181828125 0.460790984375 0.43787069531249995 0.465631896875 0.4315959859375 0.462660971875 0.426861259375 0.45591542812499997 0.4248573578125
1 0.426388621875 0.1669147953125 0.4229469859375 0.163930209375 0.377080525 0.153443278125 0.37302307031250004 0.15695225 0.375444253125 0.160810146875 0.41810508437499994 0.17152123749999998 0.4560362359375 0.19142813593750002 0.4594772640625 0.1944040453125 0.46488024843750003 0.194836903125 0.4689261296875 0.1913287390625 0.466572325 0.188268084375 0.46758120625000005 0.18739558437499998 0.4587487640625 0.18398600781250002 0.426388621875 0.1669147953125
2 0.402966021875 0.3699563171875 0.3880467953125 0.3718015234375 0.383989340625 0.375310496875 0.3841009515625 0.3769065984375 0.3886072734375 0.3798167328125 0.42919468125 0.37617663125 0.4539103921875 0.376060965625 0.46674448125 0.37516351875 0.47079036093750004 0.3716553546875 0.47067814375 0.370050578125 0.46618339531249997 0.367139634375 0.402966021875 0.3699563171875
0 0.45337247343750003 0.4779641109375 0.44595260625 0.48045297500000006 0.44185456093750003 0.48321513437499997 0.4424139953125 0.4863925453125 0.4469081390625 0.4892948140625 0.451316146875 0.4909653109375 0.45754224062500004 0.49052993906250003 0.46257240624999996 0.486961665625 0.46651516875 0.48197884062499996 0.46066777343750004 0.47868305468749994 0.45337247343750003 0.4779641109375
3 0.44735438437499997 0.466739178125 0.4415245625 0.38336884531250004 0.44104024218750004 0.2843091515625 0.4358160625 0.2403665296875 0.43324814062500006 0.172876909375 0.42582721250000005 0.12828594531249998 0.4224529546875 0.12609860312500001 0.41811526250000003 0.1255999703125 0.41299312187500004 0.12918339375000001 0.4204140515625 0.17377435624999998 0.42135634375000003 0.21801639687500002 0.42815034687500003 0.284408546875 0.4286904734375 0.3842662921875 0.43457670625 0.46844335 0.44119050781249997 0.53242480625 0.444576340625 0.5346113406249999 0.448902459375 0.5351107828125 0.4540245984375 0.531527359375 0.44735438437499997 0.466739178125
1 0.4155726171875 0.1966722046875 0.41151516250000003 0.20018117656249998 0.4116267734375 0.20177727812500001 0.42484221250000004 0.22179984375 0.448426790625 0.2515750234375 0.45073575625 0.2538281421875 0.45619454531250003 0.25505905 0.460240428125 0.2515508875 0.4601282109375 0.249946109375 0.43784493125 0.2233138984375 0.42103140781250004 0.19790311249999998 0.4155726171875 0.1966722046875
1 0.518871934375 0.13708647812500002 0.5143771859374999 0.13417553437500002 0.511159984375 0.13440050312500001 0.4886978984375 0.1512780546875 0.4804259359375 0.1558836890625 0.45806496093750004 0.18967365 0.458177178125 0.1912784265625 0.46268289218750003 0.1941798859375 0.46791725 0.192201240625 0.48937059375 0.16089804375 0.5149376640625001 0.14219074375000001 0.5180874875 0.14116853437500002 0.516966390625 0.14043625625 0.518871934375 0.13708647812500002