0 0.52970703125 0.406476190625 0.5366015625 0.414659340625 0.545791015625 0.4181025640625 0.5561328125 0.4168131875 0.552685546875 0.4077655671875 0.550390625 0.40086446875000004 0.541767578125 0.39915018281250003 0.533154296875 0.40086446875000004 0.52970703125 0.406476190625
1 0.534296875 0.6384688640625 0.536103515625 0.6411794875 0.5406152343749999 0.642527471875 0.544228515625 0.6398241765625 0.544228515625 0.6377875453125 0.53068359375 0.6127399265625 0.53068359375 0.58904029375 0.527080078125 0.586336996875 0.5252734375 0.586336996875 0.5216601562500001 0.58904029375 0.5216601562500001 0.6140952375000001 0.534296875 0.6384688640625
0 0.5366015625 0.5762783875 0.540625 0.5836043953125001 0.5463671875 0.5857582421875 0.5544140625 0.589208790625 0.563603515625 0.5857582421875 0.56015625 0.5780000000000001 0.5572851562500001 0.56981685 0.5510839843750001 0.56568498125 0.53763671875 0.568930403125 0.5366015625 0.5762783875
1 0.5631738281249999 0.65404395625 0.5938671875 0.6614871796874999 0.6182324218749999 0.6709670328125 0.6200390625 0.6709670328125 0.623642578125 0.6682564109375 0.621845703125 0.6648717953125 0.594765625 0.6547179484375001 0.5704003906249999 0.6493040296875 0.54783203125 0.6384688640625 0.5424218749999999 0.6371135531250001 0.53880859375 0.6398241765625 0.5406152343749999 0.6432087906249999 0.5631738281249999 0.65404395625
1 0.5595703125 0.540974359375 0.5595703125 0.54232234375 0.56046875 0.5416483515625 0.56408203125 0.5430036625 0.5676855468750001 0.540293040625 0.566787109375 0.536908425 0.549638671875 0.5199853484375 0.549638671875 0.5186300359375 0.5487402343750001 0.5193040296875 0.545126953125 0.5179487171875 0.541513671875 0.520659340625 0.5424218749999999 0.52404395625 0.5595703125 0.540974359375
0 0.5348828125 0.5219706953125 0.540048828125 0.5241245421875 0.5446484375 0.529296703125 0.5509667968749999 0.53231501875 0.553837890625 0.5370549453125 0.559580078125 0.5305934062500001 0.5607324218749999 0.5271428578124999 0.5561328125 0.5245567765625 0.552685546875 0.52068131875 0.5607324218749999 0.5185274718749999 0.5567089843749999 0.5159413921875 0.545791015625 0.5159413921875 0.5366015625 0.5185274718749999 0.5348828125 0.5219706953125
1 0.49638671875 0.45430769218749995 0.5 0.455663003125 0.554150390625 0.47191208749999997 0.55685546875 0.47191208749999997 0.56046875 0.469201465625 0.5586621093749999 0.46581685000000006 0.553251953125 0.4637875453125 0.5008984375 0.44821245468750004 0.498193359375 0.44821245468750004 0.494580078125 0.4509230765625 0.494580078125 0.4522783875 0.49638671875 0.45430769218749995
1 0.554150390625 0.47191208749999997 0.55595703125 0.47191208749999997 0.574912109375 0.4644615390625 0.605595703125 0.4644615390625 0.6525292968749999 0.47868131875 0.655234375 0.47868131875 0.6588476562500001 0.47597069531249997 0.6570410156250001 0.47258608124999996 0.653427734375 0.47123076875000003 0.60740234375 0.4576923078125 0.57400390625 0.4576923078125 0.55234375 0.46581685000000006 0.550537109375 0.469201465625 0.554150390625 0.47191208749999997
2 0.46208984375 0.468527471875 0.465703125 0.47123076875000003 0.5189550781250001 0.4705567765625 0.55234375 0.47191208749999997 0.5694921875000001 0.47191208749999997 0.57310546875 0.469201465625 0.57310546875 0.467846153125 0.5694921875000001 0.46514285781250003 0.48465820312499996 0.4637875453125 0.465703125 0.4644615390625 0.46208984375 0.4671721609375 0.46208984375 0.468527471875
1 0.541513671875 0.5795604390625 0.5433203125 0.5795604390625 0.5722070312499999 0.5958168500000001 0.57400390625 0.5958168500000001 0.5938671875 0.6059706953124999 0.5992773437500001 0.6073260078125 0.602890625 0.604615384375 0.601083984375 0.60123076875 0.579423828125 0.5903956046875 0.5776171875 0.5903956046875 0.5487402343750001 0.5741465203125 0.544228515625 0.573472528125 0.5406152343749999 0.5761758234375 0.5424218749999999 0.578886446875 0.541513671875 0.5795604390625
1 0.4386328125 0.37915750937500003 0.49097656250000005 0.3872820515625 0.519853515625 0.3940512828125 0.523466796875 0.3960805859375 0.53880859375 0.411655678125 0.5397070312500001 0.41097435937500004 0.5433203125 0.4123296703125 0.5469335937500001 0.40961904687499995 0.546025390625 0.40623443281249993 0.5433203125 0.4048791203125 0.527978515625 0.3893113546875 0.527080078125 0.3899853484375 0.523466796875 0.38795604375 0.506318359375 0.38321611718750004 0.4386328125 0.372380953125 0.43501953125000004 0.375091575 0.43501953125000004 0.3764468859375 0.4386328125 0.37915750937500003
2 0.47833984375 0.40691575156250004 0.526171875 0.4082710625 0.55234375 0.41504029375 0.55505859375 0.41504029375 0.5586621093749999 0.4123296703125 0.5586621093749999 0.41097435937500004 0.553251953125 0.40758974375 0.527978515625 0.40149450625 0.47833984375 0.40013919375 0.4747265625 0.4028498171875 0.4747265625 0.404205128125 0.47833984375 0.40691575156250004
2 0.49910156250000004 0.6337289375 0.546025390625 0.6452380953125 0.5487402343750001 0.6452380953125 0.55234375 0.642527471875 0.55234375 0.6411794875 0.5469335937500001 0.6377875453125 0.502705078125 0.6276337 0.48465820312499996 0.62086446875 0.48014648437499996 0.6201904765624999 0.47653320312499997 0.6228937734375 0.47833984375 0.6262783875 0.49910156250000004 0.6337289375
2 0.498193359375 0.578886446875 0.501806640625 0.5815970703125 0.514443359375 0.5815970703125 0.557763671875 0.5795604390625 0.5613671874999999 0.5768571421875001 0.5613671874999999 0.57550183125 0.557763671875 0.5727912093749999 0.549638671875 0.5727912093749999 0.501806640625 0.5748278390625 0.498193359375 0.5775311359375 0.498193359375 0.578886446875
1 0.5722070312499999 0.3601978015625 0.6019824218750001 0.385245421875 0.60740234375 0.3872820515625 0.6110156250000001 0.384571428125 0.6110156250000001 0.382542125 0.55595703125 0.338527471875 0.549638671875 0.3337875453125 0.546025390625 0.333113553125 0.5424218749999999 0.33582417656249997 0.5433203125 0.338527471875 0.5722070312499999 0.3601978015625
1 0.579423828125 0.295201465625 0.5613671874999999 0.312798534375 0.5586621093749999 0.314153846875 0.5469335937500001 0.33514285781250003 0.5469335937500001 0.3371794875 0.550537109375 0.33988278437499997 0.55595703125 0.3378534796875 0.566787109375 0.3175384609375 0.59025390625 0.294520146875 0.5929589843749999 0.2931648359375 0.5938671875 0.2897802203125 0.59025390625 0.2870769234375 0.5884472656249999 0.2870769234375 0.586640625 0.28842490781249996 0.5857421875 0.287750915625 0.579423828125 0.295201465625
0 0.5383203125 0.3293260078125 0.540625 0.3357875453125 0.5463671875 0.3426886453125 0.5561328125 0.346564103125 0.563603515625 0.34397802187500004 0.56130859375 0.3379487171875 0.5567089843749999 0.33104761875 0.5469433593749999 0.3284615390625 0.5383203125 0.3293260078125
0 0.532578125 0.6422197796875 0.5371777343749999 0.647391940625 0.5463671875 0.6491135531250001 0.552109375 0.6460952375 0.548662109375 0.6422197796875 0.552109375 0.63531868125 0.548662109375 0.6331648359375001 0.5383203125 0.6323076921874999 0.530859375 0.63531868125 0.532578125 0.6422197796875
2 0.48555664062500004 0.3290549453125 0.5189550781250001 0.3337875453125 0.5586621093749999 0.3432674 0.5613671874999999 0.3432674 0.56498046875 0.340564103125 0.56498046875 0.339208790625 0.5613671874999999 0.33649816875 0.553251953125 0.3344688640625 0.51625 0.326344321875 0.48285156249999994 0.32160439531249996 0.47923828124999995 0.32431501875 0.47923828124999995 0.32566300312499996 0.48555664062500004 0.3290549453125
1 0.541513671875 0.5226886453125 0.545126953125 0.5253992671875001 0.5469335937500001 0.5253992671875001 0.5514453125000001 0.520659340625 0.562275390625 0.481391940625 0.562275390625 0.4793553109375 0.5586621093749999 0.4766520140625 0.55685546875 0.4766520140625 0.55234375 0.481391940625 0.541513671875 0.520659340625 0.541513671875 0.5226886453125
2 0.47923828124999995 0.5233699640625 0.50451171875 0.526073259375 0.55505859375 0.5253992671875001 0.5586621093749999 0.5226886453125 0.5586621093749999 0.5213333328124999 0.55505859375 0.5186300359375 0.505419921875 0.5193040296875 0.47923828124999995 0.5166007328125 0.475634765625 0.5193040296875 0.475634765625 0.520659340625 0.47923828124999995 0.5233699640625
0 0.5463671875 0.46982417656250003 0.5607324218749999 0.47413919375 0.565322265625 0.47586080624999993 0.567626953125 0.473274725 0.569345703125 0.46551648281249997 0.565322265625 0.462065934375 0.553837890625 0.462930403125 0.545791015625 0.4659487171875 0.5463671875 0.46982417656250003
1 0.565888671875 0.41504029375 0.5469335937500001 0.40623443281249993 0.545126953125 0.40623443281249993 0.541513671875 0.4089450546875 0.541513671875 0.41030036562500005 0.5433203125 0.4123296703125 0.56408203125 0.4218095234375 0.589345703125 0.4218095234375 0.6209374999999999 0.41706959687499995 0.6570410156250001 0.40961904687499995 0.660654296875 0.40691575156250004 0.660654296875 0.40556043906249994 0.6570410156250001 0.4028498171875 0.6543359375 0.4028498171875 0.623642578125 0.40961904687499995 0.589345703125 0.41504029375 0.565888671875 0.41504029375
3 0.52255859375 0.42383882812499996 0.518046875 0.488161171875 0.5126367187499999 0.53013919375 0.5126367187499999 0.53758974375 0.5189550781250001 0.5809157515625001 0.51625 0.643882784375 0.5108300781249999 0.6797655671875 0.5108300781249999 0.6845054937499999 0.515341796875 0.6872161171875 0.5189550781250001 0.686542125 0.5216601562500001 0.6845054937499999 0.52255859375 0.6797655671875 0.527080078125 0.644564103125 0.52978515625 0.5931062265625 0.52978515625 0.5802417578125 0.523466796875 0.536908425 0.5288769531249999 0.48883516406250005 0.5333886718749999 0.42452014687500006 0.534296875 0.31212454218749996 0.536103515625 0.26134798593749997 0.5333886718749999 0.2593113546875 0.52978515625 0.25863736249999997 0.5252734375 0.26134798593749997 0.523466796875 0.31145055 0.52255859375 0.42383882812499996
1 0.546025390625 0.5748278390625 0.546025390625 0.5768571421875001 0.549638671875 0.5795604390625 0.5514453125000001 0.5795604390625 0.55595703125 0.57550183125 0.56498046875 0.5545128203125 0.56498046875 0.5308131875 0.5613671874999999 0.5281098906249999 0.5595703125 0.5281098906249999 0.55595703125 0.5308131875 0.55595703125 0.553157509375 0.546025390625 0.5748278390625