1 0.64317858125 0.5176943031250001 0.641101984375 0.51747604375 0.636621584375 0.5201526640624999 0.6217547437500001 0.5618303546875001 0.5984291359375 0.6041927578124999 0.598184175 0.60652340625 0.6019989390625 0.610071884375 0.6040755375 0.61029014375 0.6085559375 0.6076135218750001 0.6306852578125001 0.5666991484375 0.6467483875 0.5235734265625 0.6469933484375 0.52124278125 0.64317858125 0.5176943031250001
0 0.5854154312500001 0.5003941234375 0.568499259375 0.5026143765625 0.5689804078125 0.5106698828125 0.570342865625 0.516818909375 0.581724246875 0.51650943125 0.5923381234375 0.5171315984375 0.600471571875 0.5159788437499999 0.6038372203125 0.509331459375 0.6128929296875001 0.505774628125 0.6104249828125 0.497510303125 0.5999667484375 0.49540729062500005 0.5854154312500001 0.5003941234375
2 0.48438830624999996 0.5914154484374999 0.4842247046875 0.59297201875 0.4880506953125 0.5965216765625 0.500417696875 0.5986041296875 0.61030533125 0.6109449203125 0.6147745062500001 0.6082671203125 0.6149381078125 0.6067105500000001 0.6111224562500001 0.6031704875 0.52294001875 0.5939021390625 0.488867821875 0.588747240625 0.48438830624999996 0.5914154484374999
2 0.616811853125 0.2995043828125 0.612984978125 0.2959631390625 0.6057224984375 0.295199821875 0.5367722046875001 0.292665640625 0.4932605109375 0.2975264625 0.48878011250000003 0.3002030828125 0.488616509375 0.301759653125 0.492443384375 0.305300896875 0.49555266875 0.305627696875 0.5369877640625 0.3005486171875 0.6048240140625001 0.303748334375 0.6121678515625 0.30373757343749996 0.6166482515625 0.3010609515625 0.616811853125 0.2995043828125
1 0.5978837125 0.4995693765625 0.5518349015624999 0.4986596109375 0.520574184375 0.486731028125 0.484916196875 0.4766881625 0.42643719999999996 0.4642552203125 0.42195679999999997 0.46693184218750006 0.4217940828125 0.468479996875 0.42562007343749997 0.47202965468749997 0.4728461140625 0.48171460625 0.5014061078125 0.489429171875 0.5146421953125 0.493176734375 0.5489411765625001 0.5062157875 0.5970665859375 0.5073438125 0.6015461015625 0.5046756046875001 0.6017097031249999 0.5031190343749999 0.5978837125 0.4995693765625
1 0.4737371546875 0.8025671015625001 0.538678796875 0.813331409375 0.54188155 0.8128768953125001 0.543159196875 0.8106547890625 0.5622649734375 0.7985075078125 0.5637174484374999 0.794730009375 0.5598905734375 0.7911887656250001 0.557813975 0.79097050625 0.5546233328125 0.791417784375 0.5533344609374999 0.7936387140625001 0.5363875250000001 0.8052217609375001 0.47352159531250004 0.794684128125 0.4333641484375 0.7975411 0.4081402203125 0.7980374875 0.40366070625 0.80070569375 0.40349710468750005 0.8022622640625 0.4073230953125 0.8058119218750001 0.41043237968749996 0.8061387203124999 0.4737371546875 0.8025671015625001
1 0.6428605875 0.19138960625 0.6691466015625 0.18078813437500002 0.70028779375 0.1439684765625 0.700451396875 0.1424119078125 0.69662540625 0.13886225000000002 0.6945488078125 0.138643990625 0.6889534796875 0.1419945625 0.6614236015625 0.174472490625 0.6328973875 0.186412271875 0.63160763125 0.1886416140625 0.6169008953125 0.1988863515625 0.6023465359375 0.207573340625 0.6009052875 0.21135201874999998 0.6047312781249999 0.21490167656249998 0.60999851875 0.21467265625 0.61127705 0.21244213437499998 0.6428605875 0.19138960625
1 0.6001280546875 0.2985419796875 0.5906002046875 0.24957900937500002 0.5835489015624999 0.2268306984375 0.5621371296875 0.20099076718750003 0.5623007328125 0.199434196875 0.561185803125 0.20010814843750002 0.557196209375 0.1981150609375 0.5527166953125 0.20078326875000002 0.5533511578125 0.20478861875 0.5581284765625 0.20922089531250002 0.574670346875 0.231401446875 0.5815580453125 0.255706328125 0.5887236046875 0.2973433234375 0.5895113296875001 0.29978251093749997 0.593337321875 0.30333216875 0.59541391875 0.303550428125 0.59988309375 0.300872628125 0.6001280546875 0.2985419796875
2 0.5074723 0.49164051875 0.5029918999999999 0.49431714062500004 0.50282918125 0.49586529687500003 0.5066551734375 0.49941495468749997 0.53361726875 0.5022487859375 0.6166951843749999 0.510197996875 0.6211755828125 0.5075213749999999 0.6213391859375 0.50596480625 0.6175131953124999 0.5024151484375 0.5345166375 0.49369185781249997 0.5074723 0.49164051875
2 0.47586989687500003 0.6825045703125 0.4713894984375 0.685181190625 0.4730575328125 0.68928666875 0.49514189062499997 0.698685515625 0.5881016453125001 0.7123861390624999 0.598473409375 0.7134762546875 0.602953809375 0.710799634375 0.6031174109374999 0.7092430640625 0.599290534375 0.705701821875 0.4980356140625 0.6911293406250001 0.47897918125 0.68283136875 0.47586989687500003 0.6825045703125
1 0.5875597671875 0.7076078906250001 0.583732890625 0.704066646875 0.5816562921874999 0.7038483875 0.5554525234375001 0.7136673671875 0.5330929203125 0.7168212031250001 0.4996551875 0.71567165625 0.46195000156250005 0.6951969078125 0.44791584999999995 0.6890005640625 0.4434354515625 0.691677184375 0.44510348593750004 0.6957826625 0.49676146406250005 0.7232278328125 0.5343515062499999 0.7248223109375 0.5567111109375 0.721668475 0.56206059375 0.7206569640625 0.584029809375 0.71117554375 0.5861064078125 0.711393803125 0.5851559640625 0.7105027703125 0.5873961640625 0.709164459375 0.5875597671875 0.7076078906250001
1 0.6889844015625 0.78038498125 0.689148003125 0.7788284125 0.6853220125 0.7752787546875 0.682212728125 0.77495195625 0.6366244375 0.7795945171875001 0.569445209375 0.8000533171875001 0.5588578859375 0.791080225 0.5567812890625 0.790861965625 0.5523017734375 0.7935301734375 0.552138171875 0.79508674375 0.5635244453125 0.8065002015625 0.568546725 0.8086018296875 0.6400418671875 0.7870313921875 0.6845048859375 0.783053190625 0.6889844015625 0.78038498125
2 0.62174420625 0.40223245625 0.6179294390625001 0.398683978125 0.611699646875 0.39802919999999997 0.5437811546875 0.3956119734375 0.504983596875 0.3954643453125 0.49971635625 0.3956933640625 0.49524718125 0.398371165625 0.49508357968750005 0.39992773593750003 0.49889923124999996 0.40346780000000004 0.503052425 0.40390431875 0.542964028125 0.4033864078125 0.6171123140625 0.40645841093749996 0.6215806046875 0.403789025 0.62174420625 0.40223245625
2 0.629955203125 0.21440528749999999 0.626128328125 0.21086404218750002 0.5713948484375 0.202746421875 0.529487121875 0.2022804078125 0.49602087343749995 0.2113360703125 0.49274798750000004 0.212565840625 0.49026282656250003 0.21623479843750001 0.49408881875 0.21978445624999998 0.496165415625 0.220002715625 0.5349820328125 0.209927128125 0.5705768375 0.2105292703125 0.6253112015625 0.218638478125 0.6297916015625 0.2159618578125 0.629955203125 0.21440528749999999
0 0.6102022390624999 0.2963086734375 0.5908969984375 0.2957768140625 0.58819273125 0.30250222031249996 0.6010288109374999 0.3073561625 0.616878303125 0.3090220125 0.618176134375 0.303152590625 0.6102022390624999 0.2963086734375
1 0.6085763296875 0.2082281171875 0.60530344375 0.20945788906249999 0.590013315625 0.2251452328125 0.5833896828125 0.2582552359375 0.587215675 0.26180489375 0.589292271875 0.262023153125 0.593761446875 0.259345353125 0.6002214765625 0.22779191875000002 0.614304090625 0.213551425 0.61446769375 0.21199485468749998 0.6106529265625 0.20844637656249998 0.6085763296875 0.2082281171875
0 0.625605740625 0.2133526609375 0.6174865421875 0.20799918125 0.6126170421875 0.20347215 0.600974784375 0.20626372499999998 0.59948124375 0.21410317656250002 0.608209646875 0.22003109687500003 0.62273460625 0.22155773124999997 0.625605740625 0.2133526609375
1 0.6053988359375 0.39815809375 0.602115609375 0.3993782703125 0.56953228125 0.43998502031250003 0.5339219140625 0.4794824765625 0.5337583125 0.481039046875 0.5375739640625 0.48457911249999996 0.5429225625 0.4835760140625 0.5452450062499999 0.4814552109375 0.608642321875 0.40714194375 0.611291084375 0.40191641718750004 0.6074754328124999 0.398376353125 0.6053988359375 0.39815809375
0 0.5959265171875 0.71168584375 0.5957584234375 0.70065181875 0.5852880796875 0.6985560421875 0.5750130734375001 0.7009724046875 0.5713343703125 0.7105983078125 0.5697373625 0.7194221828125 0.578608415625 0.72388490625 0.58189695625 0.7117084796875 0.5959265171875 0.71168584375
1 0.5973073624999999 0.6347335000000001 0.6136604609375 0.608932659375 0.613905421875 0.6066020109375 0.61007854375 0.6030607671875 0.608001946875 0.6028425078125 0.60232614375 0.60695874375 0.5883880718750001 0.6298658859375 0.5701522640625 0.6436698625 0.552390815625 0.69291214375 0.552064496875 0.69601686875 0.5558904874999999 0.699566528125 0.5579558609374999 0.69978360625 0.562436259375 0.697106984375 0.5802781828125 0.647099040625 0.5940344750000001 0.6359632703125 0.5973073624999999 0.6347335000000001
0 0.6072113265625 0.4201090859375 0.6080965468749999 0.41168678124999997 0.6187768499999999 0.4053062953125 0.616267953125 0.39753956874999996 0.6017848296875 0.3955069203125 0.591013540625 0.3963824265625 0.5911958828125 0.4009102140625 0.5950905734374999 0.41481991718750005 0.6003920703125 0.4213914609375 0.6072113265625 0.4201090859375
1 0.63098153125 0.8033735140625 0.6254649484375 0.7760652125 0.61601073125 0.7562033671874999 0.604870303125 0.742450846875 0.585728128125 0.7050589828125 0.58070585 0.7029573546875 0.57622545 0.7056339765625 0.5760618484375 0.7071905453125 0.5960843312499999 0.7462487 0.60722564375 0.75999280625 0.61658639375 0.7806359640625 0.6213152515625 0.8055050781249999 0.6351382265625001 0.8336864171875 0.64016050625 0.83578804375 0.6446409046875 0.8331114234375001 0.6448045062500001 0.831554853125 0.63098153125 0.8033735140625
1 0.7125754078125001 0.40627527499999994 0.7084222125 0.40583875625 0.6254074796875 0.40733026875 0.604354925 0.3980483734375 0.599886634375 0.4007177609375 0.5997230328125001 0.40227433125 0.6045003515625 0.40670660625000005 0.6204362734375 0.41467660000000006 0.62458946875 0.41511311875 0.7117582812500001 0.4140497109375 0.7162274562500001 0.41137190781250005 0.7163901734375 0.40982375312499997 0.7125754078125001 0.40627527499999994
2 0.460222325 0.7814958390625 0.46005872343750004 0.783052409375 0.46387437499999995 0.786592475 0.489487803125 0.792432084375 0.5777516015625 0.8009263531249999 0.5822207749999999 0.798248553125 0.5823843765625 0.7966919828125001 0.5785687265624999 0.79315191875 0.49030492968750006 0.7846576484375001 0.4646915 0.7788180390624999 0.460222325 0.7814958390625
1 0.5992245421875 0.5067879937499999 0.5993881453125 0.5052314234375 0.6475282328125 0.46626826250000003 0.686240934375 0.4373135859375 0.690627865625 0.4354182765625 0.6920803390625 0.43164077812499996 0.6882543484375 0.4280911203125 0.6861777515624999 0.42787286093750004 0.68393755 0.4292111703125 0.6829871078124999 0.428320140625 0.672585059375 0.437452059375 0.642996759375 0.459496925 0.638609828125 0.461392234375 0.6349985140625 0.46573396562499997 0.5915725609375 0.49968867812499995 0.5901304265625 0.50347576875 0.5939573015625 0.5070170140625 0.598262875 0.5058957828125 0.5992245421875 0.5067879937499999
0 0.537506021875 0.8101286703125 0.5360628875 0.8174885281250001 0.5530545671875 0.814765803125 0.5640737421875001 0.8114238468750001 0.5690248015625 0.802433578125 0.5766240421875 0.7937301531250001 0.569662509375 0.7899955515625 0.5544239921874999 0.788887315625 0.553747475 0.7953239421875 0.5537854015625 0.8013337578125 0.5464185687499999 0.801563278125 0.537506021875 0.8101286703125
0 0.608425784375 0.605396571875 0.6024611375 0.5987638343749999 0.5950421312499999 0.599489775 0.5945251671875 0.5979297296875 0.5919395015625 0.5971560625000001 0.58827505 0.60027573125 0.5913530859375 0.6091060828125 0.59057221875 0.6165355484374999 0.5940003515625001 0.6284056125 0.601951796875 0.6352471703125 0.6079152203125 0.6293662203125 0.60982616875 0.6175554140624999 0.608425784375 0.605396571875
3 0.5390726828125 0.8495353781249999 0.536710346875 0.772240653125 0.53777331875 0.7621271562499999 0.555333 0.664919128125 0.5580716890625 0.5590671546875 0.5664420578125 0.42943500468750007 0.5706479 0.2797143484375 0.5807001421875 0.18407365 0.57783581875 0.1814162046875 0.5737648671875 0.18019719375 0.5682517812500001 0.182765275 0.5581995390625 0.2784059734375 0.553993696875 0.4281266296875 0.545623328125 0.5577587796875 0.5428846390625 0.6636107531250001 0.524261984375 0.770932278125 0.52605215625 0.8536707890624999 0.528916478125 0.8563282359375 0.532988315625 0.8575388328125 0.5385005171875 0.8549791640625 0.5390726828125 0.8495353781249999
1 0.5931105343749999 0.295448015625 0.5910451625 0.2952309359375 0.5865656484375 0.29789914375 0.586319803125 0.30023820625000003 0.597416153125 0.364295534375 0.594801171875 0.389175409375 0.5986271624999999 0.3927250671875 0.6007037609375 0.39294332656250003 0.6051729359375 0.390265525 0.607869275 0.364611571875 0.6010118609374999 0.330084653125 0.5969374109375 0.298989259375 0.5931105343749999 0.295448015625