1 0.587217484375 0.556552 0.5832835828125 0.553592 0.561599146875 0.5513760000000001 0.546823028125 0.553592 0.5113539453125 0.5521119999999999 0.50740938125 0.555072 0.50740938125 0.556552 0.5113539453125 0.559504 0.5359808109374999 0.560984 0.546823028125 0.560984 0.561599146875 0.5587679999999999 0.5832835828125 0.560984 0.587217484375 0.558024 0.587217484375 0.556552
2 0.444360340625 0.479656 0.44041577812500005 0.482616 0.44041577812500005 0.48409599999999997 0.444360340625 0.487048 0.48770788906250007 0.487048 0.523176971875 0.496664 0.5261300640625 0.496664 0.5300746265625 0.493704 0.5300746265625 0.49222400000000005 0.5241577828125 0.48852799999999996 0.4896801703125 0.479656 0.444360340625 0.479656
1 0.5990405125 0.461912 0.548795309375 0.47300000000000003 0.5152985078125 0.48779199999999995 0.5133262265625 0.49148800000000004 0.517260128125 0.49444 0.519232409375 0.49444 0.552739871875 0.479656 0.6020042640625001 0.469304 0.605938165625 0.466352 0.605938165625 0.464872 0.6020042640625001 0.461912 0.5990405125 0.461912
1 0.5349999999999999 0.322912 0.5576652453125 0.307384 0.5606183375 0.306648 0.561599146875 0.302952 0.5576652453125 0.299992 0.5556929640625 0.299992 0.552739871875 0.300736 0.54091684375 0.309608 0.5310554375 0.314784 0.5300746265625 0.317 0.5152985078125 0.33030400000000004 0.5054371 0.337704 0.5044562906250001 0.34140000000000004 0.508400853125 0.344352 0.5133262265625 0.34361600000000003 0.5143070359374999 0.34140000000000004 0.5349999999999999 0.322912
1 0.434498934375 0.399808 0.434498934375 0.401288 0.438443496875 0.40424 0.4896801703125 0.40941599999999995 0.5093816624999999 0.424208 0.5133262265625 0.424944 0.517260128125 0.42198399999999997 0.5162793171875 0.41903199999999996 0.49460554375 0.40275999999999995 0.438443496875 0.396848 0.434498934375 0.399808
1 0.5143070359374999 0.677064 0.466034115625 0.68224 0.442388059375 0.677064 0.42070362499999997 0.665976 0.4010021328125 0.660056 0.39705756875 0.663016 0.39902985 0.666712 0.414797440625 0.671888 0.4354904046875 0.682976 0.46504264375000004 0.689632 0.5133262265625 0.685192 0.5182515984375 0.6844560000000001 0.5221961625 0.681496 0.5221961625 0.680024 0.5182515984375 0.677064 0.5143070359374999 0.677064
1 0.5694882734375 0.65932 0.587217484375 0.65488 0.591162046875 0.6519280000000001 0.591162046875 0.650448 0.587217484375 0.647488 0.5842643921875 0.647488 0.5389445625 0.661536 0.5379530921875 0.663016 0.510373134375 0.677064 0.508400853125 0.677064 0.5093816624999999 0.6778 0.50740938125 0.68076 0.5113539453125 0.68372 0.5162793171875 0.682976 0.517260128125 0.681496 0.544850746875 0.667448 0.5694882734375 0.65932
1 0.508400853125 0.348792 0.510373134375 0.348792 0.5143070359374999 0.34583200000000003 0.5143070359374999 0.33992 0.510373134375 0.33696000000000004 0.508400853125 0.33696000000000004 0.5044562906250001 0.33992 0.5044562906250001 0.34583200000000003 0.508400853125 0.348792
1 0.5024840078125 0.56764 0.50740938125 0.5558080000000001 0.50740938125 0.553592 0.5034754796875001 0.550632 0.5015031984375 0.550632 0.4975586359375 0.553592 0.493614071875 0.5631999999999999 0.4453411515625 0.5631999999999999 0.41972281406249995 0.556552 0.41676972343749996 0.556552 0.412825159375 0.559504 0.412825159375 0.560984 0.4187420046875 0.56468 0.4433688703125 0.5706 0.49855010625 0.5706 0.5024840078125 0.56764
1 0.43351812343749996 0.470784 0.4295735609375 0.47374400000000005 0.4295735609375 0.475224 0.43351812343749996 0.47817600000000005 0.46898720625 0.482616 0.5113539453125 0.493704 0.5143070359374999 0.493704 0.5182515984375 0.490744 0.5182515984375 0.48926400000000003 0.5123347546875 0.48556800000000006 0.47095948749999994 0.475224 0.43351812343749996 0.470784
0 0.5012153515625 0.688608 0.50539445625 0.6897840000000001 0.514275053125 0.685872 0.5194989343749999 0.685088 0.5194989343749999 0.678808 0.5132409375 0.6737040000000001 0.502782515625 0.676848 0.5001599140625 0.682728 0.5012153515625 0.688608
2 0.5290938171875 0.41903199999999996 0.5024840078125 0.41607200000000005 0.476865671875 0.41533600000000004 0.453219615625 0.41680799999999996 0.44928571406250006 0.41976800000000003 0.44928571406250006 0.421248 0.453219615625 0.424208 0.49066098125 0.42272800000000005 0.5300746265625 0.42716000000000004 0.5340191890625 0.42716000000000004 0.5379530921875 0.424208 0.5379530921875 0.42272800000000005 0.5340191890625 0.41976800000000003 0.5290938171875 0.41903199999999996
0 0.50539445625 0.48819999999999997 0.5074840078125 0.49290399999999995 0.5121855015625 0.49525600000000003 0.5179317703125 0.4984 0.52315565 0.4984 0.5263006390625 0.493688 0.526823028125 0.48780799999999996 0.520021321875 0.483496 0.5116631125 0.483104 0.50539445625 0.48819999999999997
0 0.5090511734375001 0.6344879999999999 0.51271855 0.6317440000000001 0.5116631125 0.623504 0.5033049046875 0.622328 0.4938912578125 0.62508 0.4938912578125 0.63096 0.501737740625 0.632528 0.5090511734375001 0.6344879999999999
2 0.44829424375000004 0.623088 0.44829424375000004 0.624568 0.45223880625 0.6275280000000001 0.482782515625 0.629008 0.508400853125 0.6319600000000001 0.5133262265625 0.6319600000000001 0.517260128125 0.629008 0.517260128125 0.6275280000000001 0.5133262265625 0.624568 0.45223880625 0.620136 0.44829424375000004 0.623088
2 0.455191896875 0.6778 0.451247334375 0.68076 0.451247334375 0.68224 0.455191896875 0.685192 0.4729317703125 0.685192 0.52022388125 0.6844560000000001 0.5241577828125 0.681496 0.5241577828125 0.680024 0.52022388125 0.677064 0.4739125796875 0.677064 0.455191896875 0.6778
3 0.4817910453125 0.72364 0.48672707812500005 0.7266 0.49066098125 0.7258560000000001 0.493614071875 0.72364 0.4975586359375 0.67928 0.4975586359375 0.669672 0.49165245156250004 0.629744 0.48672707812500005 0.5802080000000001 0.49263326249999995 0.539544 0.5044562906250001 0.5070159999999999 0.5024840078125 0.459696 0.5054371 0.424208 0.5054371 0.40571999999999997 0.5034754796875001 0.370232 0.49855010625 0.331048 0.5034754796875001 0.280032 0.5005117265625 0.277816 0.496577825 0.277072 0.49165245156250004 0.280032 0.48672707812500005 0.322176 0.49165245156250004 0.370232 0.493614071875 0.406464 0.49066098125 0.459696 0.49263326249999995 0.5062719999999999 0.480810234375 0.5388080000000001 0.47489339062499997 0.579472 0.47883795312500005 0.6216079999999999 0.4857356078125 0.669672 0.4817910453125 0.72364
0 0.5242004265625 0.41956800000000005 0.5205437093749999 0.414464 0.5158422171875 0.413296 0.5095735609375 0.40740800000000005 0.5012153515625 0.41055200000000003 0.502260128125 0.41956800000000005 0.500682303125 0.42348800000000003 0.5074840078125 0.425056 0.50591684375 0.43016 0.5158422171875 0.43133600000000005 0.51636460625 0.42584 0.5221108734375 0.42584 0.5242004265625 0.41956800000000005
1 0.5951066093749999 0.383544 0.593134328125 0.383544 0.550767590625 0.40275999999999995 0.5133262265625 0.41680799999999996 0.510373134375 0.418288 0.508400853125 0.42198399999999997 0.5123347546875 0.424944 0.5143070359374999 0.424944 0.552739871875 0.41016 0.5941151390625 0.391672 0.5970682296875001 0.390192 0.5990405125 0.386496 0.5951066093749999 0.383544
0 0.5074840078125 0.3376 0.50591684375 0.34152 0.5116631125 0.346616 0.51271855 0.350936 0.5179317703125 0.350544 0.5221108734375 0.347008 0.523176971875 0.34420799999999996 0.5216950953125 0.34131999999999996 0.5158422171875 0.337208 0.5074840078125 0.3376
2 0.4955863546875 0.33843999999999996 0.48672707812500005 0.33843999999999996 0.450266525 0.34065599999999996 0.4463219609375 0.34361600000000003 0.4463219609375 0.34509599999999996 0.450266525 0.348048 0.49460554375 0.34583200000000003 0.519232409375 0.351008 0.5221961625 0.351008 0.5261300640625 0.348048 0.5261300640625 0.346576 0.519232409375 0.34287999999999996 0.4955863546875 0.33843999999999996
2 0.44139658906249996 0.548416 0.44139658906249996 0.549896 0.4453411515625 0.552848 0.450266525 0.553592 0.510373134375 0.5587679999999999 0.5162793171875 0.5587679999999999 0.52022388125 0.5558080000000001 0.52022388125 0.554328 0.5162793171875 0.5513760000000001 0.4453411515625 0.5454559999999999 0.44139658906249996 0.548416
1 0.5320469078125 0.617176 0.5320469078125 0.615696 0.5458422171875 0.602392 0.561599146875 0.5706 0.561599146875 0.568376 0.5576652453125 0.5654239999999999 0.5556929640625 0.5654239999999999 0.550767590625 0.5698559999999999 0.5389445625 0.595736 0.5310554375 0.605344 0.5221961625 0.61348 0.5024840078125 0.624568 0.5005117265625 0.624568 0.5015031984375 0.625312 0.49953091718750003 0.6282639999999999 0.5034754796875001 0.631224 0.508400853125 0.63048 0.5320469078125 0.617176
1 0.43056503125 0.624568 0.38030916875 0.614216 0.3763752671875 0.617176 0.3763752671875 0.618656 0.38228144999999997 0.622352 0.4295735609375 0.6319600000000001 0.4630703625 0.63344 0.4975586359375 0.63048 0.5015031984375 0.6275280000000001 0.5015031984375 0.626048 0.4975586359375 0.623088 0.4620895515625 0.626048 0.43056503125 0.624568
0 0.495458421875 0.553696 0.49911513906250005 0.559192 0.5038272921875 0.56428 0.508006396875 0.567424 0.5132409375 0.56664 0.514275053125 0.561144 0.51636460625 0.553696 0.5132409375 0.549776 0.5012153515625 0.550168 0.495458421875 0.553696