0 0.6097800125 0.603330684375 0.6101554515625 0.5992192921874999 0.60445355 0.5955328671875 0.59961800625 0.594755503125 0.5917933703125 0.5960488328125 0.5877838078125001 0.600045028125 0.5831035109375 0.6014878046875001 0.5800740734375001 0.6052797937500001 0.583537296875 0.609989534375 0.591816128125 0.6127495828125 0.5968441125 0.6115387546875 0.6027583203125 0.6113663828125 0.606438028125 0.6073932531249999 0.6097800125 0.603330684375
1 0.64129924375 0.6464174218750001 0.654376603125 0.621127796875 0.6542795734375 0.619740209375 0.6503971265625 0.6172229484375 0.648547934375 0.61735225625 0.6458761734375 0.61893345625 0.6336119109375 0.6427793875 0.5936420265625 0.695025640625 0.5918416140625 0.69585249375 0.59115433125 0.6993827203125 0.5950467734375 0.7018992828124999 0.598648128125 0.700253078125 0.5996159796875 0.7008788171875 0.59951895 0.6994912281250001 0.639498828125 0.6472442734375 0.64129924375 0.6464174218750001
0 0.5800327109375 0.710840571875 0.5818870328125 0.7138011390625 0.585980559375 0.7157458906249999 0.5887520328125 0.7153033640625 0.589543346875 0.7123989859375001 0.5912481515625 0.710923084375 0.59581991875 0.7102265390625 0.5993696296875 0.7089909515625 0.6037787828125001 0.7085545 0.6065911578125001 0.7062549734375 0.6064946453125 0.7024328453125 0.6079345953125 0.6996112421875 0.6115833953124999 0.6974944140625 0.6139059859375 0.6952291374999999 0.6124124265625001 0.6903892015624999 0.6083099843750001 0.6883169421875001 0.6042762171875 0.6873704546875 0.5980778234375 0.690517265625 0.5966614156250001 0.69396280625 0.5916423453124999 0.6953011421874999 0.5877250843749999 0.6981753828125 0.58402806875 0.7019009953124999 0.5808806296875 0.7064474140625 0.5800327109375 0.710840571875
2 0.553099078125 0.20817158125000002 0.548481096875 0.208494503125 0.5154679421874999 0.21428517343750003 0.479578971875 0.21888256875 0.43990650468750003 0.235592940625 0.43829962499999997 0.239187471875 0.44219206875 0.24170403281250002 0.44403126562499995 0.2415754234375 0.4809937140625 0.22575550937500002 0.5535837031249999 0.21510202656250002 0.55707855625 0.2120764328125 0.5569815265625 0.2106888421875 0.553099078125 0.20817158125000002
1 0.5017533515625 0.6687172515625 0.5034567359375 0.6665028078125 0.5185299671875 0.656396659375 0.5576213046875 0.631375753125 0.5594704968750001 0.6312464453125 0.5996849625 0.6089282125000001 0.60129184375 0.6053336828125 0.5973994 0.6028171203125 0.5955502078125 0.602946428125 0.5535447984374999 0.6260833140625001 0.55169560625 0.6262126218749999 0.5446481765625 0.6315819687500001 0.5276775 0.6411273796875 0.525973590625 0.6433343218750001 0.510900884375 0.6534479703125 0.4939784609375 0.6636834265625 0.49494683593750005 0.6643166671875 0.49329117812499995 0.6672136531249999 0.497183621875 0.669730215625 0.5017533515625 0.6687172515625
1 0.600334203125 0.51206049375 0.6448755625 0.485256575 0.662824609375 0.47634370156249994 0.673909765625 0.475568553125 0.6774040921875 0.47253545781249995 0.6773070625 0.47114786718749996 0.673425140625 0.4686381078125 0.6604907921875001 0.469542565625 0.6389503875 0.48010094218750005 0.6381178234375 0.48155353593749994 0.5944572828125 0.5075949078125 0.5728672265625 0.5042280906250001 0.5700984375 0.504421703125 0.5665935875 0.5074479968750001 0.5666906171874999 0.5088355859375 0.573400103125 0.5118485796875001 0.5940123125000001 0.5145903546875 0.599511634375 0.5135123875 0.600334203125 0.51206049375
1 0.569536990625 0.4034555203125 0.5676877984375001 0.40358482812499996 0.5641346984375 0.405921078125 0.5415723859375 0.454869821875 0.523908621875 0.507651609375 0.5240539046875 0.5097292437500001 0.5279463484375 0.5122458062499999 0.529795540625 0.5121164968749999 0.5341224328124999 0.5076308093749999 0.55167916875 0.45346213124999996 0.5735747156250001 0.4080497171875 0.5734294328125 0.4059720828125 0.569536990625 0.4034555203125
0 0.57234075625 0.5135054593749999 0.57321603125 0.516542025 0.5734142859375 0.5193772078125 0.5732805578125 0.5223486625 0.5757694171875001 0.524903075 0.57975961875 0.5253702312499999 0.58660468125 0.5241454 0.5886624140625 0.5205344171874999 0.589224009375 0.5167868640625 0.5877986328125 0.5129219921875 0.5880906875 0.5100600609375 0.5912286859375 0.505378634375 0.5896008953125 0.5009174062499999 0.5816624171875 0.500726340625 0.5781835421875 0.502831284375 0.5749049765625001 0.50306054375 0.5721481796875 0.5012710453125 0.5680745921875 0.50205335 0.56410540625 0.5041850453125 0.5649701609375 0.507214809375 0.5685828171875 0.5093213171875 0.57183886875 0.5110683671875 0.57234075625 0.5135054593749999
1 0.7182798296875 0.5790412968750001 0.68409476875 0.5814317499999999 0.648118765625 0.5846408546874999 0.58534639375 0.60296653125 0.58184154375 0.605992825 0.5819385734375 0.6073804125 0.58583101875 0.6098969750000001 0.58859980625 0.6097033625 0.6495235125 0.591514496875 0.718764453125 0.5859717421874999 0.7222587828125 0.582938646875 0.722162278125 0.5815585578125 0.7182798296875 0.5790412968750001
1 0.5807523890625 0.2452426625 0.576425496875 0.2497283515625 0.567956646875 0.274703253125 0.5530300953125 0.3001221859375 0.5523428125 0.3036524125 0.55623525625 0.3061689734375 0.5607562078125 0.3044584640625 0.578073428125 0.27329486406250003 0.5866393046875 0.24970754999999997 0.5864940234375 0.2476299171875 0.58260158125 0.2451133546875 0.5807523890625 0.2452426625
1 0.5922141671875 0.541880009375 0.5768079234375 0.507434696875 0.5729154796875 0.504918134375 0.5710662890625 0.5050474421875 0.567571959375 0.5080805374999999 0.5677172421875001 0.5101581703125 0.5840918609375 0.5452367234375 0.6092760671875 0.573428334375 0.6276437640625 0.5972200625 0.6296382390625 0.5991683875 0.6343532515625 0.6002330546875 0.6378575750000001 0.5971992609375001 0.6377610687499999 0.5958191734375 0.6184150015625 0.5713949046875 0.5922141671875 0.541880009375
2 0.50079850625 0.6019143625 0.49729365625 0.6049406562499999 0.4973906859375 0.6063282453125 0.50128313125 0.6088448078125 0.535845790625 0.611997909375 0.5979327999999999 0.6104451109375 0.6071687640625 0.60979926875 0.6106730890625001 0.606765475 0.610576059375 0.605377884375 0.606684140625 0.6028688234375 0.536290759375 0.6050024609375 0.50079850625 0.6019143625
0 0.5396282953125 0.2182109 0.54652711875 0.2239315671875 0.5560258421875 0.2246014296875 0.555747865625 0.2206261734375 0.5488529343749999 0.206486228125 0.5424510171875 0.1993967375 0.536045209375 0.20072652343750003 0.5338161203125 0.21108017031249998 0.5396282953125 0.2182109
1 0.6051153015625 0.6998008484375 0.6067121859375 0.6962070171875 0.6028297390625 0.69368975625 0.60006095 0.69388336875 0.5702529546874999 0.7057208265625 0.5232788296875001 0.711093371875 0.48011011249999996 0.7175941890625 0.4746113140625 0.7186796578125 0.471116459375 0.721705253125 0.47121348906250005 0.7230928421875 0.4750959375 0.7256101015625 0.4797139203125 0.7252871812499999 0.512727075 0.719496509375 0.5725867703125 0.7125219640625 0.6051153015625 0.6998008484375
1 0.5830716890625001 0.0925359578125 0.5812224968749999 0.092665265625 0.5768950796875 0.09714345468749999 0.558698440625 0.142304753125 0.5385095984375 0.21198052500000003 0.53865488125 0.214058159375 0.5425473234375 0.216574721875 0.544396515625 0.2164454140625 0.5478908453125 0.21341231875000002 0.566482803125 0.1473303765625 0.5871094140625 0.0971301546875 0.5869636078125 0.09504501875 0.5830716890625001 0.0925359578125
3 0.573209475 0.7480010421875 0.576124071875 0.7498925625 0.5798707078125 0.7503239921875 0.5842946312499999 0.74722589375 0.5848266359375 0.7416187328125 0.58620560625 0.68161698125 0.583683534375 0.632334515625 0.5787334125 0.601333625 0.5747588671875 0.544494975 0.5415781890625 0.415163671875 0.5378043796875 0.33462170156250004 0.530567821875 0.28428206875 0.52799169375 0.274015709375 0.5116653265625 0.2396272 0.5098779171875 0.17427690468749998 0.5069638453125 0.172392884375 0.503216684375 0.17195395625 0.49879276250000004 0.1750520546875 0.5006289484375 0.2410998953125 0.51807844375 0.278191078125 0.526768 0.33609439375 0.5305412859375 0.416628865625 0.5637224890625 0.5459676703125 0.5676482578125001 0.602108775 0.572598378125 0.6331096656249999 0.574052775 0.6539085015625 0.5754024171875 0.6997832453124999 0.573209475 0.7480010421875
0 0.5769094484374999 0.4133638765625 0.5831605343749999 0.4098214484375 0.5802351828125001 0.40159946875 0.5736966484375 0.40117483906249995 0.55986026875 0.40612952968749993 0.5585022687500001 0.41199041562499994 0.5658266421875 0.4154654015625 0.5769094484374999 0.4133638765625
0 0.5379123203125 0.31188962343750004 0.54523669375 0.3153646109375 0.5550228625 0.32000152656249997 0.5604956953125 0.322279446875 0.5684546453125 0.317735746875 0.5736185546875 0.31559588125000004 0.5634726171875 0.305670425 0.556291921875 0.3043937796875 0.5415574046875 0.304979425 0.5379123203125 0.31188962343750004
2 0.5903707796875 0.5023031671875 0.576516834375 0.503271928125 0.5120491515625 0.5105686984375 0.48885221718749994 0.5107964109375 0.4853478921875 0.5138302046875001 0.485444921875 0.5152177953125 0.48933684062499994 0.51772685625 0.5134533734375 0.5174348375 0.530908671875 0.5148198703125 0.590855928125 0.5092411125 0.594360253125 0.50620731875 0.5942632234375 0.5048197296875 0.5903707796875 0.5023031671875
2 0.5721324531249999 0.30784608125 0.568240009375 0.30532951875 0.564551621875 0.30558743593750004 0.50139113125 0.31836275625 0.4627821484375 0.3238513078125 0.4592872953125 0.326876903125 0.459384325 0.32826449062499996 0.463266771875 0.330781753125 0.468814346875 0.330393828125 0.502795353125 0.3252288953125 0.5650850234375 0.3132154265625 0.5687246328125 0.3122599640625 0.5722294828125001 0.3092336703125 0.5721324531249999 0.30784608125
2 0.5749775406250001 0.40168070624999996 0.52899178125 0.4076850921875 0.47633479375 0.41136722812500004 0.47283046874999995 0.414401021875 0.472926975 0.415781109375 0.4768194171875 0.4182976734375 0.5294764062499999 0.4146155375 0.5837785296875 0.40802961406250005 0.5872833796875 0.4050033203125 0.58718635 0.40361573125000005 0.58329390625 0.4010991703125 0.5749775406250001 0.40168070624999996
1 0.5496724484375 0.3184687640625 0.544763903125 0.31463641875000004 0.5429147109375 0.3147657265625 0.5394098625 0.3177920203125 0.53955566875 0.319877153125 0.55656879375 0.350727934375 0.5698352812499999 0.38114728750000004 0.574397284375 0.406597821875 0.578289728125 0.40911438437500003 0.5801389203125 0.4089850765625 0.5836332484375 0.40595198125 0.5790224671875001 0.3798039015625 0.5678962609375 0.3534180078125 0.5496724484375 0.3184687640625
1 0.46803863437500004 0.319300615625 0.46453431093750003 0.322334409375 0.464631340625 0.323722 0.46852325781250004 0.3262310609375 0.4749904328125 0.32577883281250003 0.5503979875 0.31562928125 0.5539028375 0.3126029875 0.5538058078125 0.3112153984375 0.5499133640625 0.3086988375 0.543446190625 0.309151065625 0.46803863437500004 0.319300615625
1 0.5221465875 0.097489675 0.5202973953125001 0.0976189828125 0.5168030671875 0.10065207812500002 0.5169971265625 0.10342725625 0.5340513015624999 0.1614390828125 0.5377835359375001 0.21481250937500002 0.5416659828125 0.21732977031249998 0.5435151734375 0.2172004625 0.5470195 0.2141666671875 0.5432390125000001 0.16010319687500002 0.5271526875 0.102717109375 0.5260390312500001 0.1000062359375 0.5221465875 0.097489675
2 0.6120657031250001 0.693043915625 0.5615002171875 0.7000619640625 0.535583271875 0.7011808359375 0.5244010859375 0.7005683953124999 0.5037406234375 0.6971365765625 0.5002363 0.7001703703125 0.5003328046875 0.7015504578125 0.504225246875 0.7040670203125 0.5267831546874999 0.7080595781250001 0.5360678953125 0.7081112796875 0.5629044390625 0.7069281046875 0.6061319296875001 0.7011241328125 0.6125503265625001 0.699974359375 0.6160546515624999 0.6969405640625 0.615958146875 0.6955604765625 0.6120657031250001 0.693043915625