1 0.5984417046875 0.5098400671875 0.5943049328125001 0.5067255890625 0.5715022421875 0.5043939390625 0.555964125 0.5067255890625 0.51866591875 0.50516835 0.5145179375 0.508282828125 0.5145179375 0.5098400671875 0.51866591875 0.5129461281250001 0.5445627796875 0.5145033671875 0.555964125 0.5145033671875 0.5715022421875 0.5121717171875 0.5943049328125001 0.5145033671875 0.5984417046875 0.5113888890625 0.5984417046875 0.5098400671875
2 0.44821748906250003 0.4289309765625 0.44406950624999997 0.4320454546875 0.44406950624999997 0.43360269375 0.44821748906250003 0.43670875468750003 0.4938004484375 0.43670875468750003 0.5310986546875001 0.44682659999999996 0.5342040359375 0.44682659999999996 0.5383520171875 0.443712121875 0.5383520171875 0.44215488281250004 0.5321300453125 0.43826599374999997 0.4958744390625 0.4289309765625 0.44821748906250003 0.4289309765625
1 0.6108744390624999 0.4102609421875 0.5580381171875 0.42192760937499996 0.5228139015625 0.4374915828125 0.5207399109375 0.44138047187499996 0.5248766812500001 0.44448653125000004 0.526950671875 0.44448653125000004 0.5621860984375 0.4289309765625 0.61399103125 0.4180387203125 0.6181278031249999 0.41493265937499996 0.6181278031249999 0.4133754203125 0.61399103125 0.4102609421875 0.6108744390624999 0.4102609421875
1 0.543531390625 0.264006734375 0.5673654703125 0.24766835 0.5704708515625 0.2468939390625 0.5715022421875 0.24300505 0.5673654703125 0.239890571875 0.5652914796874999 0.239890571875 0.5621860984375 0.2406734 0.5497533625 0.2500084171875 0.5393834078124999 0.2554545453125 0.5383520171875 0.2577861953125 0.5228139015625 0.2717845125 0.5124439468750001 0.2795707078125 0.51141255625 0.2834595953125 0.5155605375000001 0.28656565624999997 0.5207399109375 0.2857912453125 0.5217712999999999 0.2834595953125 0.543531390625 0.264006734375
1 0.437847534375 0.344915825 0.437847534375 0.3464730640625 0.44199551562500006 0.349579125 0.4958744390625 0.355025253125 0.516591928125 0.370589225 0.5207399109375 0.3713636359375 0.5248766812500001 0.3682491578125 0.5238452921875 0.365143096875 0.5010538109375 0.3480218859375 0.44199551562500006 0.34180134687499997 0.437847534375 0.344915825
1 0.5217712999999999 0.6366414140625001 0.47100896875 0.6420875421875001 0.4461434984375 0.6366414140625001 0.42334080781249994 0.624974746875 0.40262331875 0.618745790625 0.3984753359375 0.62186026875 0.400549328125 0.6257491578125001 0.41713004531250003 0.6311952859375001 0.43889013437499996 0.6428619531249999 0.4699663671875 0.6498653203125 0.5207399109375 0.645193603125 0.5259192828125 0.6444191921875 0.5300672640624999 0.6413047140625 0.5300672640624999 0.6397558921875001 0.5259192828125 0.6366414140625001 0.5217712999999999 0.6366414140625001
1 0.57979820625 0.6179713812500001 0.5984417046875 0.6132996640624999 0.6025896859375 0.610193603125 0.6025896859375 0.6086363640625 0.5984417046875 0.6055218859375 0.5953363234375 0.6055218859375 0.5476793718749999 0.6203030296875001 0.546636771875 0.62186026875 0.5176345296875 0.6366414140625001 0.5155605375000001 0.6366414140625001 0.516591928125 0.6374158249999999 0.5145179375 0.640530303125 0.51866591875 0.64364478125 0.5238452921875 0.6428619531249999 0.5248766812500001 0.6413047140625 0.553890134375 0.6265235687499999 0.57979820625 0.6179713812500001
1 0.5155605375000001 0.2912373734375 0.5176345296875 0.2912373734375 0.5217712999999999 0.2881228953125 0.5217712999999999 0.28190235625 0.5176345296875 0.278787878125 0.5155605375000001 0.278787878125 0.51141255625 0.28190235625 0.51141255625 0.2881228953125 0.5155605375000001 0.2912373734375
1 0.509338565625 0.5215067343750001 0.5145179375 0.5090572390625 0.5145179375 0.5067255890625 0.510381165625 0.5036111109375 0.508307175 0.5036111109375 0.5041591921874999 0.5067255890625 0.5000112109375 0.5168350171875 0.44924887968749994 0.5168350171875 0.42230941718750004 0.5098400671875 0.41920403593750005 0.5098400671875 0.415056053125 0.5129461281250001 0.415056053125 0.5145033671875 0.42127802656249996 0.5183922562500001 0.4471748875 0.5246212124999999 0.50520179375 0.5246212124999999 0.509338565625 0.5215067343750001
1 0.43681614375000005 0.41959595937499994 0.4326681609375 0.4227104375 0.4326681609375 0.42426767656250003 0.43681614375000005 0.42737373749999996 0.47411434999999996 0.4320454546875 0.51866591875 0.443712121875 0.5217712999999999 0.443712121875 0.5259192828125 0.44059764375 0.5259192828125 0.4390404046875 0.5196973093749999 0.435151515625 0.476188340625 0.42426767656250003 0.43681614375000005 0.41959595937499994
0 0.508004484375 0.648787878125 0.512399103125 0.650025253125 0.5217376687499999 0.645909090625 0.5272309421875 0.645084175 0.5272309421875 0.63847643125 0.5206502234375 0.6331060609375 0.509652465625 0.6364141421875 0.50689461875 0.6426010093750001 0.508004484375 0.648787878125
2 0.537320628125 0.365143096875 0.509338565625 0.36202861875000003 0.482399103125 0.361254209375 0.45753363281250004 0.3628030296875 0.4533968609375 0.3659175078125 0.4533968609375 0.36747474687500004 0.45753363281250004 0.370589225 0.49690582968749997 0.36903198593750003 0.5383520171875 0.3736952859375 0.5425 0.3736952859375 0.546636771875 0.370589225 0.546636771875 0.36903198593750003 0.5425 0.3659175078125 0.537320628125 0.365143096875
0 0.512399103125 0.437920875 0.5145964125 0.4428703703125 0.519540359375 0.4453451171875 0.525582959375 0.44865319843749996 0.5310762328124999 0.44865319843749996 0.5343834078125 0.4436952859375 0.5349327359375 0.4375084171875 0.5277802687500001 0.43297138124999995 0.51899103125 0.432558921875 0.512399103125 0.437920875
0 0.5162443953125 0.5918434343750001 0.520100896875 0.5889562296874999 0.51899103125 0.5802861953125 0.5102017937500001 0.5790488218750001 0.500302690625 0.58194444375 0.500302690625 0.5881313125000001 0.5085538109375001 0.5897811453124999 0.5162443953125 0.5918434343750001
2 0.452354259375 0.579848484375 0.452354259375 0.5814057234375001 0.45650224218749996 0.5845202015625001 0.4886210765625 0.586077440625 0.5155605375000001 0.5891835015625 0.5207399109375 0.5891835015625 0.5248766812500001 0.586077440625 0.5248766812500001 0.5845202015625001 0.5207399109375 0.5814057234375001 0.45650224218749996 0.5767424250000001 0.452354259375 0.579848484375
2 0.45960762343750006 0.6374158249999999 0.455459640625 0.640530303125 0.455459640625 0.6420875421875001 0.45960762343750006 0.645193603125 0.47826233125 0.645193603125 0.5279932734375 0.6444191921875 0.5321300453125 0.6413047140625 0.5321300453125 0.6397558921875001 0.5279932734375 0.6366414140625001 0.47929372187499997 0.6366414140625001 0.45960762343750006 0.6374158249999999
3 0.487578475 0.6856481484375 0.4927690578125 0.6887626265625 0.49690582968749997 0.6879797984375 0.5000112109375 0.6856481484375 0.5041591921874999 0.6389730640625 0.5041591921874999 0.6288636359375 0.49794843125000005 0.5868518515625001 0.4927690578125 0.5347306390625 0.4989798203125 0.49194444375 0.51141255625 0.4577188546875 0.509338565625 0.4079292921875 0.5124439468750001 0.370589225 0.5124439468750001 0.3511363640625 0.510381165625 0.313796296875 0.50520179375 0.272567340625 0.510381165625 0.21888888906249998 0.5072645734375001 0.2165572390625 0.503127803125 0.2157744109375 0.49794843125000005 0.21888888906249998 0.4927690578125 0.26323232343749997 0.49794843125000005 0.313796296875 0.5000112109375 0.3519191921875 0.49690582968749997 0.4079292921875 0.4989798203125 0.4569360265625 0.48654708593749996 0.49117003437499995 0.4803251125 0.5339562296875 0.48447309375 0.5782912453125 0.49172645781249996 0.6288636359375 0.487578475 0.6856481484375
0 0.5321748875 0.3657070703125 0.528329596875 0.3603367 0.52338565 0.35910774375 0.516793721875 0.35291245781249997 0.508004484375 0.3562205390625 0.5091031390625 0.3657070703125 0.5074439468749999 0.36983164999999996 0.5145964125 0.37148148124999997 0.51294843125 0.3768518515625 0.52338565 0.378089225 0.523934978125 0.372306396875 0.529977578125 0.372306396875 0.5321748875 0.3657070703125
1 0.60673766875 0.32780302968749997 0.6046636765625 0.32780302968749997 0.5601121078125 0.3480218859375 0.5207399109375 0.3628030296875 0.5176345296875 0.36436026875 0.5155605375000001 0.3682491578125 0.5196973093749999 0.3713636359375 0.5217712999999999 0.3713636359375 0.5621860984375 0.35580808125 0.6056950671875 0.33635521874999996 0.6088004484375 0.33479797968749997 0.6108744390624999 0.33090909062499996 0.60673766875 0.32780302968749997
0 0.5145964125 0.2794612796875 0.51294843125 0.2835858578125 0.51899103125 0.2889478109375 0.520100896875 0.293493265625 0.525582959375 0.2930808078125 0.529977578125 0.28936026875 0.5310986546875001 0.2864141421875 0.529540359375 0.28337542031249996 0.52338565 0.279048821875 0.5145964125 0.2794612796875
2 0.5020852015624999 0.2803451171875 0.4927690578125 0.2803451171875 0.45442825156250005 0.2826767671875 0.45028026875 0.2857912453125 0.45028026875 0.287348484375 0.45442825156250005 0.2904545453125 0.5010538109375 0.2881228953125 0.526950671875 0.2935690234375 0.5300672640624999 0.2935690234375 0.5342040359375 0.2904545453125 0.5342040359375 0.2889057234375 0.526950671875 0.285016834375 0.5020852015624999 0.2803451171875
2 0.445100896875 0.5012794609375 0.445100896875 0.5028367 0.44924887968749994 0.5059427609375 0.45442825156250005 0.5067255890625 0.5176345296875 0.5121717171875 0.5238452921875 0.5121717171875 0.5279932734375 0.5090572390625 0.5279932734375 0.5075000000000001 0.5238452921875 0.5043939390625 0.44924887968749994 0.4981649828125 0.445100896875 0.5012794609375
1 0.540426009375 0.5736279468750001 0.540426009375 0.5720707078125 0.5549327359375 0.558072390625 0.5715022421875 0.5246212124999999 0.5715022421875 0.5222811453125 0.5673654703125 0.519175084375 0.5652914796874999 0.519175084375 0.5601121078125 0.5238383843750001 0.5476793718749999 0.5510690234375 0.5393834078124999 0.5611784515625 0.5300672640624999 0.5697390578125 0.509338565625 0.5814057234375001 0.5072645734375001 0.5814057234375001 0.508307175 0.5821885515624999 0.506233184375 0.5852946125 0.510381165625 0.588409090625 0.5155605375000001 0.5876262624999999 0.540426009375 0.5736279468750001
1 0.43371076249999996 0.5814057234375001 0.380863228125 0.57051346875 0.37672645781249997 0.5736279468750001 0.37672645781249997 0.5751851859375 0.3829372203125 0.5790740734375001 0.4326681609375 0.5891835015625 0.4678923765625 0.590740740625 0.5041591921874999 0.5876262624999999 0.508307175 0.5845202015625001 0.508307175 0.5829629625 0.5041591921874999 0.579848484375 0.4668609859375 0.5829629625 0.43371076249999996 0.5814057234375001
0 0.501950671875 0.5068350171875 0.5057959640624999 0.5126178453125 0.5107511203125 0.51797138125 0.515145740625 0.5212794609375 0.5206502234375 0.5204545453125 0.5217376687499999 0.5146717171875 0.523934978125 0.5068350171875 0.5206502234375 0.5027104375 0.508004484375 0.5031228953125 0.501950671875 0.5068350171875