1 0.5882505921875001 0.3829054703125 0.5838062390625 0.3808612671875 0.5796989328125 0.3831232046875 0.580241665625 0.3860386609375 0.600998725 0.406681571875 0.6129201703125 0.42963553125000004 0.6219522875 0.4528893796875 0.6263966390625 0.454933584375 0.6305039484375 0.452671646875 0.6300685515625 0.4490653171875 0.6237652359375 0.4332852546875 0.60974603125 0.4050717453125 0.5882505921875001 0.3829054703125
1 0.62615364375 0.5307746234375 0.623371653125 0.5303836390625001 0.59317598125 0.543159653125 0.5589362343750001 0.5511162125 0.556589640625 0.5543315578125 0.5599043203125 0.5576365875 0.5617623296875001 0.5578977125 0.5969361015625 0.550072425 0.61716754375 0.540860759375 0.62805575625 0.53742626875 0.6272290671875 0.536604125 0.62947836875 0.5340810640625 0.62615364375 0.5307746234375
1 0.5865445015625 0.2535980671875 0.579952071875 0.2938013171875 0.5885487921875 0.3134488359375 0.5929931453124999 0.315493040625 0.597100453125 0.313231103125 0.5972961 0.311839009375 0.5893293625 0.2944132515625 0.5958345421875 0.254903696875 0.59250981875 0.2515972578125 0.5906518109375 0.25133613125 0.5865445015625 0.2535980671875
0 0.5731042046875 0.38195082343750003 0.5752156078125 0.38929947343750004 0.580634090625 0.392938540625 0.5885171359375 0.39142977968750003 0.595916403125 0.3809748328125 0.5885469156250001 0.376278878125 0.5808628046875 0.37389445781249997 0.5732234046875 0.376220153125 0.5731042046875 0.38195082343750003
2 0.525474665625 0.3648670625 0.5213784578125 0.36712288437499996 0.5211828125 0.3685149796875 0.52449749375 0.3718200078125 0.5449154953125 0.3746895703125 0.589228721875 0.3894272578125 0.5920107125 0.38981824062500003 0.5961180203125 0.3875563046875 0.5963136671875 0.3861642109375 0.5903042468749999 0.3817745015625 0.5468266921875 0.36786789375 0.525474665625 0.3648670625
1 0.5408078109375001 0.498215171875 0.48854086093750004 0.49299507968749995 0.48443355468749993 0.495257015625 0.4842379078125 0.496649109375 0.48756263125 0.49995554999999997 0.49591864531249996 0.5011299109375 0.5118922953125 0.5019552703125 0.561182665625 0.5081689500000001 0.5652889156249999 0.5059145375 0.5654845625 0.50452244375 0.5621598375 0.5012160031249999 0.5408078109375001 0.498215171875
1 0.6479913875000001 0.48987478281249996 0.6688528140625001 0.48288487812499997 0.6707108234375 0.48314600468749996 0.6698751484375001 0.482314925 0.67212445 0.4797918640625 0.6688087109375 0.476494359375 0.666950703125 0.47623323281249996 0.6442302093750001 0.4829695359375 0.6420792625 0.4847927890625 0.6151642109375 0.49448472499999996 0.5928891578125 0.50482876875 0.586000915625 0.506692196875 0.5868265453125 0.5075218640625 0.5845772453125 0.5100449265625 0.5879030281250001 0.5133438421875 0.5926403203125 0.513303665625 0.59479126875 0.5114804140625 0.6479913875000001 0.48987478281249996
0 0.560230228125 0.664627428125 0.5594228421875 0.657983840625 0.5560813265625 0.6520276968750001 0.54886441875 0.6512743249999999 0.5392999296875 0.652285875 0.5360288046874999 0.6557396140625 0.540117359375 0.6589308734375 0.5469118953125001 0.6601390078125 0.549256075 0.66335368125 0.5524010015624999 0.668230934375 0.5555021546875001 0.6710148499999999 0.56017383125 0.6724617796875 0.5620901671875 0.6688099640625 0.560230228125 0.664627428125
1 0.5572192484375 0.6778169828125 0.5556091203125 0.655606225 0.5522843984375 0.6522997859374999 0.5504263890625001 0.6520386593749999 0.5463190796874999 0.6543005953125001 0.5459277874999999 0.6570847859375 0.5480376031249999 0.6758129562499999 0.535184903125 0.7066341859375 0.5253108953125001 0.7364467796875 0.5249196031250001 0.7392309671875 0.5282443265625 0.7425374078125 0.5301023359375 0.742798534375 0.5341995984375 0.7405351859375 0.542856684375 0.7126771140625 0.5572192484375 0.6778169828125
1 0.508479740625 0.3646041296875 0.50828409375 0.365996225 0.5115987734375 0.369301253125 0.552098690625 0.384208971875 0.5838503421875 0.3872517859375 0.5879576515625 0.38498985 0.588152240625 0.38360527968749997 0.584827515625 0.3802988390625 0.5540098890625 0.37738729531250004 0.5125770046875 0.36234078125 0.508479740625 0.3646041296875
1 0.6965129390625 0.2860728625 0.693188215625 0.2827664203125 0.6913302078125 0.2825052953125 0.6039877375 0.2978929421875 0.6037920921875 0.2992850359375 0.5901570078125 0.30871012656249996 0.5887444375 0.3120567421875 0.5920691625 0.3153631828125 0.5959707812499999 0.3144919296875 0.5968064546875 0.3153230078125 0.5970021015625 0.3139309125 0.6097042171875 0.304367028125 0.6941663453125 0.289288209375 0.6965129390625 0.2860728625
2 0.506848671875 0.5984001359375 0.5066530265625 0.59979223125 0.50997775 0.603098671875 0.5337215343749999 0.60926715 0.560887334375 0.6180497828125 0.563669325 0.6184407671875001 0.5677755765625 0.6161863546874999 0.5679712234375 0.6147942609375 0.5619618015625 0.610404553125 0.5109549234374999 0.596145725 0.506848671875 0.5984001359375
0 0.555222409375 0.5489751671875001 0.550501328125 0.55276226875 0.5521465859375 0.5584723484375 0.556071225 0.5626841609375 0.560718046875 0.5643808203125 0.5648078890625 0.5626075312500001 0.566463775 0.5557806656250001 0.5660146640625 0.5515431828125 0.5626799109375 0.5479437421875 0.555222409375 0.5489751671875001
0 0.5837324890625 0.499950703125 0.5749598703125 0.500283178125 0.568784184375 0.5020318921875 0.5677685218749999 0.5068538796875 0.57163129375 0.51157879375 0.576375940625 0.5125065078125 0.58608296875 0.5154361296875 0.592786671875 0.5148128859375001 0.5960510328125 0.50900244375 0.596825040625 0.5059727765625001 0.59208168125 0.5000805140625 0.5837324890625 0.499950703125
2 0.5319674125 0.4331525515625 0.5278712062500001 0.435408375 0.527675559375 0.4368004703125 0.5309902390625 0.4401054984375 0.544920278125 0.44206323750000004 0.5878099359375 0.4466713953125 0.5919172453125 0.444409459375 0.5921128906249999 0.443017365625 0.588787109375 0.43971845 0.5748671140625 0.43776212187499997 0.5319674125 0.4331525515625
1 0.6220429890625 0.6273582828125 0.5939532046875 0.6184457906249999 0.56093048125 0.61096556875 0.5568332171875 0.6132289156249999 0.5566375703124999 0.614621009375 0.559953309375 0.6179185140625 0.56449495625 0.619270434375 0.59205205 0.6252688796875 0.620141834375 0.6341813703125 0.653458553125 0.6395696890625 0.6575648046875 0.6373152765625 0.6577604499999999 0.6359231828125 0.6544357265625 0.6326167421875 0.6220429890625 0.6273582828125
0 0.5639997703125 0.605595790625 0.5614377359375 0.6039312328124999 0.5562797015625 0.603467215625 0.5507880171874999 0.6053043875 0.54676098125 0.6091813578124999 0.5474426359375 0.6142418890625 0.550084403125 0.6177439375 0.554540340625 0.62072593125 0.5606171421874999 0.6197536859375 0.5628649078125 0.6161484500000001 0.5634604203125 0.60943345625 0.5639997703125 0.605595790625
2 0.5210208515625 0.49755984375000006 0.5208252046874999 0.4989519390625 0.5241499296875001 0.502258378125 0.5510659375 0.5060411765625 0.5944010343749999 0.5142570765625 0.598507284375 0.5120026656250001 0.59870293125 0.510610571875 0.59537820625 0.50730413125 0.5529771343750001 0.4992195 0.5251271015625 0.4953054328125 0.5210208515625 0.49755984375000006
1 0.48814526718750006 0.57662625625 0.490341375 0.5811859984375001 0.5010880875 0.5855355296875 0.551890234375 0.614659775 0.55374824375 0.6149209015625 0.5578555515625 0.612658965625 0.5564861296875 0.608921365625 0.5538997859375 0.6071382875 0.5101283359375001 0.5818413234375 0.4922525734375 0.5743643203125 0.48814526718750006 0.57662625625
1 0.6617162171875 0.641443859375 0.6619118625 0.640051765625 0.6585871375 0.6367453249999999 0.6558051484375 0.6363543421875 0.60753806875 0.6430454453125 0.5835023031250001 0.652436078125 0.5504263890625001 0.6520386593749999 0.5463190796874999 0.6543005953125001 0.546123434375 0.655692690625 0.5494492156249999 0.6589916062500001 0.5531652328125001 0.6595138578124999 0.587262421875 0.65934885 0.6112981890625 0.649958215625 0.6576099656250001 0.6436982718750001 0.6617162171875 0.641443859375
3 0.518717884375 0.64191163125 0.515646778125 0.6975039609375 0.519895484375 0.700940259375 0.5236998093749999 0.7007612890625 0.526784784375 0.6990693046875001 0.52975859375 0.6441692609375 0.541489653125 0.601143059375 0.5460817203125 0.5415057171875 0.557759590625 0.50556231875 0.5627969953124999 0.463014975 0.57974590625 0.429937921875 0.5796989328125 0.3831232046875 0.594852109375 0.3292289 0.5925026453125 0.29202004531250003 0.5952466484375 0.245605246875 0.5927486109375 0.2431209484375 0.5891399328125 0.2419078234375 0.5841086421874999 0.244039903125 0.583229821875 0.2502930390625 0.581364640625 0.2904547015625 0.5830298734375 0.33253212187500003 0.5677793999999999 0.38711870937500004 0.568706253125 0.4276727671875 0.5517573421875 0.460749821875 0.546621584375 0.5039969734375 0.534943715625 0.539940371875 0.5304489421875 0.59888543125 0.518717884375 0.64191163125
1 0.5481457953125 0.41911249531249994 0.518534090625 0.40077028437499995 0.5114060984375 0.3976352890625 0.5072987906249999 0.399897225 0.5086682125 0.40363482343749996 0.5426259171875001 0.42472104843749997 0.562209203125 0.440234265625 0.5637742703125 0.4425797703125 0.5683159171875001 0.4439316890625 0.572423225 0.44166975312499995 0.5709554515625 0.43863196406249993 0.5719777859375 0.4380620125 0.5658710703125001 0.4343645875 0.5481457953125 0.41911249531249994
1 0.649215484375 0.44749747187500005 0.6219613734375 0.43941605937499995 0.6154633671874999 0.43850282343749997 0.5683691078125 0.4368488859375 0.56426285625 0.4391032984375 0.5640672109375 0.4404953921875 0.567391934375 0.44380183281249996 0.5720319328125 0.44445394218749995 0.6154101765625 0.445585628125 0.6445222953124999 0.453928165625 0.6482383109375001 0.4544504171875 0.6523445625 0.45219600781249997 0.6525402078125 0.45080391249999996 0.649215484375 0.44749747187500005
2 0.5805389078125 0.3031072921875 0.56300125 0.2999289046875 0.558893940625 0.302190840625 0.5586982953125 0.303582934375 0.5620240765625 0.30688185 0.578627709375 0.3099289703125 0.6010562187499999 0.3187517796875 0.6038382109375 0.3191427625 0.607944459375 0.316888353125 0.60814010625 0.31549625625 0.6048153828125 0.3121898171875 0.5994470468750001 0.31001575625 0.5805389078125 0.3031072921875
0 0.5965398515625 0.3194061875 0.6034693359375 0.317249290625 0.5984285140625001 0.308445346875 0.5955542015625 0.30412025 0.5886966296875 0.30576545781250003 0.58904685625 0.310779409375 0.59136395625 0.31659158125000003 0.5965398515625 0.3194061875
1 0.5378239578125 0.5531138046875 0.49577103125 0.5493292000000001 0.4916637234375 0.5515911359375 0.49146807812500004 0.55298323125 0.4947938578125 0.556282146875 0.5387047921875 0.5603278765625 0.560002671875 0.5569367781250001 0.5623492671875 0.55372143125 0.5590335296875 0.5504239265625 0.556241496875 0.5500315312499999 0.5378239578125 0.5531138046875
2 0.5640523859375 0.6560868921874999 0.5642480328125 0.654694796875 0.5609333515625 0.65138976875 0.55814131875 0.6509973734375001 0.5255097859375 0.654215221875 0.5189144859375 0.653994271875 0.5021152046874999 0.65233924375 0.489509428125 0.6477361109374999 0.4854031765625 0.6499905218750001 0.48520753125000005 0.651382615625 0.4885322546875 0.6546890578125 0.50020295 0.659168446875 0.5254666390625 0.6612994375000001 0.559956178125 0.6583427140625 0.5640523859375 0.6560868921874999
2 0.5086145453124999 0.54546355 0.511940328125 0.5487624640625001 0.5561010546875 0.5578080328125 0.5625990609375 0.5587212671875 0.5666963265625 0.55645791875 0.5668909140625 0.55507335 0.5635762328125 0.551768321875 0.5129175 0.5418095187499999 0.5088101921875 0.54407145625 0.5086145453124999 0.54546355
0 0.564186671875 0.4405198546875 0.5667733312500001 0.44689170625 0.57186949375 0.447868825 0.5817294562499999 0.4471596953125 0.5881997875 0.44076390625000006 0.5825937031249999 0.43605488281250004 0.5733830734375001 0.4321437640625 0.5650506875 0.434372065625 0.564186671875 0.4405198546875