2 0.5252734375 0.4732674 0.5288769531249999 0.47597069531249997 0.5397070312500001 0.47597069531249997 0.5704003906249999 0.47462271093749997 0.57400390625 0.47191208749999997 0.57400390625 0.4705567765625 0.5704003906249999 0.467846153125 0.5595703125 0.467846153125 0.5288769531249999 0.469201465625 0.5252734375 0.47191208749999997 0.5252734375 0.4732674
2 0.52978515625 0.59513553125 0.562275390625 0.5971648359375 0.565888671875 0.5944615390625 0.565888671875 0.5931062265625 0.562275390625 0.5903956046875 0.536103515625 0.58904029375 0.519853515625 0.584300365625 0.51625 0.5870109890624999 0.518046875 0.5903956046875 0.52978515625 0.59513553125
1 0.471123046875 0.4089450546875 0.509931640625 0.411655678125 0.55505859375 0.4224835171875 0.557763671875 0.4224835171875 0.5613671874999999 0.41978022031249995 0.5613671874999999 0.4184249078125 0.557763671875 0.4157142859375 0.5108300781249999 0.4048791203125 0.471123046875 0.40217582343749997 0.467509765625 0.4048791203125 0.467509765625 0.40623443281249993 0.471123046875 0.4089450546875
1 0.60017578125 0.597846153125 0.5676855468750001 0.630344321875 0.55685546875 0.629663003125 0.553251953125 0.6323736265625 0.553251953125 0.6337289375 0.55685546875 0.6364395609375 0.57400390625 0.6364395609375 0.57400390625 0.6350842484375 0.60740234375 0.6019047625 0.60830078125 0.598520146875 0.604697265625 0.5958168500000001 0.602890625 0.5958168500000001 0.601083984375 0.5971648359375 0.60017578125 0.5964908421875 0.60017578125 0.597846153125
3 0.541513671875 0.3960805859375 0.541513671875 0.45904761875 0.5351953125 0.5057655671875 0.527978515625 0.540974359375 0.5351953125 0.6811208796875 0.5397070312500001 0.6838315015624999 0.5433203125 0.683157509375 0.546025390625 0.6811208796875 0.546025390625 0.6702930406250001 0.53880859375 0.5416483515625 0.546025390625 0.5064395609375001 0.55234375 0.4597216125 0.55234375 0.39675457812500003 0.557763671875 0.35004395625 0.557763671875 0.25118681249999997 0.55505859375 0.24915750937499997 0.5514453125000001 0.2484835171875 0.5469335937500001 0.25118681249999997 0.5469335937500001 0.34936263749999996 0.541513671875 0.3960805859375
2 0.506318359375 0.631699634375 0.5081249999999999 0.631699634375 0.5189550781250001 0.6377875453125 0.566787109375 0.6364395609375 0.5704003906249999 0.6337289375 0.5704003906249999 0.6323736265625 0.566787109375 0.629663003125 0.52076171875 0.631018315625 0.51353515625 0.6262783875 0.5090234375 0.6256043953125 0.505419921875 0.6283150187500001 0.507216796875 0.631018315625 0.506318359375 0.631699634375
1 0.5514453125000001 0.5937802203125 0.55505859375 0.5964908421875 0.55685546875 0.5964908421875 0.592060546875 0.5822710625 0.63357421875 0.5700879125 0.635380859375 0.566703296875 0.6317675781250001 0.5639926734375 0.6290625000000001 0.5639926734375 0.5776171875 0.5802417578125 0.553251953125 0.5903956046875 0.5514453125000001 0.5937802203125
1 0.497294921875 0.6797655671875 0.49638671875 0.683157509375 0.5 0.68586080625 0.50451171875 0.6851868125 0.505419921875 0.683157509375 0.5171484375000001 0.6743516484375001 0.5333886718749999 0.6574285718749999 0.5613671874999999 0.6344029296875 0.5613671874999999 0.6323736265625 0.557763671875 0.629663003125 0.55595703125 0.629663003125 0.5252734375 0.65404395625 0.5090234375 0.6709670328125 0.497294921875 0.6797655671875
1 0.47653320312499997 0.6323736265625 0.48014648437499996 0.6350842484375 0.48465820312499996 0.6344029296875 0.527080078125 0.6188351640625 0.5586621093749999 0.59513553125 0.5595703125 0.5924249078125 0.55595703125 0.5897216125 0.554150390625 0.5897216125 0.5216601562500001 0.61341391875 0.47833984375 0.6289890109375 0.47653320312499997 0.6323736265625
2 0.51625 0.527428571875 0.531591796875 0.5308131875 0.553251953125 0.53758974375 0.55595703125 0.53758974375 0.5595703125 0.5348791203125 0.557763671875 0.5314945062499999 0.554150390625 0.53013919375 0.53068359375 0.5233699640625 0.514443359375 0.5199853484375 0.5108300781249999 0.5226886453125 0.5108300781249999 0.52404395625 0.51625 0.527428571875
0 0.55478515625 0.4242344328125 0.559580078125 0.42567765625 0.5681835937499999 0.42243956093749996 0.56626953125 0.41381685 0.560537109375 0.40843223437500004 0.5509570312500001 0.41059340625 0.54904296875 0.41813186875 0.55478515625 0.4242344328125
1 0.48827148437499995 0.3155091578125 0.532490234375 0.32566300312499996 0.549638671875 0.3310842484375 0.55234375 0.3310842484375 0.55595703125 0.3283736265625 0.55595703125 0.327018315625 0.550537109375 0.32363369999999997 0.5288769531249999 0.3175384609375 0.491875 0.30941391875 0.472021484375 0.30264468906249997 0.46931640625000004 0.30264468906249997 0.465703125 0.3053553109375 0.468408203125 0.30941391875 0.48827148437499995 0.3155091578125
1 0.48014648437499996 0.36967765625000004 0.527978515625 0.3764468859375 0.55685546875 0.3893113546875 0.5586621093749999 0.3893113546875 0.562275390625 0.38660073281249996 0.56046875 0.38321611718750004 0.52978515625 0.36967765625000004 0.48014648437499996 0.36290109843749996 0.47653320312499997 0.365611721875 0.47653320312499997 0.3669670328125 0.48014648437499996 0.36967765625000004
0 0.54904296875 0.32977289375 0.5557421875 0.3337289375 0.56005859375 0.33695970625 0.5672265624999999 0.33336996406249997 0.56435546875 0.328336996875 0.5633984375 0.32259340625 0.55478515625 0.3215164828125 0.54759765625 0.3218754578125 0.54904296875 0.32977289375
2 0.526171875 0.3290549453125 0.52978515625 0.3317582421875 0.53880859375 0.3317582421875 0.56498046875 0.3304029296875 0.56859375 0.327699634375 0.56859375 0.326344321875 0.56498046875 0.32363369999999997 0.55595703125 0.32363369999999997 0.52978515625 0.3249890109375 0.526171875 0.327699634375 0.526171875 0.3290549453125
2 0.52255859375 0.4224835171875 0.52255859375 0.42383882812499996 0.526171875 0.42654945 0.5433203125 0.42654945 0.56859375 0.41978022031249995 0.5722070312499999 0.41706959687499995 0.5722070312499999 0.4157142859375 0.56859375 0.4130036625 0.565888671875 0.4130036625 0.541513671875 0.41978022031249995 0.526171875 0.41978022031249995 0.52255859375 0.4224835171875
0 0.5624414062499999 0.64331868125 0.567705078125 0.6397289374999999 0.565791015625 0.6318241765625 0.561015625 0.6289450546875 0.552392578125 0.627157509375 0.54568359375 0.630388278125 0.5447265625 0.6368498171875 0.552392578125 0.6426007328125001 0.5624414062499999 0.64331868125
0 0.553349609375 0.5987838828125 0.561484375 0.597699634375 0.561015625 0.5916043953125001 0.5566992187500001 0.5872893765625 0.55 0.5883663 0.54759765625 0.5876483515625 0.54759765625 0.5948351640625 0.553349609375 0.5987838828125
2 0.5216601562500001 0.38660073281249996 0.5424218749999999 0.38660073281249996 0.5722070312499999 0.3920146515625 0.574912109375 0.3920146515625 0.578515625 0.3893113546875 0.578515625 0.38795604375 0.5722070312499999 0.384571428125 0.5433203125 0.3798315015625 0.5216601562500001 0.3798315015625 0.518046875 0.382542125 0.518046875 0.383890109375 0.5216601562500001 0.38660073281249996
0 0.55765625 0.481340659375 0.5624414062499999 0.48205860781250004 0.5681835937499999 0.477750915625 0.5686621093750001 0.4694871796875 0.559580078125 0.46876923125000003 0.5509570312500001 0.4712820515625 0.5509570312500001 0.477750915625 0.55765625 0.481340659375
1 0.48646484375 0.5626373625000001 0.48736328125000006 0.5633113546875 0.48555664062500004 0.566021978125 0.489169921875 0.5687325999999999 0.49368164062500003 0.5680512828125 0.49548828125 0.566021978125 0.526171875 0.5484175828125 0.5514453125000001 0.5348791203125 0.553251953125 0.5348791203125 0.55234375 0.5341978015625 0.554150390625 0.5314945062499999 0.550537109375 0.5287838828125 0.5487402343750001 0.5287838828125 0.518046875 0.544358975 0.5081249999999999 0.5511282046875 0.48646484375 0.5626373625000001
1 0.55595703125 0.383890109375 0.55505859375 0.38660073281249996 0.5586621093749999 0.3893113546875 0.5631738281249999 0.38795604375 0.5974707031250001 0.36222710625 0.62455078125 0.34597802187500004 0.630869140625 0.3432674 0.6299609375 0.34259340625 0.6317675781250001 0.33988278437499997 0.628154296875 0.3371794875 0.62544921875 0.3371794875 0.594765625 0.35613186875 0.5884472656249999 0.358842490625 0.55595703125 0.383890109375
1 0.579423828125 0.2924908421875 0.550537109375 0.32431501875 0.5487402343750001 0.3249890109375 0.54783203125 0.3283736265625 0.5514453125000001 0.3310842484375 0.55505859375 0.3297289375 0.55595703125 0.3304029296875 0.55595703125 0.3290549453125 0.584833984375 0.29723076875 0.586640625 0.29654945 0.586640625 0.295201465625 0.6119140625 0.26540659375 0.613720703125 0.26134798593749997 0.610107421875 0.25863736249999997 0.60830078125 0.25863736249999997 0.6019824218750001 0.2640512828125 0.579423828125 0.29113553125 0.579423828125 0.2924908421875
1 0.56859375 0.44415384687500004 0.57400390625 0.468527471875 0.586640625 0.49087179531249997 0.5911523437499999 0.4922197796875 0.594765625 0.4895164828125 0.594765625 0.488161171875 0.583037109375 0.467846153125 0.5776171875 0.44347252812500004 0.562275390625 0.4163956046875 0.557763671875 0.41504029375 0.554150390625 0.41774358906250003 0.554150390625 0.4190989015625 0.56859375 0.44415384687500004
1 0.441337890625 0.4522783875 0.45757812500000006 0.456336996875 0.489169921875 0.46649816875 0.523466796875 0.4732674 0.55234375 0.475296703125 0.55595703125 0.47258608124999996 0.55595703125 0.47123076875000003 0.55234375 0.468527471875 0.518046875 0.46581685000000006 0.49097656250000005 0.4597216125 0.46389648437500003 0.4509230765625 0.441337890625 0.4455091578125 0.437724609375 0.44821245468750004 0.437724609375 0.449567765625 0.441337890625 0.4522783875
1 0.549638671875 0.53013919375 0.54783203125 0.53013919375 0.5487402343750001 0.5308131875 0.5469335937500001 0.533523809375 0.550537109375 0.5362344328125 0.55505859375 0.5355531140625 0.61552734375 0.5057655671875 0.61732421875 0.5023809531250001 0.613720703125 0.4996703296875 0.6119140625 0.4996703296875 0.5857421875 0.5125347984374999 0.583935546875 0.5125347984374999 0.549638671875 0.53013919375
0 0.55765625 0.3879633703125 0.568505859375 0.3933699640625 0.57572265625 0.3907326 0.576171875 0.384842490625 0.5653125 0.38077655625 0.558623046875 0.3775457875 0.552392578125 0.382571428125 0.55765625 0.3879633703125
0 0.5566992187500001 0.528388278125 0.55287109375 0.5255164828125001 0.5447265625 0.5255164828125001 0.53994140625 0.530542125 0.5437695312499999 0.536293040625 0.54904296875 0.5391648359375 0.5566992187500001 0.5348498171875 0.5566992187500001 0.528388278125