0 0.5883105468750001 0.5999120875 0.583662109375 0.6009963375 0.580458984375 0.604476190625 0.583505859375 0.6092893765625 0.5913671875000001 0.6125347984375 0.596337890625 0.6116996343750001 0.602099609375 0.6119340656250001 0.605947265625 0.60832234375 0.60947265625 0.6046007328125 0.6101171875 0.6006300359375001 0.6048242187499999 0.596659340625 0.60017578125 0.5955750921875 0.59248046875 0.596300365625 0.5883105468750001 0.5999120875
1 0.587548828125 0.6926300359375 0.5857421875 0.6933113546875 0.584833984375 0.6966959703125 0.5884472656249999 0.69940659375 0.592060546875 0.6980512828125 0.5929589843749999 0.6987252749999999 0.5929589843749999 0.6973699640625 0.635380859375 0.6493040296875 0.6371875 0.6486227109375 0.65162109375 0.624930403125 0.65162109375 0.6235750921875 0.6480175781249999 0.62086446875 0.6462109375 0.62086446875 0.643505859375 0.6222197796875 0.6299609375 0.644564103125 0.587548828125 0.6926300359375
0 0.602265625 0.6871062265625001 0.598408203125 0.6859120875 0.59216796875 0.68854945 0.590556640625 0.6918021984375 0.5855859375 0.6927619046875 0.58158203125 0.6952893765625 0.577734375 0.698659340625 0.574365234375 0.70286446875 0.5732421875 0.7070769234375 0.57484375 0.7100805859375 0.57869140625 0.712249084375 0.581416015625 0.7120073265625 0.5823828125 0.7092380953124999 0.5841406250000001 0.7079194140625 0.5886328125 0.7075531140625 0.59216796875 0.70659340625 0.596484375 0.7064688640625 0.599375 0.7044249078125 0.5995410156250001 0.700703296875 0.6011328125000001 0.6980586078125001 0.6048242187499999 0.696249084375 0.6072363281250001 0.694205128125 0.6061132812500001 0.6893992671875 0.602265625 0.6871062265625001
2 0.46931640625000004 0.235619046875 0.467509765625 0.2390036625 0.471123046875 0.24171428593750002 0.472919921875 0.24171428593750002 0.509931640625 0.22884981718750003 0.5812304687500001 0.22342857187499998 0.584833984375 0.220725275 0.584833984375 0.21936996406249998 0.5812304687500001 0.216659340625 0.5767187500000001 0.216659340625 0.544228515625 0.22004395625 0.5090234375 0.22207325937500003 0.46931640625000004 0.235619046875
1 0.544228515625 0.6276337 0.527080078125 0.6357582421875 0.5252734375 0.6377875453125 0.509931640625 0.64659340625 0.492783203125 0.6553919406250001 0.49368164062500003 0.656073259375 0.491875 0.65877655625 0.49548828125 0.6614871796874999 0.5 0.6608131875 0.501806640625 0.65877655625 0.5171484375000001 0.649978021875 0.55685546875 0.6283150187500001 0.5586621093749999 0.6283150187500001 0.5992773437500001 0.6093553109375 0.601083984375 0.6059706953124999 0.5974707031250001 0.6032600734375 0.5956640625 0.6032600734375 0.553251953125 0.6228937734375 0.5514453125000001 0.6228937734375 0.544228515625 0.6276337
1 0.601083984375 0.51050549375 0.580322265625 0.5057655671875 0.5776171875 0.5057655671875 0.57400390625 0.5084688640625 0.57400390625 0.5098241765625 0.580322265625 0.513208790625 0.60017578125 0.5172747249999999 0.605595703125 0.5166007328125 0.606494140625 0.515245421875 0.65162109375 0.4922197796875 0.669677734375 0.48477655625000005 0.6805078124999999 0.48477655625000005 0.684111328125 0.482065934375 0.684111328125 0.48071062343750004 0.6805078124999999 0.4780073265625 0.66787109375 0.4780073265625 0.6462109375 0.4868058609375 0.645302734375 0.488161171875 0.601083984375 0.51050549375
1 0.532490234375 0.5057655671875 0.532490234375 0.507794871875 0.536103515625 0.51050549375 0.5379101562499999 0.51050549375 0.5424218749999999 0.5064395609375001 0.5631738281249999 0.45498168437500003 0.587548828125 0.4123296703125 0.587548828125 0.41030036562500005 0.583935546875 0.40758974375 0.58212890625 0.40758974375 0.578515625 0.40961904687499995 0.553251953125 0.455663003125 0.532490234375 0.5057655671875
0 0.5855859375 0.50476923125 0.5823828125 0.50476923125 0.57982421875 0.502842490625 0.575810546875 0.5033260078125 0.571806640625 0.5051282046875001 0.5724414062500001 0.5081318687499999 0.575810546875 0.5104249078125 0.578857421875 0.512344321875 0.5791796875 0.514747253125 0.57982421875 0.5177582421875 0.57982421875 0.520527471875 0.5794921875 0.52340659375 0.58173828125 0.5260586078125 0.5855859375 0.5267838828125 0.59232421875 0.5260586078125 0.5945703124999999 0.5226886453125 0.5953710937500001 0.5190842484375 0.594248046875 0.51523076875 0.5947265625 0.5124688640625 0.598095703125 0.5081318687499999 0.59681640625 0.5036849812499999 0.589111328125 0.50295970625 0.5855859375 0.50476923125
1 0.58212890625 0.6052893765625 0.58212890625 0.6066446890625 0.5857421875 0.6093553109375 0.5884472656249999 0.6093553109375 0.648916015625 0.5958168500000001 0.7166113281250001 0.59513553125 0.72021484375 0.5924249078125 0.72021484375 0.5910769234375 0.7166113281250001 0.5883663 0.683212890625 0.5883663 0.6480175781249999 0.58904029375 0.5857421875 0.60258608125 0.58212890625 0.6052893765625
1 0.574912109375 0.3060293046875 0.57400390625 0.30941391875 0.5776171875 0.31212454218749996 0.58212890625 0.31076923125 0.601083984375 0.28165567812500003 0.6110156250000001 0.2593113546875 0.6110156250000001 0.2572820515625 0.60740234375 0.254571428125 0.605595703125 0.254571428125 0.601083984375 0.25863736249999997 0.5911523437499999 0.28233699687499997 0.574912109375 0.3060293046875
1 0.5884472656249999 0.546388278125 0.6110156250000001 0.57550183125 0.6272558593750001 0.5998754578125001 0.6290625000000001 0.6019047625 0.63357421875 0.6032600734375 0.6371875 0.60054945 0.6371875 0.599201465625 0.6200390625 0.5741465203125 0.596572265625 0.5436776562500001 0.583935546875 0.5091501828125 0.580322265625 0.5064395609375001 0.578515625 0.5064395609375001 0.574912109375 0.5091501828125 0.574912109375 0.5111794875 0.5884472656249999 0.546388278125
2 0.50361328125 0.60258608125 0.537001953125 0.608 0.5974707031250001 0.6107106234375 0.606494140625 0.6107106234375 0.610107421875 0.608 0.610107421875 0.6066446890625 0.606494140625 0.6039413921875 0.5379101562499999 0.60123076875 0.50361328125 0.5958168500000001 0.5 0.598520146875 0.5 0.5998754578125001 0.50361328125 0.60258608125
0 0.5674511718749999 0.22550183124999998 0.57376953125 0.2315311359375 0.582958984375 0.23282783906249999 0.582958984375 0.22894505468749998 0.5772167968749999 0.2147326 0.5714746093749999 0.20740659374999998 0.56515625 0.2082637359375 0.56228515625 0.21817582343750003 0.5674511718749999 0.22550183124999998
1 0.475634765625 0.7068498171875001 0.47021484375 0.7075311359375 0.46661132812500006 0.7102344328125 0.46661132812500006 0.7115897437500001 0.47021484375 0.714300365625 0.4747265625 0.714300365625 0.507216796875 0.7109157515625 0.565888671875 0.708205128125 0.59837890625 0.6980512828125 0.60017578125 0.6946666671874999 0.596572265625 0.6919560437500001 0.5938671875 0.6919560437500001 0.56408203125 0.701435896875 0.518046875 0.7034652015625 0.475634765625 0.7068498171875001
1 0.566787109375 0.21936996406249998 0.566787109375 0.22139926718749997 0.5704003906249999 0.224109890625 0.5722070312499999 0.224109890625 0.575810546875 0.22139926718749997 0.59837890625 0.158432234375 0.621845703125 0.11104029374999999 0.621845703125 0.1090036625 0.6182324218749999 0.106300365625 0.61642578125 0.106300365625 0.6119140625 0.110358975 0.5911523437499999 0.15301831562499998 0.566787109375 0.21936996406249998
3 0.5424218749999999 0.28233699687499997 0.5469335937500001 0.339208790625 0.545126953125 0.41774358906250003 0.56859375 0.5457142859374999 0.56859375 0.60054945 0.571298828125 0.631018315625 0.571298828125 0.6513333328125 0.5694921875000001 0.6960146515625001 0.56408203125 0.7427326 0.566787109375 0.74476923125 0.5704003906249999 0.7454432234375 0.574912109375 0.7427326 0.575810546875 0.73731868125 0.5812304687500001 0.679091575 0.58212890625 0.631018315625 0.579423828125 0.60054945 0.579423828125 0.5450329671875 0.55595703125 0.41706959687499995 0.557763671875 0.338527471875 0.554150390625 0.2891062265625 0.55234375 0.27895238125 0.53880859375 0.2444175828125 0.541513671875 0.18077655625 0.53880859375 0.178747253125 0.5351953125 0.178065934375 0.53068359375 0.18077655625 0.527978515625 0.24509890156249997 0.5424218749999999 0.28233699687499997
0 0.57951171875 0.4190109890625 0.5904296875 0.4177216125 0.5967480468749999 0.41470329687499996 0.594462890625 0.4065128203125 0.588134765625 0.40565567812500003 0.574345703125 0.40953113593749996 0.572626953125 0.41513553124999997 0.57951171875 0.4190109890625
0 0.566298828125 0.32031501875 0.5754980468750001 0.32548717968749996 0.5806640625 0.328073259375 0.5887109374999999 0.3241978015625 0.593876953125 0.3224688640625 0.5846875 0.31213186875 0.5777929687500001 0.3104029296875 0.563427734375 0.3099706953125 0.5594140624999999 0.31643956093750003 0.566298828125 0.32031501875
2 0.494580078125 0.5091501828125 0.494580078125 0.51050549375 0.498193359375 0.513208790625 0.5216601562500001 0.514564103125 0.53880859375 0.513208790625 0.5974707031250001 0.51186080625 0.601083984375 0.5091501828125 0.601083984375 0.507794871875 0.5974707031250001 0.5050842484375 0.583935546875 0.5050842484375 0.52076171875 0.507794871875 0.498193359375 0.5064395609375001 0.494580078125 0.5091501828125
2 0.481953125 0.32566300312499996 0.481953125 0.327018315625 0.48555664062500004 0.3297289375 0.49097656250000005 0.3297289375 0.524365234375 0.327018315625 0.5857421875 0.3195750921875 0.589345703125 0.3188937734375 0.5929589843749999 0.3161904765625 0.5929589843749999 0.3148351640625 0.589345703125 0.31212454218749996 0.5857421875 0.31212454218749996 0.523466796875 0.320249084375 0.48555664062500004 0.32295970625 0.481953125 0.32566300312499996
2 0.489169921875 0.411655678125 0.489169921875 0.4130036625 0.492783203125 0.4157142859375 0.544228515625 0.4157142859375 0.5974707031250001 0.4130036625 0.601083984375 0.41030036562500005 0.601083984375 0.4089450546875 0.5974707031250001 0.40623443281249993 0.589345703125 0.40623443281249993 0.544228515625 0.4089450546875 0.492783203125 0.4089450546875 0.489169921875 0.411655678125
1 0.574912109375 0.35545787500000003 0.5857421875 0.385926740625 0.5884472656249999 0.41097435937500004 0.592060546875 0.41368498125000003 0.5938671875 0.41368498125000003 0.5974707031250001 0.41097435937500004 0.594765625 0.385245421875 0.5857421875 0.358842490625 0.5704003906249999 0.32363369999999997 0.565888671875 0.3195750921875 0.56408203125 0.3195750921875 0.56046875 0.32227838750000004 0.56046875 0.32431501875 0.574912109375 0.35545787500000003
1 0.48736328125000006 0.32295970625 0.49097656250000005 0.32566300312499996 0.497294921875 0.32566300312499996 0.571298828125 0.3209230765625 0.574912109375 0.31821977968750004 0.574912109375 0.31686446875 0.571298828125 0.314153846875 0.56498046875 0.314153846875 0.49097656250000005 0.3188937734375 0.48736328125000006 0.32160439531249996 0.48736328125000006 0.32295970625
1 0.565888671875 0.16994139218749998 0.565888671875 0.22207325937500003 0.5694921875000001 0.2247838828125 0.571298828125 0.2247838828125 0.574912109375 0.22207325937500003 0.574912109375 0.1692674 0.5631738281249999 0.11239560468750001 0.562275390625 0.10968498125 0.5586621093749999 0.106974359375 0.55685546875 0.106974359375 0.553251953125 0.10968498125 0.553251953125 0.11239560468750001 0.565888671875 0.16994139218749998
2 0.5 0.695340659375 0.5216601562500001 0.700754578125 0.53068359375 0.701435896875 0.55685546875 0.702109890625 0.5992773437500001 0.69940659375 0.605595703125 0.6987252749999999 0.609208984375 0.6960146515625001 0.609208984375 0.6946666671874999 0.605595703125 0.6919560437500001 0.55595703125 0.695340659375 0.53068359375 0.6946666671874999 0.519853515625 0.6933113546875 0.5 0.688571428125 0.49638671875 0.6912820515625 0.49638671875 0.6926300359375 0.5 0.695340659375