1 0.501806640625 0.48545055000000004 0.5288769531249999 0.49695970625 0.53068359375 0.49695970625 0.534296875 0.49425641093749995 0.532490234375 0.49087179531249997 0.511728515625 0.482065934375 0.465703125 0.46581685000000006 0.46119140625000005 0.46514285781250003 0.45757812500000006 0.467846153125 0.459384765625 0.47123076875000003 0.501806640625 0.48545055000000004
2 0.506318359375 0.2958754578125 0.509931640625 0.29858608124999997 0.511728515625 0.29858608124999997 0.527080078125 0.293846153125 0.5595703125 0.2931648359375 0.5631738281249999 0.2904615390625 0.5631738281249999 0.2891062265625 0.5595703125 0.28639560468749997 0.53068359375 0.28639560468749997 0.519853515625 0.28842490781249996 0.5081249999999999 0.2924908421875 0.506318359375 0.2958754578125
1 0.589345703125 0.3019706953125 0.57310546875 0.31686446875 0.5694921875000001 0.3188937734375 0.5676855468750001 0.32160439531249996 0.545126953125 0.339208790625 0.545126953125 0.3412380953125 0.5487402343750001 0.34394871718750003 0.55234375 0.3432674 0.5767187500000001 0.32431501875 0.589345703125 0.31145055 0.5974707031250001 0.3053553109375 0.59837890625 0.3019706953125 0.594765625 0.2992600734375 0.5929589843749999 0.2992600734375 0.5911523437499999 0.300615384375 0.59025390625 0.2999413921875 0.589345703125 0.3019706953125
0 0.5406152343749999 0.343611721875 0.543662109375 0.3465567765625 0.551142578125 0.344476190625 0.5550195312499999 0.34323076874999997 0.5580371093750001 0.34049084218750003 0.557236328125 0.335750915625 0.552529296875 0.33304761875 0.545048828125 0.3338754578125 0.5383886718750001 0.3380293046875 0.5406152343749999 0.343611721875
1 0.545126953125 0.3933699640625 0.557763671875 0.40691575156250004 0.5613671874999999 0.4089450546875 0.5694921875000001 0.41774358906250003 0.580322265625 0.42654945 0.5812304687500001 0.42857875468750006 0.58212890625 0.4279047625 0.5857421875 0.4292600734375 0.589345703125 0.42654945 0.5884472656249999 0.4231648359375 0.584833984375 0.42112820468749995 0.5767187500000001 0.4123296703125 0.562275390625 0.40013919375 0.549638671875 0.38660073281249996 0.5487402343750001 0.3872820515625 0.545126953125 0.385926740625 0.541513671875 0.3886300359375 0.5424218749999999 0.3920146515625 0.545126953125 0.3933699640625
2 0.481044921875 0.536908425 0.507216796875 0.540293040625 0.5424218749999999 0.5396190468750001 0.546025390625 0.536908425 0.546025390625 0.5355531140625 0.5424218749999999 0.5328498171875 0.507216796875 0.533523809375 0.481044921875 0.53013919375 0.47744140625 0.5328498171875 0.47744140625 0.5341978015625 0.481044921875 0.536908425
2 0.492783203125 0.34597802187500004 0.492783203125 0.3473333328125 0.49638671875 0.35004395625 0.5 0.35004395625 0.5586621093749999 0.34259340625 0.562275390625 0.33988278437499997 0.562275390625 0.338527471875 0.5586621093749999 0.33582417656249997 0.55505859375 0.33582417656249997 0.524365234375 0.340564103125 0.49638671875 0.3432674 0.492783203125 0.34597802187500004
1 0.554150390625 0.50441025625 0.53880859375 0.5199853484375 0.52255859375 0.5341978015625 0.5216601562500001 0.53758974375 0.5252734375 0.540293040625 0.5288769531249999 0.5389377296875 0.52978515625 0.5396190468750001 0.5333886718749999 0.5348791203125 0.549638671875 0.520659340625 0.55685546875 0.51186080625 0.5613671874999999 0.5084688640625 0.562275390625 0.5050842484375 0.5586621093749999 0.5023809531250001 0.55685546875 0.5023809531250001 0.55505859375 0.5037362640625 0.554150390625 0.5030549453125001 0.554150390625 0.50441025625
1 0.491875 0.38050549375 0.49548828125 0.38321611718750004 0.507216796875 0.3811868125 0.526171875 0.3811868125 0.537001953125 0.383890109375 0.5424218749999999 0.391340659375 0.545126953125 0.39269597031250003 0.5469335937500001 0.39269597031250003 0.550537109375 0.3899853484375 0.545126953125 0.3798315015625 0.5406152343749999 0.3778021984375 0.527978515625 0.3744175828125 0.506318359375 0.3744175828125 0.49548828125 0.3764468859375 0.491875 0.37915750937500003 0.491875 0.38050549375
0 0.541162109375 0.38957509218749997 0.5372949218749999 0.3899926734375 0.53396484375 0.39248351718749996 0.537841796875 0.3953992671875 0.5433886718750001 0.3968498171875 0.54837890625 0.3953992671875 0.5550195312499999 0.394153846875 0.5555761718750001 0.38957509218749997 0.55224609375 0.3870842484375 0.546982421875 0.3870842484375 0.541162109375 0.38957509218749997
0 0.5303613281249999 0.439252746875 0.531474609375 0.44381685 0.5364648437499999 0.44589743593750003 0.54033203125 0.4467326 0.54560546875 0.4488131875 0.549208984375 0.44548717968749996 0.5475390625000001 0.439252746875 0.544775390625 0.43676190468750004 0.5414453124999999 0.43509157500000006 0.5358984375 0.43530402968750004 0.5303613281249999 0.439252746875
2 0.492783203125 0.4895164828125 0.489169921875 0.4922197796875 0.489169921875 0.4935750921875 0.492783203125 0.4962857140625 0.502705078125 0.49831501874999995 0.5171484375000001 0.49831501874999995 0.544228515625 0.495611721875 0.54783203125 0.4929010984375 0.54783203125 0.49154578750000005 0.544228515625 0.48883516406250005 0.5397070312500001 0.48883516406250005 0.51625 0.49154578750000005 0.50361328125 0.49154578750000005 0.492783203125 0.4895164828125
1 0.473828125 0.44685714218749994 0.47744140625 0.449567765625 0.48375 0.449567765625 0.537001953125 0.4455091578125 0.5406152343749999 0.44279853437499994 0.5406152343749999 0.4414432234375 0.537001953125 0.4387326 0.531591796875 0.4387326 0.47744140625 0.44279853437499994 0.473828125 0.4455091578125 0.473828125 0.44685714218749994
1 0.54783203125 0.47191208749999997 0.53068359375 0.4895164828125 0.527978515625 0.49087179531249997 0.527080078125 0.49425641093749995 0.53068359375 0.49695970625 0.534296875 0.495611721875 0.5351953125 0.4962857140625 0.5487402343750001 0.482065934375 0.55505859375 0.4773260078125 0.5631738281249999 0.468527471875 0.566787109375 0.46649816875 0.580322265625 0.4455091578125 0.580322265625 0.44415384687500004 0.5767187500000001 0.4414432234375 0.574912109375 0.4414432234375 0.5722070312499999 0.44279853437499994 0.5586621093749999 0.4631062265625 0.54783203125 0.47191208749999997
1 0.541513671875 0.4387326 0.5397070312500001 0.4387326 0.5406152343749999 0.43941391875 0.53880859375 0.442117215625 0.5424218749999999 0.4448278390625 0.5469335937500001 0.44415384687500004 0.54783203125 0.44279853437499994 0.565888671875 0.43467399218749997 0.56859375 0.4319633703125 0.58212890625 0.42452014687500006 0.584833984375 0.42112820468749995 0.6019824218750001 0.4082710625 0.602890625 0.40556043906249994 0.5992773437500001 0.4028498171875 0.5974707031250001 0.4028498171875 0.5722070312499999 0.4218095234375 0.5613671874999999 0.42857875468750006 0.541513671875 0.4387326
2 0.468408203125 0.3906666671875 0.468408203125 0.3920146515625 0.472021484375 0.394725275 0.507216796875 0.394725275 0.55505859375 0.3920146515625 0.5586621093749999 0.3893113546875 0.5586621093749999 0.38795604375 0.55505859375 0.385245421875 0.54783203125 0.385245421875 0.507216796875 0.38795604375 0.472021484375 0.38795604375 0.468408203125 0.3906666671875
0 0.5588964843750001 0.2898095234375 0.563330078125 0.2864835171875 0.56388671875 0.2821245421875 0.568603515625 0.2792161171875 0.56416015625 0.2760952375 0.556962890625 0.2752674 0.550302734375 0.275890109375 0.5472070312499999 0.278065934375 0.5500390625 0.2837802203125 0.55197265625 0.28731868125000004 0.54837890625 0.2898095234375 0.54892578125 0.2937655671875 0.5547460937500001 0.29604395625 0.560556640625 0.294388278125 0.5588964843750001 0.2898095234375
1 0.481953125 0.5328498171875 0.498193359375 0.53758974375 0.531591796875 0.5396190468750001 0.5351953125 0.536908425 0.5351953125 0.5355531140625 0.531591796875 0.5328498171875 0.5 0.5308131875 0.481953125 0.526073259375 0.47833984375 0.5287838828125 0.47833984375 0.53013919375 0.481953125 0.5328498171875
0 0.52841796875 0.4889230765625 0.525654296875 0.49411721562500005 0.527587890625 0.4982783875 0.5311914062499999 0.4984835171875 0.536181640625 0.49931868125 0.54005859375 0.49786080625 0.5444921875000001 0.4928717953125 0.542275390625 0.48871794843750005 0.536728515625 0.48663736249999995 0.5303613281249999 0.48663736249999995 0.52841796875 0.4889230765625
1 0.519853515625 0.27150183125 0.550537109375 0.2904615390625 0.553251953125 0.2931648359375 0.557763671875 0.293846153125 0.5613671874999999 0.29113553125 0.5595703125 0.28842490781249996 0.56046875 0.287750915625 0.553251953125 0.28436629999999996 0.527080078125 0.268117215625 0.524365234375 0.26540659375 0.48646484375 0.2538974359375 0.48285156249999994 0.25660805937500003 0.48465820312499996 0.2599926734375 0.519853515625 0.27150183125
2 0.47923828124999995 0.442117215625 0.48285156249999994 0.4448278390625 0.5171484375000001 0.44415384687500004 0.5379101562499999 0.4455091578125 0.5487402343750001 0.4455091578125 0.55234375 0.44279853437499994 0.55234375 0.4414432234375 0.5487402343750001 0.4387326 0.49548828125 0.437384615625 0.48285156249999994 0.4380586078125 0.47923828124999995 0.44076923125 0.47923828124999995 0.442117215625
0 0.521494140625 0.5348571421874999 0.52177734375 0.5375604390625 0.525380859375 0.5402637359375 0.5289843750000001 0.541926740625 0.5342382812500001 0.541926740625 0.538671875 0.53922344375 0.542275390625 0.5352674000000001 0.53755859375 0.532153846875 0.531474609375 0.5311208796875 0.52509765625 0.53277655625 0.521494140625 0.5348571421874999
3 0.519853515625 0.31076923125 0.5216601562500001 0.3669670328125 0.51625 0.4509230765625 0.51625 0.5220146515625 0.518046875 0.5761758234375 0.52076171875 0.5782124546875 0.524365234375 0.578886446875 0.5288769531249999 0.5761758234375 0.527080078125 0.5213333328124999 0.527080078125 0.4509230765625 0.532490234375 0.367641025 0.53068359375 0.3304029296875 0.532490234375 0.2735311359375 0.5288769531249999 0.235619046875 0.526171875 0.2335824171875 0.52255859375 0.23290842500000003 0.518046875 0.235619046875 0.5216601562500001 0.2735311359375 0.519853515625 0.31076923125
1 0.52255859375 0.314153846875 0.5406152343749999 0.340564103125 0.5424218749999999 0.34259340625 0.5469335937500001 0.34394871718750003 0.550537109375 0.3412380953125 0.550537109375 0.33988278437499997 0.5333886718749999 0.3161904765625 0.52076171875 0.293846153125 0.51625 0.2924908421875 0.5126367187499999 0.295201465625 0.5126367187499999 0.29654945 0.52255859375 0.314153846875
1 0.55234375 0.2891062265625 0.55234375 0.2904615390625 0.55595703125 0.2931648359375 0.56046875 0.2918095234375 0.580322265625 0.2667619046875 0.602890625 0.252542125 0.605595703125 0.25186813125 0.604697265625 0.25118681249999997 0.606494140625 0.2484835171875 0.602890625 0.24577289375000003 0.60017578125 0.24577289375000003 0.580322265625 0.25863736249999997 0.57310546875 0.262021978125 0.55234375 0.2891062265625