0 0.509188575 0.3680911484375 0.517892725 0.3767679078125 0.5287467171875 0.379789646875 0.5404446171874999 0.3772790734375 0.5355962390625 0.3672679171875 0.5322806515625 0.35959841406250004 0.522247546875 0.358498975 0.5125689515625 0.36132296406250003 0.509188575 0.3680911484375
1 0.5221297093749999 0.5744065968750001 0.5182682234375 0.5778623578125 0.520777253125 0.6065406906249999 0.5376695781249999 0.633174828125 0.540007121875 0.6360966953125 0.5453017734375 0.6371882109375 0.549163259375 0.6337324484375 0.548959309375 0.6314012859375 0.53096085625 0.6040865531249999 0.52858755 0.5769595328125 0.524195809375 0.5742258375 0.5221297093749999 0.5744065968750001
0 0.5345254125000001 0.5532457171875 0.534077428125 0.561759921875 0.5394123203125 0.569742840625 0.546194853125 0.5716336453124999 0.5557429109375 0.574778090625 0.5659065531249999 0.5699090953125 0.5611872953125 0.5613737859375 0.5570844046875 0.5522944703125 0.5495788890625 0.5481855078125 0.5345254125000001 0.5532457171875
1 0.5531485671875 0.6318205921875 0.5468257171875 0.6308105828125 0.5429649624999999 0.6342747296875 0.54537 0.6379680609375 0.5722533609375 0.648113121875 0.608100078125 0.6535617968749999 0.636913815625 0.6619747828125 0.638979915625 0.6617940234375 0.6428295 0.6583308531250001 0.6404356296875 0.6546365453125 0.6084496671874999 0.6457237234375001 0.5800430953125 0.6419646765625 0.5531485671875 0.6318205921875
1 0.54225390625 0.49533155000000006 0.5379859859375 0.49414175781249997 0.534125234375 0.4976059046875 0.53550280625 0.5013891265625 0.5568094218749999 0.5190522078125 0.5569444109374999 0.5205951359375 0.55790438125 0.51973378125 0.5621723015625 0.5209235734375001 0.5660218875 0.5174604046875 0.5646554828125 0.5136762046875 0.5433496 0.4960215078125 0.543213878125 0.49447019531249997 0.54225390625 0.49533155000000006
0 0.54690374375 0.49651327968750003 0.5558905703125 0.493242834375 0.551030340625 0.4906853171875 0.5385444015624999 0.49177769531250004 0.5282941906249999 0.4956572046875 0.5266734125 0.49977034375 0.532797028125 0.5017187984375 0.5385751484375 0.507178740625 0.5461031671875001 0.510001384375 0.5498612515625 0.515139525 0.55578103125 0.5071690109375 0.5567533234375001 0.5031041546874999 0.551234175 0.5006042875000001 0.54690374375 0.49651327968750003
1 0.4773286234375 0.4190162578125 0.47346787187499995 0.4224804046875 0.47360359374999994 0.4240317171875 0.47587290937500004 0.426173734375 0.48014082968749994 0.427363528125 0.54369515625 0.44054459531249995 0.5467887203124999 0.44027394375 0.550649471875 0.436809796875 0.548244434375 0.43311646562500006 0.5418540890625 0.4313349921875 0.48042218906249995 0.41874560625 0.4773286234375 0.4190162578125
1 0.6571618515625001 0.42983172812500003 0.6031708328125001 0.418940353125 0.5649759234375 0.42228197500000003 0.5410186734375 0.4337486390625 0.5392915125 0.4378034890625 0.54369515625 0.44054459531249995 0.5457612546874999 0.4403638359375 0.5666924359375 0.4299392875 0.6017826109375 0.4268692953125 0.65688049375 0.43844965 0.65997405625 0.43817899843749997 0.6638348109375001 0.43471485000000004 0.6614297734375 0.43102152031249996 0.6571618515625001 0.42983172812500003
2 0.46340934218749996 0.43819801875 0.44179955 0.44086600000000004 0.437938796875 0.44433014687499994 0.43807452031249994 0.44588145937499996 0.442477428125 0.44861418124999997 0.50330959375 0.4425146875 0.5416290578125 0.44072535625000003 0.56124024375 0.4390095984375 0.565100996875 0.4355454515625 0.5649652734374999 0.43399413906250006 0.560562365625 0.43126141718750005 0.46340934218749996 0.43819801875
1 0.5844632703125 0.5736342296875 0.5823971703125 0.5738149890625001 0.5477458921875 0.5581052343749999 0.5425187359375 0.55778518125 0.5386572484375 0.56124094375 0.5409947921875 0.564162809375 0.540023653125 0.5650251421875 0.5420897515624999 0.5648443828125 0.5767529312499999 0.5805615453125 0.5788078624999999 0.5803817625 0.6025405984375001 0.59001665 0.6088634500000001 0.591026659375 0.6127242015625 0.5875625125 0.6103191640625 0.58386918125 0.5844632703125 0.5736342296875
1 0.5278262640625 0.3661817234375 0.5245969765625 0.3649010625 0.505492915625 0.34861692031249997 0.504532946875 0.349478275 0.50019753125 0.34751701874999996 0.4801116828125 0.3438073703125 0.4016205234375 0.3381774078125 0.39775976874999996 0.3416415546875 0.39789549062499996 0.34319286718750003 0.40229913437500003 0.3459339734375 0.4629737609375 0.3499963078125 0.4966757171875 0.35485525625 0.5010111312500001 0.3568165125 0.5201159265624999 0.373109040625 0.5210751640625 0.3722393 0.5253430828125001 0.3734290921875 0.5292038375 0.3699649453125 0.5278262640625 0.3661817234375
2 0.44980976562499997 0.365977165625 0.4459490125 0.3694413125 0.44608473593750003 0.370992625 0.4504883765625 0.37373373125 0.5053254625 0.37049929531250003 0.5359338546875 0.3756288953125 0.5390385859375 0.375357265625 0.5428881718749999 0.3718940953125 0.5427524499999999 0.3703427828125 0.53622638125 0.3670099953125 0.50671295 0.36256196875 0.44980976562499997 0.365977165625
2 0.47391203437499996 0.617670984375 0.47005054843750005 0.621126746875 0.47245558593750003 0.6248200749999999 0.4969450765625 0.6312708296875 0.5517603453125 0.639749534375 0.554865078125 0.6394779046875 0.5587146640625 0.636014734375 0.558579675 0.63447180625 0.5520528734375 0.631130634375 0.500455721875 0.62393356875 0.4791391921875 0.6179910375000001 0.47391203437499996 0.617670984375
2 0.49414022187500006 0.563580940625 0.490278734375 0.567036703125 0.4904144578125 0.5685880156249999 0.4948181 0.5713291218750001 0.5092696250000001 0.570064778125 0.5586073734375 0.563399278125 0.5624576921875 0.55994449375 0.5623219703125 0.5583931796875 0.5579294953125 0.5556510968749999 0.5486376359375 0.5564640296875 0.49414022187500006 0.563580940625
1 0.5166542765625 0.2859494453125 0.5179524515625 0.2889537953125 0.5531577890625 0.310867828125 0.5897176265625 0.33655865 0.5961198734375001 0.33834753125 0.5999806265625 0.334883384375 0.599777409375 0.33256060781249996 0.5324039765624999 0.28768945 0.5247035531249999 0.28289621875000004 0.5205038609375 0.282486275 0.5166542765625 0.2859494453125
1 0.567219409375 0.23388637499999998 0.5701772515625 0.232064409375 0.570876946875 0.22809945156250003 0.5664740375 0.22536673125 0.5644079390625001 0.22554749062499999 0.5624768296875 0.2272711796875 0.5613818687500001 0.22658960625 0.5549022140625001 0.23574980937499998 0.53601458125 0.2576983515625 0.5330567390625001 0.259520315625 0.5217457125 0.2847181828125 0.5219496625 0.2870493453125 0.5263414015625 0.28978304375 0.53233648125 0.2869179859375 0.542687540625 0.2625814734375 0.567219409375 0.23388637499999998
0 0.511312940625 0.2789219015625 0.5145956765624999 0.28608730000000004 0.5218536046875 0.293411896875 0.5334097984375 0.2968707328125 0.5416944234375001 0.29316319062499996 0.538466140625 0.28649155625 0.53251488125 0.27905264375 0.52108780625 0.2770696515625 0.511312940625 0.2789219015625
0 0.5334229421875001 0.62991300625 0.5360796125 0.637640159375 0.541857734375 0.6431001000000001 0.552539321875 0.6441512546875 0.5588039078125 0.6401219125 0.5544734765625 0.6360309046875 0.5577247328125 0.627786875 0.5535667046875 0.6256664562500001 0.54165385 0.6257200843749999 0.5334229421875001 0.62991300625
2 0.485774440625 0.27771721875 0.44710486875 0.2756334359375 0.4432441171875 0.2790975828125 0.44337910625 0.2806405109375 0.450944540625 0.283890815625 0.4896133765625 0.28596621093749997 0.5359722015624999 0.2928442015625 0.539065765625 0.29257355 0.542927253125 0.28911778906249996 0.54279153125 0.287566475 0.5383878890625 0.28482536875000003 0.528903978125 0.283314546875 0.485774440625 0.27771721875
1 0.5425783796875 0.45157616406249995 0.534125234375 0.4976059046875 0.5343284500000001 0.4999286828125 0.5387320921875001 0.5026697875 0.5407981921875 0.5024890281250001 0.54548319375 0.4966122125 0.5539363390625 0.4505824703125 0.5537323890625 0.44825130625 0.5493294796875 0.44551858749999995 0.54726338125 0.445699346875 0.5425783796875 0.45157616406249995
2 0.45864949531250004 0.5026459890625 0.45878521718750004 0.5041973015625001 0.4631776921875 0.5069393859375 0.49235145156250004 0.5075049375 0.5500900515625 0.5016760953125 0.5539396375 0.498212925 0.553803915625 0.49666161249999996 0.5494121734374999 0.4939279140625 0.49271220624999995 0.49966588749999996 0.4624998140625 0.4991912046875 0.45864949531250004 0.5026459890625
0 0.5345850921874999 0.43893346875 0.55144548125 0.4424352265625 0.55686689375 0.443946584375 0.5592435921875001 0.44075592031250005 0.560432259375 0.4317037328125 0.5554854609375 0.42815673125 0.542438340625 0.43029526718750005 0.5335380828125 0.4345552 0.5345850921874999 0.43893346875
1 0.61458181875 0.3710886453125 0.6551241875 0.3589483421875 0.6589856734375 0.35549258125 0.65884995 0.35394126875 0.654446309375 0.35120016249999997 0.6513527453125 0.35147081406249997 0.616929278125 0.3622899640625 0.57824979375 0.3719267296875 0.5514240109374999 0.37427368125 0.5288648984375001 0.3660908546875 0.5267987984375 0.366271615625 0.5229380453125 0.3697357625 0.52307376875 0.371287075 0.5253430828125001 0.3734290921875 0.550035790625 0.3822026234375 0.578927671875 0.3796749109375 0.61458181875 0.3710886453125
3 0.5208738937499999 0.6908683109375 0.524938596875 0.6897353265625 0.5278282109375 0.6871335125 0.5283810156250001 0.6816182171875 0.530026734375 0.640873609375 0.5279672515625 0.5817033656249999 0.526678990625 0.5669784671875 0.51511378125 0.5180105421875 0.5164868031250001 0.46244373593750004 0.515205890625 0.38837622031249996 0.5049891093750001 0.259635359375 0.5019703890625 0.2013348546875 0.49866170624999995 0.19927532187500002 0.49447318281249997 0.1988644 0.48958496250000005 0.20241843906249998 0.4925361890625 0.2599474796875 0.5027522390625 0.3886799546875 0.5040338828125 0.46275585625 0.5020504781249999 0.5113459453125 0.502796584375 0.519873975 0.514361059375 0.568833515625 0.51757308125 0.6411773453125 0.514968125 0.68279169375 0.5154427859374999 0.688217096875 0.5208738937499999 0.6908683109375
1 0.5555211609375 0.504327309375 0.5516596734375 0.5077830718749999 0.5538972578125 0.5333587765625001 0.5447093875 0.5591567125 0.5449126046874999 0.5614794890625 0.5493155140625 0.5642122109375001 0.5513816125 0.56403145 0.5561348421875 0.5589344828125 0.56435230625 0.534007265625 0.561979 0.5068802484375 0.557576090625 0.5041475265625001 0.5555211609375 0.504327309375