1 0.55505859375 0.5687325999999999 0.55505859375 0.5707619046875 0.5586621093749999 0.573472528125 0.56046875 0.573472528125 0.56408203125 0.5707619046875 0.579423828125 0.533523809375 0.589345703125 0.494930403125 0.589345703125 0.4929010984375 0.5857421875 0.4901904765625 0.583935546875 0.4901904765625 0.580322265625 0.4929010984375 0.571298828125 0.53013919375 0.55505859375 0.5687325999999999
0 0.52298828125 0.4960293046875 0.53275390625 0.4947326 0.541943359375 0.4943076921875 0.548837890625 0.4925787546875 0.5511328125 0.48654944999999994 0.558603515625 0.48266666718750006 0.5557324218749999 0.47577289375 0.5465429687500001 0.474908425 0.53447265625 0.480520146875 0.5201171875 0.48396337031250003 0.521259765625 0.4908571421875 0.52298828125 0.4960293046875
2 0.459384765625 0.572117215625 0.47021484375 0.5727912093749999 0.565888671875 0.573472528125 0.5694921875000001 0.5707619046875 0.5694921875000001 0.5694065937499999 0.565888671875 0.566703296875 0.489169921875 0.566703296875 0.459384765625 0.5653479859375 0.45577148437500004 0.5680512828125 0.45577148437500004 0.5694065937499999 0.459384765625 0.572117215625
2 0.433212890625 0.31686446875 0.433212890625 0.31821977968750004 0.43682617187500006 0.3209230765625 0.43953125000000004 0.3209230765625 0.4747265625 0.312798534375 0.5333886718749999 0.30941391875 0.5397070312500001 0.30873992656250004 0.5433203125 0.3060293046875 0.5433203125 0.3046739921875 0.5397070312500001 0.3019706953125 0.5333886718749999 0.3019706953125 0.473828125 0.3060293046875 0.43682617187500006 0.314153846875 0.433212890625 0.31686446875
1 0.394404296875 0.4705567765625 0.43591796875 0.47462271093749997 0.46119140625000005 0.47868131875 0.472919921875 0.48071062343750004 0.50361328125 0.48883516406250005 0.545126953125 0.48545055000000004 0.5487402343750001 0.482747253125 0.5487402343750001 0.481391940625 0.545126953125 0.47868131875 0.505419921875 0.482065934375 0.47744140625 0.47462271093749997 0.445849609375 0.469201465625 0.394404296875 0.4637875453125 0.39079101562499996 0.46649816875 0.39079101562499996 0.467846153125 0.394404296875 0.4705567765625
1 0.519853515625 0.747472528125 0.46480468750000004 0.7440879125000001 0.4305078125 0.75018315 0.40884765625 0.7528937734375 0.40523437500000004 0.7555970703125 0.40523437500000004 0.75695238125 0.40884765625 0.759663003125 0.411552734375 0.759663003125 0.465703125 0.7508571421875 0.52255859375 0.7542490843749999 0.5252734375 0.7535677656249999 0.526171875 0.7515384609375 0.541513671875 0.7393479859375 0.5424218749999999 0.7359633703124999 0.53880859375 0.7332600734375 0.537001953125 0.7332600734375 0.534296875 0.733934065625 0.5333886718749999 0.7359633703124999 0.519853515625 0.747472528125
1 0.5469335937500001 0.20582417656250002 0.546025390625 0.20786080624999997 0.534296875 0.21801465156250002 0.52255859375 0.22681318749999999 0.5216601562500001 0.2301978015625 0.5252734375 0.23290842500000003 0.52978515625 0.23223443281249997 0.53068359375 0.2301978015625 0.55595703125 0.20920879062500003 0.5776171875 0.197699634375 0.601083984375 0.1631721609375 0.601083984375 0.16181684999999998 0.5974707031250001 0.1591062265625 0.5956640625 0.1591062265625 0.5911523437499999 0.16249816875 0.5704003906249999 0.19295970625 0.5469335937500001 0.20582417656250002
1 0.48465820312499996 0.23223443281249997 0.5008984375 0.249838828125 0.5090234375 0.2701465203125 0.5189550781250001 0.3053553109375 0.519853515625 0.307384615625 0.523466796875 0.3100952375 0.5252734375 0.3100952375 0.5288769531249999 0.307384615625 0.5288769531249999 0.3053553109375 0.51625 0.2640512828125 0.5081249999999999 0.24509890156249997 0.48736328125000006 0.2247838828125 0.48736328125000006 0.22342857187499998 0.48646484375 0.224109890625 0.48285156249999994 0.222754578125 0.47923828124999995 0.22545787499999997 0.48014648437499996 0.22884981718750003 0.48465820312499996 0.23223443281249997
2 0.462998046875 0.48409523749999994 0.46661132812500006 0.4868058609375 0.49006835937500004 0.4868058609375 0.562275390625 0.48613186875 0.565888671875 0.48342124531249997 0.565888671875 0.482065934375 0.562275390625 0.4793553109375 0.49006835937500004 0.4793553109375 0.46661132812500006 0.48003662968749994 0.462998046875 0.482747253125 0.462998046875 0.48409523749999994
2 0.4747265625 0.659457875 0.55595703125 0.662842490625 0.56498046875 0.662842490625 0.56859375 0.66013186875 0.56859375 0.65877655625 0.56498046875 0.656073259375 0.47653320312499997 0.6526886453125 0.459384765625 0.6472673999999999 0.4566796875 0.6472673999999999 0.45306640624999994 0.649978021875 0.45487304687499996 0.6533626375 0.4747265625 0.659457875
1 0.47833984375 0.6804468859374999 0.5108300781249999 0.6784175828125 0.52978515625 0.67367765625 0.534296875 0.67232234375 0.55234375 0.6621684984375 0.554150390625 0.6621684984375 0.553251953125 0.6614871796874999 0.55505859375 0.66013186875 0.55505859375 0.65877655625 0.5514453125000001 0.656073259375 0.549638671875 0.656073259375 0.527978515625 0.6669010984375 0.5090234375 0.671641025 0.48014648437499996 0.67367765625 0.445849609375 0.659457875 0.433212890625 0.6553919406250001 0.429599609375 0.6581025640625 0.43140625000000005 0.6614871796874999 0.47833984375 0.6804468859374999
1 0.5379101562499999 0.7332600734375 0.536103515625 0.7332600734375 0.532490234375 0.7359633703124999 0.532490234375 0.73731868125 0.5433203125 0.746117215625 0.54783203125 0.747472528125 0.60740234375 0.7224249078125 0.645302734375 0.714974359375 0.648916015625 0.7122710624999999 0.648916015625 0.7109157515625 0.645302734375 0.708205128125 0.64259765625 0.708205128125 0.6037890625 0.7163296703124999 0.54783203125 0.7400293046875001 0.5379101562499999 0.7332600734375
2 0.451259765625 0.398109890625 0.44765625 0.4008205125 0.44765625 0.40217582343749997 0.451259765625 0.4048791203125 0.45487304687499996 0.4048791203125 0.489169921875 0.4008205125 0.553251953125 0.39675457812500003 0.55685546875 0.3940512828125 0.55685546875 0.39269597031250003 0.553251953125 0.3899853484375 0.54783203125 0.3899853484375 0.489169921875 0.3940512828125 0.45577148437500004 0.39743589687499997 0.451259765625 0.398109890625
2 0.42870117187499995 0.2410329671875 0.42689453125 0.2444175828125 0.4305078125 0.2471282046875 0.43231445312499994 0.2471282046875 0.46480468750000004 0.2349377296875 0.49548828125 0.23223443281249997 0.5433203125 0.2342637359375 0.5469335937500001 0.2315531140625 0.5469335937500001 0.2301978015625 0.5433203125 0.22749450625 0.49548828125 0.22545787499999997 0.459384765625 0.22884981718750003 0.43140625000000005 0.23967765624999998 0.42870117187499995 0.2410329671875
0 0.54423828125 0.31286446875 0.54482421875 0.3076923078125 0.53734375 0.302520146875 0.5206835937500001 0.3038095234375 0.51896484375 0.30984615312499997 0.5304492187500001 0.31286446875 0.54423828125 0.31286446875
1 0.5108300781249999 0.2721758234375 0.514443359375 0.27488644687499997 0.51625 0.27488644687499997 0.519853515625 0.2721758234375 0.52255859375 0.2444175828125 0.5333886718749999 0.23087912031250002 0.5333886718749999 0.229523809375 0.52978515625 0.22681318749999999 0.527978515625 0.22681318749999999 0.5252734375 0.2281684984375 0.51353515625 0.2430622703125 0.5108300781249999 0.2721758234375
0 0.5413671875 0.2370109890625 0.543095703125 0.22968498125 0.535625 0.2258095234375 0.531025390625 0.22235164843750002 0.521259765625 0.2258095234375 0.5206835937500001 0.2326959703125 0.52873046875 0.2370109890625 0.5413671875 0.2370109890625
1 0.48827148437499995 0.4671721609375 0.48827148437499995 0.468527471875 0.491875 0.47123076875000003 0.49638671875 0.46988278437500003 0.498193359375 0.467846153125 0.546025390625 0.398109890625 0.54783203125 0.3933699640625 0.544228515625 0.3906666671875 0.5424218749999999 0.3906666671875 0.5397070312500001 0.3920146515625 0.515341796875 0.42993406562500003 0.48827148437499995 0.4671721609375
0 0.562626953125 0.6615311359375 0.561484375 0.65204395625 0.55228515625 0.6511868125 0.543662109375 0.6541978015625001 0.5413671875 0.6628205125 0.540791015625 0.670564103125 0.548828125 0.6736043953124999 0.550556640625 0.6628205125 0.562626953125 0.6615311359375
1 0.534296875 0.6052893765625 0.523466796875 0.6493040296875 0.523466796875 0.6520073265625 0.527080078125 0.6547179484375001 0.5288769531249999 0.6547179484375001 0.532490234375 0.6520073265625 0.5433203125 0.6073260078125 0.554150390625 0.5964908421875 0.55685546875 0.59513553125 0.56859375 0.571435896875 0.56859375 0.5694065937499999 0.56498046875 0.566703296875 0.5631738281249999 0.566703296875 0.5586621093749999 0.5707619046875 0.5487402343750001 0.591750915625 0.534296875 0.6052893765625
0 0.5459667968749999 0.402073259375 0.554580078125 0.39561172187500004 0.55171875 0.3891501828125 0.539072265625 0.3887106234375 0.5298828125 0.3904395609375 0.5304492187500001 0.39432234374999997 0.53505859375 0.40594871718750003 0.5402148437500001 0.4111282046875 0.5459667968749999 0.40940659375 0.5459667968749999 0.402073259375
1 0.565888671875 0.6912820515625 0.5767187500000001 0.702109890625 0.586640625 0.71904029375 0.5929589843749999 0.7400293046875001 0.60740234375 0.76304761875 0.6119140625 0.7644029296875 0.61552734375 0.7616923078125 0.61552734375 0.760336996875 0.601083984375 0.73731868125 0.5938671875 0.714300365625 0.583935546875 0.6980512828125 0.57310546875 0.6872161171875 0.553251953125 0.656747253125 0.5487402343750001 0.6553919406250001 0.545126953125 0.6581025640625 0.545126953125 0.659457875 0.565888671875 0.6912820515625
1 0.5379101562499999 0.3933699640625 0.5379101562499999 0.394725275 0.5424218749999999 0.398109890625 0.55685546875 0.4035311359375 0.56046875 0.4035311359375 0.635380859375 0.394725275 0.6389843749999999 0.3920146515625 0.6389843749999999 0.3906666671875 0.635380859375 0.38795604375 0.6317675781250001 0.38795604375 0.56046875 0.39675457812500003 0.541513671875 0.3906666671875 0.5379101562499999 0.3933699640625
2 0.45577148437500004 0.7379926734375 0.47833984375 0.740703296875 0.55505859375 0.7400293046875001 0.5586621093749999 0.73731868125 0.5586621093749999 0.7359633703124999 0.55505859375 0.7332600734375 0.47833984375 0.733934065625 0.45577148437500004 0.73122344375 0.45216796875 0.733934065625 0.45216796875 0.7352893765624999 0.45577148437500004 0.7379926734375
1 0.6037890625 0.4184249078125 0.580322265625 0.4400879125 0.5767187500000001 0.442117215625 0.57400390625 0.44618315 0.5397070312500001 0.4793553109375 0.53880859375 0.482747253125 0.5424218749999999 0.48545055000000004 0.546025390625 0.48409523749999994 0.5469335937500001 0.48477655625000005 0.5469335937500001 0.48342124531249997 0.584833984375 0.4455091578125 0.61552734375 0.41706959687499995 0.619130859375 0.41504029375 0.6200390625 0.411655678125 0.61642578125 0.4089450546875 0.614619140625 0.4089450546875 0.6128125 0.41030036562500005 0.6119140625 0.40961904687499995 0.6037890625 0.4184249078125
0 0.54423828125 0.7503076921875 0.547685546875 0.742117215625 0.5534375 0.733934065625 0.547109375 0.7313479859375 0.533896484375 0.73177289375 0.533896484375 0.7373772890625 0.53447265625 0.74254945 0.528154296875 0.74341391875 0.521259765625 0.7515970703125 0.5206835937500001 0.758065934375 0.53505859375 0.75418315 0.54423828125 0.7503076921875
0 0.548837890625 0.5632600734375 0.5459667968749999 0.5662783874999999 0.5494140625 0.5736043953125 0.5494140625 0.580073259375 0.5534375 0.5899853484375 0.5608984375 0.595157509375 0.5654980468749999 0.5895531140625 0.5660742187500001 0.579208790625 0.56376953125 0.56886446875 0.5580371093750001 0.5636923078125 0.55171875 0.5649890109375 0.5511328125 0.5636923078125 0.548837890625 0.5632600734375
3 0.5008984375 0.42112820468749995 0.505419921875 0.533523809375 0.5126367187499999 0.624930403125 0.506318359375 0.71904029375 0.515341796875 0.79013186875 0.518046875 0.792161171875 0.5216601562500001 0.7928351640625 0.526171875 0.79013186875 0.526171875 0.7853919406250001 0.5171484375000001 0.71904029375 0.5171484375000001 0.7102344328125 0.523466796875 0.624930403125 0.51625 0.533523809375 0.511728515625 0.42112820468749995 0.501806640625 0.2918095234375 0.501806640625 0.20853479843749997 0.49910156250000004 0.20650549375 0.49548828125 0.20582417656250002 0.49097656250000005 0.20853479843749997 0.49097656250000005 0.2918095234375 0.5008984375 0.42112820468749995
1 0.532490234375 0.36222710625 0.532490234375 0.383890109375 0.536103515625 0.38660073281249996 0.5379101562499999 0.38660073281249996 0.541513671875 0.383890109375 0.541513671875 0.3615531140625 0.532490234375 0.3324395609375 0.526171875 0.3060293046875 0.52255859375 0.3033260078125 0.52076171875 0.3033260078125 0.5171484375000001 0.3060293046875 0.5171484375000001 0.30806593437499996 0.532490234375 0.36222710625