0 0.5327757015625 0.41853732499999996 0.537843078125 0.42841832812499997 0.5463386906250001 0.43404506718749997 0.5571046281250001 0.4351580140625 0.5557273171875 0.42520868749999996 0.5550152484375 0.41769795312499997 0.5466893875000001 0.4139508890625 0.5375734296875 0.41367119218750004 0.5327757015625 0.41853732499999996
1 0.4863228890625 0.599277834375 0.48203577812500004 0.6011657828125 0.4761897859375 0.626487559375 0.48329013437499996 0.6540729562500001 0.484485853125 0.657234515625 0.48873683906250004 0.6596508859375 0.49302394843749997 0.6577629375 0.4934991484375 0.65570461875 0.4856370296875 0.6272258734375 0.4911667921875 0.60327384375 0.48815106718749995 0.5996999015625 0.4863228890625 0.599277834375
0 0.5028949890625001 0.5845741796875 0.500133009375 0.5917585875 0.5024950593749999 0.6001025734375001 0.507803153125 0.60362085 0.5151408562500001 0.6089880609375 0.5252449703125001 0.6076476109375 0.5235668140625 0.5990013921874999 0.522570840625 0.590060346875 0.517259815625 0.5844357546875 0.5028949890625001 0.5845741796875
1 0.49698665468750003 0.657235046875 0.49182823124999997 0.654601378125 0.4875394109375 0.6564967312500001 0.48857786875000003 0.6603394625 0.50887726875 0.6765601703125 0.53819984375 0.6912532640625 0.5606436515625 0.7065262953125 0.56247183125 0.7069483640625001 0.56675076875 0.705050728125 0.56572219375 0.7012102796875 0.5406884359374999 0.684621834375 0.5172959359375 0.6734580390625 0.49698665468750003 0.657235046875
1 0.5257100453125 0.5370133046875 0.52236991875 0.5347994234375 0.5180811000000001 0.5366947765625001 0.5182104078124999 0.5403276140625 0.53161296875 0.56144455 0.5312984484375 0.5628068890625 0.53236485625 0.5623356125 0.5357049843749999 0.5645494953125 0.539983921875 0.5626518609375 0.5398644953125 0.5590213046875 0.526460225 0.5379117734375 0.52677645625 0.5365420296875001 0.5257100453125 0.5370133046875
0 0.5293810359375 0.53932696875 0.5380263953125 0.5390301015625 0.5345583921875 0.5354765203125 0.5235102609375 0.5329258578125 0.51360785 0.5333926359375 0.5110652140624999 0.53647099375 0.5157902671875 0.5398546640624999 0.5192379078125 0.546156471875 0.524927340625 0.5506830296875 0.5267267109375 0.5561441828125 0.5340450062500001 0.5509553234375 0.53601619375 0.5477372375 0.5319651515625 0.5440490515625 0.5293810359375 0.53932696875
1 0.4911481359375 0.45335582968750004 0.486859315625 0.4552511828125 0.48654308593750006 0.456620928125 0.48789777343749996 0.4590939140625 0.49123789999999995 0.4613077953125 0.5422425171875 0.4903805734375 0.54497984375 0.4910125359375 0.5492686640625 0.48911718281249994 0.54823020625 0.4852744515625 0.543229040625 0.4819596125 0.49388546250000004 0.4539877921875 0.4911481359375 0.45335582968750004
1 0.6428624000000001 0.512885228125 0.5994471890625 0.48845010625 0.5656505796875 0.4806475453125 0.5418365203125 0.48379835312499997 0.53921861875 0.486796946875 0.5422425171875 0.4903805734375 0.5440706953125 0.4908026421875 0.5649901671875 0.487701040625 0.596039565625 0.494869359375 0.6402148375000001 0.5202052312500001 0.642952165625 0.52083719375 0.6472409859375 0.5189418406249999 0.6462025265625 0.515099109375 0.6428624000000001 0.512885228125
2 0.47381752656250004 0.465934703125 0.45447920937499997 0.4621875765625 0.4501903890625 0.46408292968750003 0.449874159375 0.465452675 0.45289976562499995 0.4690288984375 0.506943840625 0.48078847968750005 0.5404143359375 0.4899585046875 0.557767215625 0.4939647328125 0.5620560359375 0.4920693796875 0.562372265625 0.490699634375 0.5593466593749999 0.4871234109375 0.47381752656250004 0.465934703125
1 0.5401718703125 0.6160303093749999 0.538343690625 0.6156082421875 0.51291381875 0.5924398578125001 0.508505571875 0.5907046578124999 0.5042184625 0.5925926078125 0.5054141796875 0.595754165625 0.5043378890625 0.5962231609375 0.5061660671875 0.5966452296875 0.5316041125 0.6198233 0.533422409375 0.6202430859375 0.5511533328125 0.6351455390625 0.5563117578125001 0.6377792078125 0.5606005765625001 0.6358838546875 0.55956211875 0.6320411265625 0.5401718703125 0.6160303093749999
1 0.5493450140625 0.422105296875 0.5469239171875 0.42010359062499997 0.535031596875 0.40078587031249996 0.5339651875 0.4012571484375 0.5307823203125001 0.3983620953125 0.5145353953125 0.3895654609375 0.44857104531249997 0.36280216875 0.4442822265625 0.36469752187500004 0.44396599531250003 0.3660672671875 0.4469898921875 0.3696508953125 0.4980620015625 0.3900905390625 0.525703778125 0.4036781109375 0.5288866453125001 0.4065731625 0.5407772578125 0.425898284375 0.5418453765625 0.42541960312500005 0.545185503125 0.4276334859375 0.5494743234375 0.42573813281249995 0.5493450140625 0.422105296875
2 0.4822747140625 0.400132409375 0.47798589375 0.40202776250000005 0.47766966406250005 0.40339750781249994 0.48069356093750004 0.40698113437499994 0.5287796078125 0.41952542656249997 0.5536840562500001 0.43248103593750004 0.5564312671875 0.4331152796875 0.5607102046875 0.43121764531249995 0.561026434375 0.42984790000000006 0.5563415 0.425163315625 0.5321889390625001 0.41309876875 0.4822747140625 0.400132409375
2 0.4327590109375 0.6229492624999999 0.4284719 0.6248372125 0.42951035937500004 0.628679940625 0.44878118125000005 0.6410602015625 0.4935790328125 0.6636542999999999 0.4963262421875 0.66428854375 0.5006051796875 0.662390909375 0.5009197015625 0.6610285671875 0.4962364765625 0.6563365796875 0.45384984062499995 0.63574190625 0.4371672578125 0.6246844625 0.4327590109375 0.6229492624999999
2 0.46526172031249996 0.5821637796875 0.460974609375 0.5840517296875001 0.4606583796875 0.585421475 0.46368227656250005 0.5890051015625 0.47646964687500004 0.5919572984375 0.52078161875 0.6000194953125 0.525058846875 0.5981292640625 0.525375078125 0.59675951875 0.5223610625 0.5931781734375 0.5141391984375 0.59128000625 0.46526172031249996 0.5821637796875
1 0.56212714375 0.3501033296875 0.562405540625 0.353045309375 0.586580371875 0.38169495468750003 0.6108664578125 0.41396547031250003 0.6158757953125 0.41728999531250005 0.6201646140625 0.4153946421875 0.62063810625 0.4133437265625 0.5751929125 0.35599750625 0.5699051796875 0.34973100156250003 0.56640608125 0.3482056953125 0.56212714375 0.3501033296875
1 0.6201667625 0.3195339671875 0.623220321875 0.3187961828125 0.6249290734375 0.3155876984375 0.6219034671875 0.312011475 0.6200752875 0.31158940625 0.6179325875 0.3125296796875 0.6171807 0.3116386140625 0.6090486 0.3176924125 0.5866708218750001 0.331258484375 0.5836172640624999 0.33199626875 0.5668516218749999 0.350468784375 0.5663764203125 0.3525271046875 0.5693921453125 0.356101046875 0.5753501734375 0.3553163375 0.59104940625 0.33731509531250004 0.6201667625 0.3195339671875
0 0.55949288125 0.34257774687500003 0.5603173953125 0.349646521875 0.5645178265624999 0.357962609375 0.573495628125 0.364160790625 0.5816587984375 0.3632924796875 0.580743315625 0.3566628234375 0.57769908125 0.34861366562499996 0.568420434375 0.34371859374999997 0.55949288125 0.34257774687500003
0 0.480546675 0.6500861546875 0.4806757046875 0.657462284375 0.48412334687499997 0.6637640921875 0.49302065468749995 0.6676508828125 0.49953555468750005 0.665941915625 0.4969514390625 0.6612198328125001 0.502050015625 0.6550505906249999 0.49906420156250003 0.6520684546875 0.48879910625 0.648786128125 0.480546675 0.6500861546875
2 0.5378551578125 0.3344082296875 0.5051645015624999 0.3218152609375 0.5008756812499999 0.323710615625 0.5005611609375 0.3250729546875 0.5061634140625 0.32997711875 0.5388557796875 0.3425626828125 0.5768242890625 0.361419875 0.5795616156250001 0.36205183750000003 0.5838487265625 0.3601638875 0.58416495625 0.3587941421875 0.5811410593749999 0.355210515625 0.5734025671875 0.3512637125 0.5378551578125 0.3344082296875
1 0.53820243125 0.49953931718750005 0.5180811000000001 0.5366947765625001 0.5176076078125 0.5387456937499999 0.52063150625 0.5423293203124999 0.522459684375 0.5427513890625 0.52813114375 0.5390150125 0.5482524765625 0.501859553125 0.5487276765625 0.4998012328125 0.545702071875 0.49622500937499997 0.543873890625 0.49580294062499997 0.53820243125 0.49953931718750005
2 0.45173302499999995 0.5199343640625 0.4514167953125 0.521304109375 0.45443080937499997 0.5248854546875 0.4793748015625 0.5335219359375001 0.53068155 0.54464955625 0.5349604875 0.542751921875 0.5352767187499999 0.5413821765625 0.53226099375 0.537808234375 0.481873275 0.5268927890625 0.456010253125 0.5180441328125001 0.45173302499999995 0.5199343640625
0 0.5348536875 0.48645210937499994 0.548383375 0.4941690953125 0.5526262375 0.49698132343749996 0.5555618046874999 0.494906125 0.5591112515625001 0.48746679375 0.555844953125 0.483039540625 0.544021959375 0.4812302296875 0.535174896875 0.48240077187499997 0.5348536875 0.48645210937499994
1 0.6226220796875 0.45055686406250006 0.6608944296875 0.451461490625 0.6651815390625 0.449573540625 0.6654977703125 0.44820379531250004 0.6624738734375 0.44462016875000004 0.6597365453124999 0.4439882078125 0.6270978203124999 0.44365892812499996 0.591127140625 0.441125453125 0.567390459375 0.4356454078125 0.5502640453125001 0.422317471875 0.548435865625 0.421895403125 0.544147046875 0.42379075625 0.543830815625 0.42516050156249996 0.545185503125 0.4276334859375 0.5639828359375 0.4420646625 0.5895476984375 0.447966775 0.6226220796875 0.45055686406250006
3 0.45273503125000003 0.6989110625 0.4565486515625 0.699074028125 0.4597611796875 0.6976476703125 0.46177627968749996 0.6930671578125 0.4745651171875 0.658547115625 0.48930895156250004 0.6071731859375 0.49231057656250005 0.5941717140625 0.4960277234375 0.5489007890625001 0.5127191625 0.5015794828125 0.5322910937499999 0.43763355156249995 0.559435040625 0.32425313125 0.5731107578125 0.2733578828125 0.570838746875 0.2706653203125 0.56734953125 0.26914229375 0.5621515640625 0.27082775468750003 0.548633109375 0.3210418328125 0.5214908703125001 0.43441485 0.50191723125 0.49836818281250006 0.486647975 0.5395293390625 0.48490956093750004 0.5470592359374999 0.48119412500000003 0.5923227546875001 0.4637648953125 0.6553284125000001 0.449907940625 0.6903271359375001 0.4488019875 0.6951175421875 0.45273503125000003 0.6989110625
1 0.5346145953125 0.5484430765625 0.530327484375 0.5503310265625 0.525113953125 0.5729133109375 0.5100076390625 0.5924941890625 0.5095341484375 0.5945451046875 0.5125597546875 0.598121328125 0.5143879328125001 0.598543396875 0.5199004234375 0.5954955953125001 0.5339287374999999 0.5763911171875 0.5394584984375 0.5524390859375 0.5364328921875 0.5488628624999999 0.5346145953125 0.5484430765625