1 0.558859446875 0.3226338515625 0.5545967734375 0.31943868750000004 0.5514055296875 0.31943868750000004 0.51626728125 0.32901554375000003 0.502430875 0.337797928125 0.5002995390625 0.337797928125 0.501359446875 0.3385924 0.49923963125000004 0.3417875640625 0.5034907828125 0.344982728125 0.5088133640625 0.3441796203125 0.525852534375 0.3346027640625 0.5545967734375 0.327426596875 0.558859446875 0.3242314328125 0.558859446875 0.3226338515625
2 0.5173387093749999 0.31943868750000004 0.5130760375000001 0.3226338515625 0.5130760375000001 0.3242314328125 0.5173387093749999 0.327426596875 0.5301152078125 0.325829015625 0.5684446999999999 0.327426596875 0.572695853125 0.3242314328125 0.572695853125 0.3226338515625 0.5684446999999999 0.31943868750000004 0.5301152078125 0.3178411046875 0.5173387093749999 0.31943868750000004
1 0.583352534375 0.5947841109375 0.5844124421875 0.5931865281250001 0.6216820281250001 0.5748272890624999 0.6238133640625 0.5748272890624999 0.6227419359375 0.5740328156250001 0.6248732718750001 0.5708376515625 0.6206105984375 0.567651121875 0.6184792625 0.567651121875 0.576958525 0.5883937828125 0.5748271890625001 0.5883937828125 0.5609907828125 0.597176165625 0.5450230421875 0.60595855 0.5428917046875 0.60595855 0.5439516125 0.606753021875 0.5418202765625 0.6099481859375 0.54608295 0.613134715625 0.5514055296875 0.6123402421875 0.5812211984375 0.5947841109375 0.583352534375 0.5947841109375
1 0.46197004531249997 0.5189637312500001 0.46197004531249997 0.5205613125 0.46623271875 0.5237564765625 0.4907142859375 0.5285405875 0.5173387093749999 0.5357253890625 0.5205299546875 0.5357253890625 0.5247926265625 0.532530225 0.5247926265625 0.5309326421875 0.5183986171875 0.5269430046875 0.46623271875 0.5157685671875 0.46197004531249997 0.5189637312500001
0 0.5520161296875 0.4544386875 0.5516244234375 0.4609067359375 0.5575115203125 0.46531088125000003 0.5626036859375 0.4676597578125 0.5669239625 0.46736614843749996 0.5720161296875 0.4614939546875 0.57319124375 0.45561312656249997 0.5684792625 0.452081175 0.5575115203125 0.452081175 0.5520161296875 0.4544386875
2 0.498168203125 0.40483592343749997 0.5641820281250001 0.4056390328125 0.5684446999999999 0.40244386875 0.5684446999999999 0.40084628593750005 0.5641820281250001 0.39765112187499996 0.498168203125 0.39685665000000003 0.4939055296875 0.4000518140625 0.4939055296875 0.40164075937500004 0.498168203125 0.40483592343749997
2 0.501359446875 0.52455095 0.4971082953125 0.5277461140625 0.4971082953125 0.5293350609374999 0.5045622125 0.5333333328125 0.5279838703124999 0.53811744375 0.54608295 0.5397150265625 0.5524769578125001 0.5397150265625 0.5567281109375 0.5365198624999999 0.5567281109375 0.5349222796875 0.5524769578125001 0.5317357515625 0.5290437781249999 0.53013816875 0.501359446875 0.52455095
2 0.51626728125 0.6530397234375 0.5002995390625 0.6514507765625 0.48326036875 0.6474525046874999 0.4790092171875 0.65064766875 0.4790092171875 0.65224525 0.48326036875 0.6554404140625001 0.5056221203125 0.6602245250000001 0.5279838703124999 0.661027634375 0.562050690625 0.6594300515625 0.5716359453125001 0.6586269437500001 0.5758986171875 0.6554404140625001 0.5758986171875 0.6538428328125 0.5716359453125001 0.65064766875 0.51626728125 0.6530397234375
1 0.5897350234375 0.3936614859375 0.5609907828125 0.39765112187499996 0.5567281109375 0.40084628593750005 0.5567281109375 0.40244386875 0.5609907828125 0.4056390328125 0.56525345625 0.4056390328125 0.5908064515625 0.40164075937500004 0.633387096875 0.40483592343749997 0.6376497703124999 0.40164075937500004 0.6376497703124999 0.4000518140625 0.633387096875 0.39685665000000003 0.5897350234375 0.3936614859375
1 0.480069125 0.43595854999999994 0.47580645156249995 0.43915371406250003 0.4779377875 0.44314335 0.5269124421875 0.45911053593749995 0.558859446875 0.46310017343750004 0.5631221203125001 0.46310017343750004 0.567373271875 0.459905009375 0.567373271875 0.4583074265625 0.5631221203125001 0.45512089843750003 0.531175115625 0.45192573437499994 0.4907142859375 0.438359240625 0.480069125 0.43595854999999994
1 0.6025115203125 0.45591537187500003 0.56525345625 0.45591537187500003 0.5609907828125 0.45911053593749995 0.5609907828125 0.46069948125 0.56525345625 0.4638946453125 0.6014516125 0.4638946453125 0.6227419359375 0.4662867015625 0.649366359375 0.475069084375 0.651486175 0.475069084375 0.6557488484375 0.4718739203125 0.6536175109375 0.4678842828125 0.6238133640625 0.4583074265625 0.6025115203125 0.45591537187500003
1 0.6174193546875 0.5037996546875 0.61528801875 0.5037996546875 0.5790898624999999 0.5205613125 0.54608295 0.532530225 0.5439516125 0.5365198624999999 0.5482142859375 0.5397150265625 0.550345621875 0.5397150265625 0.586543778125 0.5261485312499999 0.6078341015625 0.516571675 0.619550690625 0.51098445625 0.6216820281250001 0.5085924000000001 0.6216820281250001 0.50699481875 0.6174193546875 0.5037996546875
1 0.553536865625 0.6514507765625 0.54927419375 0.6546373062499999 0.54927419375 0.6562348874999999 0.553536865625 0.6594300515625 0.6078341015625 0.6626165796875 0.634458525 0.6674093265625001 0.6376497703124999 0.6674093265625001 0.6419124421875 0.6642141625 0.6419124421875 0.6626165796875 0.6376497703124999 0.6594300515625 0.6078341015625 0.6546373062499999 0.553536865625 0.6514507765625
1 0.550345621875 0.6514507765625 0.4875230421875 0.661027634375 0.484331796875 0.6618221078125 0.480069125 0.665017271875 0.480069125 0.666614853125 0.484331796875 0.66980138125 0.4875230421875 0.66980138125 0.553536865625 0.6594300515625 0.5577995390625 0.6562348874999999 0.5577995390625 0.6546373062499999 0.553536865625 0.6514507765625 0.550345621875 0.6514507765625
1 0.634458525 0.3066753015625 0.630195853125 0.30348013749999997 0.5812211984375 0.30348013749999997 0.5780299546875 0.30427461093749997 0.572695853125 0.3090673578125 0.5567281109375 0.31943868750000004 0.553536865625 0.320241796875 0.5524769578125001 0.3242314328125 0.5567281109375 0.327426596875 0.562050690625 0.3266234890625 0.583352534375 0.3114594125 0.630195853125 0.3114594125 0.634458525 0.3082642484375 0.634458525 0.3066753015625
3 0.525852534375 0.689758203125 0.5301152078125 0.6889550953125 0.5333064515625 0.6865630390625 0.5333064515625 0.6434628671875 0.5354377875 0.61553540625 0.534366359375 0.5524870468749999 0.5386290328125 0.5085924000000001 0.5418202765625 0.449533678125 0.5482142859375 0.3912694296875 0.5545967734375 0.3521675296875 0.5545967734375 0.344982728125 0.5482142859375 0.3114594125 0.5482142859375 0.2340500859375 0.5450230421875 0.2316493953125 0.54076036875 0.230854921875 0.5354377875 0.2340500859375 0.5354377875 0.31226252187500003 0.5418202765625 0.351364421875 0.5354377875 0.39047495625 0.5290437781249999 0.449533678125 0.525852534375 0.5085924000000001 0.5215898625000001 0.5524870468749999 0.522661290625 0.61553540625 0.5205299546875 0.6434628671875 0.5205299546875 0.6865630390625 0.525852534375 0.689758203125
0 0.5484907828125001 0.6651640765625 0.554366359375 0.6651640765625 0.5626036859375 0.6648791015625 0.5669239625 0.66075993125 0.5688824890624999 0.6551727109375001 0.5618202765625 0.6534110531249999 0.550057603125 0.6545854921875 0.545345621875 0.6587046625 0.5484907828125001 0.6651640765625
0 0.5669239625 0.31684801406249996 0.5649654375 0.310673575 0.559078340625 0.3092055265625 0.5547580640625001 0.31566493906250004 0.5508410140625 0.31890328125 0.5492626734375 0.32625215937499996 0.550449309375 0.3306649390625 0.554366359375 0.332426596875 0.5594700453125 0.3294905015625 0.56417050625 0.328022453125 0.568099078125 0.32448186562500003 0.5669239625 0.31684801406249996
2 0.486463134375 0.451122625 0.486463134375 0.4527202078125 0.4907142859375 0.45591537187500003 0.4949769578125 0.45670984531250003 0.5684446999999999 0.4646977546875 0.572695853125 0.4646977546875 0.576958525 0.461502590625 0.576958525 0.459905009375 0.572695853125 0.45670984531250003 0.4907142859375 0.447936096875 0.486463134375 0.451122625
2 0.5056221203125 0.60595855 0.5098847921874999 0.609145078125 0.5524769578125001 0.614732296875 0.5567281109375 0.614732296875 0.5609907828125 0.61154576875 0.5609907828125 0.6099481859375 0.5567281109375 0.606753021875 0.5098847921874999 0.601165803125 0.5056221203125 0.6043609671875 0.5056221203125 0.60595855
0 0.5375 0.5376338515625 0.5445622125 0.541753021875 0.5516244234375 0.5432210703125 0.5551497703125 0.5379274609375 0.559078340625 0.533816925 0.5539746546875 0.5296977546875 0.5429953921874999 0.5311658031250001 0.534366359375 0.53322970625 0.5375 0.5376338515625
0 0.5559447 0.395043178125 0.548099078125 0.397400690625 0.547695853125 0.40092400625 0.5508410140625 0.40298791093749997 0.556716590625 0.4053367875 0.56221198125 0.407685665625 0.5626036859375 0.407685665625 0.5653571421875 0.4053367875 0.5712327187499999 0.400630396875 0.5653571421875 0.3962262515625 0.5559447 0.395043178125
0 0.536324884375 0.6025474953125001 0.5359331796875 0.608428325 0.538283409375 0.61165803125 0.541428571875 0.61401554375 0.550057603125 0.6146027640625 0.556324884375 0.6119602765625001 0.554366359375 0.60401554375 0.5465322578125 0.5996113984375 0.5406451609375 0.59814335 0.536324884375 0.6025474953125001
1 0.45025345625 0.5939810015625 0.45025345625 0.595578584375 0.4577073734375 0.5995682203125 0.53224654375 0.6123402421875 0.5364976953125 0.6123402421875 0.54076036875 0.609145078125 0.54076036875 0.60755613125 0.5364976953125 0.6043609671875 0.5152073734375 0.6019689125000001 0.45451612968750005 0.5907944734374999 0.45025345625 0.5939810015625
1 0.555668203125 0.40483592343749997 0.5609907828125 0.4056390328125 0.56525345625 0.40244386875 0.5631221203125001 0.39845423125 0.531175115625 0.38648531875000003 0.5066935484374999 0.37930051875 0.502430875 0.382487046875 0.5045622125 0.38648531875000003 0.555668203125 0.40483592343749997