1 0.4636310984375 0.45184096250000005 0.46493161250000004 0.4558232953125 0.5078429328125 0.47915726249999996 0.534763796875 0.49666601874999994 0.536706115625 0.497008503125 0.541103359375 0.49478631562500003 0.5398028453125 0.49080398281250004 0.5191517375 0.47739829375 0.472751084375 0.4511988765625 0.46802834375 0.4496187765625 0.4636310984375 0.45184096250000005
2 0.5766340828125001 0.270565746875 0.56460586875 0.2706950328125 0.5512255515625 0.27284421718749996 0.548641428125 0.2761415828125 0.5520120671875001 0.2797415796875 0.5539438859375 0.2800822125 0.5713471421875 0.277895028125 0.6064065656250001 0.283321471875 0.6107933125 0.281097434375 0.6110503109375001 0.27963991875 0.6076901734375 0.27604177343749997 0.5766340828125001 0.270565746875
1 0.618936021875 0.3200715046875 0.6349506593750001 0.3086306046875 0.64484164375 0.3036159734375 0.64645985625 0.30014829062500004 0.6430892187499999 0.29654829375 0.6411469000000001 0.2962058109375 0.6389475828125 0.2973208421875 0.6381094796875 0.2964257078125 0.636748265625 0.298435875 0.6164641875 0.31137414375 0.612194746875 0.3128715109375 0.60973843125 0.315444059375 0.5821474906249999 0.33009959375000003 0.5817626859375 0.3322819265625 0.5851333234375 0.3358819234375 0.589136653125 0.3358323421875 0.618936021875 0.3200715046875
0 0.5751268281249999 0.327553790625 0.57646204375 0.33397926718750004 0.5791792828125 0.3377240015625 0.5876160593749999 0.3369045828125 0.59202033125 0.3363001953125 0.5957840812499999 0.33392568906250003 0.595821965625 0.3286765203125 0.59127405 0.3248770609375 0.5830748234375001 0.3243492625 0.5751268281249999 0.327553790625
1 0.6131251671875 0.43240912187499997 0.6128010625 0.42859895625 0.6093026187499999 0.42572377812499995 0.6022463484375 0.4147233484375 0.58902990625 0.3988755734375 0.57801139375 0.38192064531250003 0.576916290625 0.3824830265625 0.5732886546875 0.3803405453125 0.5688914078125 0.38256273125 0.5692260140625 0.3863747484375 0.5718772421875 0.3883450625 0.5828943640625 0.40530786875 0.5863836984375 0.40817331875 0.59345046875 0.4191756 0.6034240765625001 0.43069855781250005 0.60401568125 0.433053059375 0.6051093953125 0.43249855625 0.6087370328125 0.43464103749999994 0.6131251671875 0.43240912187499997
2 0.47265985781250003 0.52551201875 0.47240424687499993 0.52696165625 0.47576438593750003 0.5305598015624999 0.5032599453125 0.539161028125 0.5412367062500001 0.5451100015625 0.545624840625 0.5428780843750001 0.545881840625 0.54142056875 0.5425203125 0.5378303015625 0.504543553125 0.531881328125 0.47704799218750005 0.5232801031250001 0.47265985781250003 0.52551201875
2 0.59346679375 0.328342475 0.55956958125 0.3276213296875 0.5289772890625 0.32522462343749997 0.524589153125 0.3274565390625 0.5243321546875 0.3289140546875 0.5276922921875 0.3325122 0.5315769296874999 0.3331971671875 0.5960573234375001 0.3363052890625 0.6004559578124999 0.3340752234375 0.60071295625 0.3326177078125 0.5973409296875001 0.3290255890625 0.59346679375 0.328342475
1 0.552590690625 0.5260886218749999 0.562017875 0.5179946703125 0.5675116140625 0.515202225 0.5691298265625 0.5117345421875 0.5657578 0.5081424234374999 0.56381548125 0.507799940625 0.5616266640625 0.508916825 0.5607794484374999 0.508011959375 0.5605224484375 0.5094694750000001 0.5410750875 0.52331075625 0.520909703125 0.5355144765625 0.5193006 0.5389918890625001 0.5226726265625 0.5425840078124999 0.5268037640625 0.54180960625 0.527650978125 0.5427144703125 0.5324239171875 0.5383002203125 0.552590690625 0.5260886218749999
1 0.5783355 0.3857308109375 0.57444445625 0.373785665625 0.569978715625 0.3707480484375 0.557034790625 0.36471266875 0.533747971875 0.360606575 0.521719759375 0.3607358609375 0.5173211234374999 0.3629659265625 0.5170655125 0.36441556249999996 0.5204361515625 0.3680155609375 0.533430275 0.3680565890625 0.553808865625 0.371649884375 0.5649396671875 0.376610084375 0.56935381875 0.3856499296875 0.572005046875 0.38762024375 0.573947365625 0.38796272656249997 0.5783355 0.3857308109375
0 0.580722946875 0.3829349109375 0.5750639765625001 0.38193708125 0.5683342390624999 0.38351240781249996 0.5640974437499999 0.38322838125 0.5600449578125 0.38527577812499997 0.5636601703124999 0.38914635625 0.5693485546875 0.3917578078125 0.574988609375 0.39114386562500003 0.582364103125 0.391063384375 0.5838307875 0.3862448671875 0.580722946875 0.3829349109375
0 0.5600077015625 0.43251497812500006 0.5540039734375 0.43169193906250003 0.5473022609375 0.43488876562499995 0.5476336859375001 0.440008090625 0.5526041546875 0.4431915671875 0.5566033984375001 0.4448228109375 0.5618783374999999 0.44805997499999994 0.566383165625 0.44516626875 0.5657700296875 0.43814513125000004 0.5632711328125 0.43494254843749997 0.5600077015625 0.43251497812500006
2 0.5561689953125 0.49443713125000005 0.55280885625 0.4908389859375 0.5479478125 0.4899818515625 0.5222151765625 0.48845015625 0.5086294484375 0.4860546265625 0.49737084375 0.48181924531250003 0.4929735984375 0.48404143125 0.4927165984375 0.48549894687500006 0.49608723593750004 0.48909894375 0.5063694328125 0.4931621578125 0.521897478125 0.49590017187499996 0.5515238609375 0.4981265625 0.5559119953125 0.49589464687499996 0.5561689953125 0.49443713125000005
1 0.48973572499999996 0.42866996406249996 0.48533708906250006 0.43090002812500006 0.485081478125 0.432349665625 0.4884521171875 0.4359496625 0.49523448124999997 0.43714557656249997 0.553255228125 0.44287582812500004 0.5576538625 0.4406457640625 0.5579108609375 0.43918824843750004 0.554540225 0.4355882515625 0.5487237687500001 0.434562653125 0.48973572499999996 0.42866996406249996
1 0.5666346765625 0.48051496875 0.577027771875 0.47259133281250004 0.5812972109375 0.471093965625 0.5998288656249999 0.45108801718749997 0.6000858640625 0.44963050156250006 0.596725725 0.44603235625000004 0.5947834078125 0.4456898734375 0.5916181796875 0.4466345890625 0.573205221875 0.46590598906249997 0.5598920125 0.473322853125 0.5381175265625 0.48900398437500003 0.5349522999999999 0.4899487015625 0.5333445859375 0.493418234375 0.536706115625 0.497008503125 0.5408463609374999 0.49624383125 0.5416844640625 0.49713896562500004 0.558943009375 0.48441456875 0.5666346765625 0.48051496875
1 0.5897881500000001 0.434297378125 0.6057512 0.42885870625000005 0.6093026187499999 0.42572377812499995 0.6301769125 0.41514788906250005 0.6316673203125001 0.4124050265625 0.6282966828125 0.408805028125 0.6263543640625 0.4084625453125 0.5955981953125 0.4240627953125 0.5826606812499999 0.42928759687499995 0.5593907687499999 0.43644353281250003 0.5574484515625 0.43610105 0.558295665625 0.4370059140625 0.5558407390625 0.439570584375 0.5592113750000001 0.44317058125 0.5641897265625 0.44330104531250003 0.565412634375 0.44201384531250004 0.5863659234374999 0.4366996109375 0.5897881500000001 0.434297378125
2 0.576326075 0.38012064687499997 0.5321466671875 0.3753362890625 0.4943082109375 0.368664346875 0.4899095765625 0.3708944125 0.4896539671875 0.37234405000000004 0.49302460468750003 0.375944046875 0.530863059375 0.38261598750000003 0.582811740625 0.388770278125 0.5871984875 0.386546240625 0.5874554859375001 0.385088725 0.5840953484375 0.3814905796875 0.576326075 0.38012064687499997
0 0.5979390718750001 0.2714223328125 0.5993469 0.2755941796875 0.5950109390625 0.27759159375000003 0.5948487234375001 0.2819496328125 0.6006741015625 0.2855031859375 0.607234971875 0.284824153125 0.60631838125 0.2795854 0.6117156234375 0.27684905 0.6131406328125 0.2722668875 0.6187631640625 0.27003329531250003 0.61457790625 0.2658347484375 0.6069971078124999 0.263580103125 0.599718696875 0.2629872140625 0.595977921875 0.2647402671875 0.5979390718750001 0.2714223328125
1 0.4743967640625 0.5213097890625 0.4741397640625 0.522767303125 0.47751040156249996 0.5263673015625 0.4940714625 0.5345433109375 0.5295932953125 0.543056953125 0.53398143125 0.5408250375 0.53423843125 0.539367521875 0.530876903125 0.5357772546875 0.49729877968749997 0.5275982171875 0.4787953984375 0.5190797234375 0.4743967640625 0.5213097890625
0 0.54516236875 0.4870536796875 0.538317009375 0.4858466578125 0.535794278125 0.4879363375 0.5318381234375 0.492998259375 0.5331278734375 0.4978397765625 0.5369631125 0.49874348749999997 0.5421697421875 0.5005876265625 0.5466143 0.4997547625 0.5523268890625 0.4952300015625 0.55073128125 0.49034267812500004 0.54516236875 0.4870536796875
1 0.5762259609375 0.25022586874999997 0.573821234375 0.24679618749999999 0.5352569609375 0.227234384375 0.5308583265625 0.22946445 0.532158840625 0.23344678124999999 0.5678148859375 0.2524957859375 0.597207584375 0.2787019046875 0.5996137015625 0.28212370781249996 0.6043350515625 0.2837116859375 0.6087231890625 0.2814797703125 0.60730536875 0.2782241078125 0.6083990828125 0.2776696046875 0.6012821140625 0.272661675 0.5762259609375 0.25022586874999997
2 0.510164515625 0.4262689078125 0.4964509828125 0.424598196875 0.4920523484375 0.42682826093750004 0.49179673749999997 0.42827789843749997 0.495167375 0.43187789531250004 0.532167725 0.4376547015625 0.5542316359374999 0.44304799531250005 0.5658750453125 0.44510104375 0.57026318125 0.4428691265625 0.5705201796875 0.4414116109375 0.5671600421874999 0.437813465625 0.510164515625 0.4262689078125
0 0.5310787625 0.5338957234375 0.52390895 0.5344673828125 0.519640284375 0.5360217515625 0.5194321453125 0.5389825890625 0.5227936734374999 0.5425728578125 0.526352465625 0.5450443828125 0.5320009359375 0.5460403609375 0.5372800984375 0.5439736796875 0.5419043968749999 0.5404024265625 0.5374237749999999 0.5361599203125 0.5310787625 0.5338957234375
3 0.52821015625 0.5225370296875 0.5415616171875001 0.44681713125 0.563170334375 0.3582803734375 0.5682892453124999 0.31789166875 0.581015809375 0.25707365000000004 0.5843202078124999 0.21561764375 0.5817981734375001 0.2129146328125 0.57804134375 0.21150484687499999 0.5726767984375 0.213564596875 0.5693724 0.255020603125 0.5603688531250001 0.2947243421875 0.5516547296875001 0.3555025078125 0.529918209375 0.44476408437500004 0.5164375546875 0.5212166796875 0.508099125 0.57980278125 0.5106316578125 0.58250764375 0.514377990625 0.583915578125 0.519742534375 0.5818558296874999 0.52821015625 0.5225370296875
1 0.5599607328125 0.27438446562499996 0.555562096875 0.2766145296875 0.5553064875 0.27806416718750004 0.5626352765625 0.298876990625 0.5770399453125 0.3307018265625 0.5785974578124999 0.33322664375 0.5831910046875 0.33553944062499996 0.587579140625 0.333307525 0.5878361390625 0.331850009375 0.5738924921875 0.30312025 0.5645542781249999 0.27669726250000004 0.5599607328125 0.27438446562499996
1 0.6653269828124999 0.24416603593750003 0.6619668437499999 0.240567890625 0.6590481171875 0.240053240625 0.6352642078125 0.2501242078125 0.6268636296875 0.2523959765625 0.5994069015625 0.277586871875 0.599149903125 0.2790443875 0.602521928125 0.28263650625 0.6076294734375 0.2820342734375 0.6337235999999999 0.2588614234375 0.6606832359375 0.24784758906249998 0.66371926875 0.2476355703125 0.662882553125 0.2467325578125 0.6653269828124999 0.24416603593750003