2 0.489420675 0.6088226953125 0.4859832421875 0.6051570734375 0.48203330468749994 0.60446059375 0.44550475624999997 0.6033696328125 0.410412903125 0.5941307515625 0.3757840640625 0.588024753125 0.3713016328125 0.5902856203125 0.37104002812500003 0.591769246875 0.3744774609375 0.59543486875 0.4081107859375 0.6013653328124999 0.445182959375 0.610953396875 0.48467663749999995 0.612567190625 0.4891590703125 0.6103063234375 0.489420675 0.6088226953125
1 0.49732476718749996 0.396240875 0.4998282921875 0.3936228046875 0.4963908609375 0.38995718125 0.494410540625 0.3896079984375 0.48571515468750004 0.39266403125 0.459660896875 0.3842497109375 0.45273513125 0.3830285109375 0.44765958906250003 0.3828943 0.4431757421875 0.3851631859375 0.4429141375 0.3866468140625 0.446352984375 0.3903044171875 0.45735878281250003 0.3914842921875 0.486388871875 0.400423334375 0.4981794796875 0.397152328125 0.49732476718749996 0.396240875
2 0.5254420875 0.3293581125 0.5220032406249999 0.325700509375 0.46092845000000005 0.31340162031249996 0.4349440953125 0.3103496328125 0.3963857359375 0.3150115140625 0.393752115625 0.31836738750000004 0.3971895484375 0.3220330109375 0.400154675 0.3225558421875 0.4325225890625 0.31832390625 0.44365989531250005 0.3187579578125 0.4794036359375 0.3242998015625 0.5206966375000001 0.3331106265625 0.525180484375 0.3308417390625 0.5254420875 0.3293581125
2 0.5084516375 0.46621492656249997 0.5050142046875 0.46254930312500003 0.46543991875 0.4555712890625 0.4139435171875 0.45261010468749996 0.3819687140625 0.45461259062500003 0.3753744546875 0.45727009843750005 0.37511285 0.45875372499999995 0.378551696875 0.46241132812499997 0.381516825 0.46293415937500004 0.4186986765625 0.4603200625 0.465128828125 0.46315694374999994 0.5037076015624999 0.46995942187499995 0.508190034375 0.4676985546875 0.5084516375 0.46621492656249997
0 0.47995870468749996 0.45992570468749994 0.473734196875 0.45823279218749996 0.4641009109375 0.4596598453125 0.4622250390625 0.46441448125000007 0.46594905937500003 0.46839524218750006 0.4740090859375 0.470006628125 0.4791255125 0.46759294531249995 0.4833725859375 0.467167628125 0.4893183171875 0.46449499687499995 0.4883435140625 0.46119744999999995 0.47995870468749996 0.45992570468749994
1 0.44596635625000003 0.606510534375 0.445243153125 0.604853259375 0.4404278 0.6032434390625 0.435945365625 0.6055043062500001 0.437402478125 0.6088207453125001 0.43627687187499997 0.6093830140625001 0.4382571921875 0.6097321984375 0.4533741390625 0.622336996875 0.49000371249999997 0.6402565390625 0.49296883906250005 0.6407793703125 0.49745268593749997 0.6385104828125 0.49612566874999997 0.634456240625 0.46319513125 0.6187186953125 0.44596635625000003 0.606510534375
0 0.47142578593750006 0.52014880625 0.4690246359375 0.523438175 0.471464475 0.52875533125 0.477914778125 0.530669975 0.4806289421875 0.5286099890625 0.4862720625 0.5276535515624999 0.4907967484375 0.5241515234375 0.486904453125 0.521125096875 0.4780518890625 0.51956415 0.47142578593750006 0.52014880625
1 0.46788184062499993 0.4590613765625 0.463408696875 0.46133215156249996 0.46314850781250005 0.46280775937499996 0.4855019515625 0.5095493390625 0.48709057343750006 0.5121199562500001 0.49177441718750003 0.5144755984375 0.49625826406250007 0.5122067109375 0.4965198671875 0.510723084375 0.48275901250000003 0.48460614375000005 0.47415430625 0.463987634375 0.47257638750000003 0.46141890781250006 0.46788184062499993 0.4590613765625
0 0.48889213906249995 0.3220037859375 0.48685976093749994 0.3261437296875 0.48871856406249997 0.3303744296875 0.492429703125 0.33298854375000003 0.4986545109375 0.3317377640625 0.50327035625 0.332163021875 0.5090478125 0.330444721875 0.510755409375 0.32664442031249996 0.5081601765625 0.32364824375 0.5008054703125 0.32097876406250003 0.492958059375 0.3211661546875 0.48889213906249995 0.3220037859375
3 0.42625660625000006 0.527374315625 0.41773214531249997 0.5526212640625 0.41525874375000005 0.578166165625 0.3982686546875 0.6745217453125 0.40085278906250005 0.677267896875 0.404672628125 0.67870218125 0.41015057343750005 0.6766168484375 0.4271406625 0.58026126875 0.429603359375 0.5547144796875 0.43812782187500005 0.52946753125 0.437886996875 0.50191428125 0.443224503125 0.46006363125 0.4462308234375 0.443013946875 0.45319636875 0.42667064843749997 0.45986230937499994 0.3888662203125 0.4612800078125 0.369245921875 0.469463253125 0.32865779375000004 0.46863902656249995 0.3101719375 0.47000582343749997 0.2966616828125 0.47595685468750004 0.2686704703125 0.4733834265625 0.2659262078125 0.4695542953125 0.26448201718750003 0.464085640625 0.2665772546875 0.46140253124999997 0.27603515624999997 0.456636303125 0.308824546875 0.4574605296875 0.3273104015625 0.44940879218749996 0.36715270625 0.4479910953125 0.38677300625 0.4413251546875 0.4245774328125 0.43435960937500007 0.44092073125000003 0.4313532890625 0.457970415625 0.42601577968750004 0.49982106562500006 0.42625660625000006 0.527374315625
0 0.4980551109375 0.38984545625 0.49063111406250004 0.3875689390625 0.4873134421875 0.3901096046875 0.48803310624999996 0.39491672499999997 0.490269971875 0.40000790625000004 0.49419479062500005 0.40284988437499997 0.5010124015625 0.4011165359375 0.5038166109375 0.4000481640625 0.505009634375 0.3947844828125 0.50253661875 0.391032575 0.4980551109375 0.38984545625
2 0.5082799890625 0.5250264828125 0.48750268593749996 0.5213628828125 0.406977609375 0.5094546375 0.37961533593749996 0.508458453125 0.37513290312500003 0.5107193203125 0.3748712984375 0.512202946875 0.37830873125000003 0.5158685703125 0.382258665625 0.51656505 0.41767231562499996 0.5182201671875 0.506973384375 0.5324365984375 0.5114451140625 0.53017384375 0.5117067171875 0.5286902171875 0.5082799890625 0.5250264828125
0 0.44790645468749996 0.601767225 0.44263099375000003 0.6006385640625 0.4361049875 0.60359751875 0.43345763593750003 0.6068434765624999 0.43460182812500003 0.6121223609374999 0.440392515625 0.6133336015624999 0.44565509687500005 0.613095615625 0.4492425546875 0.6119668953125 0.4517895078125 0.6092903296875 0.45269168593750003 0.6041738203125 0.44790645468749996 0.601767225
1 0.53114979375 0.3953253765625 0.510372490625 0.3916617765625 0.49243022031250006 0.3892588140625 0.487957078125 0.3915295890625 0.48769547500000004 0.393013215625 0.49112220312500005 0.3966769515625 0.5288476765625 0.4025599578125 0.5374921625 0.40561396875 0.5424376093750001 0.406485984375 0.54692145625 0.40421709687499996 0.547183059375 0.40273347031249995 0.5437442124999999 0.39907586875 0.53114979375 0.3953253765625
1 0.483150346875 0.522885946875 0.47972220625000006 0.51923023125 0.477741884375 0.518881046875 0.472013040625 0.5224518953125 0.461950859375 0.5390181828125 0.45457178750000005 0.5461265734375 0.45151598125000003 0.5692782828125 0.4549427078125 0.572942015625 0.45692302968750004 0.5732912 0.46140687500000005 0.5710223140624999 0.46433258750000006 0.54860840625 0.47295665781249996 0.540198059375 0.482757234375 0.525115396875 0.483150346875 0.522885946875
1 0.472931171875 0.3147490125 0.44965034375 0.313703484375 0.4451772015625 0.3159742578125 0.44491559843750006 0.3174578859375 0.4483437390625 0.3211136015625 0.45230437968750004 0.32181196875 0.4726186671875 0.322342684375 0.503146065625 0.3284862328125 0.5076299125 0.3262173453125 0.5078915171875 0.32473371875 0.5044526703125001 0.3210761140625 0.472931171875 0.3147490125
1 0.48989548125000004 0.4904537609375 0.485411634375 0.492722646875 0.4809482015625 0.5064558921875 0.47325945156250004 0.5211419140625 0.472866340625 0.523371365625 0.47630518750000006 0.52702896875 0.4782855078125 0.5273781515625 0.482757234375 0.525115396875 0.4926194203125 0.503924578125 0.49530252968750005 0.4944666796875 0.49187580000000003 0.49080294375 0.48989548125000004 0.4904537609375
1 0.45973043750000003 0.43011328125 0.4552465921875 0.4323821671875 0.45485489375 0.43460359843749996 0.45831273906250003 0.44973357968750005 0.464735715625 0.46538639374999996 0.4694195609375 0.4677420375 0.4738927015625 0.46547126250000004 0.47356119531249996 0.46159255625 0.46774203593749997 0.4483367078125 0.465148190625 0.43412808593749996 0.46171075781250004 0.4304624640625 0.45973043750000003 0.43011328125
2 0.530827996875 0.4029091421875 0.5274012671875 0.3992454078125 0.488006565625 0.3854275640625 0.454373240625 0.3794971 0.4043353640625 0.379844334375 0.39985293125 0.38210520312499996 0.399591328125 0.38358882968749997 0.40302876093749995 0.3872544515625 0.4059938890625 0.387777284375 0.45406214843750003 0.38708275312499996 0.48571515468750004 0.39266403125 0.52311741875 0.40613882500000004 0.52609325 0.40666354374999997 0.53056639375 0.40439276875 0.530827996875 0.4029091421875
1 0.4054674546875 0.5932587359375 0.410744409375 0.59800945625 0.4408292078125 0.61248448125 0.44380504062500004 0.6130092 0.44827818124999996 0.610738425 0.44853978437500003 0.6092547984375 0.44326283125000004 0.604504075 0.4102022015625 0.5895043328125 0.40572905937500003 0.5917751078125 0.4054674546875 0.5932587359375
1 0.497827921875 0.341308025 0.5025131796875 0.34365565 0.5069956125 0.3413947828125 0.5072572156249999 0.33991115625 0.4971459078125 0.322078234375 0.4924513609375 0.319720703125 0.4879782171875 0.321991478125 0.48771661406250005 0.3234751046875 0.497827921875 0.341308025