1 0.6751683625 0.7717751515625 0.674890771875 0.7702008578124999 0.6740359265625 0.7711632093749999 0.669783775 0.770289740625 0.6663643968749999 0.7741391484375 0.6680520125 0.777899675 0.6843209484375 0.7888195421875001 0.70086901875 0.8013224484375 0.7011466093750001 0.8028967421875001 0.7020014546875 0.8019343890625 0.70625360625 0.8028078593749999 0.709672984375 0.7989584515625 0.70798536875 0.7951979234375 0.6917148906249999 0.7842693109375001 0.6751683625 0.7717751515625
2 0.65149068125 0.44000267343750005 0.6549100609375 0.43615326562499995 0.6546324703125 0.434578971875 0.6501027296874999 0.4321312078125 0.614342725 0.4384366625 0.5852606140625001 0.441941384375 0.5436444484375 0.45577239531249997 0.49083169531250004 0.469954428125 0.486002290625 0.4716176015625 0.48258290937500004 0.47546700937499997 0.48286049999999997 0.47704130312500004 0.4873902421875 0.47948906718749995 0.49235844218749997 0.47861303906249997 0.5460260406249999 0.4634686546875 0.5876422031249999 0.44963764375000004 0.6157306765625 0.4463081265625 0.65149068125 0.44000267343750005
1 0.6805590515625 0.6628972234375 0.67818226875 0.6900907515625 0.6785986546875 0.692452190625 0.6831283953125 0.6948999546875 0.6851156765625 0.69454954375 0.6885350546875 0.6907001359375 0.6909007984375 0.663508553125 0.6904844125 0.6611471140625 0.6859657109375 0.6586974031249999 0.68397843125 0.6590478156249999 0.6805590515625 0.6628972234375
0 0.6936587546874999 0.6497748125 0.6903175218750001 0.642833934375 0.6846049140625 0.6434263921875 0.6782328265625 0.6462182921874999 0.6740304890625 0.6524061484375 0.6712962171875 0.6608511671875 0.6773295703125 0.6689856828125 0.6810561265625 0.6712684578125 0.692776384375 0.6687870328125001 0.700194228125 0.6657927 0.6961840171875 0.66106195625 0.6939937281249999 0.657678640625 0.6936587546874999 0.6497748125
2 0.6597506265625 0.5042784124999999 0.655231925 0.5018287015625 0.651257365625 0.5025295234375 0.5480229390625 0.5328978171875 0.5065566125000001 0.5475140296875 0.5037144875 0.5488267921875 0.5002951078125 0.5526762015625 0.5005726984375001 0.55425049375 0.5051024390625 0.5566982578124999 0.508083359375 0.556172640625 0.5552339374999999 0.538930903125 0.656618334375 0.5096914203125 0.6600282171875 0.50585270625 0.6597506265625 0.5042784124999999
1 0.67474433125 0.8797683046874999 0.679274071875 0.88221606875 0.7151618375 0.8823810468750001 0.7181427578124999 0.88185543125 0.7215621359375 0.878006021875 0.721284546875 0.8764317296874999 0.71675480625 0.873983965625 0.6778861203125001 0.8743446031250001 0.6744667421874999 0.8781940125000001 0.67474433125 0.8797683046874999
2 0.6709002421875 0.666223571875 0.5844645921875 0.681464509375 0.564464034375 0.6841795281249999 0.5443357171875001 0.6804241140625 0.5409163359375 0.684273521875 0.5435975921875 0.6878588437500001 0.564858346875 0.6922261984375 0.58585254375 0.689335975 0.6742754718749999 0.6737446265625 0.6950141546874999 0.663594878125 0.7002820187500001 0.6586079125000001 0.700004428125 0.65703361875 0.6954746859375 0.6545858546875001 0.6924937671875 0.655111471875 0.6709002421875 0.666223571875
3 0.664462703125 0.9724646203124999 0.669986084375 0.9747371796875001 0.67382185 0.9732492109375 0.676386384375 0.9703621546875001 0.65515535 0.849954975 0.653002390625 0.8203136843750001 0.6403073515625 0.765747790625 0.640234778125 0.7479049515625 0.635122971875 0.7131040453125 0.6183097671875 0.6235620390625 0.5955788703125 0.5237008046875 0.58440576875 0.4429037359375 0.5622079765625 0.35187631875 0.566161878125 0.28139786875 0.5654679015624999 0.277462134375 0.5620705953125 0.27562631249999997 0.5579682796875 0.2755380421875 0.5535552609375001 0.27956265468749997 0.5501455 0.3531916390625 0.5724820875 0.445006203125 0.5836551890624999 0.525803271875 0.5945458921875 0.5701362609375 0.6140403515624999 0.6632635875 0.628311096875 0.7500074171875 0.6283836703125 0.76785025625 0.63871919375 0.8090346593750001 0.64323166875 0.8520574421875 0.664462703125 0.9724646203124999
2 0.6246694359375 0.8107003921875 0.594316090625 0.8128060250000001 0.5710680578125 0.8087890828125 0.5680871390625 0.8093147 0.5646677578125 0.8131641078125 0.5684814499999999 0.81736136875 0.594710403125 0.8208526953125 0.6260573875000001 0.81857185625 0.672886228125 0.8111262890625 0.7317996171875001 0.79668016875 0.735218996875 0.7928307609374999 0.73494140625 0.79125646875 0.7304116656249999 0.7888087031250001 0.6714982765624999 0.8032548234375 0.6246694359375 0.8107003921875
2 0.686229553125 0.8809896296874999 0.6259282109375001 0.887564284375 0.6167078593750001 0.8875668421875 0.5767413953125 0.8816371078125 0.573760475 0.882162725 0.5703410953125 0.886012134375 0.57302235 0.8895974546875 0.619228246875 0.896050246875 0.6273161625 0.8954357500000001 0.68861114375 0.8886858906249999 0.7370329531250001 0.8728432406250001 0.74086871875 0.8713552703125 0.744288096875 0.8675058625000001 0.7440105078125 0.8659315703124999 0.7394807671875 0.86348380625 0.686229553125 0.8809896296874999
1 0.715483575 0.8725848781250001 0.7134962953125 0.8729352890625 0.7100769140625001 0.8767846968749999 0.7109096859374999 0.8815075765625 0.7226773078125001 0.9191929828125 0.7245037187500001 0.9237406546875 0.7290334609375 0.92618841875 0.731020740625 0.9258380078125 0.7344290796874999 0.9219905453124999 0.733596309375 0.9172676671875 0.7218397265625 0.879580315625 0.7200133171875 0.875032640625 0.715483575 0.8725848781250001
1 0.6189952921875 0.33699346406249997 0.6155759109375001 0.3408428734375 0.6158535015625 0.3424171640625 0.6203832421875 0.34486492812499997 0.6233641640625 0.34433931093750003 0.674628096875 0.32718389999999997 0.6780474765625 0.323334490625 0.6777698875 0.3217601984375 0.6732401453125 0.319312434375 0.6692655859375 0.32001325625 0.6189952921875 0.33699346406249997
1 0.7363722125 0.9330105968750001 0.765326571875 0.9287167828125 0.76874595 0.924867375 0.768468359375 0.92329308125 0.7639386203125 0.9208453171875 0.7349842609375 0.9251391312499999 0.7315759203125001 0.9289865953125 0.7318535109375001 0.9305608875000001 0.7363722125 0.9330105968750001
0 0.7232732390625001 0.9402621640625 0.7365091234375 0.9403721984375 0.7439051328125 0.9373185890625001 0.7483835187500001 0.9326962796875 0.7484120359374999 0.9229157421874999 0.7393300578125 0.9213788765625001 0.7282566703125 0.9285618515625 0.71860795625 0.9337531453125001 0.7232732390625001 0.9402621640625
0 0.6118097421875001 0.332525021875 0.60447671875 0.33884105781249996 0.601230203125 0.3444455484375 0.6047164 0.3522085578125 0.6118734531250001 0.353868409375 0.6157128937499999 0.3485922328125 0.6236646484375 0.35178930468749997 0.62824400625 0.3447053125 0.6301674187499999 0.337665790625 0.6274692703125 0.3343720234375 0.620754253125 0.3292795359375 0.6118097421875001 0.332525021875
0 0.6314034015625001 0.43460776718750005 0.6277975609374999 0.43817442343749996 0.6254986703125 0.446118825 0.6299458015625 0.4503577015625 0.6360177359375 0.45180307812500003 0.642184959375 0.44778478125000004 0.6474688453125 0.44476091406249996 0.6520261234375 0.437680815625 0.6457027375 0.42874073125 0.6367759234375 0.42905224999999997 0.6314034015625001 0.43460776718750005
2 0.7486176328124999 0.9211119609375 0.7446430703125 0.921812784375 0.6825878921874999 0.9416826046875 0.6493924234375 0.9451010015625 0.6055665765625 0.9463357218749999 0.5827570015625 0.9389949874999999 0.576517571875 0.938471928125 0.5730981921875 0.9423213359375 0.5757794484375001 0.9459066578125 0.6007150984375 0.9536841265625 0.6090806046874999 0.954643921875 0.6426924578125 0.953586965625 0.684969484375 0.9493788640625 0.7461698171875 0.9304713953125001 0.750005584375 0.9289834265625 0.7534249625 0.92513401875 0.753147371875 0.9235597249999999 0.7486176328124999 0.9211119609375
1 0.6893064140625 0.7473684953124999 0.66494801875 0.7370543796875 0.6614134593750001 0.7344401578124999 0.6563064640625 0.7345290390625 0.6528855421875 0.7383697 0.655428003125 0.741167875 0.6545731578125 0.742130228125 0.6753954531249999 0.7498213734375 0.6855873703124999 0.755328840625 0.7166346890625 0.757158940625 0.7196156109375 0.7566333234375 0.7230349890625 0.752783915625 0.7227573984375 0.751209621875 0.718227659375 0.7487618578124999 0.6893064140625 0.7473684953124999
0 0.665255840625 0.72556528125 0.656378696875 0.732162603125 0.6522457578124999 0.7387440328125 0.650831746875 0.745702753125 0.654841959375 0.750433496875 0.6631884328125001 0.7498004625 0.6711881625 0.74713639375 0.6828425921875 0.7413118796875 0.6815599953125 0.7310681390625 0.6734699328125 0.724116915625 0.665255840625 0.72556528125
2 0.564636065625 0.7490697625 0.56491365625 0.75064405625 0.5694418546875 0.7530830734375 0.6095707296875 0.75412346875 0.705376559375 0.7339838375000001 0.7087959374999999 0.7301344296875001 0.7085183484375001 0.7285601359375 0.70399015 0.72612111875 0.60917641875 0.7460767984375 0.5680554453125 0.7452203546875 0.564636065625 0.7490697625
1 0.7035944234375 0.79353730625 0.7001750437500001 0.797386715625 0.7040376921875 0.8251033031249999 0.70152365625 0.8515184296875 0.7020788375 0.8546670171875 0.706608578125 0.85711478125 0.7085958578125 0.8567643703125001 0.7120152390625 0.8529149609375001 0.7141128875 0.82413839375 0.71011144375 0.7956346609375 0.7055817046875 0.7931868953125 0.7035944234375 0.79353730625
2 0.6845570999999999 0.5810483109375 0.6800273609375 0.578600546875 0.6681147203125 0.5807010671875 0.6039555375 0.5944489203125001 0.5747015156249999 0.602853675 0.5419224328125 0.6086335109375 0.5385030515625 0.6124829187499999 0.5387806421875 0.6140572109375 0.543310384375 0.616504975 0.57708310625 0.6105499328125 0.6063371296875 0.6021451796874999 0.6814153125 0.5864720109375 0.684834690625 0.582622603125 0.6845570999999999 0.5810483109375
1 0.6273863875 0.5124109421874999 0.63006764375 0.5159962640625 0.6571293687499999 0.52421046875 0.681360003125 0.528054153125 0.684340921875 0.5275285359375 0.6877603031249999 0.5236791281250001 0.685079046875 0.5200938078124999 0.659854771875 0.5164253296875 0.6370467390625 0.5090933390625 0.630807309375 0.50857028125 0.6273863875 0.5124109421874999
1 0.7165594078125 0.9600320874999999 0.7203951734375 0.9585441187500001 0.7439049468750001 0.9292475140625 0.7434885609374999 0.926886075 0.7389588218750001 0.924438309375 0.736971540625 0.9247887203125 0.7116148234375 0.9552316296875001 0.712031209375 0.9575930703125 0.7165594078125 0.9600320874999999
1 0.6084106046875 0.3234480703125 0.594938103125 0.32257715781249996 0.591518721875 0.326426565625 0.5917963125 0.3280008578125 0.594199978125 0.33001188593749997 0.60894216875 0.3322731421875 0.6138662218750001 0.342767575 0.6183959625 0.3452153390625 0.6203832421875 0.34486492812499997 0.6238026234375 0.3410155203125 0.617192496875 0.32676930625 0.6147888296875 0.3247582765625 0.6084106046875 0.3234480703125
1 0.698389384375 0.67111593125 0.672614740625 0.6991886546875 0.6560052578125 0.7386312296875001 0.6562828484375001 0.7402055234375 0.660812590625 0.7426532875 0.6655032000000001 0.7402029671875 0.66779014375 0.7357416171875 0.6805417859375 0.7034722421875 0.704467946875 0.6765370765625 0.7049064078125 0.6732132859375 0.700376665625 0.6707655203125 0.698389384375 0.67111593125
1 0.6318057578125 0.5432848625 0.628386378125 0.547134271875 0.6288027640625 0.5494957109375 0.6374001703125 0.5633915140625 0.6655281093750001 0.5892733531250001 0.6707739 0.58997161875 0.674182240625 0.5861241578125 0.67390465 0.5845498640625 0.6496014421874999 0.562863340625 0.6383227812500001 0.545382215625 0.6337930390625 0.5429344515625 0.6318057578125 0.5432848625
1 0.655214534375 0.46693211406249996 0.6604603265625 0.4676303796875 0.6638797046875 0.463780971875 0.6634633187500001 0.4614195328125 0.6424422390625 0.4351052 0.6371964484375 0.434406934375 0.6337770671875 0.4382563421875 0.635464684375 0.44201687031250003 0.655214534375 0.46693211406249996
1 0.6558913734375 0.586914471875 0.6575789890625 0.5906749984374999 0.6922839390625 0.63649023125 0.6948248593749999 0.6392796609375 0.70007065 0.639977925 0.7034915703125 0.6361372640625 0.7030751859375 0.6337758234375 0.6683702359375 0.5879605906250001 0.6645565437500001 0.583763328125 0.659310753125 0.5830650640624999 0.6558913734375 0.586914471875
1 0.5787989 0.498261890625 0.579076490625 0.4998361828125 0.58360623125 0.5022839453125 0.6075592750000001 0.5045533375 0.63219371875 0.5164329999999999 0.634181 0.5160825890625 0.6376003781249999 0.51223318125 0.6360531 0.5092685453125 0.6124107546875 0.49720493125000004 0.5822182812500001 0.49441248125000004 0.5787989 0.498261890625
1 0.727037728125 0.6360345234375 0.7225079875 0.6335867578125 0.7175397859375 0.6344627859374999 0.68530484375 0.6433931562499999 0.681896503125 0.6472406171875 0.679981796875 0.66543386875 0.6845115374999999 0.66788163125 0.6864988171874999 0.6675312203125 0.6899071578125 0.663683759375 0.6909449453125001 0.6521380921875 0.6925158406249999 0.649426240625 0.7238959390625 0.6414582234374999 0.7273153171875 0.6376088156249999 0.727037728125 0.6360345234375
2 0.63486041875 0.339877353125 0.634582828125 0.338303059375 0.6300530875 0.33585529687500004 0.5559906203125 0.345668028125 0.50629758125 0.360111590625 0.465791778125 0.3802397734375 0.460534953125 0.38522479375 0.46081254375 0.3867990859375 0.46533124531250003 0.38924879687499997 0.468312165625 0.38872317968750003 0.5096728125000001 0.3676326453125 0.5583722125 0.3533642875 0.6225093187499999 0.3453016640625 0.6314410390625 0.3437267609375 0.63486041875 0.339877353125
0 0.7029347953125 0.7892798890625 0.692146009375 0.797043940625 0.6862656265625 0.8026890078125 0.68894608125 0.8089167453125 0.695740234375 0.811488275 0.7043802078125 0.8095499875 0.7123783953125 0.806877171875 0.7159022562499999 0.802910140625 0.7137391609375 0.7965821625 0.7087088453125 0.7891004421875001 0.7029347953125 0.7892798890625
0 0.7008413140624999 0.8734081937499999 0.69971260625 0.8819849359375 0.7078298640625 0.8859914984374999 0.7185766015625 0.8870274078125 0.725699646875 0.88242574375 0.7290076046875 0.8772342656250001 0.7247023515625 0.8738000296875 0.7201133390625001 0.8687565140625001 0.70856085625 0.86618533125 0.7008413140624999 0.8734081937499999
1 0.6238800062500001 0.3937481484375 0.6204606265625 0.39759755625 0.6235141203125 0.4149147796875 0.63518709375 0.44044257656249997 0.6397168343749999 0.44289033906249997 0.641704115625 0.442539928125 0.64512349375 0.4386905203125 0.644707109375 0.43632908125 0.6334505203125 0.41316272343750005 0.6303970265625 0.3958455015625 0.6258672859375001 0.3933977375 0.6238800062500001 0.3937481484375
0 0.627996890625 0.4992813046875 0.620385221875 0.5010472921875 0.6172739296875001 0.510388446875 0.6182696828124999 0.5190054171875 0.6267241875 0.52505370625 0.6322992984375 0.5265866859375 0.6380185625 0.5230622031250001 0.6412555796875 0.5174684046875 0.6405628234375 0.5075354875 0.634150803125 0.501127053125 0.627996890625 0.4992813046875
0 0.66699553125 0.57951865625 0.6557121953125 0.5815082125 0.6466834328125 0.5902154281249999 0.6528810921875 0.5954081578125 0.6599715890625 0.5995957656249999 0.664570340625 0.6017247484375 0.67072498125 0.5976996515625 0.6736810828124999 0.59341790625 0.6792103359375 0.582811728125 0.674171821875 0.5782532828125 0.66699553125 0.57951865625