1 0.564550603125 0.7371103140625 0.564724703125 0.7356923906249999 0.563742571875 0.73629145 0.56033634375 0.73443391875 0.5564078203125 0.73683015625 0.5568676531250001 0.740484865625 0.567919921875 0.754067965625 0.578797125 0.7690768671875 0.5786230265625 0.7704947890625 0.5796051578125 0.7698957296875 0.583011384375 0.7717532609375 0.5869399093750001 0.7693570249999999 0.586480075 0.7657023140625 0.575428775 0.7521113374999999 0.564550603125 0.7371103140625
2 0.6310051718749999 0.447390834375 0.634933696875 0.444994596875 0.6351077953125001 0.4435766734375 0.6318756671875 0.44030121875 0.599662671875 0.436345959375 0.5738893468749999 0.43174209374999994 0.5347044359375 0.432687990625 0.4858576734375 0.4310082609375 0.481295215625 0.4311677125 0.477366690625 0.43356395000000003 0.4771925921875 0.434981871875 0.48042472031249994 0.438257328125 0.48490012968749996 0.43880683906250006 0.5347290234375001 0.439887509375 0.5739139328125 0.43894161093750006 0.5987921765625 0.4434355765625 0.6310051718749999 0.447390834375
1 0.59760821875 0.6454718390624999 0.5884709796875 0.6680903765624999 0.58820983125 0.6702172609375 0.591441959375 0.673492715625 0.5932321218750001 0.6737125203125001 0.597160646875 0.6713162828125 0.606287940625 0.6486965234375 0.6065490890625 0.6465696390625 0.60332690625 0.6432954046875 0.6015367421875 0.6430756 0.59760821875 0.6454718390624999
0 0.61223391875 0.6376803125 0.6111917078125 0.63087559375 0.606154125 0.629889234375 0.5999781421875 0.6306102 0.5947693546874999 0.634800290625 0.5902255765625 0.6413029515625001 0.5932569390625 0.6498311875 0.59584566875 0.6527557749999999 0.606511796875 0.6536975890625001 0.613634521875 0.653076878125 0.6114430015625001 0.6479861390625 0.6104549484375 0.644522446875 0.61223391875 0.6376803125
2 0.62126988125 0.504479134375 0.6180476984375 0.5012049000000001 0.6144673703125 0.500765290625 0.51829388125 0.499743425 0.4790318671875 0.501399503125 0.476259571875 0.5017787578124999 0.4723310484375 0.504174996875 0.4721569484375 0.50559291875 0.4753890765625 0.5088683734375 0.478074321875 0.50919808125 0.522880925 0.5067834906249999 0.6171781703125 0.5082866375 0.6210957828125 0.50589705625 0.62126988125 0.504479134375
1 0.535969365625 0.8292904249999999 0.5392014953125 0.8325658796875001 0.5698329578125 0.84208415 0.5725182015625 0.84241385625 0.576446728125 0.8400176187499999 0.5766208265625 0.8385996953125 0.573388696875 0.8353242421875 0.540071990625 0.825476265625 0.536143465625 0.8278725015624999 0.535969365625 0.8292904249999999
2 0.5884833031250001 0.6457907390625001 0.510621140625 0.6362304671875 0.4928165 0.63332468125 0.47659339218749996 0.6248558875 0.47266486875 0.6272521234374999 0.474019784375 0.6310167359375 0.49105092343749995 0.6403043953124999 0.50975064375 0.6433200828125 0.58940296875 0.653100159375 0.6097812171875 0.64984509375 0.61558695625 0.6469597 0.6157610546875001 0.6455417765625 0.6125289265625 0.642266321875 0.60984368125 0.6419366156249999 0.5884833031250001 0.6457907390625001
3 0.5029595734375001 0.905822125 0.507086784375 0.909207484375 0.5107541609374999 0.90893813125 0.5137005546875 0.9071409515625 0.52701623125 0.79869346875 0.532921340625 0.7727994765624999 0.536328596875 0.7228503390625 0.5409289312500001 0.7075828921875 0.545653225 0.6765063640625 0.5546798546875 0.5955906015625 0.5613448515624999 0.50430976875 0.5729072140625 0.432341153125 0.577719584375 0.3487489953125 0.5995152734375 0.289551271875 0.5999505203125 0.2860064640625 0.5975264250000001 0.28354987343750004 0.5940430921875001 0.2824025234375 0.5892194859375001 0.28468885781250003 0.5670656546874999 0.34672120624999997 0.5621662359374999 0.4310223265625 0.550603871875 0.5029909421875 0.5483282609375 0.543723578125 0.540656546875 0.6284039546875 0.53018795 0.706264065625 0.525587615625 0.7215315125 0.5236602031250001 0.759428303125 0.51627525 0.7973746421875 0.5029595734375001 0.905822125
2 0.5112161093750001 0.7571807109375001 0.4847218015625 0.7510490203125 0.46590049999999994 0.7415415546874999 0.4632152546875 0.7412118484375 0.4592867296875 0.7436080875 0.46144967656249997 0.7481915625 0.48295622343750005 0.7580287328125 0.5103456140625 0.7642703265625 0.552317459375 0.770143471875 0.6064476625 0.773191575 0.6103761890625 0.7707953375 0.6105502875 0.7693774140625 0.6073181578125 0.766101959375 0.5531879546875 0.76305385625 0.5112161093750001 0.7571807109375001
2 0.545467065625 0.8333351953125 0.49220735624999995 0.8231974765625001 0.4843257203125 0.8207904328125 0.45171438750000004 0.8052798624999999 0.4490291421875 0.80495015625 0.4451006171875 0.8073463921874999 0.4464555328125 0.81111100625 0.4842632578125 0.8286989124999999 0.49133686093750006 0.8302870921875 0.5454916515625 0.8405347125 0.5910192390625 0.8396479484375 0.5946866140625 0.8393785953125 0.5986151390625001 0.8369823593750001 0.5987892375 0.8355644359375001 0.595557109375 0.83228898125 0.545467065625 0.8333351953125
1 0.572667715625 0.8337964156250001 0.570877553125 0.8335766109374999 0.5669490265625 0.8359728484375 0.5664267296875 0.8402266171875 0.566637678125 0.8755073671875 0.5670104625 0.8798710375000001 0.570242590625 0.88314649375 0.5720327546874999 0.8833662984374999 0.575951334375 0.8809688390625 0.5764736312500001 0.8767150703125001 0.5762726296875 0.8414355421874999 0.57589984375 0.8370718703125 0.572667715625 0.8337964156250001
1 0.6301466765625 0.3508683328125 0.6262181499999999 0.3532645703125 0.6260440515625 0.35468249375 0.6292761812500001 0.3579579484375 0.631961425 0.3582876546875 0.68026130625 0.357021634375 0.6841898296875 0.35462539843749996 0.6843639296874999 0.353207475 0.6811318015625 0.3499320203125 0.677551475 0.3494924109375 0.6301466765625 0.3508683328125
1 0.574732640625 0.8908943 0.6006029609375 0.8947904265625001 0.6045314859375 0.8923941890625 0.6047055859375 0.8909762656250001 0.60147345625 0.8877008109375 0.5756031359375 0.8838046859375 0.5716845562499999 0.88620214375 0.5715104578125 0.8876200671875001 0.574732640625 0.8908943
0 0.5616416265625 0.8936687937500001 0.5729260640625 0.89722129375 0.580045615625 0.8965442203125 0.585081271875 0.8937641749999999 0.58766131875 0.88541318125 0.5803002078125 0.8817267046874999 0.5689584609375 0.88497185625 0.5593548609375001 0.8868871765625 0.5616416265625 0.8936687937500001
0 0.6251725390625 0.345172059375 0.617254346875 0.3486536609375 0.61301496875 0.352594959375 0.6139662593749999 0.36014015 0.6196499281250001 0.36342875625 0.6243103109375 0.3599229640625 0.6302715640625001 0.36473292968750004 0.63603676875 0.35987551562500003 0.63952021875 0.35436211875 0.6380746796875 0.35084225625 0.6336657875 0.3447356203125 0.6251725390625 0.345172059375
0 0.615245546875 0.43753165000000005 0.6112315296874999 0.4396375265625 0.6071906984375001 0.44582612343749994 0.6098841968750001 0.4506106765625 0.61469641875 0.4534324578125 0.6210177578125 0.451609884375 0.6263242265625 0.450406340625 0.6320695390625 0.44554648124999996 0.6290007734375 0.43625402187500006 0.6212893015625001 0.4341877171875 0.615245546875 0.43753165000000005
2 0.5883083796874999 0.88392539375 0.584728053125 0.8834857843749999 0.526495225 0.8842518406250001 0.497228621875 0.8784994046874999 0.45944645156249997 0.8681031375 0.441868428125 0.8558697296875 0.4366720359375 0.85379239375 0.4327435125 0.85618863125 0.434098428125 0.85995324375 0.45337956406249996 0.8731154171875 0.46027906874999996 0.87612151875 0.48928452343749995 0.8840008390625 0.5265198109375 0.8914513578125 0.5837705078125001 0.8912843609375001 0.587437884375 0.8910150078125 0.591366409375 0.8886187718749999 0.5915405078125 0.8872008484375 0.5883083796874999 0.88392539375
1 0.5830124125 0.71994659375 0.5648875062500001 0.7047674359375 0.5625494921875 0.7016097609374999 0.5581611328125 0.7003512875 0.554233575 0.702739646875 0.555675540625 0.7057952984375 0.554693409375 0.7063943593750001 0.5704812687499999 0.7184079624999999 0.5777535578124999 0.725777734375 0.6038126171875 0.735454234375 0.6064978625 0.735783940625 0.6104263875 0.7333877046875 0.6106004859375 0.73196978125 0.6073683578125 0.7286943265625 0.5830124125 0.71994659375
0 0.568152734375 0.6950292890624999 0.5588412265625 0.698347809375 0.5535889140625 0.7028923812500001 0.5505619828125 0.7084698265625 0.5527535046875001 0.713560565625 0.56005295 0.7152004640625 0.5675867359375 0.7150140359375 0.5790701546875 0.7130816484375 0.5806505796875 0.7039922187500001 0.5755520765625 0.6959378140625 0.568152734375 0.6950292890624999
2 0.47600760624999994 0.6888248046875 0.47583350781249995 0.6902427265625 0.479066603125 0.6935103046875 0.5130943484375 0.7048848859375 0.60024558125 0.7127071125 0.60417410625 0.7103108734375 0.6043482046875 0.70889295 0.601115109375 0.7056253734375 0.5148599265625 0.697905171875 0.47993613125 0.686428565625 0.47600760624999994 0.6888248046875
1 0.5831608984375001 0.763135821875 0.5792323734375 0.7655320578125 0.5752915234375 0.7902279328125 0.5662403671875 0.8121453859375001 0.56589216875 0.8149812328125 0.569124296875 0.8182566874999999 0.5709144609375 0.8184764921875001 0.5748429859375 0.8160802546875001 0.5841552906249999 0.7920359171875 0.588183190625 0.7666310796875 0.584951059375 0.763355625 0.5831608984375001 0.763135821875
2 0.6224127625 0.5765684578125 0.6191806328125 0.5732930015625 0.608449596875 0.571975396875 0.550018084375 0.566959859375 0.5228174359375 0.5664986390625 0.4932896859375 0.5628730859375 0.489361159375 0.5652693249999999 0.489187059375 0.566687246875 0.4924191890625 0.5699627031250001 0.5228420218750001 0.57369815625 0.5500426703125 0.5741593765624999 0.6183101375 0.5803826187500001 0.6222386640625001 0.5779863796875 0.6224127625 0.5765684578125
1 0.59148195 0.502972590625 0.5928368640625 0.5067372015625 0.613821115625 0.5208281421875001 0.633527553125 0.5304442859375 0.6362127984375 0.5307739921875 0.640141325 0.52837775625 0.6387864078125001 0.52461314375 0.6181848875 0.514887096875 0.6006058984375 0.5026615671875 0.5954095078125 0.5005842296874999 0.59148195 0.502972590625
1 0.5507371562500001 0.9088098765625 0.5544045328125 0.9085405234374999 0.58215444375 0.8896466343749999 0.5824155921874999 0.8875197484375 0.5791834640625 0.8842442953124999 0.5773933 0.884024490625 0.547765209375 0.9034154140625 0.5475040609375 0.9055422984374999 0.5507371562500001 0.9088098765625
1 0.6246389953125 0.3365267234375 0.6133511328125001 0.3322621484375 0.6094226078125 0.33465838593749997 0.6092485078125 0.33607630781250003 0.610777521875 0.3384229984375 0.6227873374999999 0.344207521875 0.6242538890625 0.3544626890625 0.6274860171875 0.35773814375 0.6292761812500001 0.3579579484375 0.63320470625 0.3555617109375 0.631277353125 0.3416597109375 0.6297483374999999 0.3393130203125 0.6246389953125 0.3365267234375
1 0.6107008859375 0.6571545140625 0.5813349109375 0.6744106750000001 0.5568317703125001 0.7037783156249999 0.5566576703125 0.7051962390625001 0.5598898015625 0.70847169375 0.5645393078125001 0.7076032828125001 0.5676598 0.7043881812499999 0.5869911375 0.680142721875 0.6144798984375 0.663375715625 0.615723178125 0.6606497734375 0.61249105 0.65737431875 0.6107008859375 0.6571545140625
1 0.5871919359375 0.5305121875000001 0.5832634109375 0.532908425 0.5830022625 0.535035309375 0.5867197796875 0.5491571140625 0.603998775 0.5786254046875 0.6083000859375 0.5805928390624999 0.6122186640625 0.5781953796875 0.6123927640625 0.57677745625 0.5972866609375 0.5518938640625 0.592214228125 0.534007446875 0.5889821000000001 0.530731990625 0.5871919359375 0.5305121875000001
1 0.6271513734374999 0.4713777453125 0.6314526828125 0.4733451796875 0.6353812078125001 0.47094894375 0.63564235625 0.468822059375 0.624550859375 0.44084114531249996 0.62024955 0.43887371093749994 0.6163210265625 0.441269946875 0.616780859375 0.4449246578125 0.6271513734374999 0.4713777453125
1 0.5963782875 0.5740914765625 0.5968381234375 0.5777461859375 0.6145300984375 0.6259680828125 0.61597303125 0.62901585625 0.620274340625 0.6309832906249999 0.624201896875 0.62859493125 0.624463046875 0.6264680453125 0.6067710703125 0.5782461484375 0.604608121875 0.5736626734375 0.6003068140625001 0.5716952390625 0.5963782875 0.5740914765625
1 0.5536496390625001 0.47818516562499996 0.5534755390625 0.47960308906250004 0.5567076671875 0.48287854374999994 0.5765882046875 0.491076765625 0.5945399796874999 0.5076659671875 0.59633014375 0.5078857718750001 0.6002586671875 0.5054895359375 0.5997108171875001 0.5025516640625 0.5826550921875 0.4860644859375 0.5575781625 0.47578892812499995 0.5536496390625001 0.47818516562499996
1 0.644354496875 0.6346596124999999 0.6411223671874999 0.63138415625 0.6366469609375 0.6308346453125 0.6067610640625001 0.63004371875 0.6028424859375 0.6324411765625 0.5964519875 0.6474888203125 0.5996841171875 0.6507642765625 0.6014742796875 0.6509840796875 0.605392859375 0.6485866203125 0.6092967984375 0.6389908656250001 0.611348109375 0.6370837875 0.640251871875 0.638473771875 0.6441803968750001 0.6360775359375 0.644354496875 0.6346596124999999
2 0.642953609375 0.357478375 0.6431277078125001 0.356060453125 0.6398955796875 0.352784996875 0.5740276234375 0.3418188296875 0.5277790546875 0.34117776875 0.48789775 0.347795359375 0.4821019578125 0.3506819734375 0.4819278578125 0.352099896875 0.48515004062499995 0.35537413125 0.48783528593750003 0.3557038375 0.5286987234375 0.3484871875 0.574052209375 0.349018346875 0.6309792937500001 0.3588867140625 0.6390250843749999 0.35987461249999997 0.642953609375 0.357478375
0 0.583709559375 0.759325075 0.572459234375 0.7631411796875 0.5659579921875 0.766428940625 0.5666217546875 0.77245155 0.5717570203125 0.776424453125 0.57964839375 0.7770255734375 0.5871831453125 0.77683126875 0.5912317093749999 0.7743618125 0.591036346875 0.7683887203124999 0.5886917375 0.7606804484375 0.583709559375 0.759325075
0 0.5599373109375 0.8306740781249999 0.55673144375 0.8377088328125 0.5626226375 0.843253834375 0.571537578125 0.8469471875 0.578828325 0.8448758203125 0.5830123 0.8413035375 0.580229815625 0.8372436999999999 0.5776253 0.8317344296875 0.5684228296875 0.8265184953125001 0.5599373109375 0.8306740781249999
1 0.6194917171875 0.40064721406250003 0.61556319375 0.40304345 0.613648103125 0.4186406046875 0.6169549578125 0.443506734375 0.6201870875 0.4467821890625 0.6219772515625 0.44700199375 0.625905775 0.44460575625 0.6261669234375 0.442478871875 0.6225989203125 0.41973962656249997 0.6245140109375 0.404142471875 0.6212818812500001 0.40086701874999997 0.6194917171875 0.40064721406250003
0 0.5954345671875 0.491911528125 0.5884671421875 0.49143185312500004 0.5833669484375 0.49860183437499994 0.581966425 0.5062260796875 0.587612365625 0.5136040609375 0.5919770468750001 0.516370890625 0.5977864609375 0.5148532828125 0.6020149265625 0.510918640625 0.6040182921875 0.5022489609375 0.6002122421875 0.4950968875 0.5954345671875 0.491911528125
0 0.607801953125 0.570672471875 0.5976378046875 0.5694244703125 0.5876453828125 0.5745064859375 0.591585875 0.5805636062499999 0.5965521500000001 0.5859950421875 0.5999265625 0.5890161 0.6062389234375 0.5871844296875001 0.6098844390625 0.5842976640625 0.6173819046875 0.5766783921874999 0.6142664328125 0.571466209375 0.607801953125 0.570672471875