1 0.7141520734375 0.72282353125 0.7189277781250001 0.7240051265624999 0.7230609171875 0.7213284109375 0.7214563609375 0.7173859375 0.6737040953125 0.6941892953125001 0.668928390625 0.6930076984375 0.6647945234375 0.69569274375 0.6663990796875 0.6996352171875 0.7141520734375 0.72282353125
2 0.6491228921875 0.8190521437499999 0.7040835953125 0.8155010125000001 0.7082281515625 0.812816903125 0.7083600515625 0.8113092843749999 0.70474455 0.8079462578125 0.7018372015625001 0.807691896875 0.64978311875 0.81150571875 0.59740589375 0.8076870812499999 0.552080575 0.80143869375 0.5186377640625001 0.793191575 0.5157411046875 0.79293815 0.5115972765625 0.7956139296875 0.5114653765625 0.79712155 0.515080878125 0.8004845765624999 0.5514203484375 0.8089851203125 0.5967456671875 0.8152335046875001 0.6491228921875 0.8190521437499999
2 0.66415195625 0.6918344328125 0.6129456249999999 0.6858353 0.5412666374999999 0.6795642015625 0.5198983046875 0.678450096875 0.515753746875 0.68113420625 0.5156218484374999 0.6826418249999999 0.519238078125 0.685996521875 0.6122853984375001 0.693381725 0.6643980953125 0.7002239296874999 0.6779514734375 0.701409696875 0.68209603125 0.6987255875 0.6822279296875 0.69721796875 0.6786124296875 0.6938549421875 0.66415195625 0.6918344328125
1 0.6874386109375 0.30292756875000004 0.6866741046875 0.3005861421875 0.685635840625 0.3012506875 0.6818984 0.2994045453125 0.677754571875 0.30208032500000004 0.6783971375 0.3059386359375 0.6820682640625 0.3085427515625 0.71757883125 0.34892347031250004 0.7183532968749999 0.35127416093749997 0.7193816015625 0.35060035156249997 0.72312973125 0.35244742812499996 0.72726286875 0.34977071406250004 0.72663099375 0.3459133390625 0.722949178125 0.34330828593749996 0.6874386109375 0.30292756875000004
2 0.72984010625 0.3537982859375 0.7339846624999999 0.3511141765625 0.7341165609375 0.3496065578125 0.7305003328125 0.3462518625 0.6961618453125 0.3371626046875 0.6331942171875 0.33165365156250004 0.5737216078125 0.33100794843750003 0.5403267203125 0.3334159203125 0.5361828921875 0.3360917 0.53605099375 0.33759931875000004 0.53966649375 0.34096234375 0.5425631546874999 0.34121576875000004 0.578930975 0.33831251406249996 0.6335066687500001 0.339285175 0.6945289390625 0.34462393125 0.72693275625 0.353543925 0.72984010625 0.3537982859375
0 0.686395246875 0.9102060390625001 0.6829983921875 0.9087757796875 0.6819020140625 0.9011176359374999 0.676414290625 0.8999492859375 0.668288646875 0.90221795 0.6607994890625 0.9070602421875 0.6596065203125 0.9140480765625 0.669246609375 0.9181060484374999 0.6737587453125 0.9203305140625 0.6824329640625 0.9252104421875 0.692640753125 0.9261035078125 0.6974807953125 0.9212560640625 0.69681198125 0.9154818203125 0.6942728812500001 0.91089524375 0.686395246875 0.9102060390625001
2 0.7061116703125 0.569247390625 0.6312235703125 0.5550913421875 0.6003579953125 0.5508717953125 0.5277726406250001 0.543757625 0.523639503125 0.5464343406250001 0.523506875 0.5479502890625 0.5271124140625 0.5513040484375 0.59969776875 0.558418221875 0.63056334375 0.5626377671875 0.706357809375 0.5776368875 0.7102271499999999 0.5779754109375 0.7143717046875 0.5752913015625001 0.7145036046875 0.5737836828125 0.7108873765625 0.5704289859375 0.7061116703125 0.569247390625
1 0.694794653125 0.37507231875 0.694662753125 0.3765799390625 0.6982682953125 0.3799336984375 0.703252903125 0.3788506390625 0.7264335078124999 0.3481706015625 0.7265654078125 0.34666298281249996 0.722949178125 0.34330828593749996 0.7210145078125 0.34313902343749997 0.7179752578125 0.3443922828125 0.694794653125 0.37507231875
1 0.6744785609374999 0.6965399875 0.6708630609374999 0.6931769609375 0.668928390625 0.6930076984375 0.6668610921875 0.6943543859375 0.6659547265625 0.6935113140625 0.6553459328125 0.7032340625 0.6407915265625 0.7133669968749999 0.639499421875 0.7170560453125 0.643104234375 0.7204181375 0.6471168921875 0.719241646875 0.64801256875 0.720083784375 0.65863205 0.7103619703125 0.67317576875 0.7002281 0.6744785609374999 0.6965399875
0 0.6761877375 0.687591353125 0.6682294343749999 0.68437715 0.6602736046875 0.688028753125 0.6481299640625 0.6920273875 0.6418510875 0.700148171875 0.6468160703125 0.707045271875 0.6631835140625 0.708443665625 0.6705334859375001 0.7051922859374999 0.6752134703125 0.7053751171875 0.677822465625 0.6991910140625001 0.6833788875 0.6928031531250001 0.6761877375 0.687591353125
1 0.6880337812499999 0.5304002265625 0.687836296875 0.532657490625 0.7000987578125 0.5710042625 0.70454435 0.5759590718750001 0.706489709375 0.57612926875 0.7106235765625 0.5734442234375 0.7108217906250001 0.57117863125 0.6985585999999999 0.5328401875 0.6941130078125 0.5278853796874999 0.6921783390625 0.52771611875 0.6880337812499999 0.5304002265625
0 0.701105 0.46323202343750003 0.6991428296875 0.4554981359375 0.6926088109374999 0.4528701625 0.685756559375 0.45043256875 0.678705103125 0.447071090625 0.6720928890625 0.44878392343750007 0.6690164968750001 0.45378566718749996 0.6709290921875 0.45876226875 0.6765669546875 0.4615384515625 0.6774033953124999 0.4687206234375 0.682184453125 0.47119523281250003 0.6911674109375 0.47266937656249997 0.6968725140625 0.46790600781249997 0.701105 0.46323202343750003
3 0.5962817390625 0.7870507109375 0.5881397734375 0.85783116875 0.581797934375 0.896833209375 0.5753268390625 0.9707981671875 0.5799043296875 0.9742453578125 0.5838506734375 0.973826840625 0.5869562359375 0.9718156078125 0.59342733125 0.89785065 0.6059297296875 0.8107157546874999 0.6090801156250001 0.7524240296875 0.606122925 0.7080509515625 0.61556576875 0.6001187546875 0.6156788234375 0.5765439156250001 0.6168673765625 0.5629586843750001 0.625917621875 0.526484925 0.6325409203125 0.4730629109375 0.6346542296875 0.44890768750000004 0.6351327171875 0.398750165625 0.6400195609375 0.3428932953125 0.656421559375 0.27815675 0.656817259375 0.2736338921875 0.6541081234375 0.27111393906250003 0.650305096875 0.2700174421875 0.6451985515625001 0.27261738750000003 0.6284664375 0.3411271453125 0.6235140078125 0.3977336609375 0.6230248328125 0.447890246875 0.6209778390625 0.47128749531249997 0.6143545390625 0.5247095109375 0.605314253125 0.561192534375 0.6039470609375 0.5991022484374999 0.594437903125 0.707792421875 0.597384403125 0.7521645625 0.5962817390625 0.7870507109375
1 0.6860846265625 0.8093604359375 0.683677253125 0.8144710703125 0.6872927546875001 0.817834096875 0.6922666734375 0.8167500999999999 0.71977863125 0.7811277546875 0.72218673125 0.7760087921875 0.7185705015625 0.7726540953125001 0.7166358328125 0.7724848328125 0.7135965843750001 0.7737380921875 0.6860846265625 0.8093604359375
1 0.6879094703125 0.4649731984375 0.6898441390625 0.4651424609375 0.72893875625 0.453354421875 0.7312035406249999 0.449750471875 0.727598728125 0.44638838124999997 0.7256640578125 0.44621911875000003 0.6865580234374999 0.45801455156250004 0.684293240625 0.46161850156249995 0.6879094703125 0.4649731984375
0 0.71902466875 0.3390453390625 0.7143345015625 0.34230280468749996 0.710062159375 0.34398534375 0.7049830515625 0.3449174546875 0.7050535390625 0.350882753125 0.7101040265624999 0.3570487359375 0.719883303125 0.3595157953125 0.7249225499999999 0.3555922375 0.7309269421875 0.350855053125 0.7304274328125 0.3430225171875 0.725357778125 0.34052265937500004 0.71902466875 0.3390453390625
2 0.671701853125 0.4605168984375 0.70521025 0.4680143734375 0.7238525140625 0.4780049296875 0.725787184375 0.478174190625 0.7299310125 0.4754984109375 0.7283264546875 0.47155593749999997 0.7162633953124999 0.464415528125 0.7068331953125 0.46054378125 0.6733347578125 0.45305557187499995 0.6241294109375 0.4464677265625 0.583117784375 0.44668176875 0.540935265625 0.44907630468750004 0.5370003390625 0.44948742656249996 0.5328557828125 0.45217153593750004 0.5327238828125 0.45367915312499996 0.536339384375 0.45704217968750005 0.5402087250000001 0.457380703125 0.5834302375 0.45431329062500003 0.623469184375 0.45401415156249997 0.6341259015625 0.45494649374999996 0.671701853125 0.4605168984375
1 0.6540223078125 0.45060217500000005 0.6576378078125 0.45396520156250003 0.6890033609375 0.4635497421875 0.691910709375 0.46380410312500003 0.6960545375 0.4611283234375 0.6961871671875 0.459612375 0.6925709359375001 0.4562576796875 0.6582987640625 0.44641044687500003 0.65415420625 0.44909455625000005 0.6540223078125 0.45060217500000005
1 0.6760648015624999 0.9126846796875 0.6764144890625 0.9309703578124999 0.6769914703125 0.9355783125 0.6805962828125 0.938940403125 0.682541640625 0.9391106 0.6866755078125 0.93642555625 0.6863250921875 0.91814820625 0.6857488390625 0.9135319234375 0.6821440265625001 0.9101698328125 0.68019866875 0.9099996359375 0.6760648015624999 0.9126846796875
1 0.6967306546875001 0.81029184375 0.6931258421875001 0.8069297515624999 0.691191171875 0.8067604906250001 0.6891131859375 0.8081062421875 0.688217509375 0.8072641046875001 0.6880856093750001 0.808771725 0.660393096875 0.8352549249999999 0.65909030625 0.8389430390625 0.6627065359375 0.8422977359375 0.6667077734375 0.8411286406249999 0.6676141390625 0.8419717140625 0.6677460390625 0.8404640953125 0.69543855 0.8139808921875 0.6967306546875001 0.81029184375
0 0.7124122171875 0.5691271640625 0.7128494546875 0.5641295328125 0.708597253125 0.5623810375 0.698170846875 0.5639867875 0.6866981437499999 0.5641329171875 0.6835913875 0.56935861875 0.683384228125 0.5784974140625 0.6843008328125 0.5847633531249999 0.693283059375 0.5862458265625 0.69956783125 0.5883987640624999 0.704736084375 0.5863245906250001 0.71015259375 0.5815359734375 0.7124122171875 0.5691271640625
0 0.6761131890625001 0.8060120718749999 0.6663045640624999 0.8106514359375 0.6699307671875 0.8162311875 0.6765634265625 0.8209325046875 0.6918602843749999 0.8209027234375 0.6985723328125 0.8180487624999999 0.7048862328125 0.8165448390625001 0.706489275 0.8116408078124999 0.700742809375 0.8067820171875001 0.68760629375 0.8056327203125001 0.6761131890625001 0.8060120718749999
2 0.5634581625 0.8944649124999999 0.52789315625 0.8883150593750001 0.5185292703125 0.8836853375 0.5156219203125 0.883430978125 0.5114880546875 0.8861160218749999 0.513998975 0.89090156875 0.52626025 0.895776384375 0.532971353125 0.8971189140625 0.640801559375 0.9141654140625001 0.696849909375 0.9205881687499999 0.700983778125 0.9179031234374999 0.7011156781250001 0.91639550625 0.6975101359375 0.91304174375 0.625056684375 0.9044199531249999 0.5634581625 0.8944649124999999
1 0.675402659375 0.8867674765625001 0.6752240203125 0.9110919624999999 0.6756683734375 0.917215865625 0.6792739140624999 0.9205696265625001 0.6812192718750001 0.9207398234375 0.6853524125 0.9180631078125 0.68553105 0.8937386249999999 0.6850866984375 0.8876147203125001 0.6814818859375 0.8842526296875001 0.6795472171875 0.8840833671875 0.675402659375 0.8867674765625001
1 0.6818548343749999 0.589946146875 0.6817229359375 0.5914537640625 0.6853284765625001 0.5948075265625 0.6903023953125 0.5937235281250001 0.7086225921875 0.5740329375 0.7087552203125 0.5725169890624999 0.705138990625 0.5691622921875 0.703204321875 0.5689930296875 0.700165071875 0.5702462890625 0.6818548343749999 0.589946146875