1 0.6893847656250001 0.6756740296875 0.69380859375 0.6763670984375 0.69734375 0.673610053125 0.695576171875 0.6701599390624999 0.650439453125 0.6529017515625 0.646015625 0.6522086828125 0.64248046875 0.6549733437499999 0.644248046875 0.6584234578125 0.6893847656250001 0.6756740296875
2 0.5486718749999999 0.7598781421874999 0.5176953125 0.7550495046875 0.5150488281250001 0.7550495046875 0.51150390625 0.75780655 0.51150390625 0.759185071875 0.5150488281250001 0.7619497328125 0.5486718749999999 0.7667783703125 0.5902636718750001 0.7688499625 0.638056640625 0.7681568921874999 0.687607421875 0.7605712109375 0.69115234375 0.75780655 0.69115234375 0.756428028125 0.687607421875 0.753663365625 0.684951171875 0.753663365625 0.638056640625 0.7612566640625 0.5902636718750001 0.7619497328125 0.5486718749999999 0.7598781421874999
2 0.5061914062499999 0.6549733437499999 0.509736328125 0.6577303890625 0.5946875 0.6570449359375 0.64248046875 0.6591165265625001 0.65486328125 0.6591165265625001 0.658408203125 0.656351865625 0.658408203125 0.6549733437499999 0.65486328125 0.6522086828125 0.641591796875 0.6515232296875 0.5946875 0.65014470625 0.52919921875 0.65014470625 0.509736328125 0.650830159375 0.5061914062499999 0.6535948203124999 0.5061914062499999 0.6549733437499999
1 0.627431640625 0.302292459375 0.66283203125 0.336115765625 0.663720703125 0.3381873578125 0.664599609375 0.3374942875 0.6681445312500001 0.3388728109375 0.6716796875 0.336115765625 0.67080078125 0.3326656515625 0.667255859375 0.33059405937499997 0.63185546875 0.29677075468749997 0.6309765625 0.294706778125 0.630087890625 0.29539223125 0.6265527343749999 0.29401370937500004 0.6230078125 0.29677075468749997 0.623896484375 0.30022086875 0.627431640625 0.302292459375
2 0.49734375000000003 0.3388728109375 0.49734375000000003 0.3402513328125 0.5008886718750001 0.34301599375 0.50353515625 0.34301599375 0.536279296875 0.3374942875 0.58583984375 0.33404417343750004 0.641591796875 0.33404417343750004 0.6716796875 0.33956587968749996 0.6743359375 0.33956587968749996 0.677880859375 0.33680121875 0.677880859375 0.335422696875 0.6743359375 0.3326656515625 0.64248046875 0.3271439453125 0.584951171875 0.3271439453125 0.5309765625 0.3312795125 0.5008886718750001 0.336115765625 0.49734375000000003 0.3388728109375
0 0.6550976562499999 0.8535262749999999 0.66416015625 0.856443259375 0.668427734375 0.8581035796875 0.6766796875 0.8618431078125001 0.686005859375 0.8618431078125001 0.6900097656249999 0.8570601671875 0.6889453125 0.8518735718749999 0.686279296875 0.8479131765625001 0.67908203125 0.8479131765625001 0.675888671875 0.846884996875 0.674287109375 0.8400228484375001 0.66921875 0.839398325 0.66203125 0.8421020562500001 0.655625 0.8470906328125001 0.6550976562499999 0.8535262749999999
2 0.5061914062499999 0.53488195 0.5725683593750001 0.53557501875 0.6008886718750001 0.5369535421875 0.67080078125 0.5445468390625 0.6743359375 0.5445468390625 0.677880859375 0.541782178125 0.677880859375 0.54040365625 0.6743359375 0.5376466109375 0.669912109375 0.5369535421875 0.6008886718750001 0.5300533125 0.5725683593750001 0.528674790625 0.5061914062499999 0.527981721875 0.50265625 0.530738765625 0.50265625 0.5321249046875 0.5061914062499999 0.53488195
1 0.644248046875 0.36303122656250003 0.647783203125 0.36578827187499996 0.652216796875 0.3644097484375 0.67080078125 0.3347296265625 0.67080078125 0.3333511046875 0.667255859375 0.33059405937499997 0.66548828125 0.33059405937499997 0.66283203125 0.33197258125 0.644248046875 0.361652703125 0.644248046875 0.36303122656250003
1 0.63451171875 0.6625666406249999 0.622119140625 0.672916984375 0.621240234375 0.6763670984375 0.624775390625 0.6791317593749999 0.6283203125 0.6777456203125001 0.62919921875 0.678438690625 0.638056640625 0.6687738000000001 0.650439453125 0.6584234578125 0.651328125 0.6549733437499999 0.647783203125 0.6522086828125 0.646015625 0.6522086828125 0.644248046875 0.6535948203124999 0.643359375 0.6529017515625 0.63451171875 0.6625666406249999
0 0.627080078125 0.652970296875 0.62203125 0.6608377765625 0.627080078125 0.666702209375 0.6420312499999999 0.66667174375 0.6484375 0.6631378515625 0.6526953125 0.6629322156249999 0.6545703125 0.65711348125 0.6591015625 0.65087585625 0.6521679687499999 0.646717440625 0.644697265625 0.644432596875 0.6377734375 0.6483777609375 0.627080078125 0.652970296875
1 0.664599609375 0.5390251328125 0.6690234375 0.5431683171875 0.67080078125 0.5431683171875 0.6743359375 0.54040365625 0.6743359375 0.5383320640625 0.66017578125 0.504516375 0.655751953125 0.500373190625 0.6539843750000001 0.500373190625 0.650439453125 0.5031378515625 0.650439453125 0.5052018281249999 0.664599609375 0.5390251328125
0 0.62951171875 0.43034272656250006 0.627119140625 0.4351256671875 0.629248046875 0.43948971875 0.6345800781250001 0.44156130937500004 0.635908203125 0.44801218593750003 0.6404394531250001 0.4498781421875 0.648701171875 0.450502665625 0.6534960937500001 0.4457273421875 0.656962890625 0.44115003750000004 0.6545703125 0.434287890625 0.6484375 0.43242193437500004 0.6420312499999999 0.43075399843750006 0.63537109375 0.42826351875 0.62951171875 0.43034272656250006
3 0.581416015625 0.3878750953125 0.584951171875 0.43342726562499995 0.584951171875 0.45482102031249994 0.5831835937500001 0.5038233046875 0.577880859375 0.5376466109375 0.5796484375000001 0.5721553687500001 0.5796484375000001 0.6715384609374999 0.58583984375 0.7115689265625 0.587607421875 0.7433130234374999 0.58583984375 0.8081873578125001 0.5831835937500001 0.8440822546875 0.5831835937500001 0.9117136328125 0.587607421875 0.91447829375 0.5911523437499999 0.913785225 0.5938085937500001 0.9117136328125 0.5938085937500001 0.8440822546875 0.5982324218749999 0.7640213250000001 0.59646484375 0.71087585625 0.5902636718750001 0.6708453921875 0.5902636718750001 0.5721553687500001 0.58849609375 0.5507539984375 0.58849609375 0.5383320640625 0.5938085937500001 0.504516375 0.595576171875 0.45551409062500003 0.595576171875 0.43342726562499995 0.59203125 0.3878750953125 0.59203125 0.33680121875 0.601767578125 0.276755521875 0.601767578125 0.2726199546875 0.599111328125 0.2705483625 0.595576171875 0.26985529375 0.5911523437499999 0.2726199546875 0.581416015625 0.336115765625 0.581416015625 0.3878750953125
1 0.6690234375 0.7612566640625 0.672568359375 0.7640213250000001 0.6769921875 0.762642803125 0.699111328125 0.72813404375 0.700888671875 0.723297790625 0.69734375 0.720540746875 0.695576171875 0.720540746875 0.692919921875 0.72191926875 0.67080078125 0.756428028125 0.6690234375 0.7612566640625
1 0.64513671875 0.44377760781250003 0.6469042968750001 0.44377760781250003 0.681416015625 0.42997715156250005 0.68318359375 0.4265270375 0.6796484375 0.4237623765625 0.677880859375 0.4237623765625 0.643359375 0.43757045000000006 0.641591796875 0.44102056406249995 0.64513671875 0.44377760781250003
0 0.65109375 0.333480578125 0.651630859375 0.3388880421875 0.65669921875 0.34408225468750003 0.66576171875 0.3455445546875 0.67001953125 0.3415841578125 0.675087890625 0.33680883437500003 0.6740136718749999 0.3297410515625 0.66921875 0.3278750953125 0.663359375 0.32703731875000003 0.6593652343749999 0.33036557499999997 0.655625 0.33223153125 0.65109375 0.333480578125
2 0.507080078125 0.44170601718749997 0.50353515625 0.44447067812499996 0.50353515625 0.44584919999999995 0.507080078125 0.4486138609375 0.510615234375 0.4486138609375 0.549560546875 0.44239908593750005 0.58583984375 0.43894897187500004 0.595576171875 0.43894897187500004 0.630087890625 0.44102056406249995 0.6610644531250001 0.44516374687500004 0.678759765625 0.452749428125 0.68052734375 0.452749428125 0.684072265625 0.44999238437500005 0.6823046875000001 0.44654227031250004 0.67080078125 0.44102056406249995 0.661943359375 0.43825590312499996 0.6309765625 0.434120334375 0.58583984375 0.43204874374999996 0.5486718749999999 0.4354988578125 0.510615234375 0.44102056406249995 0.507080078125 0.44170601718749997
1 0.61681640625 0.43619192656249994 0.646015625 0.44239908593750005 0.648671875 0.44239908593750005 0.652216796875 0.439642040625 0.652216796875 0.43825590312499996 0.648671875 0.4354988578125 0.61681640625 0.42928408281249997 0.613271484375 0.43204874374999996 0.613271484375 0.43342726562499995 0.61681640625 0.43619192656249994
1 0.672568359375 0.87168316875 0.676103515625 0.8744478296875 0.677880859375 0.8744478296875 0.681416015625 0.87168316875 0.6796484375 0.8551256671875 0.678759765625 0.8509824828125 0.6752246093750001 0.848217821875 0.673447265625 0.848217821875 0.669912109375 0.8509824828125 0.6716796875 0.8675476015625 0.672568359375 0.87168316875
1 0.672568359375 0.7557349578125 0.649560546875 0.7819649656250001 0.648671875 0.7854150796875 0.652216796875 0.788172125 0.655751953125 0.786793603125 0.656640625 0.787486671875 0.656640625 0.78610815 0.6796484375 0.7598781421874999 0.68052734375 0.756428028125 0.6769921875 0.753663365625 0.6752246093750001 0.753663365625 0.673447265625 0.7550495046875 0.672568359375 0.7543564359375 0.672568359375 0.7557349578125
0 0.651904296875 0.5338537703124999 0.6495019531249999 0.5388423453125 0.6500390625 0.5471515609375001 0.6513671875 0.5527646609375 0.65962890625 0.5533968015624999 0.665498046875 0.554851484375 0.67001953125 0.552559025 0.67455078125 0.5477837015625 0.675615234375 0.53634425 0.675615234375 0.5317745625 0.67162109375 0.5305255140625 0.6622949218749999 0.5328103578125 0.651904296875 0.5338537703124999
0 0.65669921875 0.7639451640625 0.6630859375 0.7676846921875 0.676953125 0.766443259375 0.6828125 0.7633206390625 0.6884179687499999 0.7614546843750001 0.689482421875 0.7568773796875 0.68388671875 0.7529245999999999 0.671884765625 0.7529245999999999 0.661494140625 0.7541812640625001 0.65296875 0.759169840625 0.65669921875 0.7639451640625
2 0.532744140625 0.8475323687499999 0.538935546875 0.848217821875 0.638056640625 0.8551256671875 0.6893847656250001 0.8565041890625 0.692919921875 0.853739528125 0.692919921875 0.8523610046875 0.6893847656250001 0.8496039609375 0.6230078125 0.8475323687499999 0.5663671875 0.8433891843750001 0.5336328124999999 0.8406321406249999 0.524775390625 0.837174409375 0.522119140625 0.837174409375 0.518583984375 0.8399390703125 0.521240234375 0.8440822546875 0.532744140625 0.8475323687499999
1 0.669912109375 0.8551256671875 0.673447265625 0.8578827109375 0.6752246093750001 0.8578827109375 0.678759765625 0.8551256671875 0.6769921875 0.8330388421875 0.676103515625 0.8275171359375 0.672568359375 0.824752475 0.67080078125 0.824752475 0.667255859375 0.8275171359375 0.6690234375 0.8496039609375 0.669912109375 0.8551256671875
1 0.649560546875 0.559040365625 0.653095703125 0.5617974109375 0.65751953125 0.5604188875 0.672568359375 0.541096725 0.672568359375 0.5397105859375 0.6690234375 0.5369535421875 0.667255859375 0.5369535421875 0.664599609375 0.5383320640625 0.649560546875 0.5576618437499999 0.649560546875 0.559040365625