1 0.72909375 0.6830569109375 0.7338125 0.6837967484374999 0.7375833328125 0.6808536578125 0.7356979171875 0.67717073125 0.6875520828125 0.6587479671875001 0.6828333328125 0.6580081296875 0.6790625 0.66095935 0.6809479171875 0.6646422765625 0.72909375 0.6830569109375
2 0.67434375 0.7817804875000001 0.7271979171875 0.7736829265625 0.7309791671875 0.7707317078125 0.7309791671875 0.7692601625 0.7271979171875 0.76630894375 0.7243645828124999 0.76630894375 0.67434375 0.774414634375 0.6233645828125 0.775154471875 0.579 0.7729430890625 0.5459583328125001 0.7677886171875 0.5431354171875 0.7677886171875 0.5393541671875 0.7707317078125 0.5393541671875 0.7722032515625 0.5431354171875 0.775154471875 0.579 0.7803089437499999 0.6233645828125 0.782520325 0.67434375 0.7817804875000001
2 0.6781145828125 0.6572764234374999 0.6280833328125001 0.655804878125 0.5582291671874999 0.655804878125 0.53746875 0.6565365859375001 0.5336875 0.6594878046875 0.5336875 0.66095935 0.53746875 0.6639024390625 0.6280833328125001 0.6631707312499999 0.6790625 0.6653821140625 0.6922708328125 0.6653821140625 0.6960520828125001 0.6624308937500001 0.6960520828125001 0.66095935 0.6922708328125 0.6580081296875 0.6781145828125 0.6572764234374999
1 0.6677291671875001 0.278585365625 0.6667916671875 0.2763821140625 0.66584375 0.277113821875 0.6620729171875 0.2756422765625 0.6582916671875 0.278585365625 0.6592395828125001 0.2822682921875 0.6630104171875 0.284479675 0.7007708328125 0.320585365625 0.7017187500000001 0.3227967484375 0.70265625 0.3220569109375 0.7064375 0.3235284546875 0.7102083328125001 0.320585365625 0.7092708328125 0.31690243906250004 0.7054895828125 0.31469105625 0.6677291671875001 0.278585365625
2 0.7130416671875001 0.32426829218750003 0.7168229171875 0.3213170734375 0.7168229171875 0.319845528125 0.7130416671875001 0.31690243906250004 0.6790625 0.31100812968749997 0.6176979171875 0.31100812968749997 0.560125 0.31542276406249997 0.52803125 0.320585365625 0.52425 0.3235284546875 0.52425 0.325 0.52803125 0.32795121875 0.5308541671875 0.32795121875 0.56578125 0.3220569109375 0.6186458328125 0.31837398437500003 0.6781145828125 0.31837398437500003 0.7102083328125001 0.32426829218750003 0.7130416671875001 0.32426829218750003
0 0.7181041671874999 0.8669186984374999 0.7146979171875001 0.8658211375 0.7129895828125 0.858495934375 0.7075833328125001 0.85782926875 0.6999166671875 0.860715446875 0.6930833328125 0.8660406500000001 0.6925208328125 0.8729105687500001 0.7021875 0.876024390625 0.7067395828125 0.8777967484375001 0.7155416671875 0.8817886171874999 0.7254895828125 0.8817886171874999 0.7297604171875001 0.8766829265625 0.728625 0.8711463421874999 0.72578125 0.8669186984374999 0.7181041671874999 0.8669186984374999
2 0.7083229171875 0.534975609375 0.6346979171875 0.5276097562500001 0.6044895828125 0.5261382109375 0.5336875 0.5253983734375 0.5299166671875 0.5283414640624999 0.5299166671875 0.5298211375 0.5336875 0.532764228125 0.6044895828125 0.5335040656250001 0.6346979171875 0.534975609375 0.7092708328125 0.5430813015625 0.7130416671875001 0.5430813015625 0.7168229171875 0.54013008125 0.7168229171875 0.5386585359375 0.7130416671875001 0.5357154468750001 0.7083229171875 0.534975609375
1 0.6809479171875 0.347845528125 0.6809479171875 0.3493170734375 0.68471875 0.35226016250000003 0.6894479171875 0.3507886171875 0.7092708328125 0.319105690625 0.7092708328125 0.317634146875 0.7054895828125 0.31469105625 0.7036041671875 0.31469105625 0.7007708328125 0.3161626015625 0.6809479171875 0.347845528125
1 0.6885 0.66095935 0.68471875 0.6580081296875 0.6828333328125 0.6580081296875 0.6809479171875 0.6594878046875 0.6799999999999999 0.6587479671875001 0.6705625000000001 0.6690650406249999 0.65734375 0.680113821875 0.6564062500000001 0.6837967484374999 0.6601770828125 0.6867479671875001 0.6639583328125 0.6852682921875 0.6648958328125001 0.6860081296875 0.67434375 0.67569105625 0.6875520828125 0.6646422765625 0.6885 0.66095935
0 0.6893958328124999 0.6521463421875 0.6814270828125 0.6497073171875 0.6740416671875 0.6539186984375001 0.6626354171875 0.6588211375 0.65725 0.6672195125 0.6626354171875 0.673479675 0.6785833328125 0.6734471546874999 0.6854166671875 0.669674796875 0.6899583328125 0.669455284375 0.6919583328125001 0.6632439031249999 0.6967916671875 0.656585365625 0.6893958328124999 0.6521463421875
1 0.6875520828125 0.4988780484375 0.6875520828125 0.5010813015625 0.70265625 0.5371869921875 0.7073750000000001 0.54160975625 0.7092708328125 0.54160975625 0.7130416671875001 0.5386585359375 0.7130416671875001 0.5364471546875 0.6979375 0.50034959375 0.69321875 0.4959268296875 0.6913333328125 0.4959268296875 0.6875520828125 0.4988780484375
0 0.6945104171875001 0.4327073171875 0.6919583328125001 0.4253821140625 0.6854166671875 0.42339024375 0.6785833328125 0.42160975624999997 0.6714791671875 0.41895121875 0.6652291671875 0.42117073125 0.6626770828125 0.4262764234375 0.6649479171875 0.43093495937500004 0.6706354171875 0.43314634218750003 0.6720520828125001 0.4400325203125 0.6768854171875 0.442024390625 0.6856979171875001 0.44269105625 0.6908125 0.4375934953125 0.6945104171875001 0.4327073171875
3 0.62053125 0.7552601625 0.6186458328125 0.8245121953125001 0.6158125 0.86282926875 0.6158125 0.935024390625 0.62053125 0.937975609375 0.6243125 0.937235771875 0.6271458328125 0.935024390625 0.6271458328125 0.86282926875 0.6318645828125 0.777365853125 0.6299791671875 0.7206341468749999 0.6233645828125 0.6779024390624999 0.6233645828125 0.5725528453125001 0.6214791671875 0.5497073171875 0.6214791671875 0.5364471546875 0.6271458328125 0.50034959375 0.6290312499999999 0.44804065 0.6290312499999999 0.4244634140625 0.6252500000000001 0.37583739843749997 0.6252500000000001 0.3213170734375 0.6356354171875 0.25721951249999997 0.6356354171875 0.25280487812499997 0.6328020828125 0.2505934953125 0.6290312499999999 0.2498536578125 0.6243125 0.25280487812499997 0.6139270828125001 0.320585365625 0.6139270828125001 0.37583739843749997 0.6176979171875 0.4244634140625 0.6176979171875 0.4473008125 0.6158125 0.49960975625000004 0.61015625 0.5357154468750001 0.6120416671875 0.5725528453125001 0.6120416671875 0.6786422765625 0.6186458328125 0.721373984375 0.62053125 0.7552601625
1 0.7092708328125 0.7692601625 0.7073750000000001 0.774414634375 0.7111562499999999 0.777365853125 0.715875 0.775894309375 0.73946875 0.7390569109375 0.7413645828125001 0.733894309375 0.7375833328125 0.73095121875 0.7356979171875 0.73095121875 0.7328645828125 0.7324227640625 0.7092708328125 0.7692601625
1 0.6818958328125 0.43551219531249996 0.68378125 0.43551219531249996 0.72059375 0.42078048749999997 0.7224791671874999 0.41709756093749994 0.7187083328125 0.41414634218749996 0.7168229171875 0.41414634218749996 0.6799999999999999 0.42888617812499996 0.6781145828125 0.43256910625 0.6818958328125 0.43551219531249996
0 0.7013333328125 0.310894309375 0.6970729171875 0.3144471546875 0.6930833328125 0.316439025 0.68825 0.3177723578125 0.6888229171875 0.323544715625 0.6942291671875 0.32908943125 0.7038958328125 0.33065040625000003 0.7084374999999999 0.32642276406250004 0.71384375 0.321325203125 0.7126979171875 0.3137804875 0.7075833328125001 0.3117886171875 0.7013333328125 0.310894309375
2 0.66584375 0.43256910625 0.6988854171875001 0.43699187031250003 0.7177604171875 0.44508943125 0.7196458328124999 0.44508943125 0.7234270828125 0.4421463421875 0.7215416671875 0.4384634140625 0.7092708328125 0.43256910625 0.6998229171875 0.4296178859375 0.6667916671875 0.42520325156250005 0.6186458328125 0.42299187031249996 0.579 0.426674796875 0.53840625 0.43256910625 0.5346354171875001 0.4333008125 0.5308541671875 0.4362520328125 0.5308541671875 0.43772357656249994 0.5346354171875001 0.44067479687500005 0.53840625 0.44067479687500005 0.5799479171875 0.43404065000000003 0.6186458328125 0.4303577234375 0.6290312499999999 0.4303577234375 0.66584375 0.43256910625
1 0.64790625 0.4244634140625 0.6516875 0.427414634375 0.6828333328125 0.43404065000000003 0.6856666671875 0.43404065000000003 0.6894479171875 0.4310975609375 0.6894479171875 0.4296178859375 0.6856666671875 0.426674796875 0.6516875 0.42004064999999996 0.64790625 0.42299187031249996 0.64790625 0.4244634140625
1 0.7083229171875 0.870195121875 0.7102083328125001 0.8878780484375 0.7111562499999999 0.8922926828125 0.7149270828125001 0.895243903125 0.7168229171875 0.895243903125 0.72059375 0.8922926828125 0.7187083328125 0.8746178859375 0.7177604171875 0.870195121875 0.7139895828125 0.8672439031250001 0.71209375 0.8672439031250001 0.7083229171875 0.870195121875
1 0.7196458328124999 0.7692601625 0.715875 0.76630894375 0.7139895828125 0.76630894375 0.71209375 0.7677886171875 0.7111562499999999 0.76704878125 0.7111562499999999 0.768520325 0.6866145828125 0.796520325 0.6856666671875 0.8002032515625 0.6894479171875 0.8031463421874999 0.69321875 0.801674796875 0.6941666671875 0.8024146343749999 0.6941666671875 0.8009430890625 0.7187083328125 0.7729430890625 0.7196458328124999 0.7692601625
0 0.71440625 0.534325203125 0.71440625 0.5294471546875 0.7101458328125 0.528113821875 0.7001979171875 0.5305528453125 0.6891145828125 0.5316666671875 0.6865520828125 0.5369918703125001 0.687125 0.5458617890624999 0.6885416671875 0.5518536578125001 0.6973541671875 0.5525284546875 0.7036145828125 0.5540813015625 0.7084374999999999 0.551634146875 0.7132708328125 0.5465365859375 0.71440625 0.534325203125
0 0.6993437499999999 0.7668617890625 0.69025 0.7721869921875 0.6942291671875 0.777284553125 0.7010416671875 0.7812764234375 0.7158333328125 0.7799512187500001 0.7220833328125 0.7766178859374999 0.7280625 0.774626015625 0.7291979171875 0.7697398375 0.7232291671875 0.765520325 0.7104270828125 0.765520325 0.6993437499999999 0.7668617890625
2 0.5978749999999999 0.86208943125 0.5629583328125001 0.8591463421875 0.5535104171875 0.8554552843750001 0.5506770828125 0.8554552843750001 0.5469062499999999 0.8584065046875 0.5497395828125 0.86282926875 0.5620104171875 0.8665121953125 0.5686145828125 0.8672439031250001 0.67434375 0.8746178859375 0.72909375 0.8760894312499999 0.7328645828125 0.8731382109375 0.7328645828125 0.8716666671875 0.72909375 0.8687235765624999 0.6582916671875 0.8665121953125 0.5978749999999999 0.86208943125
1 0.7054895828125 0.8451463421875 0.7073750000000001 0.8687235765624999 0.7083229171875 0.8746178859375 0.71209375 0.877560975 0.7139895828125 0.877560975 0.7177604171875 0.8746178859375 0.715875 0.8510406500000001 0.7149270828125001 0.8451463421875 0.7111562499999999 0.8421951218749999 0.7092708328125 0.8421951218749999 0.7054895828125 0.8451463421875
1 0.6866145828125 0.5570813015625 0.6866145828125 0.5585528453124999 0.6903854171875 0.561495934375 0.6951041671875 0.560024390625 0.7111562499999999 0.5393983734375001 0.7111562499999999 0.5379186984375 0.7073750000000001 0.534975609375 0.7054895828125 0.534975609375 0.70265625 0.5364471546875 0.6866145828125 0.5570813015625