1 0.5962890625 0.556727828125 0.59982421875 0.556032109375 0.6333886718749999 0.5290596328125 0.63427734375 0.52629969375 0.6307421875 0.5235321093749999 0.6289746093749999 0.5235321093749999 0.593642578125 0.5511926609375 0.59275390625 0.5539602453125 0.5962890625 0.556727828125
1 0.649296875 0.43639143750000003 0.6475292968749999 0.4405428140625 0.6510644531249999 0.4433027515625 0.655478515625 0.44192660625 0.7005273437499999 0.386597859375 0.702294921875 0.3824464828125 0.698759765625 0.3796788984375 0.6969921875 0.3796788984375 0.694345703125 0.381062690625 0.68904296875 0.3872859328125 0.649296875 0.43639143750000003
2 0.48498046875 0.7344648312500001 0.522080078125 0.7406880734375 0.594521484375 0.7427599390624999 0.6333886718749999 0.7482951078125 0.636923828125 0.7482951078125 0.640458984375 0.7455275234375 0.640458984375 0.74414373125 0.636923828125 0.741376146875 0.59541015625 0.7358486234375 0.52296875 0.7337691125 0.48498046875 0.7275458718750001 0.4814453125 0.73031345625 0.4814453125 0.7316972484375001 0.48498046875 0.7344648312500001
0 0.630869140625 0.33281345625 0.6331640625 0.3389143734375 0.642333984375 0.3392737 0.65470703125 0.336758409375 0.6638769531250001 0.325993884375 0.659296875 0.320963303125 0.6487499999999999 0.320963303125 0.6363671875 0.3252752296875 0.630869140625 0.33281345625
1 0.6192578125 0.372071865625 0.6192578125 0.3741513765625 0.62279296875 0.376911315625 0.62720703125 0.3755275234375 0.6289746093749999 0.372767584375 0.6510644531249999 0.3285015296875 0.6510644531249999 0.3264296640625 0.6475292968749999 0.3236620796875 0.64576171875 0.3236620796875 0.64310546875 0.325045871875 0.641337890625 0.32781345625 0.6192578125 0.372071865625
1 0.63162109375 0.7482951078125 0.6333886718749999 0.7482951078125 0.6519433593749999 0.75797400625 0.652822265625 0.7593577984375 0.65724609375 0.7600535171875 0.66078125 0.7572859328125 0.659013671875 0.7545183484375 0.659892578125 0.753830275 0.658125 0.753830275 0.6395800781250001 0.74414373125 0.63869140625 0.7427599390624999 0.63427734375 0.742071865625 0.6307421875 0.74483945 0.6325097656249999 0.747607034375 0.63162109375 0.7482951078125
0 0.61162109375 0.74807339375 0.617109375 0.7577599390625 0.62353515625 0.7635015296875001 0.6363671875 0.7627905203124999 0.643701171875 0.758119265625 0.6414160156250001 0.7491513765625 0.63912109375 0.7398165140625 0.63224609375 0.734793578125 0.6207910156249999 0.7355045875 0.610234375 0.7369495406250001 0.61162109375 0.74807339375
1 0.643994140625 0.3264296640625 0.6422265625 0.3291972484375 0.64576171875 0.3319571859375 0.65017578125 0.3312691125 0.666962890625 0.319510703125 0.694345703125 0.3022247703125 0.6969921875 0.3015290515625 0.6961132812499999 0.300840978125 0.697880859375 0.29807339375 0.694345703125 0.2953058109375 0.69169921875 0.2953058109375 0.65458984375 0.319510703125 0.64310546875 0.3257339453125 0.643994140625 0.3264296640625
0 0.6409570312499999 0.8593348625000001 0.6395800781250001 0.8665137609375 0.646455078125 0.8722553515625 0.653330078125 0.87297400625 0.659296875 0.8665137609375 0.66525390625 0.8629281343749999 0.672587890625 0.85503058125 0.6634179687499999 0.8496483187500001 0.650126953125 0.854671253125 0.6409570312499999 0.8593348625000001
1 0.58126953125 0.7621253828125 0.5848046874999999 0.764892965625 0.587451171875 0.764892965625 0.63162109375 0.751062690625 0.636923828125 0.7489831796875001 0.63869140625 0.746911315625 0.63869140625 0.7455275234375 0.63515625 0.7427599390624999 0.6325097656249999 0.7427599390624999 0.58833984375 0.756597859375 0.583037109375 0.7586697250000001 0.58126953125 0.7621253828125
2 0.48851562499999995 0.538746178125 0.48498046875 0.5415137609375 0.48498046875 0.542897553125 0.48851562499999995 0.5456574921875 0.49381835937499996 0.5456574921875 0.5309179687500001 0.5422018343749999 0.6121875 0.538050459375 0.65017578125 0.525603975 0.6519433593749999 0.52214831875 0.648408203125 0.519380734375 0.64576171875 0.519380734375 0.6104199218749999 0.53113914375 0.494697265625 0.538050459375 0.48851562499999995 0.538746178125
0 0.6409570312499999 0.4415596328125 0.65150390625 0.44837920468750003 0.6602148437500001 0.44694189531250006 0.6675488281249999 0.439762996875 0.6657031250000001 0.42863914375 0.6602148437500001 0.425045871875 0.651044921875 0.426850153125 0.6432519531249999 0.43402140625 0.6409570312499999 0.4415596328125
3 0.5644921875 0.3796788984375 0.5644921875 0.45575688124999997 0.562724609375 0.5062385328125 0.562724609375 0.603753821875 0.574208984375 0.6901987765625 0.574208984375 0.78218654375 0.56978515625 0.8762385328125 0.56978515625 0.888685015625 0.574208984375 0.8914526 0.577734375 0.8907645265624999 0.5803906249999999 0.888685015625 0.5848046874999999 0.78218654375 0.5848046874999999 0.6895107031250001 0.5733203125 0.6030657500000001 0.575087890625 0.3796788984375 0.5839257812499999 0.278019878125 0.5839257812499999 0.27110091718749996 0.58126953125 0.2690290515625 0.577734375 0.2683333328125 0.5733203125 0.27110091718749996 0.5724414062500001 0.278019878125 0.5644921875 0.3796788984375
2 0.45052734375 0.34164373124999997 0.44699218749999997 0.344411315625 0.44699218749999997 0.3457951078125 0.45052734375 0.348562690625 0.45318359375000006 0.348562690625 0.49735351562499996 0.3409480125 0.544169921875 0.3347247703125 0.64576171875 0.33265290468750003 0.662548828125 0.34025993906249996 0.664306640625 0.34025993906249996 0.667841796875 0.3374923546875 0.6660742187500001 0.33403669687500004 0.6475292968749999 0.3257339453125 0.62986328125 0.3257339453125 0.543291015625 0.32781345625 0.45759765625000004 0.34025993906249996 0.45052734375 0.34164373124999997
0 0.611162109375 0.6411238531250001 0.610693359375 0.652958715625 0.62537109375 0.6543960249999999 0.635908203125 0.65547400625 0.6409570312499999 0.6518807343749999 0.6363671875 0.6457798171875 0.63224609375 0.640397553125 0.6221582031249999 0.6378822625 0.611162109375 0.6411238531250001
1 0.623671875 0.6487079515625 0.62720703125 0.6514755359375 0.62986328125 0.6514755359375 0.6766796875 0.639717125 0.681982421875 0.6362614671875 0.681982421875 0.6348776765624999 0.678447265625 0.6321100921875 0.675791015625 0.6321100921875 0.6289746093749999 0.6438685015625001 0.623671875 0.647324159375 0.623671875 0.6487079515625
1 0.659892578125 0.8630963296875 0.678447265625 0.86724770625 0.701416015625 0.88661315 0.704951171875 0.8873012234375001 0.7084765625 0.8845412843749999 0.7084765625 0.8824617734375 0.6837500000000001 0.8617125375000001 0.659892578125 0.8561850156249999 0.656357421875 0.8589526 0.656357421875 0.860328746875 0.659892578125 0.8630963296875
1 0.568017578125 0.8803899078124999 0.571552734375 0.8831574921875 0.574208984375 0.8831574921875 0.606005859375 0.8748547406249999 0.66166015625 0.8630963296875 0.6651953125000001 0.860328746875 0.6651953125000001 0.8589526 0.66166015625 0.8561850156249999 0.659013671875 0.8561850156249999 0.5733203125 0.8755504593750001 0.568017578125 0.879006115625 0.568017578125 0.8803899078124999
1 0.606005859375 0.6860550453125 0.609541015625 0.6888226296875 0.61130859375 0.6888226296875 0.61572265625 0.684671253125 0.6307421875 0.6493960249999999 0.6307421875 0.647324159375 0.62720703125 0.644556575 0.625439453125 0.644556575 0.6210253906250001 0.6487079515625 0.606005859375 0.6839755359375 0.606005859375 0.6860550453125
0 0.64416015625 0.5262614671875 0.643701171875 0.5180122328125 0.634541015625 0.5155045874999999 0.6244531249999999 0.5176529046875 0.6157421875 0.5244724765625 0.616201171875 0.53057339375 0.6212500000000001 0.5402599390625 0.62673828125 0.5477981656249999 0.638203125 0.540619265625 0.64279296875 0.5341590218750001 0.64416015625 0.5262614671875
1 0.61572265625 0.49240825624999995 0.6192578125 0.495175840625 0.623671875 0.49379204843749996 0.655478515625 0.442614678125 0.656357421875 0.439159021875 0.652822265625 0.43639143750000003 0.6510644531249999 0.43639143750000003 0.648408203125 0.43777522968750004 0.6166113281250001 0.4889526 0.61572265625 0.49240825624999995
2 0.48939453125 0.6376452593749999 0.528271484375 0.6438685015625001 0.62279296875 0.65009174375 0.6289746093749999 0.65009174375 0.6325097656249999 0.647324159375 0.6325097656249999 0.6459403671875 0.6289746093749999 0.6431727828125 0.528271484375 0.6369495406250001 0.48939453125 0.6307263 0.48586914062500003 0.633493884375 0.48586914062500003 0.6348776765624999 0.48939453125 0.6376452593749999
2 0.470849609375 0.44192660625 0.474384765625 0.44468654374999994 0.47967773437499994 0.44468654374999994 0.525615234375 0.4405428140625 0.6325097656249999 0.4405428140625 0.6696093750000001 0.44607033593749995 0.67314453125 0.44607033593749995 0.6766796875 0.4433027515625 0.6766796875 0.44192660625 0.67314453125 0.439159021875 0.6333886718749999 0.433623853125 0.524736328125 0.433623853125 0.474384765625 0.43777522968750004 0.470849609375 0.4405428140625 0.470849609375 0.44192660625
1 0.6519433593749999 0.538746178125 0.65458984375 0.538746178125 0.658125 0.53597859375 0.655478515625 0.5318272171875 0.63162109375 0.5242201828125 0.6289746093749999 0.5242201828125 0.625439453125 0.5269877671875001 0.628095703125 0.53113914375 0.6519433593749999 0.538746178125
2 0.47261718750000004 0.8485779812500001 0.5 0.8561850156249999 0.5468164062499999 0.8637920484375 0.648408203125 0.8637920484375 0.66166015625 0.8630963296875 0.6651953125000001 0.860328746875 0.6651953125000001 0.8589526 0.66166015625 0.8561850156249999 0.624560546875 0.8575688078124999 0.547705078125 0.8568730890625 0.5044140625 0.8499617734375 0.470849609375 0.8409709484375 0.46731445312500003 0.8437308874999999 0.46731445312500003 0.845114678125 0.47261718750000004 0.8485779812500001