1 0.5714117437499999 0.567811640625 0.575332421875 0.5669692765625001 0.61216185625 0.5363218468750001 0.6130972609375 0.5332353234375 0.6091093562500001 0.5302262328125 0.6071422640625 0.5302605687499999 0.5683590953125 0.5617075234375 0.5674238390624999 0.5648025484375 0.5714117437499999 0.567811640625
1 0.677126528125 0.370553965625 0.6713460546875 0.3775776875 0.6280668656249999 0.43295879531250003 0.6261803578125 0.437609775 0.630168115625 0.4406103640625 0.6350536984375 0.43899424062500003 0.6841133593750001 0.3765894109375 0.68599986875 0.37193843125 0.6820119625000001 0.368929340625 0.6800448703125 0.3689636765625 0.677126528125 0.370553965625
2 0.5739106078125 0.7670245609374999 0.4932520875 0.7661191828125 0.45085511875 0.7599364015625001 0.4469746578125 0.7630828359375 0.44700151874999994 0.7646217171874999 0.45098942500000005 0.7676308078125 0.492397415625 0.7738308515625001 0.5730557859375 0.774727728125 0.6164175125 0.7801282453125 0.6203516953125 0.780059575 0.62423215625 0.7769131406249999 0.6242052953125 0.775374259375 0.6202173890625 0.77236516875 0.5739106078125 0.7670245609374999
0 0.6055485328125 0.318130225 0.6082209187500001 0.324870325 0.618432859375 0.3250917953125 0.6321536765625 0.322054253125 0.6421496890625 0.309905159375 0.6369549906249999 0.30439974375 0.625217646875 0.30460461875 0.6115208390625 0.309640346875 0.6055485328125 0.318130225
1 0.6219444546874999 0.3076639109375 0.61901524375 0.309254390625 0.6171018734375 0.31236648749999996 0.593388646875 0.36201409375 0.5934290125 0.364326665625 0.5974167687499999 0.3673272546875 0.602302203125 0.3657026296875 0.604215721875 0.3625990328125 0.6279396687500001 0.3129427359375 0.6278994515625 0.31063866562500003 0.6239115453124999 0.307629575 0.6219444546874999 0.3076639109375
1 0.6440533734375 0.7858032609375 0.6232271828125 0.7753913328125 0.6222113421875 0.7738697140624999 0.6172856906249999 0.77319026875 0.6134052296875 0.7763367031249999 0.6154260453125 0.7793801296875 0.6144504203125 0.78016258125 0.6164175125 0.7801282453125 0.637254421875 0.7905314828125001 0.6382593953125 0.792053290625 0.6431960625 0.7927410484374999 0.6470765234375 0.7895946140625 0.645055709375 0.7865511875 0.646020465625 0.785768925 0.6440533734375 0.7858032609375
0 0.6021496265625 0.7661489359375 0.590429465625 0.7679609000000001 0.5921886390625 0.7803045265625 0.5984844328125 0.7909700843749999 0.60574696875 0.79723034375 0.6200136015625 0.7961903796875001 0.628084725 0.790853128125 0.6253675546874999 0.7809245484375 0.6226323953125 0.77058805625 0.6148838828125001 0.765135721875 0.6021496265625 0.7661489359375
1 0.6794497765624999 0.27819493125 0.6754618703124999 0.275185840625 0.6725166687499999 0.27523724843749997 0.6316884593750001 0.302875778125 0.6190286 0.3100195796875 0.620031084375 0.31077600781250003 0.6181177156250001 0.31388810624999997 0.6221054734375 0.31688869531249997 0.6270044109375 0.31603776093749997 0.6454581015625 0.302635428125 0.6755961765625 0.282880246875 0.6785278765625 0.282055146875 0.6775364078125 0.2813070296875 0.6794497765624999 0.27819493125
0 0.6371100140625 0.89810140625 0.626995575 0.9034658203125 0.62560255 0.9114760453124999 0.6333650125 0.9177275781249999 0.6410299703125 0.9183932265625 0.6475448609375001 0.9110930406250001 0.654104684375 0.9069898359374999 0.6621131828125 0.8980646953125 0.6518037375 0.8922573406250001 0.6371100140625 0.89810140625
1 0.61533195625 0.77398979375 0.5664450125 0.7902366203125 0.5605839546875 0.7926436984375 0.5586839421875001 0.7965209859375 0.5626718484375 0.7995300765625 0.5656170515625 0.7994786671874999 0.61450414375 0.78324034375 0.6203650515625 0.7808247640625 0.6222919265625 0.7784863578125 0.622265065625 0.7769474765625 0.618277159375 0.7739383859375 0.61533195625 0.77398979375
2 0.6326767265625 0.5282755125 0.6286888203125 0.525266421875 0.6257436171874999 0.5253178296875001 0.5866408984375 0.53908059375 0.4579903265625 0.54901444375 0.4511244453125 0.549908215625 0.447243984375 0.55305465 0.44727084531249994 0.55459353125 0.451258603125 0.5575941203125 0.45715987656249996 0.5574911124999999 0.4983799875 0.552927490625 0.5887421484375001 0.5467321625 0.6307767125 0.5321528 0.6326767265625 0.5282755125
0 0.61888599375 0.4388682234375 0.6307557125 0.44624722656250004 0.6404219890625 0.44447961718749995 0.6484444359375 0.436353675 0.646174471875 0.4240189640625 0.63999695625 0.42012958593749994 0.6298270125000001 0.4223142125 0.6212936234375 0.4304405671875 0.61888599375 0.4388682234375
3 0.553336859375 0.9404797687500001 0.55724681875 0.939646096875 0.5601625234375 0.937281925 0.5630075406249999 0.8187618406249999 0.5612085765625 0.7156993093749999 0.5467499015625 0.61978908125 0.544380753125 0.3713317015625 0.5522428734375 0.25810751718749997 0.5521085671875 0.25041311093749996 0.5491122765625 0.2481606375 0.5451645890625 0.24745561875000002 0.5403060156249999 0.250619125 0.5394622109375 0.2583306046875 0.532589071875 0.3715375265625 0.5340658484375 0.45614198593750005 0.533078671875 0.5123157296875 0.5349715765624999 0.6207600953125 0.5494302515625 0.7166703234375 0.5512158578124999 0.818967665625 0.5481183703125 0.9236465109375 0.5483599734375 0.9374879406250001 0.553336859375 0.9404797687500001
2 0.6409485765625 0.3257958890625 0.6429047999999999 0.3257617421875 0.6467852609375 0.322615309375 0.6447510921874999 0.3188066921875 0.6239517625000001 0.3099336453125 0.6042917140624999 0.3102768125 0.5079880609375 0.3142710765625 0.41286375625 0.3297771234375 0.40502225000000003 0.3314533484375 0.40114178906250003 0.33459978125 0.4011686515625 0.3361386625 0.40515655781250004 0.3391477546875 0.40811262812500004 0.33909615625 0.45712037343749995 0.3297700453125 0.50910033125 0.3219399078125 0.6221189781249999 0.31766238750000003 0.6409485765625 0.3257958890625
0 0.5896018109375001 0.661377478125 0.5893098828125 0.67454784375 0.60567225 0.6758611218749999 0.61741965 0.67685523125 0.622968609375 0.6727611671875 0.617742265625 0.66606564375 0.6130515296875 0.660160215625 0.6017761546875 0.6575589828124999 0.5896018109375001 0.661377478125
1 0.60947815625 0.6640837203125 0.603643959375 0.6680296796875 0.6036708203125001 0.6695685609375001 0.6076587265625 0.6725776531250001 0.6106147984375 0.6725260546875 0.6624873109375 0.6585403921874999 0.6683215078125 0.6545944328125 0.668294646875 0.6530555515625001 0.6643067406250001 0.6500464609375001 0.66135066875 0.650098059375 0.60947815625 0.6640837203125
1 0.6441268484375 0.9027415578125 0.6441535609375 0.9042719359375001 0.6481414671875 0.907281028125 0.668871078125 0.911537240625 0.6948083109375001 0.9326269015624999 0.6987558515625001 0.9333234203125 0.7026255921875 0.9301856781250001 0.7025852265625 0.9278731046875001 0.6746649078125 0.905278709375 0.648007309375 0.8995951234374999 0.6441268484375 0.9027415578125
1 0.6470291968749999 0.8996121968749999 0.552039196875 0.92281265 0.5462050015625 0.926758609375 0.5462318625 0.9282974906250001 0.55021976875 0.93130658125 0.553175840625 0.9312549828125001 0.5884005875 0.92140403125 0.6501085578125 0.9072466921875 0.65398901875 0.9041002578124999 0.65396230625 0.902569878125 0.6499744 0.8995607874999999 0.6470291968749999 0.8996121968749999
1 0.6007256171875001 0.6696199703125 0.5846953640625 0.7091319453125 0.58473573125 0.7114445171875 0.5887236359375 0.714453609375 0.590690728125 0.7144192734375 0.5955224390625 0.7097168843749999 0.61155254375 0.6701964078125 0.6115123265625 0.6678923375 0.6075244203125 0.664883246875 0.6055573296875 0.6649175828125 0.6007256171875001 0.6696199703125
0 0.6177441234375001 0.5490835109375001 0.6227266390625 0.5418100703125 0.62409484375 0.5330008359375 0.6234239234375 0.52383598125 0.6131811468749999 0.5212252296875 0.6019962984375 0.5238102796875 0.5924345 0.531563371875 0.5930637187500001 0.5383391359374999 0.5988704578124999 0.5490132296875 0.60512455 0.5572896953125 0.6177441234375001 0.5490835109375001
1 0.5927122546875 0.4920457015625 0.5917903546875001 0.49590591718750004 0.5957782609375 0.49891500781250003 0.60066369375 0.49729038281250004 0.6350670546875 0.4397594296875 0.6359780875000001 0.4358994046875 0.6319901812500001 0.4328903140625 0.6300339578124999 0.432924459375 0.6271047484375 0.4345149390625 0.5927122546875 0.4920457015625
2 0.4538880140625 0.6521799828125 0.450018421875 0.6553262281250001 0.4500452828125 0.656865109375 0.45402232031249995 0.6598743890625001 0.49740827187500003 0.6660399078125 0.6027195703125 0.6711245156250001 0.6095989578125 0.6710044359375 0.61347941875 0.6678580015625 0.6134525578125001 0.6663191203125 0.6094646515625 0.6633100296875 0.497273965625 0.6583455015624999 0.4538880140625 0.6521799828125
2 0.6586479296875 0.43858240156250006 0.654660025 0.43557331093749996 0.6103093187499999 0.43019005468750005 0.48939295625 0.4323006578125 0.433438596875 0.43789539531250005 0.42955813593750003 0.44104182812500003 0.42958499687499996 0.44258070937499994 0.4335727546875 0.4455812984375 0.4394631609375 0.44547848125 0.49050537343749995 0.439977990625 0.6094655140625 0.4379015328125 0.65086 0.4433278859375 0.6547941828125 0.4432592140625 0.6586746421874999 0.44011278125000003 0.6586479296875 0.43858240156250006
1 0.6329989140625 0.5467335859375 0.6359441171875 0.5466821765625001 0.639824578125 0.5435357421875 0.636798790625 0.5389705078125 0.6101008234374999 0.5309743499999999 0.6071556203124999 0.5310257578125 0.603275159375 0.5341721921875 0.606311815625 0.5387372375 0.6329989140625 0.5467335859375
2 0.6087140718749999 0.9018203390625 0.52317011875 0.9025395875 0.474858515625 0.8956946234375 0.4373309859375 0.8863481453125001 0.43345037656249996 0.8894860781249999 0.4334772390625 0.891024959375 0.43944574062499997 0.89477340625 0.470067021875 0.9027010828125 0.5223154437499999 0.9102512562499999 0.6353743093750001 0.9082778062499999 0.6501085578125 0.9072466921875 0.65398901875 0.9041002578124999 0.65396230625 0.902569878125 0.6499744 0.8995607874999999 0.6087140718749999 0.9018203390625