1 0.552133334375 0.5756016749999999 0.5560645703125 0.5757296921874999 0.5983918375 0.5552779984375 0.600014978125 0.5525601109375 0.5969343515625 0.54874770625 0.5950541703125001 0.5483136328125 0.5506777281249999 0.56906325 0.5490527078125 0.5717892703125 0.552133334375 0.5756016749999999
1 0.69958105 0.4128030171875 0.6924120406250001 0.41812130625000005 0.6380733296875001 0.46060086250000004 0.635173546875 0.4645831734375 0.6382560515625 0.4683874453125 0.6432892984375 0.46800743437500003 0.7047970171875 0.42020959218750004 0.7076968015625 0.41622727968750006 0.704616175 0.41241487499999996 0.70273599375 0.4119808 0.69958105 0.4128030171875
2 0.5072052984375001 0.7659410656250001 0.430659778125 0.7459389671875 0.3917799328125 0.7299894625000001 0.3873398359375 0.7320655703125001 0.38699996875 0.7335376984375 0.3900805953125 0.737350103125 0.42801515625000003 0.753081371875 0.504562553125 0.7730753375 0.544546290625 0.7885086828125 0.548306653125 0.78937683125 0.5527467500000001 0.787300721875 0.5530866171875 0.78582859375 0.550005990625 0.7820161890625 0.5072052984375001 0.7659410656250001
0 0.6439110359375 0.34588542968749997 0.644853734375 0.35293938593749996 0.65451956875 0.355573559375 0.66829860625 0.35593621875000003 0.6806965265625 0.3467364328125 0.6770602171875 0.3402599625 0.6658414578125 0.3376699078125 0.6516107671875 0.3392161765625 0.6439110359375 0.34588542968749997
1 0.6619999734375 0.339807115625 0.6588346406250001 0.340626934375 0.6562747234375 0.3431371171875 0.6219179109375 0.3847984984375 0.6214071718749999 0.3870107578125 0.624489678125 0.390815028125 0.629524803125 0.3904268859375 0.6320828406250001 0.3879248375 0.66645191875 0.3462577203125 0.66696078125 0.3440535953125 0.6638801546875001 0.34024119062499997 0.6619999734375 0.339807115625
1 0.5694989671874999 0.8004718343749999 0.5521517203124999 0.7856127546875 0.5515463046875 0.783922390625 0.5470200390625 0.7821064078125 0.5425799421875 0.7841825171875 0.5437803875 0.7875608484375001 0.542666109375 0.788074609375 0.544546290625 0.7885086828125 0.5619058015625 0.8033620265625 0.56250083125 0.8050499921875 0.567035603125 0.8068765078125001 0.5714757015624999 0.8048003984375001 0.57027525625 0.8014220671875 0.5713791484375 0.8009059093750001 0.5694989671874999 0.8004718343749999
0 0.5342875328125001 0.771807984375 0.522703496875 0.7707527265625 0.5214464703125 0.78292723125 0.52490530625 0.79457991875 0.530330271875 0.802266046875 0.5441543906249999 0.8046608828125 0.553102871875 0.8014924796875 0.5528747078125 0.7913909328125001 0.5527262875 0.7808965890625 0.54664698125 0.773864675 0.5342875328125001 0.771807984375
1 0.7237240796875 0.325384128125 0.720643453125 0.3215717234375 0.7178283750000001 0.3209218125 0.67241009375 0.3375587015625 0.6586656453125 0.34135893125 0.6594400578124999 0.3423172984375 0.6568801421875 0.34482748281250003 0.6599626468750001 0.348631753125 0.6648268984375 0.3489837421875 0.6855713609375 0.3405972203125 0.718944115625 0.328932365625 0.7219300640624999 0.328842146875 0.7211641640625001 0.3278943125 0.7237240796875 0.325384128125
0 0.5362242578124999 0.9057860171875 0.525324759375 0.9084954234374999 0.5220969078125 0.915794453125 0.5279997078124999 0.9235908984375 0.535136171875 0.9260437593749999 0.54306975625 0.920636415625 0.550286928125 0.918284796875 0.560027809375 0.9116841390625 0.5515956359375 0.9037063828124999 0.5362242578124999 0.9057860171875
1 0.5449708640625001 0.78240433125 0.49458843750000003 0.7862785625 0.48843903125 0.787180465625 0.48571012031249994 0.790422646875 0.488790746875 0.7942350515625 0.491605825 0.7948849625000001 0.541986375 0.791018865625 0.5481376578125 0.7901088281249999 0.5505267015624999 0.7883387765625 0.55086656875 0.7868666484375 0.5477859421875 0.7830542421875 0.5449708640625001 0.78240433125
2 0.619826003125 0.55248206875 0.6167453765625 0.5486696625 0.6139303 0.5480197515625 0.5734491296875001 0.5518496953125 0.44865694375 0.530783546875 0.44191063125 0.530005615625 0.43747053437499994 0.5320817250000001 0.43713066562499997 0.5335538546875 0.44021317031249996 0.5373581265625 0.4458537140625 0.5386603484375 0.486165471875 0.5440948515625 0.57363185 0.5596362765625 0.6170970921875 0.5557242484375 0.619826003125 0.55248206875
0 0.627932859375 0.464050915625 0.6374766921874999 0.473895878125 0.64709556875 0.4745060109375 0.6566599421875 0.46866988281250005 0.6574287437499999 0.4563826625 0.6524733625 0.451212221875 0.6422761328125 0.4508797734375 0.6322254125 0.4565950515625 0.627932859375 0.464050915625
3 0.44643624531250004 0.9262717531250001 0.45035521406249995 0.9264055062500001 0.45369141874999996 0.92484555625 0.484543340625 0.8126325890625001 0.5073050828125 0.714040653125 0.5163204984374999 0.6192570796875 0.5730658281250001 0.38204408437500004 0.6074347984374999 0.276065884375 0.6091341359375 0.268705240625 0.606817534375 0.26584880625 0.6032280453125 0.264240528125 0.59785305 0.266100796875 0.595218815625 0.2732456015625 0.5617951296875 0.3794420390625 0.543109921875 0.46037656718750003 0.5288311453125 0.5136467125 0.5048808046875 0.61738703125 0.49586538906250005 0.7121706062500001 0.47327264218750004 0.8100305437499999 0.4454672640625 0.909000090625 0.4424103328125 0.9222411125000001 0.44643624531250004 0.9262717531250001
2 0.675779965625 0.361587028125 0.677649759375 0.362018703125 0.68208985625 0.35994259375 0.6810584046875 0.35583226562500003 0.6633712921875 0.34244531562499997 0.6445798703125 0.3381069734375 0.551981809375 0.3190592015625 0.45777245468750005 0.311256028125 0.44991186406250006 0.31099186093750003 0.44547176562499996 0.3130679703125 0.4451318984375 0.314540096875 0.44821252500000003 0.3183525015625 0.451037990625 0.3190048125 0.49989195156250005 0.32175109218750003 0.5512192453125 0.326627546875 0.6597917734375 0.349371884375 0.675779965625 0.361587028125
0 0.5472256953125 0.6690376984374999 0.5438203703125 0.6815129421874999 0.5590801328125 0.686646496875 0.570023746875 0.69038095 0.5762767375 0.6877981640625 0.5728929203125 0.6801806328125 0.569831209375 0.6734427453125 0.5597184453125 0.6682895484375 0.5472256953125 0.6690376984374999
1 0.56549883125 0.6763318703125 0.5590095578125001 0.6787059015625 0.558669690625 0.6801780296875 0.5617503171875 0.6839904359375 0.5645757828125 0.6846427453125 0.6172625468749999 0.6836306859375 0.623751821875 0.681256653125 0.6240916890625 0.679784525 0.6210110609374999 0.6759721203125 0.6181855953125 0.675319809375 0.56549883125 0.6763318703125
1 0.5418001125 0.91187071875 0.5414621234375 0.9133347140625 0.54454275 0.91714711875 0.563259853125 0.9261200796875 0.5829355515625 0.952362309375 0.58652691875 0.9539624546875001 0.5909547500000001 0.9518920812499999 0.591465490625 0.949679821875 0.57025986875 0.921533790625 0.5462402109375 0.909794609375 0.5418001125 0.91187071875
1 0.5453053125 0.9095787703125 0.4493966203125 0.9091362406249999 0.4429073484375 0.9115102734375 0.4425674796875 0.9129824015624999 0.44564810625 0.9167948062500001 0.44847357343749994 0.9174471171875 0.48433526093749996 0.9164228812499999 0.54642293125 0.9175811921875001 0.550863028125 0.9155050843750001 0.5512010187499999 0.9140410875 0.5481203921875 0.9102286828124999 0.5453053125 0.9095787703125
1 0.5558546140625 0.67952811875 0.5312163375 0.7133586296875001 0.5307055984375 0.7155708890625 0.533786225 0.71938329375 0.5356664062500001 0.7198173671875 0.5413812671875 0.7164849671875 0.5660214203125 0.6826463234375 0.5665302828125001 0.6804421984375 0.56344965625 0.6766297921875 0.561569475 0.6761957187500001 0.5558546140625 0.67952811875
0 0.6006738765625 0.5687578703125 0.6071427890625001 0.5630123796875 0.6105367609375 0.554946421875 0.6120745984375 0.5460578703125 0.602946790625 0.541140634375 0.5916886140625001 0.540948753125 0.5807478234375 0.5460644703125 0.579737625 0.5526675640625001 0.5827290125 0.5642123296875 0.5867154890624999 0.5735795578125 0.6006738765625 0.5687578703125
1 0.5903962265625 0.50849056875 0.5886022109375 0.5119485874999999 0.5916828375 0.5157609921875 0.5967179640625 0.51537285 0.643120303125 0.4687394328125 0.64490393125 0.465279015625 0.6418233046874999 0.46146661250000004 0.6399535109375 0.4610349359375 0.636788178125 0.4618547546875 0.5903962265625 0.50849056875
2 0.420254659375 0.6280732609374999 0.41582495 0.6301517671875 0.4154850828125 0.6316238953125 0.418555321875 0.6354339015625 0.45838045000000005 0.6516016421875 0.5573949265625 0.6814343218750001 0.563970365625 0.68295238125 0.5684104640625 0.680876271875 0.56875033125 0.67940414375 0.5656697046875 0.6755917375 0.4600797890625 0.644241 0.420254659375 0.6280732609374999
2 0.6658410828125 0.47321392500000004 0.66276045625 0.4694015203125 0.6218314359375 0.45374993906250005 0.5062574343749999 0.42706757812499996 0.45167864062499996 0.4191188515625 0.44723854375 0.4211949578125 0.4468986765625 0.4226670875 0.4499811796875 0.42647135937499997 0.4556113359375 0.4277711828125 0.50549299375 0.4346440578125 0.6191972015625 0.46089474218750004 0.6573026343749999 0.47588588125 0.6610629953125 0.47675402968749997 0.66550309375 0.47467792031249995 0.6658410828125 0.47321392500000004
1 0.6157494703124999 0.5701394750000001 0.6185645484375 0.5707893859375 0.6230046453125 0.5687132796875 0.6212091703125 0.56364698125 0.597700253125 0.5496955421874999 0.594885175 0.5490456296875 0.5904450781249999 0.5511217390625001 0.5922509406249999 0.556190434375 0.6157494703124999 0.5701394750000001
2 0.5083174984375 0.9025900546875001 0.42673685156249996 0.8829760984374999 0.3823854578125 0.8649923749999999 0.34889099375 0.847184996875 0.34445277500000004 0.8492529718749999 0.34411290625 0.8507251 0.3489028421875 0.8557117109375 0.376161734375 0.8705288984375 0.42409222968750004 0.8901185046875 0.5321558937499999 0.9150669671875 0.54642293125 0.9175811921875001 0.550863028125 0.9155050843750001 0.5512010187499999 0.9140410875 0.5481203921875 0.9102286828124999 0.5083174984375 0.9025900546875001