0 0.613796340625 0.7744455765625 0.61048029375 0.7683205656250001 0.6024127015625 0.7656562953125 0.5854379203125 0.7671037593750001 0.578305878125 0.7759529546875 0.5788588078125 0.7870293687500001 0.5871245921875 0.7955833359375 0.6001019750000001 0.79847661875 0.6101866140625 0.7953191109375 0.621380771875 0.7934653015625 0.620641809375 0.78564905 0.6141510765625 0.7796322921875001 0.613796340625 0.7744455765625
2 0.6188089484375 0.4528880984375 0.5926676625 0.4463721625 0.5161123890625 0.43077403125 0.476462778125 0.420923109375 0.47251419375000003 0.42301669375 0.47224549062500004 0.4243990484375 0.475122284375 0.42781935156250006 0.5147703859375 0.4376780390625 0.6362175578125 0.46343685625 0.694828325 0.47124317187500003 0.698776909375 0.46914958906250004 0.6990456109375 0.46776723281250004 0.696170328125 0.46433916406250003 0.6375595609375 0.45653284843749997 0.6188089484375 0.4528880984375
1 0.6873752125 0.6324183703124999 0.68450800625 0.6289999296875 0.6828016625 0.62866825 0.6788530781250001 0.630761834375 0.6639849953125 0.6572485312499999 0.6417457765625 0.6715510953125 0.6369536078125 0.6734807015625 0.6354286796874999 0.67677075 0.6382958859375 0.6801891875 0.642696096875 0.680327209375 0.6490131953125 0.6751075546874999 0.6709837109375 0.6621873468749999 0.686972159375 0.6344919015625 0.6873752125 0.6324183703124999
2 0.7626856078124999 0.4042012921875 0.7629543109375 0.40281893750000003 0.7576619390625 0.39821180156249997 0.6640150578124999 0.36137520312500004 0.594628546875 0.3407310234375 0.5336799015625 0.3267319296875 0.49789460625000004 0.319775971875 0.47134067812499997 0.3153317046875 0.46740168125 0.31742715312500003 0.467132978125 0.31880950625 0.469998675 0.3222357125 0.5323378984375 0.3336359375 0.59243488125 0.3474614265625 0.6210013328125 0.355166059375 0.6709264875 0.3713181 0.75618709375 0.4057992203125 0.7587466109375 0.4062967390625 0.7626856078124999 0.4042012921875
1 0.7174620171874999 0.53224435625 0.714586734375 0.5288162875 0.7128899765625001 0.5284864703125 0.709074234375 0.52989664375 0.6818325796875 0.565430665625 0.6778824859375 0.5675320140625 0.66488395 0.5707356359375 0.6627745515625 0.5724774890625 0.6625073578125 0.573852078125 0.6653730546875 0.5772782828125 0.6707607906249999 0.57689096875 0.6877079109374999 0.5715937624999999 0.7170604734375 0.534310121875 0.7174620171874999 0.53224435625
1 0.7763925546875 0.36101534218750003 0.7735643359375 0.3619001765625 0.7623597046875 0.3740438921875 0.7460054046875 0.394511415625 0.7444819859375 0.3977936953125 0.7473476828125001 0.4012199015625 0.7518822453125 0.400666746875 0.7683693875000001 0.3795158109375 0.7794411765625 0.36805550781249996 0.7809661046875 0.3647654609375 0.7780893125 0.361345159375 0.7763925546875 0.36101534218750003
1 0.7517106921875001 0.4106593765625 0.7509903609374999 0.4098101265625 0.752955821875 0.40875758749999996 0.7548352296874999 0.3990888703125 0.7519680234375 0.39567043125 0.7502616796875 0.3953387515625 0.74632268125 0.3974341984375 0.7448463265624999 0.40502938437499997 0.7043551890625 0.4222317078125 0.6968676421875 0.4243627375 0.6975864625 0.42521975625 0.6953442234375 0.4276450203125 0.69821950625 0.4310730875 0.7026101328125 0.43120924687500006 0.711486746875 0.4264871109375 0.7490168234375 0.410853034375 0.7517106921875001 0.4106593765625
1 0.744196078125 0.4493187140625 0.7149095703125 0.45437732343750004 0.6797105296875 0.46257428906250003 0.6768918968750001 0.4634609875 0.67451530625 0.466577428125 0.677381003125 0.470003634375 0.679087346875 0.47033531406250007 0.7254553265625 0.4592883203125 0.746391528125 0.4561930390625 0.7487681187499999 0.4530765984375 0.7458928359375 0.44964853125 0.744196078125 0.4493187140625
0 0.6434756593750001 0.670533359375 0.6380544953125 0.6636203578125001 0.62624195625 0.66169496875 0.616763634375 0.66168206875 0.6139325875 0.6669829421875 0.6187769249999999 0.674509171875 0.626729434375 0.680068596875 0.6325419328125 0.68266525625 0.641010540625 0.6832152984375 0.6457940546875001 0.68414511875 0.6505071609375 0.67847666875 0.6434756593750001 0.670533359375
1 0.55992243125 0.7831631421874999 0.5559738484375 0.7852567265625 0.5557051453125 0.7866390796875 0.558580428125 0.7900671499999999 0.5611303578125 0.79056280625 0.60377974375 0.7895362609375 0.607718740625 0.7874408140625 0.60798744375 0.786058459375 0.605121746875 0.7826322546875 0.6025622296875001 0.7821347359375 0.55992243125 0.7831631421874999
2 0.6538022984375 0.5685815812499999 0.5370129453125 0.541584334375 0.48230520625000006 0.527363765625 0.45938409687500004 0.5178953640625 0.455434003125 0.5199967140624999 0.4551668109375 0.521371303125 0.45804209374999993 0.524799371875 0.48764464218750003 0.5362838046875 0.550876025 0.5521531453125 0.6524602953125 0.5754855890624999 0.6822829734375 0.5812825312500001 0.686233065625 0.57918118125 0.686500259375 0.5778065921875 0.6836249765625 0.5743785234375001 0.6538022984375 0.5685815812499999
2 0.61475131875 0.6648693171875 0.5055838625 0.6350498609375 0.4707375171875 0.6232634296875 0.46678742343749996 0.6253647796874999 0.4665202296875 0.6267393671875 0.4693955140625 0.6301674375 0.49670724843749997 0.639771996875 0.606718290625 0.6697554296875 0.643586746875 0.6848040906249999 0.6461462640625 0.6853016109375 0.6500963578125 0.6832002609375001 0.650365059375 0.6818179046874999 0.6474882671875 0.678397603125 0.61475131875 0.6648693171875
0 0.6652566296875 0.565440475 0.6530821515625 0.5630739953125 0.6446631765624999 0.566926009375 0.6481662234375001 0.5767463687500001 0.65905775625 0.5810556421874999 0.6681934078125 0.582831434375 0.679915728125 0.582917846875 0.683434596875 0.581038934375 0.68135434375 0.5755168140625 0.6753726015625 0.5714365531250001 0.6652566296875 0.565440475
0 0.6916118265625 0.4553936140625 0.6810654453125 0.45626919218750006 0.6689613765625 0.46050098437500003 0.6586314875 0.46251473125000003 0.6566256312500001 0.4705308578125 0.6610968390624999 0.475421646875 0.6700343921874999 0.4735079921875 0.6793753453125 0.4742276 0.6881866234375 0.4730147546875 0.69784139375 0.4697656296875 0.6952978890625 0.46196934531249995 0.6916118265625 0.4553936140625
1 0.5892977828125 0.8777045828125001 0.5864209890625001 0.8742842812499999 0.5847146453125001 0.8739526 0.5827411078125 0.8749955093749999 0.5820318734375001 0.8741403546875001 0.581763171875 0.875522709375 0.5428053125 0.903057109375 0.54128189375 0.9063393921875 0.544147590625 0.909765596875 0.54782898125 0.9090466015625 0.5485478031250001 0.9099036187499999 0.5488165046875 0.9085212640625 0.5877728531249999 0.8809946296875 0.5892977828125 0.8777045828125001
2 0.58156759375 0.767310521875 0.50273109375 0.7498343796875 0.422215865625 0.7227232421875 0.3991229265625 0.709634978125 0.39656341093749997 0.7091374578125 0.39261331718750003 0.7112388078125 0.3943682359375 0.7158756265624999 0.41589876875 0.7279428968749999 0.50053591875 0.7565725484375 0.581931934375 0.7745462078124999 0.608840340625 0.77261180625 0.614620034375 0.7701568609375 0.6148887359375 0.7687745046875001 0.612013453125 0.7653464375000001 0.6094635234375 0.7648507812500001 0.58156759375 0.767310521875
2 0.49749036249999995 0.854128746875 0.45981579687499996 0.84322715 0.42097229374999995 0.8292291640625 0.3898850375 0.8117177906249999 0.38733510781249997 0.8112221359375 0.383385015625 0.8133234843749999 0.3844211125 0.8171032859375 0.41549878125 0.8346127953125 0.46345039843749997 0.85180774375 0.49614835937499996 0.8610327546875001 0.56816906875 0.877184040625 0.5894696109375 0.881324446875 0.5934197046875 0.8792230968749999 0.5936884078125 0.8778407406250001 0.5908116156250001 0.8744204390625001 0.49749036249999995 0.854128746875
1 0.6805637015625 0.462740128125 0.67662319375 0.46484334218749995 0.6704035187499999 0.49228576718749995 0.671401178125 0.5189872796875 0.6742764609375 0.52241535 0.6759732203125 0.5227451656250001 0.6799233124999999 0.520643815625 0.6804592078125 0.517886871875 0.6790600046875 0.493251125 0.6851453281250001 0.46649987812499993 0.6822700453125 0.46307180781249996 0.6805637015625 0.462740128125
1 0.5968397375000001 0.8161294359375001 0.5825677687499999 0.8713834125 0.5809570640625 0.879669775 0.5838242703125001 0.8830882140625 0.5855306140625001 0.88341989375 0.5894696109375 0.881324446875 0.6037511671875 0.8260723328124999 0.605361871875 0.8177859703125 0.6024865890625 0.8143579015625001 0.60078983125 0.8140280859375 0.5968397375000001 0.8161294359375001
0 0.7490243109375 0.387578746875 0.7396529953125001 0.38466106093749997 0.73254485 0.3818206140625 0.7235475375 0.3862936234375 0.7225418109375 0.39377074218749997 0.7299631375 0.3974054765625 0.7439517437500001 0.3997538515625 0.7525586921875 0.40655269374999997 0.759646059375 0.40719692656250006 0.7572038671875 0.401233715625 0.7545245015625001 0.394136375 0.7490243109375 0.387578746875
1 0.6329691015625001 0.7758673765624999 0.6300923093749999 0.7724470734375 0.6283859656249999 0.7721153937499999 0.625701684375 0.772310915625 0.6216187484375 0.775095678125 0.6032810515625 0.7829917531249999 0.6005871843749999 0.7831854093749999 0.5990718421875 0.7864773203125 0.6019390484375 0.789895759375 0.606339259375 0.79003378125 0.6104126078125 0.7872471562500001 0.62875030625 0.77935108125 0.6314441734375 0.7791574234375 0.6329691015625001 0.7758673765624999
3 0.4934175640625 0.884140359375 0.4963786234375 0.8825721124999999 0.5126253640625 0.8126549687500001 0.5499970671875001 0.679507246875 0.5664538 0.5766757578124999 0.57942069375 0.5054118421875 0.5914972125 0.44328353906249995 0.608233059375 0.37990904062499997 0.6073697515625 0.3525163484375 0.62649205 0.299639765625 0.6243355875 0.2970687140625 0.6210668375 0.295716040625 0.616263571875 0.2976515515625 0.597275625 0.3498369546875 0.596336675 0.3546674328125 0.597879815625 0.378613865625 0.5814030859375 0.440604146875 0.556225321875 0.5746875421875 0.539778175 0.6775208953125 0.49845816249999997 0.8263746953125001 0.4861501453125 0.8805838984375001 0.48988010937500004 0.8841700421875001 0.4934175640625 0.884140359375
0 0.57951555 0.8672278359375 0.5703798984375 0.8654520453125001 0.5640482828125 0.867880303125 0.5639149 0.8755269890624999 0.569384728125 0.8798865375 0.5739142796875 0.884425990625 0.57961169375 0.88991780625 0.5865808640625 0.8912724750000001 0.5905574859375 0.884735515625 0.59112375625 0.877164915625 0.5857565124999999 0.873147684375 0.57951555 0.8672278359375
1 0.64224446875 0.6780956046875 0.6393691859375 0.6746675359375 0.6376628421875 0.67433585625 0.605290509375 0.681655753125 0.5740886265625 0.692064271875 0.57238228125 0.6917325921875 0.5731011031250001 0.6925896093749999 0.570857353125 0.6950226390625 0.5737341453125 0.6984429421875 0.5781232625 0.6985868671875 0.6093362421874999 0.6881724453125 0.637039659375 0.68209688125 0.639867878125 0.6812120453125 0.64224446875 0.6780956046875
1 0.6396920234375 0.6002285703125 0.639960725 0.598846215625 0.6641168296875 0.5791859765625 0.6659575249999999 0.578826478125 0.667482453125 0.57553643125 0.6646152468750001 0.5721179921874999 0.6629089031250001 0.5717863125 0.66093385625 0.5728369875 0.660215034375 0.5719799703125 0.6599478421875 0.573354559375 0.6357902281250001 0.593022565625 0.6339495328125 0.5933820625 0.633682340625 0.59475665 0.6116245390625 0.6126809421875 0.609113596875 0.616488559375 0.6119888796875 0.619916628125 0.61651385625 0.6193616109375 0.6396920234375 0.6002285703125