0 0.629521484375 0.75594145625 0.632177734375 0.7667088609375 0.641923828125 0.77352848125 0.6552148437499999 0.7738924046875 0.66451171875 0.7688686703125 0.675146484375 0.764912975 0.6729296875 0.7573813296874999 0.66541015625 0.7527136078125001 0.664072265625 0.7476898734375 0.6596484375 0.7423101265625001 0.651220703125 0.7412341765625 0.6348339843749999 0.7458939875 0.629521484375 0.75594145625
2 0.461806640625 0.4338924046875 0.502607421875 0.436004746875 0.62673828125 0.4381170890625 0.68576171875 0.43459651875 0.68923828125 0.43178797500000005 0.68923828125 0.430379746875 0.68576171875 0.42756329062500004 0.62673828125 0.43108386093749995 0.60763671875 0.43108386093749995 0.580732421875 0.42967563281250004 0.502607421875 0.42897151874999995 0.461806640625 0.4268670890625 0.45833007812500004 0.42967563281250004 0.45833007812500004 0.43108386093749995 0.461806640625 0.4338924046875
1 0.671875 0.6413528484375 0.6675390625000001 0.6441613921875 0.666669921875 0.6476819625 0.67013671875 0.6504905062499999 0.674482421875 0.6497863921875 0.6796875 0.643457278125 0.6987890625000001 0.626582278125 0.70919921875 0.5963449359374999 0.70919921875 0.5942325953125 0.705732421875 0.59142405 0.703994140625 0.59142405 0.700517578125 0.5942325953125 0.6909765625000001 0.6230696203125 0.671875 0.6413528484375
2 0.43316406250000006 0.328409809375 0.436630859375 0.331226265625 0.5 0.3305221515625 0.561630859375 0.3326265828125 0.591142578125 0.3347389234375 0.643232421875 0.34106803750000003 0.733505859375 0.3586471515625 0.73611328125 0.3586471515625 0.739580078125 0.3558386078125 0.739580078125 0.3544303796875 0.733505859375 0.35091772187500003 0.63455078125 0.3326265828125 0.5625 0.32560126562499997 0.5 0.3234889234375 0.46354492187499996 0.3234889234375 0.436630859375 0.3241930375 0.43316406250000006 0.3270015828125 0.43316406250000006 0.328409809375
1 0.6875 0.5323496828125001 0.6753515625000001 0.5379746828124999 0.67361328125 0.5400870249999999 0.67361328125 0.5414873421874999 0.677080078125 0.544303796875 0.682294921875 0.5428955703125 0.697919921875 0.5344620250000001 0.719619140625 0.49226265781249995 0.719619140625 0.490158228125 0.716142578125 0.487341771875 0.7144140625000001 0.487341771875 0.7109375 0.4894541140625 0.6909765625000001 0.529533228125 0.6875 0.5323496828125001
1 0.721357421875 0.34950949375 0.72048828125 0.3530221515625 0.723955078125 0.3558386078125 0.72830078125 0.3544303796875 0.74044921875 0.3305221515625 0.749130859375 0.317159809375 0.75 0.31363924062500004 0.7465234374999999 0.310830696875 0.744794921875 0.310830696875 0.7421875 0.3122389234375 0.733505859375 0.32629746875 0.721357421875 0.34950949375
1 0.68576171875 0.384667721875 0.678818359375 0.388188290625 0.6796875 0.3888924046875 0.67794921875 0.39170095 0.68142578125 0.3945174046875 0.68576171875 0.393813290625 0.69357421875 0.3874841765625 0.727431640625 0.364976265625 0.7300390625000001 0.3642721515625 0.729169921875 0.36357595 0.7308984374999999 0.362167721875 0.7308984374999999 0.3523180375 0.727431640625 0.34950949375 0.725693359375 0.34950949375 0.7222265625000001 0.3523180375 0.7222265625000001 0.3600553796875 0.68576171875 0.384667721875
1 0.666669921875 0.430379746875 0.664931640625 0.4338924046875 0.6683984374999999 0.4367088609375 0.67013671875 0.4367088609375 0.713544921875 0.41701740468750004 0.733505859375 0.4099841765625 0.735244140625 0.40647151875 0.731767578125 0.4036550640625 0.7300390625000001 0.4036550640625 0.702255859375 0.4142088609375 0.669267578125 0.42897151874999995 0.666669921875 0.430379746875
0 0.64546875 0.6364319625 0.643701171875 0.6421756328125 0.649892578125 0.648639240625 0.6587597656249999 0.6525791140625 0.6649609375 0.6540189875 0.67337890625 0.6529430374999999 0.678251953125 0.6529430374999999 0.6817968750000001 0.6464794296874999 0.67337890625 0.6400237343749999 0.66673828125 0.6342721515624999 0.654775390625 0.6346360765625 0.64546875 0.6364319625
1 0.609375 0.7707436703125 0.6128515625000001 0.7735601265625001 0.61544921875 0.7735601265625001 0.657119140625 0.76441455625 0.6605859374999999 0.7616060124999999 0.6605859374999999 0.7601977843750001 0.657119140625 0.7573813296874999 0.65451171875 0.7573813296874999 0.6128515625000001 0.7665268984375 0.609375 0.76933544375 0.609375 0.7707436703125
2 0.46354492187499996 0.5323496828125001 0.49479492187499996 0.5379746828124999 0.559892578125 0.5414873421874999 0.6640625 0.5450079109375 0.694443359375 0.5450079109375 0.697919921875 0.54219145625 0.697919921875 0.5407911390625 0.694443359375 0.5379746828124999 0.6640625 0.5379746828124999 0.544267578125 0.5337579109374999 0.48785156250000006 0.5302373421875 0.46354492187499996 0.52531645625 0.460068359375 0.5281329109375 0.460068359375 0.529533228125 0.46354492187499996 0.5323496828125001
2 0.49479492187499996 0.63361550625 0.5234375 0.637832278125 0.6371484374999999 0.646273734375 0.6762109374999999 0.6540110765625 0.678818359375 0.6540110765625 0.682294921875 0.6511946203125001 0.682294921875 0.6497863921875 0.678818359375 0.6469778484375001 0.6441015625000001 0.6399446203125 0.53125 0.6315031640625001 0.49479492187499996 0.626582278125 0.491318359375 0.6293987343749999 0.491318359375 0.63079905 0.49479492187499996 0.63361550625
0 0.654775390625 0.5380933546875 0.6600878906250001 0.5470648734375 0.6716015625 0.5492167718750001 0.680908203125 0.5492167718750001 0.692431640625 0.5470648734375 0.69552734375 0.54454905 0.692431640625 0.5395253171875 0.68578125 0.5366613921875001 0.67470703125 0.532705696875 0.6623046875 0.532705696875 0.654775390625 0.5380933546875
0 0.648564453125 0.4329351265625 0.6481250000000001 0.441186709375 0.653447265625 0.44513449375 0.66185546875 0.44155063281249995 0.671162109375 0.4404746828125 0.679580078125 0.4376028484375 0.6884375 0.432571203125 0.684453125 0.42540348124999994 0.679580078125 0.41965189843750006 0.66939453125 0.422523734375 0.6583203125 0.4289873421875 0.648564453125 0.4329351265625
1 0.6519140625000001 0.8530221515624999 0.61892578125 0.8874841765625 0.618056640625 0.8909968359375 0.6215234374999999 0.893813290625 0.625 0.8924050640625 0.625869140625 0.8931091765625 0.625869140625 0.89170095 0.658857421875 0.8572468359375 0.6597265625000001 0.853726265625 0.65625 0.850917721875 0.65451171875 0.850917721875 0.6527734374999999 0.8523180375000001 0.6519140625000001 0.8516139234375 0.6519140625000001 0.8530221515624999
2 0.4609375 0.7398022156249999 0.549482421875 0.7517563296875001 0.6328125 0.7538686703125 0.658857421875 0.74683544375 0.6640625 0.743322784375 0.6640625 0.74191455625 0.6605859374999999 0.7390981015625 0.65798828125 0.7390981015625 0.63107421875 0.74683544375 0.5503515625000001 0.7447231015625 0.46614257812500004 0.7334731015625 0.44097656250000006 0.7250316453125001 0.438369140625 0.7250316453125001 0.43489257812500004 0.7278481015625 0.4375 0.7320648734375 0.4609375 0.7398022156249999
2 0.48089843749999994 0.8445886078125 0.53125 0.8523180375000001 0.565107421875 0.85513449375 0.63888671875 0.8572468359375 0.6605859374999999 0.8572468359375 0.6640625 0.8544303796875001 0.6640625 0.8530221515624999 0.6605859374999999 0.8502136078125 0.565107421875 0.848101265625 0.526044921875 0.8445886078125 0.485244140625 0.8382594937500001 0.45138671874999997 0.8270015828125 0.44878906250000006 0.8270015828125 0.4453125 0.8298180374999999 0.44705078125000003 0.8333306968749999 0.48089843749999994 0.8445886078125
1 0.671875 0.48593354375000003 0.6753515625000001 0.48875 0.677080078125 0.48875 0.680556640625 0.48593354375000003 0.680556640625 0.48312499999999997 0.674482421875 0.45920886093749996 0.6753515625000001 0.43178797500000005 0.671875 0.42897151874999995 0.67013671875 0.42897151874999995 0.666669921875 0.43178797500000005 0.66580078125 0.45991297500000006 0.671875 0.48593354375000003
1 0.6519140625000001 0.8572468359375 0.655380859375 0.8600553796874999 0.657119140625 0.8600553796874999 0.6605859374999999 0.8572468359375 0.6640625 0.800284809375 0.6640625 0.7918433546875 0.6605859374999999 0.7890268984375 0.658857421875 0.7890268984375 0.655380859375 0.7918433546875 0.6519140625000001 0.8488053796875 0.6519140625000001 0.8572468359375
0 0.697744140625 0.34572784843750004 0.6981835937499999 0.35325949375 0.706162109375 0.3554113921875 0.720341796875 0.35504746875 0.730087890625 0.36007911406250004 0.73716796875 0.3593591765625 0.7336328125 0.35397151875 0.7296484375000001 0.3475158234375 0.722998046875 0.3421281640625 0.7132421875 0.341052215625 0.7057226562500001 0.339620253125 0.697744140625 0.34572784843750004
1 0.655380859375 0.75808544375 0.6527734374999999 0.75878955625 0.6519140625000001 0.7623101265625001 0.655380859375 0.7651186703125 0.6597265625000001 0.76441455625 0.663193359375 0.7609018984375 0.6796875 0.7496518984375 0.682294921875 0.748947784375 0.6831640625000001 0.745427215625 0.6796875 0.7426186703125001 0.67794921875 0.7426186703125001 0.6753515625000001 0.743322784375 0.671875 0.74683544375 0.655380859375 0.75808544375
3 0.5668359374999999 0.338955696875 0.572919921875 0.362167721875 0.56857421875 0.426162975 0.569443359375 0.562587025 0.572919921875 0.6666693031250001 0.56076171875 0.82067246875 0.5590234374999999 0.8762341765624999 0.563369140625 0.8790427218750001 0.5668359374999999 0.8783386078125 0.569443359375 0.8762341765624999 0.57205078125 0.8045015828125001 0.583330078125 0.6666693031250001 0.57986328125 0.562587025 0.578994140625 0.490158228125 0.578994140625 0.4268670890625 0.583330078125 0.36146360781250003 0.577255859375 0.3347389234375 0.5859375 0.2791851265625 0.583330078125 0.277072784375 0.57986328125 0.2763686703125 0.575517578125 0.2791851265625 0.5668359374999999 0.33403480937499996 0.5668359374999999 0.338955696875
0 0.63439453125 0.8564319625 0.640595703125 0.859667721875 0.6459082031250001 0.86325949375 0.652548828125 0.8675632906249999 0.6596484375 0.8675632906249999 0.6623046875 0.8603876578125 0.661416015625 0.8528481015624999 0.655380859375 0.849928796875 0.6481250000000001 0.8453085437500001 0.638818359375 0.8453085437500001 0.63306640625 0.8489003171875 0.63439453125 0.8564319625
1 0.60763671875 0.674398734375 0.608505859375 0.6751028484375 0.606767578125 0.677919303125 0.610244140625 0.6807278484375 0.614580078125 0.6800316453125 0.643232421875 0.6638528484374999 0.669267578125 0.6526028484374999 0.671875 0.6511946203125001 0.67361328125 0.6476819625 0.67013671875 0.64486550625 0.6683984374999999 0.64486550625 0.638017578125 0.6582278484375 0.609375 0.674398734375 0.60763671875 0.674398734375
1 0.671005859375 0.5414873421874999 0.651044921875 0.56540348125 0.649306640625 0.5661075953125 0.649306640625 0.5675079109375 0.63107421875 0.589311709375 0.6293359374999999 0.59352848125 0.6328125 0.5963449359374999 0.6371484374999999 0.594936709375 0.65625 0.5717325953125 0.65625 0.5703243671875 0.6762109374999999 0.5464161390625 0.67794921875 0.545712025 0.678818359375 0.54219145625 0.6753515625000001 0.5393829109375 0.67361328125 0.5393829109375 0.671875 0.5407911390625 0.671005859375 0.5400870249999999 0.671005859375 0.5414873421874999