2 0.46208984375 0.7075311359375 0.465703125 0.7102344328125 0.473828125 0.7102344328125 0.531591796875 0.7075311359375 0.5351953125 0.7048205125 0.5351953125 0.7034652015625 0.531591796875 0.700754578125 0.523466796875 0.700754578125 0.465703125 0.7034652015625 0.46208984375 0.7061758234375 0.46208984375 0.7075311359375
1 0.473828125 0.4671721609375 0.472021484375 0.46988278437500003 0.475634765625 0.47258608124999996 0.48014648437499996 0.47191208749999997 0.48285156249999994 0.469201465625 0.48827148437499995 0.4671721609375 0.49548828125 0.46988278437500003 0.50361328125 0.47868131875 0.50451171875 0.4780073265625 0.5081249999999999 0.4793553109375 0.511728515625 0.4766520140625 0.5108300781249999 0.4732674 0.5081249999999999 0.47191208749999997 0.501806640625 0.4644615390625 0.49006835937500004 0.46040292968749996 0.48465820312499996 0.4597216125 0.475634765625 0.46581685000000006 0.472919921875 0.46649816875 0.473828125 0.4671721609375
2 0.45216796875 0.6418534796875 0.4485546875 0.644564103125 0.4485546875 0.6459194140625 0.45216796875 0.6486227109375 0.49097656250000005 0.6486227109375 0.509931640625 0.6472673999999999 0.5288769531249999 0.644564103125 0.532490234375 0.6418534796875 0.532490234375 0.64049816875 0.5288769531249999 0.6377875453125 0.5252734375 0.6377875453125 0.5090234375 0.64049816875 0.49097656250000005 0.6418534796875 0.45216796875 0.6418534796875
0 0.507890625 0.5972967031249999 0.5138671875 0.5980512828125 0.518525390625 0.596300365625 0.519189453125 0.59231501875 0.51353515625 0.5903150187499999 0.50822265625 0.5908131875 0.505888671875 0.5928058609375 0.507890625 0.5972967031249999
0 0.5112109375 0.54068131875 0.514873046875 0.5426739921875 0.519853515625 0.5426739921875 0.5221875 0.540432234375 0.5221875 0.5351941390625 0.519521484375 0.53345055 0.514208984375 0.533699634375 0.510546875 0.5366959703124999 0.5112109375 0.54068131875
0 0.5005761718749999 0.48057142812500003 0.50822265625 0.48057142812500003 0.512548828125 0.4788278390625 0.5092187499999999 0.47458608125 0.5068945312500001 0.472344321875 0.500244140625 0.47309157500000004 0.49625 0.4773333328125 0.5005761718749999 0.48057142812500003
2 0.4404296875 0.4184249078125 0.44404296875 0.42112820468749995 0.459384765625 0.42112820468749995 0.507216796875 0.4204542125 0.5108300781249999 0.41774358906250003 0.5108300781249999 0.4163956046875 0.507216796875 0.41368498125000003 0.459384765625 0.41368498125000003 0.44404296875 0.414358975 0.4404296875 0.41706959687499995 0.4404296875 0.4184249078125
0 0.499912109375 0.358615384375 0.5055566406249999 0.358615384375 0.50755859375 0.355619046875 0.504892578125 0.35187545781249996 0.500244140625 0.35013186875 0.4969140625 0.3526300359375 0.49525390625 0.357113553125 0.499912109375 0.358615384375
2 0.44765625 0.4766520140625 0.451259765625 0.4793553109375 0.5108300781249999 0.4793553109375 0.514443359375 0.4766520140625 0.514443359375 0.475296703125 0.5108300781249999 0.47258608124999996 0.46661132812500006 0.47191208749999997 0.451259765625 0.47258608124999996 0.44765625 0.475296703125 0.44765625 0.4766520140625
1 0.497294921875 0.352073259375 0.49638671875 0.35477655625 0.5 0.3574871796875 0.50451171875 0.35613186875 0.52255859375 0.3432674 0.53068359375 0.3344688640625 0.5469335937500001 0.32227838750000004 0.54783203125 0.3195750921875 0.544228515625 0.31686446875 0.5424218749999999 0.31686446875 0.526171875 0.327699634375 0.518046875 0.33649816875 0.497294921875 0.352073259375
0 0.5138671875 0.6461831499999999 0.519853515625 0.64668131875 0.520859375 0.6426959703125 0.517197265625 0.6399413921875 0.510888671875 0.6401978015625 0.50888671875 0.6451868125 0.5138671875 0.6461831499999999
1 0.491875 0.41504029375 0.5008984375 0.4204542125 0.505419921875 0.42112820468749995 0.5090234375 0.4184249078125 0.507216796875 0.4157142859375 0.5081249999999999 0.41504029375 0.506318359375 0.41504029375 0.494580078125 0.4082710625 0.471123046875 0.40217582343749997 0.467509765625 0.4048791203125 0.46931640625000004 0.4082710625 0.491875 0.41504029375
1 0.518046875 0.6838315015624999 0.5189550781250001 0.69940659375 0.519853515625 0.7048205125 0.523466796875 0.7075311359375 0.5252734375 0.7075311359375 0.5288769531249999 0.7048205125 0.527080078125 0.6838315015624999 0.52255859375 0.6614871796874999 0.5189550781250001 0.65877655625 0.5171484375000001 0.65877655625 0.51353515625 0.6614871796874999 0.51353515625 0.6641978015625 0.518046875 0.6838315015624999
1 0.459384765625 0.5578974359375 0.45757812500000006 0.5578974359375 0.45848632812499995 0.5585714281249999 0.4566796875 0.5612820515625 0.46029296875 0.5639926734375 0.46480468750000004 0.5633113546875 0.465703125 0.5619633703125 0.5 0.5450329671875 0.518046875 0.540293040625 0.5216601562500001 0.53758974375 0.5216601562500001 0.5362344328125 0.518046875 0.533523809375 0.515341796875 0.533523809375 0.497294921875 0.5382637359375 0.49638671875 0.5396190468750001 0.459384765625 0.5578974359375
1 0.491875 0.6526886453125 0.481953125 0.66013186875 0.481044921875 0.6635164828125 0.48465820312499996 0.66622710625 0.489169921875 0.6655531140625001 0.49548828125 0.65877655625 0.515341796875 0.6452380953125 0.51625 0.642527471875 0.5126367187499999 0.6398241765625 0.509931640625 0.6398241765625 0.49548828125 0.649978021875 0.492783203125 0.6506520140625 0.491875 0.6526886453125
1 0.501806640625 0.4312893765625 0.505419921875 0.43399267343750003 0.507216796875 0.43399267343750003 0.5108300781249999 0.4312893765625 0.509931640625 0.42383882812499996 0.5081249999999999 0.4163956046875 0.50451171875 0.41368498125000003 0.502705078125 0.41368498125000003 0.49910156250000004 0.4163956046875 0.5 0.42383882812499996 0.501806640625 0.4312893765625
1 0.481044921875 0.7332600734375 0.481044921875 0.7352893765624999 0.48465820312499996 0.7379926734375 0.48827148437499995 0.7366446890625 0.489169921875 0.73731868125 0.509931640625 0.7163296703124999 0.527978515625 0.7068498171875001 0.527080078125 0.7061758234375 0.5288769531249999 0.7034652015625 0.5252734375 0.700754578125 0.52255859375 0.700754578125 0.5008984375 0.7129450546875 0.5008984375 0.714300365625 0.481044921875 0.7332600734375
1 0.505419921875 0.48003662968749994 0.526171875 0.48477655625000005 0.554150390625 0.4868058609375 0.557763671875 0.48409523749999994 0.557763671875 0.482747253125 0.554150390625 0.48003662968749994 0.527080078125 0.4780073265625 0.505419921875 0.4732674 0.501806640625 0.47597069531249997 0.501806640625 0.4773260078125 0.505419921875 0.48003662968749994
2 0.441337890625 0.53758974375 0.441337890625 0.5389377296875 0.44494140625 0.5416483515625 0.49548828125 0.5416483515625 0.52255859375 0.540293040625 0.526171875 0.53758974375 0.526171875 0.5362344328125 0.52255859375 0.533523809375 0.51353515625 0.533523809375 0.49548828125 0.5348791203125 0.44494140625 0.5348791203125 0.441337890625 0.53758974375
2 0.4404296875 0.35545787500000003 0.47653320312499997 0.35613186875 0.5008984375 0.3581684984375 0.507216796875 0.3581684984375 0.5108300781249999 0.35545787500000003 0.5108300781249999 0.3541025640625 0.507216796875 0.351391940625 0.47653320312499997 0.34936263749999996 0.4404296875 0.3486886453125 0.43682617187500006 0.351391940625 0.43682617187500006 0.352747253125 0.4404296875 0.35545787500000003
3 0.46931640625000004 0.3689963375 0.46661132812500006 0.40758974375 0.4747265625 0.482065934375 0.47744140625 0.53013919375 0.48285156249999994 0.586336996875 0.48827148437499995 0.61545055 0.49097656250000005 0.6621684984375 0.497294921875 0.7000805859375 0.50451171875 0.760336996875 0.507216796875 0.7623736265625001 0.5108300781249999 0.76304761875 0.515341796875 0.760336996875 0.515341796875 0.7555970703125 0.501806640625 0.6621684984375 0.49910156250000004 0.61476923125 0.49368164062500003 0.586336996875 0.48827148437499995 0.53013919375 0.48555664062500004 0.481391940625 0.47744140625 0.40758974375 0.481044921875 0.3601978015625 0.48465820312499996 0.3337875453125 0.48555664062500004 0.31145055 0.48555664062500004 0.2918095234375 0.48285156249999994 0.2897802203125 0.47923828124999995 0.2891062265625 0.4747265625 0.2918095234375 0.473828125 0.3337875453125 0.46931640625000004 0.3689963375
1 0.5090234375 0.59513553125 0.51353515625 0.5964908421875 0.5171484375000001 0.5937802203125 0.51625 0.5910769234375 0.48465820312499996 0.5687325999999999 0.481953125 0.5687325999999999 0.47833984375 0.571435896875 0.47923828124999995 0.5741465203125 0.5090234375 0.59513553125
0 0.52451171875 0.7090329671875 0.528837890625 0.708791209375 0.529169921875 0.7060366296875 0.527177734375 0.7018021984375 0.5221875 0.7010549453125 0.518193359375 0.703296703125 0.519853515625 0.706542125 0.52451171875 0.7090329671875
0 0.500244140625 0.42271062343750004 0.5055566406249999 0.42271062343750004 0.50822265625 0.4197142859375 0.506884765625 0.41572893750000006 0.504228515625 0.41423443281249994 0.499912109375 0.415978021875 0.497578125 0.42021977968749996 0.500244140625 0.42271062343750004
1 0.5108300781249999 0.64659340625 0.5126367187499999 0.64659340625 0.51625 0.643882784375 0.51625 0.6107106234375 0.5126367187499999 0.608 0.5108300781249999 0.608 0.507216796875 0.6107106234375 0.507216796875 0.643882784375 0.5108300781249999 0.64659340625
1 0.51353515625 0.5355531140625 0.51353515625 0.5382637359375 0.5171484375000001 0.540974359375 0.5189550781250001 0.540974359375 0.52255859375 0.5382637359375 0.527080078125 0.514564103125 0.527978515625 0.49087179531249997 0.524365234375 0.488161171875 0.52255859375 0.488161171875 0.5189550781250001 0.49087179531249997 0.518046875 0.514564103125 0.51353515625 0.5355531140625
1 0.47744140625 0.36967765625000004 0.481044921875 0.372380953125 0.48555664062500004 0.371025640625 0.49006835937500004 0.36222710625 0.492783203125 0.3601978015625 0.50361328125 0.35613186875 0.505419921875 0.3541025640625 0.505419921875 0.352747253125 0.501806640625 0.35004395625 0.5 0.35004395625 0.48375 0.3568131875 0.47744140625 0.367641025 0.47744140625 0.36967765625000004
1 0.511728515625 0.5964908421875 0.54783203125 0.612065934375 0.549638671875 0.612065934375 0.553251953125 0.6093553109375 0.5514453125000001 0.6059706953124999 0.5487402343750001 0.604615384375 0.518046875 0.5910769234375 0.5108300781249999 0.58904029375 0.507216796875 0.591750915625 0.507216796875 0.5931062265625 0.511728515625 0.5964908421875
2 0.4566796875 0.5937802203125 0.4566796875 0.59513553125 0.46029296875 0.597846153125 0.473828125 0.598520146875 0.489169921875 0.598520146875 0.511728515625 0.5958168500000001 0.52076171875 0.5944615390625 0.524365234375 0.591750915625 0.524365234375 0.5903956046875 0.52076171875 0.58768498125 0.5171484375000001 0.58768498125 0.48827148437499995 0.591750915625 0.46029296875 0.5910769234375 0.4566796875 0.5937802203125