2 0.4388725203125 0.73238085 0.43521276093749994 0.7361514031249999 0.435459271875 0.737707809375 0.44010374218750004 0.740154478125 0.4494418875 0.7386754609375 0.515338565625 0.725056171875 0.518987103125 0.7212873984375 0.5187405921875 0.7197309890625 0.5141060125 0.7172741312500001 0.5047678671875 0.7187531468749999 0.4388725203125 0.73238085
1 0.4424682125 0.46640577343749995 0.446866171875 0.467296034375 0.4505160375 0.463535671875 0.44886784375 0.45981240312500005 0.445512359375 0.4587484078125 0.4368954625 0.4513425171875 0.42266633750000004 0.44881845781249996 0.41632446874999995 0.44902087343749997 0.4070623734375 0.457663065625 0.4040660984375 0.4589396671875 0.4052324953125 0.45954834218749996 0.403649125 0.46299002656250005 0.40829359531250004 0.4654366953125 0.41335637031249994 0.46384141718749994 0.415972321875 0.4602361859375 0.4218323921875 0.4569191765625 0.4306197515625 0.45871829843749995 0.44155821875 0.46734331874999996 0.4424682125 0.46640577343749995
2 0.50417885625 0.6479135109375 0.49953305312499996 0.6454584296875 0.49539149687500006 0.6461143875 0.47720823125 0.6521852375 0.45671328593749994 0.6570267703125 0.412110178125 0.664091209375 0.40845041875000004 0.6678617625000001 0.4086969296875 0.66941816875 0.4133414 0.6718648375 0.45794450781249996 0.6648004000000001 0.4794832578125 0.65979354375 0.5007656078125 0.653240471875 0.5044253671875001 0.64946991875 0.50417885625 0.6479135109375
0 0.475054746875 0.6025584890625 0.48009 0.5996998312499999 0.480128340625 0.59500226875 0.47326602968750003 0.5937347828124999 0.467250928125 0.5952739171875 0.46493089374999996 0.5979871203125 0.4680485765625 0.6027798796875 0.475054746875 0.6025584890625
0 0.46156715468750004 0.5371596671875001 0.46613848906250005 0.538781384375 0.4718625921875 0.5378747749999999 0.47413732187499996 0.5348755296875 0.473184590625 0.5288602234375 0.4698033796875 0.5273432265625 0.463742975 0.52859631875 0.4600790640625 0.5327038671875 0.46156715468750004 0.5371596671875001
0 0.4471996015625 0.46867481875 0.45185458125 0.4658850140625 0.4472557765625 0.4616200609375 0.4441767859375 0.4594687609375 0.43666934062499996 0.4615374796875 0.4328503453125 0.46713568125 0.43841142031249997 0.4700667296875 0.4471996015625 0.46867481875
2 0.36139418437500004 0.40432077031249997 0.35773442499999997 0.408091321875 0.3579809359375 0.4096477296875 0.36262540625 0.41209439999999997 0.3802578890625 0.4093016890625 0.43510913437500004 0.3998206890625 0.43876889375 0.39605013906250003 0.43852371406249996 0.3945021421875 0.4338779125 0.3920470625 0.37890407812500004 0.4007540625 0.36139418437500004 0.40432077031249997
0 0.42195354218750003 0.3291086078125 0.42370941875 0.325303259375 0.4199644359375 0.3214895109375 0.4143048078125 0.32033338125 0.4109318953125 0.3238084046875 0.40983934531250005 0.3292593734375 0.415466225 0.330136096875 0.42195354218750003 0.3291086078125
2 0.3766306265625 0.4736425203125 0.3768771375 0.47519892812500003 0.38151038437499996 0.4776473734375 0.44997514375 0.466803621875 0.45363623437499995 0.46304148125 0.45338972499999997 0.46148507343749995 0.44874392187499995 0.4590299921875 0.39780027812499996 0.466305259375 0.3802791625 0.46987374531250004 0.3766306265625 0.4736425203125
1 0.45880565000000006 0.2741232640625 0.45672925937500003 0.27445213281249997 0.4400237265625 0.2898530203125 0.4322859046875 0.301436071875 0.41126835 0.323099684375 0.410716234375 0.32636941249999996 0.4153620359375 0.32882449375 0.4203008890625 0.32644680312499996 0.4387024890625 0.30838842031249997 0.44644031249999994 0.29680536874999996 0.462899334375 0.279848071875 0.4634402296875 0.2765801234375 0.45880565000000006 0.2741232640625
0 0.4912111390625 0.6525546140625 0.4865012234375 0.65005794375 0.47929733125 0.6515007703125 0.4779038921875 0.6575944578125 0.4838092140625 0.6578320203125 0.4907799703125 0.6573143953125 0.4912111390625 0.6525546140625
1 0.390301659375 0.3854004578125 0.3866405671875 0.389162596875 0.38933390156250003 0.39272895625 0.4164919421875 0.3963961796875 0.42784738125 0.4009708390625 0.43316655624999995 0.400921778125 0.43681642500000006 0.39716141562499996 0.43424701250000003 0.39437746875 0.43516823125000004 0.393438146875 0.43309184062500006 0.3937670140625 0.41836969375 0.3881301375 0.390301659375 0.3854004578125
1 0.4919473296875 0.671367834375 0.48987094062500003 0.6716967015625 0.48621118125 0.675467253125 0.48670420312499996 0.6785800703125 0.49546064375 0.7003056796875 0.4993373265625 0.718026434375 0.5013546203125 0.724080109375 0.5060004218749999 0.7265351890625 0.5080768124999999 0.7262063203125 0.5117253484375001 0.722437546875 0.50584259375 0.6986613390625 0.496581909375 0.6738246921875 0.4919473296875 0.671367834375
1 0.46935314375 0.5354694140625 0.473014234375 0.5317072734375 0.4727677234375 0.5301508640625 0.468121921875 0.527695784375 0.46501294687500005 0.5281881984375 0.4451336140625 0.5369165421875 0.44433631875 0.5386382734375 0.4051341671875 0.566364325 0.403057775 0.56669319375 0.404224171875 0.5673018671875 0.402640803125 0.570743553125 0.40728660625 0.573198634375 0.41234804843750006 0.5715949421875 0.41313545312500005 0.5698834015625 0.44947381093749994 0.544197759375 0.46935314375 0.5354694140625
1 0.481238421875 0.6507535046874999 0.478129446875 0.65124591875 0.4633763828125 0.6655355265625 0.46038999687500004 0.6668019375 0.45971662343749997 0.669306078125 0.44966712500000006 0.6796598125 0.44923892812500005 0.68371195 0.4538847296875 0.6861670296875 0.4589475046875 0.6845717515625 0.46497670468749996 0.6756395625 0.48533210625 0.6564783125 0.485882890625 0.653200171875 0.481238421875 0.6507535046874999
1 0.4250440140625 0.3966371171875 0.42743040781249997 0.4050211984375 0.4308619421875 0.41324837031249995 0.43550641093750003 0.41569503750000003 0.437571578125 0.415367946875 0.44123266875 0.41160580781249995 0.43884494218750003 0.40321331406249994 0.4354147421875 0.3949945546875 0.43076893906249997 0.392539475 0.4286925484375 0.39286834375 0.4250440140625 0.3966371171875
1 0.5114788375 0.7208811390625 0.506844259375 0.7184242796875 0.5037240625 0.7189184703125 0.48104709218749997 0.7368605921875 0.48129360312499997 0.738417 0.46192424374999996 0.7638038828125 0.46229334375000003 0.7661342890625 0.4669378125 0.76858095625 0.47084541562500004 0.7663752265625 0.4720005875 0.766985678125 0.49204465312499995 0.7391030671875 0.5110618640625 0.7249314984375 0.5099066921875 0.7243210453125 0.5114788375 0.7208811390625
1 0.4389888046875 0.46455936875 0.43923531562499996 0.466115778125 0.44388111874999997 0.4685708578125 0.4685936703125 0.47023654375 0.5011187578125 0.467473940625 0.5047785171875 0.4637033890625 0.5045333390625 0.46215539375 0.4998875359375 0.4597003125 0.46840625312500006 0.4622975921875 0.442649896875 0.460797228125 0.4389888046875 0.46455936875
2 0.46293655781250004 0.528517065625 0.44244161406250004 0.533358596875 0.3843475796875 0.5425597875 0.3806990453125 0.5463285625000001 0.380944225 0.547876559375 0.3855788015625 0.550333415625 0.44367283593750007 0.5411322249999999 0.47453850781250007 0.5346481328125 0.47819959843750004 0.5308859921875 0.4779530875 0.5293295828125 0.47330728593750004 0.526874503125 0.46293655781250004 0.528517065625
2 0.345296953125 0.32956420937500003 0.3416470859375 0.33332457187500003 0.341893596875 0.33488098125 0.346528175 0.33733783906250003 0.3881448984375 0.33153981250000003 0.416518540625 0.3294433578125 0.42378029375 0.328293209375 0.42744005312500005 0.32452265625 0.4271935421875 0.3229662484375 0.42254774062499995 0.3205111671875 0.3869136765625 0.32376618281249997 0.345296953125 0.32956420937500003
3 0.4938197578125 0.790626671875 0.49729916249999995 0.7924730765625 0.5015745328125 0.7925893390625001 0.506266875 0.7886552421874999 0.505404753125 0.78321201875 0.4728554015625 0.6783846390625 0.46112521093750003 0.624444825 0.44972464062500006 0.5927805046875 0.4332851546875 0.5292290687500001 0.4212985609375 0.4737430359375 0.398548125 0.3904675296875 0.39406979531249997 0.33538775468750004 0.3934189453125 0.3044010890625 0.3903887625 0.2785862515625 0.386816353125 0.25603095 0.38333828125 0.25419295625 0.379062909375 0.2540766953125 0.37436923437499997 0.2580023796875 0.38097182812499997 0.30637251875 0.3821904171875 0.347626765625 0.38610100625 0.392438959375 0.40897403125 0.47648846406249995 0.4208380375 0.5312004984375001 0.43727752343750004 0.594751934375 0.44880201406250003 0.627198665625 0.460408284375 0.68035606875 0.4745656796875 0.722743290625 0.4938197578125 0.790626671875
1 0.4689574453125 0.6000918296875 0.47438932031250003 0.6008269562499999 0.478049078125 0.5970564046875 0.47652480625000004 0.5941155453125 0.43615193750000003 0.5742065843749999 0.4330429640625 0.574698996875 0.4293818734375 0.5784611359375 0.43090747656249995 0.5814104078125 0.4689574453125 0.6000918296875
0 0.5124026625 0.7270045125 0.512283253125 0.723780778125 0.5092234328125 0.7192806968750001 0.5033521921874999 0.7193309546875 0.499169428125 0.722632403125 0.50166775625 0.7260571671875 0.5074745218750001 0.7280696468750001 0.5124026625 0.7270045125
0 0.43361150625 0.40271410156250004 0.436130596875 0.398787875 0.4338680703125 0.394454734375 0.4305433890625 0.393222003125 0.42589963124999997 0.3960100296875 0.423988671875 0.40130602812499994 0.4275057984375 0.40368115156249995 0.43361150625 0.40271410156250004
1 0.48039325312500003 0.6588560015625 0.48246964375 0.658527134375 0.4861294015625 0.65475658125 0.48009588281250004 0.616662434375 0.47545007968749997 0.6142073531250001 0.4733736890625 0.6145362203125 0.46971392968750003 0.6183067734375001 0.47574744999999996 0.6564009203125 0.48039325312500003 0.6588560015625
1 0.46505650000000004 0.47478109375 0.46140796406250006 0.47854986874999994 0.464673434375 0.5059228921875001 0.4633056578125 0.530847471875 0.46379867968750005 0.5339602875 0.46844448125 0.53641536875 0.47052087187499997 0.5360865 0.47416940781249994 0.532317725 0.47505538437499994 0.504278553125 0.47177869218749996 0.4769073078125 0.46713288906250006 0.4744522265625 0.46505650000000004 0.47478109375
1 0.41608461406249997 0.3199479984375 0.414008225 0.320276865625 0.39656315625 0.33100852812500003 0.39128205 0.34459134062499996 0.3916524828125 0.346930159375 0.39628572812499996 0.3493786046875 0.40122458125 0.34700091718750004 0.40480962187499997 0.3360756 0.40756071875 0.333251003125 0.41926830624999994 0.3266103484375 0.42097559531249995 0.323951075 0.420729084375 0.3223946671875 0.41608461406249997 0.3199479984375
1 0.46626544374999995 0.5965338828125 0.4665119546875 0.598090290625 0.47231292812500003 0.6011558234375001 0.5166399390625 0.6124698765625001 0.5187163296875 0.6121410078125 0.5223760875 0.6083704546875001 0.5196840875000001 0.6048125093750001 0.5163286015625 0.6037485140625 0.47858997187499996 0.5937884546875 0.46992520156250006 0.59276333125 0.46626544374999995 0.5965338828125
2 0.4857278046875 0.5918558968750001 0.48109322656250003 0.5893990375 0.4769404453125 0.5900567734375 0.4444914046875 0.5999825515625 0.4122128265625 0.6043015609375 0.40855173437500003 0.608063703125 0.4087982453125 0.6096201109375 0.41344404843750004 0.6120751906249999 0.42912272968750004 0.610385346875 0.446755209375 0.6075926359375 0.4721903390625 0.6003818265625 0.48232577968749996 0.597181078125 0.48597431562500004 0.5934123046875001 0.4857278046875 0.5918558968750001