1 0.4454857234375 0.655184534375 0.4480899703125 0.6527283453125 0.4448919078125 0.6489325859374999 0.44199597968750004 0.6482640078124999 0.41756128124999997 0.6571332015625 0.4047952671875 0.6595323 0.38359156875 0.6676187140625001 0.381949146875 0.670296959375 0.385147209375 0.6740927171875 0.3880431375 0.6747612953125001 0.40601764687499997 0.667449815625 0.42088439375000003 0.66477548125 0.437718184375 0.657969134375 0.44628091718749996 0.6561283453125 0.4454857234375 0.655184534375
1 0.4860493828125 0.3957271296875 0.48151103125 0.3977367953125 0.47452334374999994 0.42361562187499996 0.45522976406250004 0.4542887125 0.4547280625 0.45646182343749997 0.45791567187500004 0.46025516875 0.459849775 0.4607016921875 0.46438812656249995 0.4586920265625 0.4840167765625 0.42656757812499996 0.4911710953125 0.39996699687500004 0.4879834859375 0.3961736515625 0.4860493828125 0.3957271296875
1 0.4372340765625 0.6777141234374999 0.41660020937500003 0.7141926421875 0.4160985078125 0.7163657531250001 0.41928792656249997 0.720151253125 0.42122202968750005 0.720597775 0.42722209843750003 0.716644896875 0.4478559640625 0.6801663796875 0.44835766718750003 0.67799326875 0.445170059375 0.6741999234375 0.44323595468750004 0.6737534000000001 0.4372340765625 0.6777141234374999
2 0.43991359374999994 0.7233926125 0.44684617187500003 0.7242246359375 0.4513827109375 0.7222228140625 0.45171778281249997 0.7207714562499999 0.4485197203125 0.7169756984375 0.44175558437499995 0.715414075 0.37971697187500003 0.7064377000000001 0.3484571515625 0.700749515625 0.33879708750000004 0.6985193140625 0.319174825 0.69093173125 0.314646928125 0.6929438109375 0.31431185625 0.6943951671875 0.3175012765625 0.698180665625 0.3212010421875 0.6998033125 0.3361617140625 0.7055461953125 0.3477558828125 0.7082229203125 0.43991359374999994 0.7233926125
1 0.454413903125 0.5900402015624999 0.4512262953125 0.5862468562500001 0.4492921890625 0.5858003328125 0.44702301406249995 0.5868051671875001 0.44622963281250005 0.5858535109375 0.4458945609375 0.5873048671875 0.42935245312500003 0.59723598125 0.4275433984375 0.6006359828125001 0.4307414625 0.6044317421875001 0.43494474062500005 0.60387343125 0.4357399359375 0.604817240625 0.4360750078125 0.6033658859375 0.4526153046875 0.593442615625 0.454413903125 0.5900402015624999
0 0.4559837703125 0.460800753125 0.46001446250000005 0.46251632656249997 0.46519995 0.4637134921875 0.47016618593750004 0.4625215171875 0.4689681140625 0.45755135625000004 0.4644735390625 0.45221677656250003 0.456399596875 0.45112951093750003 0.4534446609375 0.45376916562499997 0.4559837703125 0.460800753125
1 0.48571431093750006 0.3971784859375 0.48251624687500005 0.3933827265625 0.48058214374999997 0.392936203125 0.4749153375 0.3954455703125 0.4536353109375 0.41268664531250004 0.4351713640625 0.42216580625000005 0.4333623109375 0.42556580625 0.436560375 0.429361565625 0.4407531984375 0.428800840625 0.441558846875 0.429747065625 0.4571268640625 0.419599328125 0.46149677499999997 0.41831926093750005 0.48277680156249997 0.4010781875 0.48571431093750006 0.3971784859375
2 0.505187296875 0.2863595734375 0.5097256484375 0.28434990781249997 0.5100607203124999 0.2828985515625 0.5068608453125 0.2791106390625 0.483549271875 0.2699028203125 0.4729169296875 0.26744815 0.4416675625 0.2617623796875 0.4158749796875 0.258865121875 0.41184014218750004 0.25869383125 0.40731224531250004 0.2607059109375 0.4069771734375 0.2621572671875 0.4101647828125 0.2659506125 0.41403298906249997 0.2668436578125 0.4409558390625 0.269233371875 0.47124156875 0.2747049328125 0.48187391249999995 0.277159603125 0.505187296875 0.2863595734375
1 0.5526069375 0.38512980625000004 0.5494193296875001 0.38133646250000003 0.546512946875 0.3806654703125 0.51141296875 0.39165852968750003 0.480917215625 0.39148484843750003 0.47428677343750003 0.3937800046875 0.47395351249999995 0.395223515625 0.47715157656249996 0.399019275 0.4800475046875 0.399687853125 0.5147378921875 0.399292965625 0.5171737000000001 0.397566378125 0.550808340625 0.3885322203125 0.550002690625 0.3875859953125 0.5526069375 0.38512980625000004
0 0.46237357812499996 0.5210777281250001 0.4590629 0.5173881828125 0.45032999531250006 0.515768671875 0.44387920468750003 0.5166179093750001 0.44021290156250004 0.5212417921875 0.44165142968750004 0.5262674671875 0.445426740625 0.529089209375 0.45004201562499996 0.5293697140625 0.4539299359375 0.52831716875 0.45849727500000004 0.5299500546875 0.4626777640625 0.528774996875 0.467167003125 0.5251178546874999 0.46237357812499996 0.5210777281250001
1 0.4528932140625 0.482009825 0.44923045000000006 0.5155230859375 0.44919751406249997 0.5201016218750001 0.452385121875 0.52389496875 0.45431922656249996 0.5243414921875 0.45885757656250004 0.5223318234375001 0.46252215156250004 0.4888107171875 0.46256373125000005 0.48424243906250003 0.45936566875 0.48044668125 0.45743156406249996 0.48000015781250005 0.4528932140625 0.482009825
2 0.47085876875 0.45713672812499995 0.4671590046875 0.4555140796875 0.443835165625 0.44631169374999996 0.414217765625 0.43794526562499997 0.38552925625 0.434379428125 0.3810013578125 0.43639150937500004 0.38066628593749996 0.43784286562499997 0.3838557078125 0.441628365625 0.4135146859375 0.445426515625 0.4336404609375 0.4508331421875 0.4662788375 0.46371467187500004 0.46918522031250004 0.46438566249999996 0.47371311718750003 0.46237358281249996 0.47404819062500003 0.46092222656250004 0.47085876875 0.45713672812499995
2 0.468694484375 0.3871425578125 0.453232109375 0.3835727875 0.365779378125 0.365671671875 0.361241028125 0.3676813390625 0.3609077671875 0.36912485 0.3641058296875 0.37292060781249997 0.46605911093749997 0.3941694390625 0.48710332031250003 0.4043742453125 0.4899992484375 0.40504282187499996 0.4945376 0.4030331546875 0.49487267187499995 0.4015817984375 0.48894531093750004 0.39639570625 0.468694484375 0.3871425578125
3 0.391697496875 0.777937903125 0.4023594609375 0.6612588890625 0.43173290625 0.48552011406249995 0.4442421890625 0.378439871875 0.4634740296875 0.2774895328125 0.486808834375 0.2072757 0.48441641874999997 0.204426165625 0.48071484375000006 0.2028113640625 0.4752146671875 0.20459897656249998 0.4518798609375 0.2748128078125 0.43264802343750003 0.375763146875 0.42013873906250004 0.4828433890625 0.3905968515625 0.6593117656249999 0.37914150625 0.7750391234375 0.378931484375 0.780337003125 0.38133616406250004 0.7831811046875 0.3850272875 0.78479349375 0.3905256515625 0.7830137265625 0.391697496875 0.777937903125
1 0.4894773859375 0.3323704078125 0.4914114890625 0.33281693125 0.517580725 0.3296945546875 0.5203411484375 0.32651419531250003 0.5171535390625001 0.32272085 0.5152194359375 0.322274328125 0.48905020156249995 0.325396703125 0.4862897765625 0.3285770625 0.4894773859375 0.3323704078125
0 0.48759697968750004 0.3926964609375 0.48147433125 0.3887378328125 0.47417387031249997 0.387639084375 0.4669229625 0.39085696406250003 0.4731548140625 0.3965843625 0.47673504843750003 0.40249286562500003 0.4785593625 0.4058475203125 0.48438753281249997 0.40659809999999996 0.4901769984375 0.4040344171875 0.49060699999999996 0.397688303125 0.48759697968750004 0.3926964609375
1 0.495695675 0.283399771875 0.49762977812500003 0.2838462953125 0.5583520875 0.276487940625 0.561124775 0.27330215 0.55793535625 0.2695166515625 0.5560012515625 0.269070128125 0.49526667968750004 0.2764339140625 0.4925062546875 0.279614271875 0.495695675 0.283399771875
1 0.45975766250000005 0.45227663125 0.45522976406250004 0.4542887125 0.44406992343749996 0.4761551546875 0.431231203125 0.4876932265625 0.43089613125000004 0.48914458281249995 0.43409419531250004 0.492940340625 0.43925929999999996 0.49260408437500003 0.4535633578125 0.47910711250000004 0.46438812656249995 0.4586920265625 0.46488982968750003 0.4565189140625 0.46169176562500003 0.4527231546875 0.45975766250000005 0.45227663125
0 0.44011378749999996 0.5915480109375 0.4450169671875 0.5985469546875 0.448927153125 0.5996397499999999 0.455502365625 0.59705915 0.45735852968749996 0.5924057390625 0.4540496625 0.5887083484375 0.44844747968750004 0.58702660625 0.442594090625 0.5876253874999999 0.44011378749999996 0.5915480109375
2 0.353005715625 0.5620421359375001 0.35267064375 0.5634934921875 0.35586870625 0.56728925 0.37145613125 0.5747055453125001 0.45807208906249997 0.596231128125 0.4626104390625 0.594221459375 0.4629455125 0.592770103125 0.4597474484375 0.5889743453125 0.37409150625 0.5676786625 0.3575440671875 0.56003246875 0.353005715625 0.5620421359375001
2 0.36697395 0.49271502343750007 0.3624355984375 0.494724690625 0.3621005265625 0.49617604687499994 0.36529859062500003 0.4999718046875 0.43663106718750005 0.5172004296875 0.46268420312499997 0.52779315 0.4665524109375 0.5286861953125 0.47107849843749994 0.5266819593750001 0.4714135703125 0.525230603125 0.4682259609375 0.5214372578125 0.43927689374999995 0.5101759625 0.36697395 0.49271502343750007
2 0.5053164140625 0.32992054375 0.4750618078125 0.319878290625 0.4470434421875 0.313409740625 0.38390749999999996 0.3003623734375 0.3793709609375 0.3023641953125 0.37903588906249996 0.3038155515625 0.38223395 0.3076113109375 0.4724264359375 0.326905171875 0.503476234375 0.33789123593750003 0.508306265625 0.3390063375 0.5128323515625001 0.33700209999999997 0.5131674234375 0.33555074375 0.509979815625 0.3317574 0.5053164140625 0.32992054375
1 0.5004317828125 0.2760976578125 0.4985081328125 0.275653546875 0.492674696875 0.278884671875 0.4822283921875 0.293272278125 0.464179365625 0.3097305734375 0.46384429374999997 0.31118192968749997 0.4670337125 0.31496742968749997 0.472209271875 0.31463358750000003 0.4746346234375 0.31290458593750003 0.49155338281249994 0.296953834375 0.5031281421875 0.282066528125 0.50363165625 0.279885571875 0.5004317828125 0.2760976578125
0 0.485851740625 0.32918657812499996 0.48559198906249995 0.334795246875 0.48791812500000004 0.33826575625 0.4927363734375 0.33995656875 0.497972359375 0.3353066984375 0.5008775453125 0.3340272703125 0.505563771875 0.33061392500000003 0.5012182468749999 0.3268755234375 0.49169512656250003 0.326437025 0.485851740625 0.32918657812499996
0 0.416198759375 0.71292656875 0.4107534015625 0.7150491046874999 0.415062934375 0.71975426875 0.42409214687499996 0.72352454375 0.43328317343749995 0.724638334375 0.43714738750000004 0.72349768125 0.4375319765625 0.719876240625 0.433001478125 0.7161281875000001 0.425381140625 0.7140300984375 0.416198759375 0.71292656875
0 0.43455381875 0.6526441796875 0.4359506875 0.6578502937499999 0.442460934375 0.6601300546875 0.45178525468749997 0.6603326 0.455580153125 0.655151709375 0.4509135125 0.6505624203125 0.4445441296875 0.6477202203125 0.438220121875 0.6480202953124999 0.43455381875 0.6526441796875
1 0.4222688265625 0.7116754281250001 0.41773047500000005 0.7136850953125 0.409862621875 0.7477645125 0.4065900421875 0.75311556875 0.4059198984375 0.75601828125 0.40911795937499995 0.759814040625 0.41105206406250006 0.7602605640625 0.41557996093750005 0.7582484828125 0.41952268593750003 0.7499947140625001 0.4273905390625 0.715915296875 0.42420293124999997 0.71212195 0.4222688265625 0.7116754281250001
1 0.46498068124999997 0.61920330625 0.4580675109375 0.6359353140625 0.4384299078125 0.6504981437499999 0.4380948359375 0.6519495 0.44128425625 0.655735 0.4464475484375 0.6554065890625 0.46739250312499997 0.639616871875 0.47465119843750003 0.6214359203125001 0.47145132500000003 0.6176480062499999 0.469517221875 0.6172014828125 0.46498068124999997 0.61920330625
1 0.4158545546875 0.5322605484375 0.4177886578125 0.5327070703125 0.45642177031250003 0.5240584140625 0.45919264843749996 0.5208804671875 0.45599458593750003 0.517084709375 0.45406048125 0.5166381859375 0.41542736874999997 0.52528684375 0.412656490625 0.5284647890625 0.4158545546875 0.5322605484375
0 0.505410284375 0.274900253125 0.498269328125 0.275400096875 0.49276825625000004 0.2766669125 0.49179713906250005 0.2842598125 0.49106903749999997 0.28741356875 0.4947139421875 0.29080016406250003 0.5005795953125001 0.2901959515625 0.5039556953125001 0.286876778125 0.5050528484375 0.2832215265625 0.5092786171875 0.28185034062500003 0.511694540625 0.278111175 0.505410284375 0.274900253125
1 0.48713369375 0.34252205625 0.489067796875 0.3429685796875 0.4936061484375 0.3409589140625 0.496116471875 0.3300855078125 0.4929184078125 0.32628975 0.49098430468750004 0.32584322656250003 0.48645640781250005 0.32785530625 0.48394608437500003 0.3387287109375 0.48713369375 0.34252205625
1 0.4478837734375 0.56104054375 0.44462878906250003 0.5839634765625 0.44425213750000003 0.5899831109375 0.4474501984375 0.593778871875 0.4493843046875 0.59422539375 0.4539122 0.5922133125 0.457177640625 0.5692927921875001 0.4575438375 0.5632707453125 0.454345775 0.5594749859375 0.452422125 0.5590308765625001 0.4478837734375 0.56104054375
2 0.4272019375 0.6417993703125 0.398850309375 0.63677433125 0.36406780781250003 0.6287441578124999 0.34154780625000003 0.6204958421875 0.33701126718749996 0.6224976640625 0.33667619531250004 0.6239490203125 0.33987425625 0.6277447796875 0.36142016875 0.6357764718750001 0.39717495 0.6440311140625 0.4245665640625 0.648826253125 0.45464408437500003 0.6595878484375 0.45918243593749997 0.65757818125 0.4595175078125 0.6561268250000001 0.45631763281250004 0.6523389125 0.4272019375 0.6417993703125