1 0.503696159375 0.3651344984375 0.49961399218749997 0.3626884515625 0.497717225 0.362887809375 0.495969896875 0.3645090109375 0.4949420703125 0.36390215000000004 0.484765628125 0.3764566 0.4654729578125 0.3842345421875 0.463949390625 0.3879846671875 0.46803074999999994 0.3904230296875 0.4708810296875 0.390123453125 0.49199695937500004 0.3814467578125 0.4927259046875 0.3792099328125 0.5039199187500001 0.367263421875 0.503696159375 0.3651344984375
2 0.5720558125 0.5324604671875 0.5644038671875 0.5325420578125 0.49019333437499996 0.5374745703125 0.45673688593749995 0.5381158828125 0.4532422328125 0.5413582875 0.45339086562500003 0.5427724453125 0.45748328593750004 0.5452174140625 0.46323765625 0.5453274968749999 0.5052346890625 0.5437885312499999 0.541317659375 0.54071871875 0.56616865 0.540259215625 0.5728022140625 0.539562 0.57629686875 0.5363195953125001 0.5761474265625 0.5348977515625 0.5720558125 0.5324604671875
2 0.5251947359375 0.35999980625 0.5175333453125 0.3600901609375 0.450189578125 0.366445615625 0.4173206453125 0.3727753796875 0.41382599062500003 0.3760177859375 0.4139754328125 0.377439628125 0.41806704687499996 0.3798769125 0.4237573515625 0.3792788375 0.45188004687500005 0.37345569218749997 0.5068350703125 0.3676796875 0.5259411375 0.36710133749999996 0.5294263453125 0.3638676984375 0.529276903125 0.362445853125 0.5251947359375 0.35999980625
2 0.5719851140625 0.65023825 0.535258578125 0.6562585750000001 0.48204062812500004 0.6604144562500001 0.4785451671875 0.663649175 0.4786946078125 0.66507101875 0.482787028125 0.6675159875000001 0.5360049796874999 0.6633601078125 0.5822051046875 0.656344065625 0.5857005656250001 0.6531093484375 0.5855511250000001 0.6516875046874999 0.5814587046875 0.649242534375 0.5719851140625 0.65023825
1 0.5378371937499999 0.34358840625 0.5119750234375 0.352771721875 0.49756778281249997 0.361465965625 0.4960442140625 0.36521608906249997 0.500136634375 0.3676610609375 0.5020231500000001 0.36746277968749996 0.5200847390625001 0.356946896875 0.5414244296875 0.350399125 0.5449190828125 0.347156721875 0.544769640625 0.3457348765625 0.5406772203125 0.3432899078125 0.5378371937499999 0.34358840625
1 0.459796246875 0.421453759375 0.4599456875 0.42287560312499994 0.464038109375 0.4253205734375 0.5048839671875001 0.4310748125 0.526373096875 0.425948884375 0.52986775 0.4227064796875 0.529718309375 0.4212846359375 0.5256266953125001 0.418847353125 0.5050808234375 0.423874140625 0.46329089999999995 0.4182113546875 0.459796246875 0.421453759375
1 0.5348252484375 0.45162801249999995 0.5254464890625 0.43537869687499997 0.5202621765625 0.431618709375 0.5183756609375 0.4318169890625 0.5148801984375 0.43505170781249997 0.5151047640625 0.437188315625 0.5256505421875 0.455467415625 0.5244258562499999 0.4620612265625 0.5157904421875 0.48020391093750003 0.515939884375 0.481625753125 0.5200314968749999 0.4840630390625 0.52461885 0.4821433375 0.533254265625 0.4640006546875 0.53519845 0.4551787796875 0.5348252484375 0.45162801249999995
1 0.528786990625 0.24830921562500002 0.499562153125 0.2528184203125 0.4895082515625 0.25746511875 0.48798468437500003 0.2612152421875 0.4920771046875 0.2636602125 0.493973875 0.2634608546875 0.5012518109374999 0.2598208109375 0.539950240625 0.2543158921875 0.543445703125 0.25108117343749997 0.5432962609375 0.2496593296875 0.539203840625 0.24721436093750002 0.528786990625 0.24830921562500002
3 0.5390995296875001 0.6472373421875 0.5049283250000001 0.44974276562500004 0.49176933749999996 0.40660061875000003 0.4730384359375 0.31951889218749996 0.46672623281250003 0.2138968421875 0.463662446875 0.21206641875 0.45979459218749996 0.2117580578125 0.45535587499999997 0.2150919140625 0.46166807656250003 0.320713965625 0.48039897812500004 0.407795690625 0.4935579671875 0.4509378375 0.5278034890625001 0.64913949375 0.5505721984374999 0.719999315625 0.5536462375 0.7218286625 0.5575038390625 0.7221381015625 0.5619425578125 0.7188042421875 0.5615693578125 0.715253478125 0.5390995296875001 0.6472373421875
1 0.548089603125 0.5414367390625 0.5499863734375 0.54123738125 0.5874260109375 0.5236572421875 0.5889393265625 0.5199081953125 0.5848579671875 0.5174698328125 0.582961196875 0.5176691921875001 0.5455318109375 0.5352482515625 0.54400824375 0.5389983765624999 0.548089603125 0.5414367390625
0 0.5748928078125 0.6501890671874999 0.573162259375 0.64772896875 0.5690232359375 0.647503503125 0.563164596875 0.6505436796875 0.56009061875 0.6548297453124999 0.56144355 0.659318790625 0.5633348484375 0.6633083281250001 0.5686784859375 0.66385010625 0.5737342984375 0.6615548062500001 0.5758556968749999 0.65935035 0.579031146875 0.6587912499999999 0.5809107671875 0.654187796875 0.5796388609375 0.6505683078125 0.5748928078125 0.6501890671874999
2 0.44427993906249996 0.48340731562499994 0.44442938125 0.484829159375 0.4485115484375 0.4872752078125 0.5064662953125 0.48262146718750004 0.5408011296875 0.481165171875 0.55786179375 0.47937202343749996 0.56134619375 0.47613069843750006 0.5611967531250001 0.4747088546875 0.5571153921875001 0.47227049218749995 0.447765146875 0.48017367499999997 0.44427993906249996 0.48340731562499994
1 0.5492887546875 0.6712963484375 0.5511855234375 0.671096990625 0.5746282828125 0.657140421875 0.5761518515625 0.6533902984375 0.5720602390625 0.6509530140625001 0.57016346875 0.6511523718750001 0.546719903125 0.665101253125 0.5451971421875 0.6688590624999999 0.5492887546875 0.6712963484375
0 0.5542009375 0.58754976875 0.5463830828125 0.58881438125 0.5418758875 0.590609096875 0.538769846875 0.5946887281250001 0.5396062234375 0.599884790625 0.543251559375 0.60369774375 0.54876756875 0.6031179875 0.5511394468749999 0.6004365125 0.5568388875 0.59874183125 0.55729759375 0.594722871875 0.55758318125 0.58895819375 0.5542009375 0.58754976875
0 0.495207546875 0.3089287375 0.4936252578125 0.313500940625 0.49697245468749995 0.317337459375 0.5030144625 0.316041921875 0.5108673640625 0.31234921875 0.5140786671875001 0.3093697125 0.5108220078125 0.30353441875 0.505617871875 0.3016569859375 0.4995408171875 0.30538061562499996 0.495207546875 0.3089287375
1 0.5623246421875 0.576570915625 0.575696853125 0.557930375 0.5775184953125 0.5570162515625 0.5780885546875 0.5533663468750001 0.5739969406250001 0.5509290609375 0.572110425 0.5511273421875 0.570362290625 0.5527408578124999 0.5693344625 0.5521339968750001 0.5694839046875 0.553555840625 0.555242753125 0.5730025999999999 0.5534211109375 0.5739167234375 0.5468421578125 0.5932808140625 0.5470659171875 0.5954097359375 0.5511472765625001 0.5978481 0.5530440453125001 0.5976487406250001 0.55653950625 0.594414021875 0.5623246421875 0.576570915625
2 0.550251434375 0.5893247234375 0.5318743109375 0.587666246875 0.508041703125 0.588741375 0.46540029374999997 0.5932231671875 0.46190483281250005 0.5964578859375 0.462054275 0.597879728125 0.4661466953125 0.6003247 0.52307280625 0.5950564140625 0.5500553859374999 0.5965330828125001 0.57206635 0.5963720765625 0.5768133984375 0.5958731421875 0.5802977984375 0.592631815625 0.5801483578125 0.591209971875 0.5760669968750001 0.5887716109375 0.550251434375 0.5893247234375
2 0.40671997343750005 0.27191671875 0.40686860625000004 0.2733308765625 0.410961028125 0.275775846875 0.5019238953125 0.266215265625 0.5054185484375 0.2629728609375 0.505269915625 0.261558703125 0.5011774953125 0.2591137328125 0.42529314375 0.26636683906249997 0.41021462656249996 0.268674315625 0.40671997343750005 0.27191671875
0 0.52404289375 0.47409919531250005 0.5182193015625 0.47471127968750004 0.5129685 0.47791291718749995 0.5113635921874999 0.4822699234375 0.513483559375 0.48557493125000006 0.5169007859375 0.4874148296875 0.521761609375 0.486025865625 0.5268174234375 0.483730565625 0.5318395578125 0.48121345781249997 0.5333867999999999 0.4790693484375 0.529993559375 0.47479474843749997 0.52404289375 0.47409919531250005
1 0.5376028984375 0.277547875 0.533510478125 0.2751029046875 0.5316239609375 0.275301184375 0.515832340625 0.2891684734375 0.5113201125 0.2918029390625 0.5105903609375 0.2940320796875 0.5010693546875 0.3036503109375 0.5004890453125 0.3073012953125 0.5045814656250001 0.3097462640625 0.5082255609375 0.3079257046875 0.5092431359375 0.3085336421875 0.5168033078125001 0.2984066140625 0.536958525 0.2804907015625 0.5376028984375 0.277547875
1 0.5442599968749999 0.6143772656250001 0.5407747875 0.6176109078125 0.542091246875 0.62106253125 0.5530584468749999 0.6342775671875 0.5647814921875 0.654585371875 0.5699666125 0.65835304375 0.57186338125 0.6581536859375 0.5753477828125 0.654912359375 0.5751240234375 0.6527834375 0.5635598640625 0.6338887140625 0.5491564859375 0.615300175 0.5442599968749999 0.6143772656250001
2 0.47424064218749995 0.4220880328125 0.4382327984375 0.425872609375 0.4347381453125 0.42911501406249997 0.4348875859375 0.43053685625 0.4389792 0.4329741421875 0.5111443296875 0.42682683125 0.5341839296875001 0.42728037187499995 0.5379672156249999 0.4268827328125 0.54146186875 0.42364032968750004 0.5413124265625 0.4222184859375 0.5372208140625 0.4197812015625 0.52278666875 0.41914585156250006 0.47424064218749995 0.4220880328125
1 0.531058053125 0.3155809953125 0.5345527062500001 0.31233859062499997 0.5322827375 0.308987184375 0.50390938125 0.3033518109375 0.500414728125 0.306594215625 0.5026846984375 0.30994562187499997 0.5291715359375 0.3157792765625 0.531058053125 0.3155809953125
1 0.44902119375 0.21863281875 0.44552654062499997 0.2218752203125 0.4457503 0.22400414375 0.4694137609375 0.23946696875 0.4933935625 0.26711183906249997 0.49551409062499996 0.2690414015625 0.5004003265625 0.2699653875 0.50389498125 0.2667229859375 0.5037463468750001 0.2653088265625 0.4786635921875 0.23634233125 0.4549352578125 0.2201636640625 0.44902119375 0.21863281875
0 0.5545257546875 0.5403406625 0.5555228249999999 0.535822196875 0.5555228890625 0.53296263125 0.549228040625 0.5318525625 0.5416614734375 0.5326478406249999 0.538268353125 0.53675764375 0.5402283140625 0.5414004625 0.5392078171875 0.5456960453125 0.5377176796875001 0.5482848453125 0.5395168890625001 0.5513982203125 0.5448699718750001 0.551931234375 0.5489527625 0.54886013125 0.5482660734375 0.5451869031250001 0.5506848046874999 0.542951196875 0.5545257546875 0.5403406625
1 0.5238056140625 0.5655368046875 0.5275145796875 0.5644320875 0.552762334375 0.5402307234375 0.553406709375 0.537287896875 0.549315096875 0.5348506125 0.547418328125 0.5350499703125 0.5203686281250001 0.560155615625 0.5197131921875 0.563091834375 0.5238056140625 0.5655368046875
0 0.51532188125 0.4247559390625 0.5168698046875 0.428338646875 0.5197239359375 0.4302455 0.5250317812499999 0.4303481203125 0.5301233843750001 0.428491978125 0.5288851593749999 0.42509429374999996 0.5279340109375 0.4216664375 0.5241491734375 0.4191891390625 0.5183592609375001 0.420023028125 0.51532188125 0.4247559390625
1 0.502900940625 0.6036416531250001 0.5540624281250001 0.598264365625 0.5575570812499999 0.5950219625 0.5574076390625 0.5936001171874999 0.5533160265625 0.5911628343750001 0.502154540625 0.5965401234375001 0.4986590796875 0.5997748406250001 0.4988085203125 0.601196684375 0.502900940625 0.6036416531250001
0 0.5005187062500001 0.2587633640625 0.5054832375 0.2555995859375 0.5038307984375 0.2537840046875 0.49965890156250004 0.25334441875 0.49389160624999995 0.25439350781250003 0.4899358875 0.258772246875 0.48963793125 0.26432064843749997 0.4933408703125 0.2687802734375 0.49801900468750004 0.2713734875 0.5049325015624999 0.269986353125 0.50389951875 0.26568125625 0.50001395625 0.2623442421875 0.5005187062500001 0.2587633640625
1 0.5169901890624999 0.3730696625 0.5150934203124999 0.37326902031250003 0.5115987671875 0.376511425 0.5111030265625 0.3808684109375 0.512762728125 0.40583167500000006 0.5187211515625 0.426030475 0.522813571875 0.42847544531250004 0.5247000875000001 0.42827716406249994 0.5281947421875001 0.4250347609375 0.5221620015624999 0.40412888281250003 0.520295190625 0.386367365625 0.52107235625 0.37551571093749997 0.5169901890624999 0.3730696625
1 0.48188647656250005 0.47658737812499996 0.48203510937500005 0.47800153749999996 0.48611727968749996 0.48044758437499996 0.5037005859375 0.48362704531249995 0.5238250359375 0.48366432187499997 0.52731024375 0.48043068125 0.5271608015625 0.4790088375 0.523078634375 0.4765627890625 0.5048509515624999 0.47632615625 0.485370878125 0.47334605312500005 0.48188647656250005 0.47658737812499996
0 0.510395715625 0.3611200953125 0.50553495625 0.35964949375 0.49609827656250005 0.36217989687499996 0.49220102812500005 0.3643534265625 0.4924977359375 0.3698393265625 0.49442401875 0.374260340625 0.49801150468750005 0.3747613515625 0.5027707953125 0.3725049875 0.505488225 0.3675881296875 0.50990115625 0.3675594625 0.514992759375 0.365703321875 0.5143397515625 0.3622518984375 0.510395715625 0.3611200953125
2 0.45267277031250003 0.3080143359375 0.4215511625 0.3127228984375 0.41805650937500005 0.315965303125 0.4182059515625 0.31738714687499997 0.4222975640625 0.31982443125 0.43177115468749994 0.3188287171875 0.453419978125 0.315123553125 0.513186115625 0.30955676875 0.51668076875 0.306314365625 0.516532134375 0.3049002078125 0.5124397140625 0.3024552375 0.45267277031250003 0.3080143359375