1 0.49006835937500004 0.3933699640625 0.471123046875 0.398791209375 0.46931640625000004 0.40217582343749997 0.472919921875 0.4048791203125 0.475634765625 0.4048791203125 0.49638671875 0.398791209375 0.497294921875 0.39675457812500003 0.5090234375 0.38660073281249996 0.5090234375 0.384571428125 0.505419921875 0.38186080625 0.50361328125 0.38186080625 0.501806640625 0.38321611718750004 0.5008984375 0.382542125 0.49006835937500004 0.3933699640625
2 0.44765625 0.5497728937499999 0.45306640624999994 0.5504468859375 0.492783203125 0.553157509375 0.527080078125 0.553838828125 0.550537109375 0.55586813125 0.55685546875 0.55586813125 0.56046875 0.553157509375 0.56046875 0.5518021984375 0.55685546875 0.5490989015625 0.549638671875 0.5484175828125 0.47923828124999995 0.5457142859374999 0.44765625 0.5430036625 0.44404296875 0.5457142859374999 0.44404296875 0.5470622703125 0.44765625 0.5497728937499999
2 0.42328124999999994 0.3872820515625 0.42689453125 0.3899853484375 0.43231445312499994 0.3899853484375 0.459384765625 0.3872820515625 0.511728515625 0.3872820515625 0.52978515625 0.3886300359375 0.5333886718749999 0.385926740625 0.5333886718749999 0.384571428125 0.52978515625 0.38186080625 0.52255859375 0.3811868125 0.45848632812499995 0.38050549375 0.42689453125 0.38321611718750004 0.42328124999999994 0.385926740625 0.42328124999999994 0.3872820515625
2 0.45577148437500004 0.6635164828125 0.45577148437500004 0.6648717953125 0.459384765625 0.6675824171875 0.509931640625 0.6689377296875 0.554150390625 0.6669010984375 0.557763671875 0.6641978015625 0.557763671875 0.662842490625 0.554150390625 0.66013186875 0.545126953125 0.66013186875 0.509931640625 0.6621684984375 0.459384765625 0.6608131875 0.45577148437500004 0.6635164828125
1 0.501806640625 0.383890109375 0.505419921875 0.38660073281249996 0.507216796875 0.38660073281249996 0.5252734375 0.378476190625 0.546025390625 0.3744175828125 0.549638671875 0.371706959375 0.549638671875 0.3703516484375 0.546025390625 0.367641025 0.5433203125 0.367641025 0.518046875 0.3737362640625 0.50361328125 0.38050549375 0.501806640625 0.383890109375
1 0.465703125 0.437384615625 0.50361328125 0.44685714218749994 0.524365234375 0.44415384687500004 0.527978515625 0.4414432234375 0.527978515625 0.4400879125 0.524365234375 0.437384615625 0.50451171875 0.4400879125 0.465703125 0.430608059375 0.46208984375 0.43331868125 0.46208984375 0.43467399218749997 0.465703125 0.437384615625
1 0.52076171875 0.47191208749999997 0.5189550781250001 0.4780073265625 0.5090234375 0.49425641093749995 0.5090234375 0.495611721875 0.5126367187499999 0.49831501874999995 0.5171484375000001 0.49695970625 0.527080078125 0.48071062343750004 0.52978515625 0.47258608124999996 0.52978515625 0.469201465625 0.52255859375 0.45295238125 0.518046875 0.4488937734375 0.51625 0.4488937734375 0.5126367187499999 0.4515970703125 0.5126367187499999 0.4536337 0.52076171875 0.47191208749999997
1 0.50451171875 0.28504029375 0.5081249999999999 0.287750915625 0.509931640625 0.287750915625 0.5171484375000001 0.28504029375 0.554150390625 0.28368498125 0.557763671875 0.28098168437500004 0.557763671875 0.2796263734375 0.554150390625 0.2769157515625 0.544228515625 0.2769157515625 0.51625 0.2782710625 0.506318359375 0.28165567812500003 0.50451171875 0.28504029375
3 0.48285156249999994 0.4224835171875 0.49097656250000005 0.4644615390625 0.50361328125 0.6547179484375001 0.518046875 0.7237802203125 0.52076171875 0.7258095234375 0.524365234375 0.7264835171875 0.5288769531249999 0.7237802203125 0.5288769531249999 0.7203956046875 0.514443359375 0.65404395625 0.501806640625 0.4644615390625 0.49368164062500003 0.4224835171875 0.48465820312499996 0.338527471875 0.489169921875 0.23832234375 0.48646484375 0.23629304062499998 0.48285156249999994 0.235619046875 0.47833984375 0.23832234375 0.473828125 0.338527471875 0.48285156249999994 0.4224835171875
1 0.5333886718749999 0.5551868125 0.5351953125 0.5551868125 0.5722070312499999 0.54232234375 0.57400390625 0.5389377296875 0.5704003906249999 0.5362344328125 0.56859375 0.5362344328125 0.531591796875 0.5490989015625 0.52978515625 0.5524835171875 0.5333886718749999 0.5551868125
0 0.534296875 0.6676483515625 0.53568359375 0.6715970703125 0.5406640625 0.6726373625 0.545654296875 0.6709743593749999 0.54787109375 0.6691062265625 0.55091796875 0.6688937734375 0.55314453125 0.6647399265625 0.5523046875000001 0.661201465625 0.54787109375 0.6603736265625 0.546484375 0.657882784375 0.542607421875 0.6572600734375 0.536787109375 0.6595457875 0.533466796875 0.6632820515625 0.534296875 0.6676483515625
2 0.44494140625 0.49425641093749995 0.5 0.495611721875 0.532490234375 0.49764102499999996 0.5487402343750001 0.49764102499999996 0.55234375 0.494930403125 0.55234375 0.4935750921875 0.5487402343750001 0.49087179531249997 0.44494140625 0.48748717968750005 0.441337890625 0.4901904765625 0.441337890625 0.49154578750000005 0.44494140625 0.49425641093749995
1 0.5216601562500001 0.6777362640625 0.523466796875 0.6777362640625 0.5469335937500001 0.6669010984375 0.5487402343750001 0.6635164828125 0.545126953125 0.6608131875 0.5433203125 0.6608131875 0.519853515625 0.671641025 0.518046875 0.6750329671874999 0.5216601562500001 0.6777362640625
0 0.5193359375 0.6044688640625 0.519609375 0.60945055 0.522666015625 0.61340659375 0.5279199218749999 0.61340659375 0.530419921875 0.611113553125 0.5359570312499999 0.6100805859375 0.536787109375 0.606336996875 0.537626953125 0.600930403125 0.5345800781250001 0.5992674 0.52708984375 0.59968498125 0.522666015625 0.600930403125 0.5193359375 0.6044688640625
0 0.5046484375 0.33489377343750004 0.507421875 0.338842490625 0.5132421875000001 0.3382197796875 0.521005859375 0.3355164828125 0.5243261718750001 0.333025640625 0.5218359375 0.327201465625 0.517119140625 0.32491575156249997 0.511025390625 0.32782417656249996 0.506591796875 0.3307399265625 0.5046484375 0.33489377343750004
1 0.55234375 0.5687325999999999 0.537001953125 0.585655678125 0.5351953125 0.586336996875 0.527080078125 0.6039413921875 0.527080078125 0.6059706953124999 0.53068359375 0.6086739921875 0.532490234375 0.6086739921875 0.536103515625 0.6059706953124999 0.5433203125 0.5897216125 0.557763671875 0.573472528125 0.5595703125 0.5727912093749999 0.56046875 0.5694065937499999 0.55685546875 0.566703296875 0.55505859375 0.566703296875 0.553251953125 0.5680512828125 0.55234375 0.5673772890625 0.55234375 0.5687325999999999
2 0.45036132812499996 0.60258608125 0.50451171875 0.6032600734375 0.52978515625 0.6073260078125 0.550537109375 0.6093553109375 0.55505859375 0.6093553109375 0.5586621093749999 0.6066446890625 0.5586621093749999 0.6052893765625 0.55505859375 0.60258608125 0.53068359375 0.60054945 0.51353515625 0.5971648359375 0.49097656250000005 0.5958168500000001 0.45036132812499996 0.5958168500000001 0.44674804687499997 0.598520146875 0.44674804687499997 0.5998754578125001 0.45036132812499996 0.60258608125
2 0.42689453125 0.28842490781249996 0.4305078125 0.29113553125 0.5171484375000001 0.29113553125 0.52076171875 0.28842490781249996 0.52076171875 0.2870769234375 0.5171484375000001 0.28436629999999996 0.44494140625 0.28368498125 0.4305078125 0.28436629999999996 0.42689453125 0.2870769234375 0.42689453125 0.28842490781249996
0 0.5046484375 0.4957655671875 0.506318359375 0.499091575 0.50935546875 0.5011648359375 0.5140722656250001 0.500336996875 0.5190625 0.4986739921875 0.52404296875 0.496798534375 0.525712890625 0.494930403125 0.522939453125 0.490564103125 0.5174023437499999 0.48931868125 0.51185546875 0.48931868125 0.506591796875 0.49181685 0.5046484375 0.4957655671875
1 0.52255859375 0.31821977968750004 0.5126367187499999 0.326344321875 0.511728515625 0.3297289375 0.515341796875 0.3324395609375 0.5189550781250001 0.3310842484375 0.519853515625 0.3317582421875 0.527978515625 0.32295970625 0.5487402343750001 0.30806593437499996 0.549638671875 0.3053553109375 0.546025390625 0.30264468906249997 0.544228515625 0.30264468906249997 0.527978515625 0.314153846875 0.523466796875 0.3161904765625 0.52255859375 0.31821977968750004
1 0.5288769531249999 0.6432087906249999 0.5379101562499999 0.6635164828125 0.5424218749999999 0.6675824171875 0.544228515625 0.6675824171875 0.54783203125 0.6648717953125 0.54783203125 0.662842490625 0.53880859375 0.643882784375 0.527080078125 0.624930403125 0.52255859375 0.6235750921875 0.5189550781250001 0.6262783875 0.519853515625 0.629663003125 0.5288769531249999 0.6432087906249999
2 0.441337890625 0.442117215625 0.509931640625 0.44347252812500004 0.531591796875 0.44618315 0.5351953125 0.44618315 0.53880859375 0.44347252812500004 0.53880859375 0.442117215625 0.5351953125 0.43941391875 0.5216601562500001 0.437384615625 0.475634765625 0.43534798593749996 0.441337890625 0.43534798593749996 0.437724609375 0.4380586078125 0.437724609375 0.43941391875 0.441337890625 0.442117215625
1 0.5379101562499999 0.340564103125 0.5397070312500001 0.340564103125 0.5433203125 0.3378534796875 0.541513671875 0.3344688640625 0.515341796875 0.326344321875 0.511728515625 0.3290549453125 0.51353515625 0.3324395609375 0.5379101562499999 0.340564103125
1 0.489169921875 0.26269597031249997 0.5090234375 0.29113553125 0.5108300781249999 0.2931648359375 0.515341796875 0.294520146875 0.5189550781250001 0.2918095234375 0.5189550781250001 0.2904615390625 0.498193359375 0.2606666671875 0.47744140625 0.2430622703125 0.472021484375 0.2410329671875 0.468408203125 0.24374358906250002 0.468408203125 0.24577289375000003 0.489169921875 0.26269597031249997
0 0.525986328125 0.5543736265625 0.5245996093749999 0.55832234375 0.522939453125 0.5606153843749999 0.5243261718750001 0.5637289375 0.52931640625 0.5647619046875 0.533466796875 0.5622710625 0.53318359375 0.5587399265624999 0.53568359375 0.5568717953125 0.539560546875 0.554791209375 0.5409472656250001 0.5506300359375 0.54123046875 0.547934065625 0.53541015625 0.5462637359375 0.528203125 0.5462637359375 0.5245996093749999 0.5498021984375 0.525986328125 0.5543736265625
1 0.5081249999999999 0.57550183125 0.511728515625 0.5748278390625 0.5379101562499999 0.5545128203125 0.53880859375 0.5518021984375 0.5351953125 0.5490989015625 0.5333886718749999 0.5490989015625 0.505419921875 0.5700879125 0.50451171875 0.5727912093749999 0.5081249999999999 0.57550183125
0 0.51517578125 0.4454652015625 0.51767578125 0.4475457875 0.522666015625 0.44816849843749995 0.5276464843750001 0.4469230765625 0.52681640625 0.4435970703125 0.526259765625 0.44027106250000003 0.522939453125 0.4375604390625 0.5174023437499999 0.43777289374999995 0.5140722656250001 0.44193406562500004 0.51517578125 0.4454652015625
1 0.48465820312499996 0.6093553109375 0.5333886718749999 0.6093553109375 0.537001953125 0.6066446890625 0.537001953125 0.6052893765625 0.5333886718749999 0.60258608125 0.48465820312499996 0.60258608125 0.481044921875 0.6052893765625 0.481044921875 0.6066446890625 0.48465820312499996 0.6093553109375
0 0.510751953125 0.2791941390625 0.506591796875 0.282930403125 0.50576171875 0.28813186874999996 0.50880859375 0.29270329687499996 0.512958984375 0.295611721875 0.519609375 0.2949890109375 0.5190625 0.2908278390625 0.515732421875 0.287296703125 0.5165625 0.28397069531249997 0.5215527343749999 0.281479853125 0.5201757812500001 0.2796043953125 0.5162890625000001 0.27877655625000003 0.510751953125 0.2791941390625
1 0.51353515625 0.42383882812499996 0.5171484375000001 0.44347252812500004 0.52076171875 0.44618315 0.52255859375 0.44618315 0.526171875 0.44347252812500004 0.52255859375 0.4231648359375 0.52255859375 0.40623443281249993 0.524365234375 0.3960805859375 0.52076171875 0.3933699640625 0.5189550781250001 0.3933699640625 0.515341796875 0.3960805859375 0.514443359375 0.40013919375 0.51353515625 0.42383882812499996
1 0.481044921875 0.49154578750000005 0.497294921875 0.4962857140625 0.51625 0.49831501874999995 0.519853515625 0.495611721875 0.519853515625 0.49425641093749995 0.51625 0.49154578750000005 0.49910156250000004 0.4895164828125 0.481044921875 0.48477655625000005 0.47744140625 0.48748717968750005 0.47744140625 0.48883516406250005 0.481044921875 0.49154578750000005
0 0.49800781250000004 0.3878974359375 0.499384765625 0.3922564109375 0.50271484375 0.3930842484375 0.507421875 0.391428571875 0.51046875 0.3870622703125 0.51462890625 0.387472528125 0.519609375 0.38622710625 0.5193359375 0.382908425 0.515732421875 0.38145055 0.5112988281249999 0.3795824171875 0.502158203125 0.3810329671875 0.498271484375 0.3826959703125 0.49800781250000004 0.3878974359375
2 0.433212890625 0.3310842484375 0.43682617187500006 0.3337875453125 0.445849609375 0.3337875453125 0.46661132812500006 0.3324395609375 0.523466796875 0.333113553125 0.527080078125 0.3304029296875 0.527080078125 0.3290549453125 0.523466796875 0.326344321875 0.46661132812500006 0.32566300312499996 0.43682617187500006 0.327018315625 0.433212890625 0.3297289375 0.433212890625 0.3310842484375