1 0.5918071328125001 0.272902334375 0.5915950890625 0.270884875 0.5866714796875 0.2673133 0.5582661015625 0.2672344203125 0.535092359375 0.2737591453125 0.5342836578125 0.27690855000000003 0.5230936109375001 0.289317634375 0.52249795 0.29449396875 0.5274205624999999 0.2980560734375 0.53293029375 0.296461890625 0.5337389953125 0.2933124875 0.5449280453124999 0.28089393125 0.56607083125 0.2766319890625 0.5877336875 0.27741953750000004 0.5918071328125001 0.272902334375
0 0.6125009609375 0.7452410453125 0.6144004125 0.75287479375 0.6183484953125 0.75932601875 0.6216807328125 0.766809175 0.6291457 0.7653733890625001 0.6332656515624999 0.7561301968749999 0.6321072531249999 0.7520000859375 0.633690565625 0.7462890140625 0.629640940625 0.73887168125 0.6212015796875 0.738130728125 0.6125009609375 0.7452410453125
1 0.5841111609375 0.5239774359375 0.5800367234375 0.5284851671874999 0.5802497609375 0.530512096875 0.585172375 0.5340742015625 0.5897774203124999 0.5346148515625 0.6409834562500001 0.53536169375 0.647725978125 0.5346530265625 0.6517888859375 0.5301369296875 0.6515768421875 0.5281194703125001 0.6466637703125 0.5245467890625 0.6194816390625 0.5253639999999999 0.5841111609375 0.5239774359375
1 0.5671331640624999 0.41645835625 0.570504425 0.416104021875 0.6018155140625 0.4005554703125 0.603528903125 0.395271234375 0.5986158296874999 0.3916985515625 0.5952445703125 0.3920528859375 0.5639229453125 0.407602546875 0.5622105515625 0.412896253125 0.5671331640624999 0.41645835625
2 0.5877858109375 0.41837674375 0.591157071875 0.41802240937499996 0.5952199796875 0.41350631250000003 0.5950079359375 0.41148885625 0.5900948640625 0.4079161734375 0.5692301734375 0.403980328125 0.5280323953125 0.4011664921875 0.512292821875 0.40282078749999994 0.47552751718749997 0.40974938281249995 0.44684404375 0.41786828906249995 0.44357930156250003 0.41923608906250004 0.43950486250000004 0.4237438203125 0.4397179015625 0.42577075000000003 0.4446405140625 0.429332853125 0.44801177656249996 0.42897851875 0.47658873125 0.41984614843749996 0.52796634375 0.4113817375 0.564560071875 0.41366439374999997 0.5877858109375 0.41837674375
1 0.571343478125 0.6295091828125 0.5672690375 0.634016915625 0.5704142 0.6530974421875 0.57959870625 0.6756227015625 0.5845223140625 0.6791942765625001 0.586766309375 0.6789584234375 0.5908397546875 0.6744412203125 0.590521190625 0.6714102953125 0.581548728125 0.650902496875 0.5785100859375001 0.632835434375 0.5735874734374999 0.6292733296875 0.571343478125 0.6295091828125
2 0.5921667046875 0.6222068453125 0.5865409140625 0.6227981406249999 0.5766401703125 0.6258880718750001 0.5242513515625 0.63547385 0.48277547812500005 0.6408578 0.4787125703125 0.645373896875 0.4789246140625 0.64739135625 0.4838376859375 0.6509640375 0.50182125625 0.6490738875 0.5932289140625 0.6323130828125 0.5972918203125 0.6277969875 0.597079778125 0.625779528125 0.5921667046875 0.6222068453125
2 0.59475555 0.5279628171875 0.5898319421875 0.5243912421875 0.5643737375 0.5199231109375 0.5405618734375001 0.5203765171875 0.51470851875 0.5230938140625 0.4610869109375 0.531794078125 0.457024003125 0.5363101734375 0.45723604531250006 0.5383276312499999 0.4621491203125 0.5419003140624999 0.5168979921875 0.5330815703125 0.55521564375 0.5300788828125 0.564307684375 0.5301383546875 0.5875228890625 0.5348518125 0.59089415 0.534497478125 0.5949675937500001 0.5299802765625 0.59475555 0.5279628171875
0 0.5812215734375 0.5444200390625 0.5892432359375 0.5412882 0.590026346875 0.5314093671875 0.5942281171875 0.5263902859375 0.596629365625 0.521570025 0.5921245859375001 0.516814853125 0.584461121875 0.51990904375 0.5790145296875 0.52342141875 0.57960704375 0.5325044796875 0.5776478015625 0.5415301484375 0.5812215734375 0.5444200390625
1 0.5044587375 0.176878125 0.5003842984375 0.18138585625 0.5005973375 0.1834127875 0.5055199499999999 0.186974890625 0.5088912125 0.1866205578125 0.5337783421875 0.17481159531249998 0.5378527828124999 0.1703038640625 0.53763974375 0.168276934375 0.5327171296875 0.1647148296875 0.5293458703125 0.1650691640625 0.5044587375 0.176878125
0 0.5376454328125 0.299164784375 0.5420351671875 0.2924884046875 0.532108475 0.28438640625 0.5230098796875 0.284365928125 0.5205675875 0.2921399953125 0.5239569828125 0.3002683296875 0.5281456062500001 0.302116815625 0.5376454328125 0.299164784375
1 0.5852384265625 0.5238589546875 0.582983896875 0.524095915625 0.5780057656250001 0.5307479500000001 0.571567753125 0.5559398625 0.5691926484375001 0.5766156796875 0.5695112109375 0.5796466031249999 0.57443481875 0.583218178125 0.5766788140625 0.5829823249999999 0.580752259375 0.578465121875 0.5822121421875 0.55992524375 0.5904690687499999 0.530453090625 0.5901505046875 0.527422165625 0.5852384265625 0.5238589546875
2 0.5407480828125 0.28439766875 0.536260090625 0.284869375 0.4652920421875 0.3015216375 0.4390656 0.31143161875 0.43499215781249995 0.31594882343749997 0.4352042015625 0.3179662828125 0.440127809375 0.32153785625000003 0.4434990703125 0.321183521875 0.46748151406250005 0.31150939375000003 0.541810290625 0.2945039046875 0.545883734375 0.2899867015625 0.545671690625 0.28796924375 0.5407480828125 0.28439766875
0 0.5118889875 0.195785984375 0.5168768375 0.19135462187500002 0.5154558515625001 0.1813818578125 0.513189015625 0.1770426546875 0.5070391796875 0.1737627578125 0.5011900078125 0.1769918515625 0.498411834375 0.1851172390625 0.5034601624999999 0.19504392343750002 0.5118889875 0.195785984375
1 0.5274760796875 0.287841934375 0.523412175 0.2923485578125 0.5236252140625 0.2943754890625 0.5285372921875 0.2979387 0.55727176875 0.301047396875 0.5886753234375 0.3079646296875 0.5920465828125 0.3076102953125 0.5961200265625 0.3030930921875 0.5959079828125 0.30107563437499996 0.5886348546875 0.29673591875 0.561931334375 0.2913644390625 0.5274760796875 0.287841934375
1 0.5310330953125 0.386544159375 0.525312315625 0.386130353125 0.5212378765625 0.390638084375 0.5239174890625 0.39444551250000004 0.52289674375 0.395577459375 0.538464740625 0.40313441406250006 0.5616138921875 0.41806311718750006 0.567346203125 0.41848528749999997 0.5714091125 0.41396919218750006 0.568740034375 0.41016065625 0.5697617765625 0.40903818281250004 0.5541937781249999 0.40148122500000005 0.5310330953125 0.386544159375
2 0.6276993453124999 0.74411286875 0.5990713875 0.7420176374999999 0.5676133109375 0.7453240140624999 0.5434838796875 0.7427559671874999 0.5394094421875 0.7472637 0.5396224796875 0.7492906296874999 0.5445450921874999 0.7528527328125 0.5675482546875 0.75554873125 0.600133596875 0.7521238734375 0.6299953375 0.755114090625 0.6333665984375 0.7547597578125 0.6374295062499999 0.7502436609375 0.6372174625 0.7482262015625001 0.632304390625 0.7446535203125 0.6276993453124999 0.74411286875
1 0.5537013984375 0.1482023484375 0.548789321875 0.1446391375 0.546534790625 0.1448760984375 0.5001722562500001 0.17936839843750002 0.49792825937499996 0.17960425156249998 0.499151509375 0.18050034375 0.49733160156249995 0.1847711140625 0.502255209375 0.1883426890625 0.507763946875 0.1867390375 0.52976995625 0.16910408125 0.550861740625 0.15361453593750002 0.5531162703125 0.1533775765625 0.551882484375 0.152482590625 0.5537013984375 0.1482023484375
0 0.58492190625 0.6384052515625 0.5856185953125 0.6311498249999999 0.5814835421875 0.6263653703125 0.5754934031250001 0.6247062296875 0.567316628125 0.62980793125 0.5651881484375 0.637223421875 0.5745026046875 0.6395003640625 0.58492190625 0.6384052515625
1 0.595446496875 0.5993961984375 0.5921807593749999 0.6007545265625 0.5863939265625 0.6105559656249999 0.5702162125 0.6296276640625 0.5696300890625 0.63479341875 0.5745431625 0.6383661015625 0.5800624328125 0.63676134375 0.5858492656250001 0.626959903125 0.602017440625 0.6078987828125 0.6026131046875001 0.6027224484375 0.5976904921874999 0.5991603453125001 0.595446496875 0.5993961984375
0 0.5728271656249999 0.4195563328125 0.5798429296875 0.41719098125 0.582602375 0.4123330703125 0.577264540625 0.40309757656249995 0.562826846875 0.40396385312499994 0.5528137140625 0.40892339375000003 0.553493646875 0.41539252187500003 0.56118735 0.4194773546875 0.5728271656249999 0.4195563328125
3 0.59694626875 0.7974003078125 0.6021364421875 0.79276573125 0.6007566671875 0.7796380421875 0.582465771875 0.702901015625 0.5644019703125001 0.6067386 0.5532796765625 0.5333467671875 0.54266058125 0.432312815625 0.5280049874999999 0.3684759890625 0.49138654531250003 0.2579266296875 0.46596768749999995 0.1349576046875 0.46227786406250004 0.132281015625 0.45767281875 0.1317403625 0.4524826453125 0.136374940625 0.4532252953125 0.14344078124999998 0.4779015015625 0.25934396406250004 0.5146264656249999 0.3709067890625 0.5291755375 0.43373015 0.5444260921875 0.567985784375 0.5689807296875 0.7043183515625 0.5844450250000001 0.7650057734375 0.5886514 0.794183065625 0.5923412234375001 0.79685965625 0.59694626875 0.7974003078125
1 0.6353835 0.77394929375 0.6280179078125 0.7471437921875 0.62309529375 0.743581690625 0.6208512984375 0.74381754375 0.616776859375 0.748325275 0.6172019421875 0.7523696640625 0.62580131875 0.7800701484375 0.6319471828125 0.78452834375 0.644674525 0.7974880171875001 0.6448875640625 0.799514946875 0.6458977734375 0.7983841093749999 0.65060834375 0.7999287546875 0.65468278125 0.795421021875 0.6530239156250001 0.7904816484375 0.6353835 0.77394929375
1 0.6509936609375 0.7171492890625 0.6460815828124999 0.713586078125 0.643827053125 0.7138230375 0.6417951000000001 0.7160763515624999 0.6405613156250001 0.715181365625 0.6407743546875 0.7172082953125 0.62309529375 0.743581690625 0.6199360781250001 0.7459534828125001 0.619349953125 0.7511192375 0.6242630265625 0.7546919203125 0.628549509375 0.752201646875 0.6297822984375 0.7530871609374999 0.6504085328125 0.722324515625 0.6509936609375 0.7171492890625
2 0.5246617125 0.19620555 0.5287351546875 0.1916883484375 0.5285231125000001 0.18967088906250001 0.523599503125 0.1860993140625 0.4980347796875 0.1806177171875 0.473308690625 0.1832165328125 0.4486881234375 0.18681934375 0.426641646875 0.1932255890625 0.42224964062500003 0.1947118671875 0.4181857375 0.1992184921875 0.4183987765625 0.2012454234375 0.423310853125 0.2048086328125 0.4266821140625 0.20445429843750001 0.44975033125 0.1969255796875 0.49684146250000005 0.1909514421875 0.52129045 0.196559884375 0.5246617125 0.19620555