1 0.5230193265625 0.25772649531249997 0.522909821875 0.255637025 0.5180249296875 0.2516927765625 0.4887319 0.2500802265625 0.46447735156250003 0.2555516078125 0.46347279218750004 0.2587519875 0.451259728125 0.2709304546875 0.4503651859375 0.2762301140625 0.45524956562499996 0.28016455156250003 0.4610185890625 0.2788195234375 0.46202314843750003 0.2756191453125 0.474235696875 0.26343086875 0.49627304375000003 0.2601807328125 0.51857348125 0.2621597484375 0.5230193265625 0.25772649531249997
0 0.5187971140625 0.7453642859375 0.520343021875 0.7533296593750001 0.5240658953125 0.7601874390625001 0.5270977296875 0.7680749390625 0.5348748062500001 0.7669984671875001 0.5396244218749999 0.75769981875 0.5386531953125 0.7533832406250001 0.5405953421875 0.747586028125 0.53682003125 0.73972765625 0.5281557828125 0.7385094984375 0.5187971140625 0.7453642859375
1 0.5014920046875 0.515926059375 0.4970456453125 0.5203495015625 0.4971556625 0.5224487812499999 0.5020400421875 0.5263832203125001 0.5067604218749999 0.5271883578125001 0.5595338890625 0.5307180828125 0.5665264796875 0.5303516171875 0.5709614015625 0.5259189375 0.570851896875 0.5238294671875 0.5659779296874999 0.5198846453125 0.5378980578125 0.519261040625 0.5014920046875 0.515926059375
1 0.4898004859375 0.40426310781249997 0.49329678125000004 0.40407987500000003 0.5264326109375 0.3897523703125 0.5284858156250001 0.384401825 0.5236118484375 0.38045700312499997 0.520115553125 0.38064023593749996 0.486968796875 0.3949683125 0.48491610625000003 0.40032866875 0.4898004859375 0.40426310781249997
2 0.510997784375 0.40735245937500003 0.51449408125 0.4071692265625 0.5189290015625 0.40273654687500005 0.5188194968750001 0.4006470765625 0.5139455296875 0.3967022546875 0.4926387265625 0.3915234328125 0.450299653125 0.386404178125 0.43397631875 0.3872596484375 0.395681578125 0.3924143234375 0.36565800625 0.3992307328125 0.3622167203125 0.40046360625000005 0.357770359375 0.40488704843749995 0.357880378125 0.406986328125 0.36276475625 0.41092076874999994 0.366261053125 0.4107375359375 0.3962296140625 0.40287148437500003 0.4496786140625 0.3969226078125 0.4872978234375 0.40124653437499996 0.510997784375 0.40735245937500003
1 0.48261140312500006 0.6239384484375 0.4781650421875 0.628361890625 0.480376209375 0.6481849265624999 0.4886299015625 0.6718817046875001 0.49351479375 0.675825953125 0.49584201562499997 0.6757039875 0.5002878640625 0.6712707359375 0.50012335 0.668131625 0.49197916093750005 0.6465243171874999 0.489823003125 0.6277509234374999 0.484938625 0.623816484375 0.48261140312500006 0.6239384484375
2 0.5044837203125 0.617539390625 0.4986492765625 0.6178451609375 0.48827040781250003 0.620494140625 0.4337177546875 0.6275435421875 0.3906481390625 0.6308532484375 0.38621321875 0.635285928125 0.3863227234375 0.637375396875 0.3911966890625 0.6413202203124999 0.40984724375 0.6403427859375 0.5050322703125001 0.6280063625000001 0.5094671921875 0.6235736828125 0.5093576875 0.6214842125 0.5044837203125 0.617539390625
2 0.5122549109375 0.520604940625 0.50737001875 0.516660690625 0.481354275 0.5106859671875 0.4567701859375 0.5098693187500001 0.429957965625 0.5112744890625 0.37418174375 0.5173453296875 0.3697468234375 0.5217780078125 0.36985632812499997 0.523867478125 0.3747302953125 0.5278123 0.431675590625 0.5216801921875 0.471358928125 0.520653 0.4807332390625 0.5212043984375 0.5044222734375 0.5273108953125 0.5079185703125 0.5271276625 0.512364415625 0.5226944109375 0.5122549109375 0.520604940625
0 0.49740520625 0.5368267421875 0.5058482609375 0.5340332984375 0.5071906640625 0.5239000390624999 0.5117960328125 0.5189567578125 0.51453358125 0.5141211984375 0.51014473125 0.508980390625 0.502073159375 0.511754365625 0.496265434375 0.5150785921875001 0.496384925 0.52446634375 0.4938756390625 0.533657415625 0.49740520625 0.5368267421875
1 0.43812562968749996 0.15411 0.43367926875 0.1585334421875 0.43378928749999995 0.160632721875 0.4386736671875 0.1645671625 0.44216996249999996 0.16438392968749999 0.4684777140625 0.153562 0.47292407656249996 0.149138559375 0.4728140578125 0.147039278125 0.46792967656249995 0.1431048390625 0.46443338125 0.14328807187499998 0.43812562968749996 0.15411
0 0.465735484375 0.2818577671875 0.47062442187500003 0.27521755468750003 0.46082456250000003 0.26633713124999997 0.451441384375 0.2658255421875 0.4485016234375 0.2737013890625 0.4515574921875 0.282256521875 0.4557775859375 0.28438631875 0.465735484375 0.2818577671875
1 0.5026610781249999 0.515864790625 0.50032293125 0.515987328125 0.494828440625 0.5225707453124999 0.4868247375 0.5481720609375 0.48325595468750004 0.569340696875 0.48342046875 0.57247980625 0.4883053609375 0.5764240546875 0.49063258281250005 0.576302090625 0.49507843124999995 0.5718688390625 0.49758764375000003 0.5528509421875001 0.507699046875 0.5229389125 0.5075345328124999 0.5197998015625 0.5026610781249999 0.515864790625
2 0.46973484218749995 0.26681448125 0.4650803984375 0.2670584109375 0.39098265 0.28038490625 0.36339631875 0.2891786328125 0.358950471875 0.293611884375 0.3590599765625 0.2957013546875 0.36394486875 0.2996456046875 0.36744116718750003 0.299462371875 0.39270027500000004 0.290790609375 0.47028339218750004 0.27728145312499997 0.4747292390625 0.2728482015625 0.47461973437499994 0.2707587296875 0.46973484218749995 0.26681448125
0 0.44476577968750003 0.173986184375 0.450150096875 0.169690646875 0.44922428124999997 0.15934181249999999 0.44712113125 0.1547501078125 0.4409557171875 0.1510401921875 0.43474810625 0.1540509296875 0.43144290312500005 0.1622705375 0.4361124546875 0.172767453125 0.44476577968750003 0.173986184375
1 0.45585967656250004 0.26964669375 0.4514242421875 0.27406956562499996 0.4515342609375 0.2761688453125 0.4564077125 0.28010385625 0.4858761828125 0.28485494375 0.517891396875 0.2936728171875 0.5213876921875 0.293489584375 0.525833540625 0.28905633124999996 0.5257240359375001 0.2869668609375 0.518457425 0.282104746875 0.4912061578125 0.2751324140625 0.45585967656250004 0.26964669375
1 0.454186021875 0.371504528125 0.4483080078125 0.37076989375 0.44386164843750003 0.3751933375 0.44641931875 0.37925955 0.445305253125 0.380370459375 0.460953053125 0.3889935890625 0.48402105000000006 0.40561851718749997 0.4899105046875 0.40636238750000003 0.494345425 0.40192970937499994 0.49179867968749996 0.397862921875 0.49291325781250006 0.396761825 0.477265459375 0.38813869218749997 0.454186021875 0.371504528125
2 0.5345337859375 0.7450215578125 0.505120325 0.7413201109374999 0.4724955125 0.7430299046875 0.44774742187500005 0.73908395625 0.44330106249999995 0.7435073984375 0.44341108125 0.7456066796874999 0.448295459375 0.7495411171875 0.47187499062500005 0.7535581453125 0.5056688765625 0.7517870828125 0.53630641875 0.7564769015625 0.5398027140625 0.7562936687499999 0.5442376359375001 0.7518609890625 0.54412813125 0.74977151875 0.5392541640624999 0.745826696875 0.5345337859375 0.7450215578125
1 0.4904666015625 0.1272277546875 0.48559315 0.1232927421875 0.48325500000000005 0.123415278125 0.4335697640625 0.156443971875 0.4312425421875 0.1565659375 0.43245570000000005 0.15755487968749998 0.4303474859375 0.1618557859375 0.4352323796875 0.165800034375 0.4410008890625 0.1644451984375 0.46465239062499997 0.1474670140625 0.48724483906250005 0.132649378125 0.48958298593749994 0.132526840625 0.48835890312499997 0.13153846875 0.4904666015625 0.1272277546875
0 0.49613468125000004 0.633833646875 0.4972459546875 0.626397909375 0.4932400265625 0.6212468703125 0.48715159999999996 0.6192149890625 0.47844194218749997 0.624029084375 0.47584525937500005 0.6315525046875 0.4853289421875 0.6343999515625 0.49613468125000004 0.633833646875
1 0.509101146875 0.5942205890625 0.5056593453125 0.595443653125 0.49916029531249995 0.60522745 0.4814423296875 0.6239997171875 0.48055820000000005 0.62928899375 0.4854321671875 0.6332338156249999 0.4912116 0.6318784046875 0.49771065156249994 0.6220946078125 0.51541820625 0.6033327234375 0.5163127484375 0.5980330640625 0.5114283687500001 0.5940986234375 0.509101146875 0.5942205890625
0 0.495505596875 0.40776106875 0.5028696796875 0.4057029 0.505978709375 0.4008478734375 0.50097315 0.391047296875 0.4860352296875 0.3911612671875 0.4754392453125 0.3957299390625 0.47579037968750004 0.4024299765625 0.4835045671875 0.40705222812499997 0.495505596875 0.40776106875
3 0.4999308328125 0.7982512625 0.505534828125 0.793757315625 0.504822278125 0.7801610421875 0.4901105265625 0.7001336984375001 0.47668441718750004 0.600109896875 0.46918529531250003 0.5239146453125 0.4637013296875 0.419274359375 0.452040790625 0.3527305609375 0.42025613906250003 0.236887540625 0.4006949625 0.1088556734375 0.397034153125 0.105899796875 0.3923137734375 0.1050946578125 0.3867097796875 0.10958860468750001 0.387093303125 0.11690665781250001 0.4062709546875 0.23762047343749998 0.43811061718750005 0.3545131328125 0.4497161453125 0.4200072921875 0.45817883593750003 0.5591165250000001 0.47612534218749997 0.70086663125 0.48879044218749995 0.76421005 0.4915496453125 0.7944902468749999 0.49521045468749997 0.7974461234375 0.4999308328125 0.7982512625
1 0.5408442921875001 0.7761681609375 0.5346982984374999 0.74816066875 0.5298139187500001 0.7442262296875 0.5274866968749999 0.7443481937499999 0.5230403375 0.7487716375 0.523259859375 0.7529603875 0.5306299359375 0.7819562515625 0.5367274734375 0.786879634375 0.54915299375 0.8009145796875 0.5492630125 0.8030138609374999 0.5503661515625 0.801903525 0.555141028125 0.80374849375 0.5595873874999999 0.79932505 0.55814378125 0.794147928125 0.5408442921875001 0.7761681609375
1 0.5600189671875 0.718504078125 0.5551455140625 0.714569065625 0.5528073671875 0.714691603125 0.55058965 0.7169030375000001 0.5493655671875 0.7159146671875 0.5494755859375 0.718013946875 0.5298139187500001 0.7442262296875 0.526427128125 0.746498934375 0.5255429984375 0.7517882109375 0.530416965625 0.75573303125 0.53497283125 0.753399059375 0.5361964 0.754377621875 0.5591353515625 0.7238031656249999 0.5600189671875 0.718504078125
2 0.4579168546875 0.1751069109375 0.4623627015625 0.170673659375 0.462253196875 0.16858419062500002 0.4573683046875 0.164639940625 0.43129755156250005 0.1576155765625 0.40565440468749997 0.1589594765625 0.38006575625 0.1613432078125 0.3569802796875 0.166753321875 0.35236992031250003 0.1680474625 0.3479344859375 0.17247033437499998 0.348044503125 0.1745696140625 0.35291795625 0.178504625 0.3564142515625 0.1783213921875 0.38061430625 0.1718101796875 0.429507440625 0.1681952765625 0.4544205578125 0.1752901453125 0.4579168546875 0.1751069109375