1 0.42559570312500006 0.6710476187500001 0.41335937500000003 0.68568498125 0.4126953125 0.6871721609375 0.41402343750000004 0.688161171875 0.415673828125 0.6876703296875 0.42427734375000004 0.676754578125 0.42857421875 0.6720366296875 0.43187499999999995 0.6660879125 0.43187499999999995 0.665340659375 0.430556640625 0.6643516484374999 0.42989257812500004 0.6643516484374999 0.42890625 0.664842490625 0.4282421875 0.665838828125 0.42559570312500006 0.6710476187500001
2 0.45138671874999997 0.6638534796875 0.430888671875 0.664842490625 0.429560546875 0.665838828125 0.429560546875 0.6663296703125 0.430888671875 0.6673260078125 0.43386718750000003 0.6673260078125 0.470234375 0.664842490625 0.488427734375 0.6641025640625 0.49900390625 0.6623663 0.5003320312499999 0.6613699640624999 0.5003320312499999 0.6608791203125 0.49900390625 0.6598827843749999 0.49801757812499997 0.6598827843749999 0.48478515624999996 0.66186813125 0.474541015625 0.662117215625 0.45138671874999997 0.6638534796875
2 0.42989257812500004 0.6221758234375 0.42857421875 0.6231648359374999 0.42857421875 0.623663003125 0.42989257812500004 0.624659340625 0.431220703125 0.624659340625 0.44113281249999997 0.6231648359374999 0.45999023437500003 0.6221758234375 0.48578124999999994 0.6196923078125 0.48709960937499996 0.6187032968749999 0.48709960937499996 0.618205128125 0.48578124999999994 0.6172161171874999 0.484130859375 0.6172161171874999 0.45999023437500003 0.6196923078125 0.440810546875 0.6206886453125 0.42989257812500004 0.6221758234375
0 0.434326171875 0.5801245421875 0.43662109375 0.582073259375 0.44356445312500004 0.583113553125 0.44744140625 0.5803956046875001 0.447998046875 0.5779340656249999 0.44268554687500006 0.5701611718749999 0.440673828125 0.5692087906250001 0.43747070312499997 0.569201465625 0.435107421875 0.5699120875 0.433837890625 0.571567765625 0.43314453124999996 0.5748058609375 0.434326171875 0.5801245421875
0 0.42974609375000006 0.5456117218750001 0.43564453125 0.548754578125 0.44203125 0.5482417578125001 0.44341796875000006 0.5473113546875 0.44434570312500005 0.5455091578125 0.44406249999999997 0.5432380953125 0.44070312500000003 0.5415970703124999 0.440322265625 0.5389157515624999 0.43896484375 0.5375604390625 0.43721679687500004 0.537025640625 0.43367187500000004 0.537113553125 0.43161132812499997 0.5376483515625 0.43013671875000004 0.5392014656249999 0.429072265625 0.5422710625 0.42974609375000006 0.5456117218750001
2 0.433203125 0.5430402937500001 0.43187499999999995 0.5440293046875 0.43187499999999995 0.5445274718750001 0.433203125 0.5455164828125 0.43485351562499996 0.5455164828125 0.441796875 0.54477655625 0.45072265624999996 0.5430402937500001 0.490078125 0.5405567765625 0.49140625 0.539567765625 0.49140625 0.539069596875 0.490078125 0.5380805859375 0.48809570312500006 0.5380805859375 0.4480859375 0.5408058609374999 0.44146484375000006 0.542293040625 0.433203125 0.5430402937500001
2 0.43716796875 0.5792600734375 0.444775390625 0.58 0.49437499999999995 0.5797582421875 0.495703125 0.5787619046875 0.495703125 0.5782637359375 0.49437499999999995 0.577274725 0.444775390625 0.5775238093749999 0.43716796875 0.57677655625 0.43584960937500006 0.57777289375 0.43584960937500006 0.5782637359375 0.43716796875 0.5792600734375
0 0.437099609375 0.5163736265625001 0.44000000000000006 0.5173406593750001 0.44181640624999996 0.5170622703125 0.44465820312500004 0.5155457875 0.44596679687499996 0.5133040296875 0.44507812500000005 0.51149450625 0.44103515625 0.5088937734375001 0.4386328125 0.5064835171875 0.436435546875 0.5058608062500001 0.43375 0.5060952375000001 0.4302734375 0.5049010984375 0.42728515624999996 0.5060366296875001 0.42609375 0.508659340625 0.42787109375 0.512117215625 0.429794921875 0.5132600734375 0.430537109375 0.5146300359375 0.43294921875 0.5164542125 0.435185546875 0.5168571421875 0.437099609375 0.5163736265625001
0 0.43791015624999996 0.47523076875000003 0.43888671874999996 0.47259340625 0.43351562499999996 0.467025640625 0.42365234375 0.46689377343749994 0.42106445312499996 0.46811721562499997 0.4191015625 0.47175091562500004 0.420791015625 0.4739194140625 0.42431640625 0.474703296875 0.42508789062499996 0.4762344328125 0.42692382812499996 0.47723076875 0.4332421875 0.4771648359375 0.43791015624999996 0.47523076875000003
2 0.443779296875 0.5112820515625 0.43386718750000003 0.5115311359375 0.43253906249999996 0.512527471875 0.43253906249999996 0.513025640625 0.43386718750000003 0.5140146515625 0.444111328125 0.5137655671875 0.453701171875 0.5122783875 0.48181640625 0.5090549453125 0.4907421875 0.507567765625 0.492060546875 0.506571428125 0.492060546875 0.506073259375 0.4907421875 0.5050842484375 0.48974609375 0.5050842484375 0.48148437499999996 0.506571428125 0.46130859375 0.5088058609375 0.443779296875 0.5112820515625
2 0.4282421875 0.472336996875 0.4269140625 0.4733333328125 0.4269140625 0.47382417656250003 0.4282421875 0.4748205125 0.42922851562500003 0.4748205125 0.43849609375 0.47283516406250004 0.45304687499999996 0.471838828125 0.473212890625 0.46961172187500005 0.483466796875 0.46886446875 0.48478515624999996 0.4678754578125 0.48478515624999996 0.4673772890625 0.483466796875 0.466380953125 0.48181640625 0.466380953125 0.45568359375 0.46911355312499997 0.4381640625 0.4703516484375 0.4282421875 0.472336996875
0 0.420009765625 0.4344908421875 0.42284179687499995 0.43576556718750004 0.4288671875 0.4341684984375 0.43001953125 0.43301831562500004 0.43068359375 0.43076923125000005 0.429638671875 0.4284542125 0.42443359375 0.425523809375 0.42232421875000004 0.424798534375 0.4200390625 0.4251062265625 0.41693359374999994 0.4285128203125 0.420009765625 0.4344908421875
0 0.4212109375 0.3915970703125 0.424228515625 0.39257875468750003 0.43083984375 0.3915091578125 0.432060546875 0.3901025640625 0.43248046875 0.387252746875 0.430859375 0.3836263734375 0.428291015625 0.3819120875 0.426181640625 0.3813772890625 0.4237109375 0.38195604375 0.422099609375 0.3835164828125 0.41988281250000004 0.3848205125 0.41857421875 0.387794871875 0.41892578125 0.3891794875 0.4212109375 0.3915970703125
2 0.421298828125 0.42892307656249995 0.419970703125 0.42991941406249995 0.419970703125 0.43041025624999996 0.421298828125 0.43140659374999996 0.42261718750000005 0.43140659374999996 0.430888671875 0.430161171875 0.44577148437499997 0.42892307656249995 0.49172851562500003 0.4286739921875 0.497685546875 0.4294212453125 0.49900390625 0.4284249078125 0.49900390625 0.42793406562499997 0.497685546875 0.4269377296875 0.49636718750000003 0.4266886453125 0.492060546875 0.4261978015625 0.483798828125 0.4261978015625 0.44577148437499997 0.4264468859375 0.42261718750000005 0.4286739921875 0.421298828125 0.42892307656249995
2 0.434521484375 0.3852600734375 0.4239453125 0.386754578125 0.42261718750000005 0.3877435890625 0.42261718750000005 0.38824175781250003 0.4239453125 0.38923076874999996 0.42526367187499997 0.38923076874999996 0.43485351562499996 0.3877435890625 0.454033203125 0.386754578125 0.46527343749999994 0.3857582421875 0.47916992187499996 0.3852600734375 0.48809570312500006 0.3855091578125 0.4894140625 0.384520146875 0.4894140625 0.384021978125 0.48809570312500006 0.3830329671875 0.47883789062500004 0.3827838828125 0.46527343749999994 0.38327472500000004 0.454033203125 0.3842710625 0.434521484375 0.3852600734375
0 0.4249609375 0.3535311359375 0.430068359375 0.35306227031250004 0.434697265625 0.3485567765625 0.434453125 0.3457655671875 0.43213867187500005 0.34371428593750003 0.4300390625 0.3431648359375 0.425634765625 0.34391941406250004 0.42379882812499997 0.34531868125 0.42208984374999997 0.34641025625 0.4208984375 0.3485347984375 0.42137695312499995 0.35096703281249997 0.4249609375 0.3535311359375
0 0.418681640625 0.321201465625 0.42413085937500006 0.32154578749999996 0.42900390625 0.3183076921875 0.429462890625 0.31577289375 0.42594726562499996 0.310659340625 0.42384765625 0.3100512828125 0.41998046875000006 0.310344321875 0.41814453125 0.310886446875 0.416884765625 0.3120293046875 0.415546875 0.3175091578125 0.418681640625 0.321201465625
0 0.413466796875 0.2792380953125 0.417099609375 0.28320146562500004 0.421455078125 0.2846959703125 0.42443359375 0.2841465203125 0.427587890625 0.28468131875 0.43449218749999996 0.28068864531250004 0.434990234375 0.2782417578125 0.432666015625 0.275245421875 0.4300390625 0.27477655625 0.426611328125 0.2759926734375 0.42235351562499995 0.27471062343749997 0.420703125 0.27402930468750003 0.41845703125 0.27408791250000003 0.413623046875 0.27695238125 0.413466796875 0.2792380953125
2 0.425927734375 0.34805128281250003 0.434189453125 0.34854945000000004 0.45568359375 0.34854945000000004 0.469580078125 0.34805128281250003 0.47652343750000004 0.34854945000000004 0.493056640625 0.348798534375 0.49437499999999995 0.34780219843750004 0.49437499999999995 0.34730402968749996 0.493056640625 0.34631501875000004 0.48611328125000003 0.346065934375 0.47685546875 0.346065934375 0.46991210937499994 0.34556776562499997 0.45568359375 0.346065934375 0.434521484375 0.346065934375 0.425927734375 0.34556776562499997 0.42459960937499996 0.346564103125 0.42459960937499996 0.34706227031250003 0.425927734375 0.34805128281250003
2 0.427578125 0.31431501875 0.419970703125 0.3150549453125 0.41865234375 0.3160512828125 0.41865234375 0.316542125 0.419970703125 0.3175384609375 0.421298828125 0.3175384609375 0.44014648437500004 0.3148058609375 0.454697265625 0.31331868125 0.48578124999999994 0.3120805859375 0.49172851562500003 0.3120805859375 0.496689453125 0.31257875468749996 0.49801757812499997 0.3115824171875 0.49801757812499997 0.3110842484375 0.496689453125 0.3100952375 0.49172851562500003 0.3095970703125 0.48544921875 0.3095970703125 0.45833007812500004 0.31059340625 0.444443359375 0.3118315015625 0.427578125 0.31431501875
2 0.4183203125 0.2790842484375 0.4183203125 0.2795824171875 0.41963867187500004 0.280571428125 0.434189453125 0.280571428125 0.469580078125 0.2770989015625 0.4864453125 0.2770989015625 0.48776367187499997 0.276109890625 0.48776367187499997 0.275611721875 0.4864453125 0.2746227109375 0.46924804687500005 0.2746227109375 0.434189453125 0.2780952375 0.41963867187500004 0.2780952375 0.4183203125 0.2790842484375
3 0.4566796875 0.29868131875000004 0.454365234375 0.3301904765625 0.45899414062500005 0.3616923078125 0.45734375 0.3979120875 0.45833007812500004 0.43140659374999996 0.45833007812500004 0.5018608062500001 0.45899414062500005 0.5256703296875 0.45899414062500005 0.5991062265625 0.45833007812500004 0.63581685 0.46130859375 0.662615384375 0.45833007812500004 0.680725275 0.459326171875 0.6814652015625 0.46064453125 0.6817142859375 0.4623046875 0.680725275 0.46527343749999994 0.6628571421875 0.4623046875 0.6355750921875 0.462958984375 0.5993553109375 0.462958984375 0.5256703296875 0.4623046875 0.5018608062500001 0.4623046875 0.43140659374999996 0.46130859375 0.3979120875 0.462958984375 0.36145055 0.45833007812500004 0.32994139218749996 0.46064453125 0.2984395609375 0.45734375 0.272388278125 0.45601562500000004 0.246336996875 0.455029296875 0.24559707031250003 0.453701171875 0.24534798593749998 0.45205078125 0.246336996875 0.45304687499999996 0.26791941406249997 0.4566796875 0.29868131875000004
1 0.4041015625 0.6199413921875 0.42724609375 0.6231648359374999 0.42857421875 0.6231648359374999 0.42989257812500004 0.6221758234375 0.42989257812500004 0.6216776562499999 0.42857421875 0.6206886453125 0.42724609375 0.6204395609375 0.41666992187499996 0.6194432234375 0.40310546875000003 0.6172161171874999 0.401787109375 0.618205128125 0.401787109375 0.6187032968749999 0.4041015625 0.6199413921875
1 0.42922851562500003 0.5839706953125 0.4282421875 0.5844688640625 0.42791015625 0.5852087906250001 0.42294921875 0.58967765625 0.421630859375 0.5904249078125 0.41633789062500004 0.5961245421875 0.41534179687500006 0.5966227109375 0.407734375 0.606300365625 0.407734375 0.606798534375 0.4090625 0.6077875453125 0.410712890625 0.6072893765625 0.4183203125 0.59786080625 0.42328124999999994 0.5929010984375 0.42427734375000004 0.5924029296875 0.42459960937499996 0.5916630031250001 0.430888671875 0.5864542125 0.43849609375 0.5785128203125 0.43948242187500003 0.5780146515625 0.439814453125 0.57677655625 0.43849609375 0.5757875453125 0.43783203125 0.5757875453125 0.43716796875 0.5762783875 0.4368359375 0.5760366296874999 0.42922851562500003 0.5839706953125
1 0.415673828125 0.56213919375 0.41700195312500005 0.56313553125 0.419970703125 0.56213919375 0.420966796875 0.562388278125 0.42261718750000005 0.5636263734375 0.42328124999999994 0.5636263734375 0.429560546875 0.5668571421874999 0.436181640625 0.5725567765624999 0.43650390625 0.5733040296875 0.4368359375 0.5730549453125 0.4381640625 0.5735531140625 0.43948242187500003 0.5725567765624999 0.43915039062499994 0.57131868125 0.43783203125 0.5705787546875001 0.43287109375000005 0.5661098906250001 0.43253906249999996 0.5653626375 0.43187499999999995 0.5653626375 0.42526367187499997 0.5616483515625 0.42459960937499996 0.5616483515625 0.421630859375 0.5596630031250001 0.419970703125 0.55941391875 0.41633789062500004 0.5609010984375 0.415673828125 0.5616483515625 0.415673828125 0.56213919375
1 0.42559570312500006 0.5465128203125 0.424931640625 0.5465128203125 0.41534179687500006 0.5514725281249999 0.414677734375 0.5514725281249999 0.410048828125 0.554205128125 0.404765625 0.556930403125 0.4041015625 0.556930403125 0.401787109375 0.5589157515625 0.401455078125 0.5599120875 0.40277343749999994 0.5609010984375 0.4034375 0.5609010984375 0.407080078125 0.5584175828125 0.41666992187499996 0.553457875 0.41732421875 0.553457875 0.4269140625 0.54849816875 0.427578125 0.54849816875 0.43551757812499997 0.5440293046875 0.435185546875 0.5437802203125 0.43584960937500006 0.542791209375 0.434521484375 0.5418021984375 0.43386718750000003 0.5418021984375 0.43287109375000005 0.54204395625 0.43220703125000004 0.542791209375 0.42559570312500006 0.5465128203125
1 0.430888671875 0.5365860812500001 0.43287109375000005 0.5418021984375 0.434189453125 0.542791209375 0.43485351562499996 0.542791209375 0.436181640625 0.5418021984375 0.436181640625 0.5410549453125 0.43386718750000003 0.5355970703125 0.42890625 0.5286520140625 0.4282421875 0.5279047625 0.42659179687500004 0.52741391875 0.42526367187499997 0.5284029296874999 0.42526367187499997 0.5289010984375 0.430888671875 0.5365860812500001
1 0.40277343749999994 0.506571428125 0.4090625 0.5078095234375 0.42328124999999994 0.5090549453125 0.430556640625 0.5102930406249999 0.43154296875 0.5102930406249999 0.43287109375000005 0.5093040296875 0.43287109375000005 0.5088058609375 0.430556640625 0.507567765625 0.42361328125000003 0.506571428125 0.411376953125 0.5055824171875 0.40277343749999994 0.5040879125 0.401455078125 0.5050842484375 0.401455078125 0.5055824171875 0.40277343749999994 0.506571428125
1 0.44212890624999995 0.49764102499999996 0.43915039062499994 0.5003736265625001 0.43650390625 0.5048351640625001 0.43253906249999996 0.5083076921874999 0.43220703125000004 0.5095457875 0.43353515624999994 0.510542125 0.43485351562499996 0.51004395625 0.435185546875 0.5102930406249999 0.43915039062499994 0.50632234375 0.441796875 0.5018608062500001 0.445439453125 0.49838827812500003 0.44775390625 0.49367032968749996 0.45205078125 0.486974359375 0.45205078125 0.486476190625 0.45072265624999996 0.4854871796875 0.450068359375 0.4854871796875 0.449072265625 0.48598534843749996 0.4480859375 0.48747252812499997 0.44212890624999995 0.49764102499999996
1 0.397158203125 0.46861538437499994 0.40873046874999996 0.4713479859375 0.414677734375 0.4720879125 0.424931640625 0.4720879125 0.42625976562499995 0.47109890156249995 0.42625976562499995 0.4706007328125 0.424931640625 0.46961172187500005 0.4126953125 0.4693626375 0.4090625 0.46886446875 0.397158203125 0.46613919375 0.39583007812500004 0.46712820468749994 0.39583007812500004 0.4676263734375 0.397158203125 0.46861538437499994
1 0.425927734375 0.4706007328125 0.425927734375 0.4713479859375 0.42724609375 0.472336996875 0.42791015625 0.472336996875 0.42922851562500003 0.4713479859375 0.430888671875 0.46663003593749997 0.43154296875 0.450754578125 0.430224609375 0.4497655671875 0.429560546875 0.4497655671875 0.4282421875 0.450754578125 0.427578125 0.466380953125 0.425927734375 0.4706007328125
1 0.42261718750000005 0.40213186875 0.42261718750000005 0.404117215625 0.4239453125 0.4051062265625 0.42459960937499996 0.4051062265625 0.425927734375 0.404117215625 0.42659179687500004 0.397663003125 0.42659179687500004 0.3884908421875 0.42526367187499997 0.38749450625000004 0.42459960937499996 0.38749450625000004 0.42328124999999994 0.3884908421875 0.42328124999999994 0.397663003125 0.42261718750000005 0.40213186875
1 0.391865234375 0.3763296703125 0.392529296875 0.3763296703125 0.39583007812500004 0.37831501875 0.40277343749999994 0.38054945 0.412041015625 0.38476923125 0.42228515624999996 0.3884908421875 0.4239453125 0.3887326 0.42526367187499997 0.3877435890625 0.42459960937499996 0.38650549375 0.41500976562499997 0.38327472500000004 0.40575195312499995 0.3790622703125 0.397822265625 0.3763296703125 0.39451171875 0.374344321875 0.392861328125 0.37410256406250003 0.391533203125 0.375091575 0.392197265625 0.3760805859375 0.391865234375 0.3763296703125
1 0.42459960937499996 0.34953846093749996 0.41898437499999996 0.35549450625 0.41633789062500004 0.3592161171875 0.411044921875 0.3671501828125 0.411044921875 0.36764835156250003 0.41236328125000005 0.36864468906250003 0.41402343750000004 0.3681465203125 0.421630859375 0.356981684375 0.42724609375 0.35102564062499997 0.427578125 0.3497875453125 0.42625976562499995 0.348798534375 0.42559570312500006 0.348798534375 0.424931640625 0.3492893765625 0.42459960937499996 0.34904029375 0.42459960937499996 0.34953846093749996
1 0.42559570312500006 0.4323956046875 0.436181640625 0.4363663 0.444111328125 0.4388498171875 0.44577148437499997 0.43909890156250003 0.44708984375 0.43810256406250003 0.44642578125 0.43686446874999996 0.4368359375 0.433882784375 0.42526367187499997 0.4296703296875 0.4239453125 0.430659340625 0.4239453125 0.431157509375 0.42559570312500006 0.4323956046875
1 0.421298828125 0.3445787546875 0.42459960937499996 0.3497875453125 0.42625976562499995 0.35028571406250003 0.427578125 0.3492893765625 0.427578125 0.348798534375 0.42361328125000003 0.342842490625 0.41335937500000003 0.3311794875 0.411708984375 0.33068864531250003 0.410380859375 0.33167765625 0.411044921875 0.3331648359375 0.421298828125 0.3445787546875
1 0.42459960937499996 0.3229963375 0.431220703125 0.3346520140625 0.43353515624999994 0.336388278125 0.435185546875 0.336886446875 0.43650390625 0.3358974359375 0.43650390625 0.3353992671875 0.43386718750000003 0.3331648359375 0.42724609375 0.3215091578125 0.42294921875 0.31704029375 0.42294921875 0.316542125 0.42261718750000005 0.316791209375 0.421298828125 0.31630036562499997 0.419970703125 0.3172893765625 0.420302734375 0.318527471875 0.42459960937499996 0.3229963375
1 0.392529296875 0.4351282046875 0.392529296875 0.435619046875 0.39384765625 0.436615384375 0.39517578124999997 0.436615384375 0.39880859375 0.43586813125 0.40608398437500004 0.43537728906249995 0.415673828125 0.43413186875000004 0.42294921875 0.4321465203125 0.42427734375000004 0.431157509375 0.42427734375000004 0.430659340625 0.42294921875 0.4296703296875 0.42195312500000004 0.4296703296875 0.41369140625 0.43189743593749996 0.39384765625 0.43413186875000004 0.392529296875 0.4351282046875
1 0.41700195312500005 0.30513553125000004 0.41865234375 0.313567765625 0.41898437499999996 0.314564103125 0.420302734375 0.3155531140625 0.420966796875 0.3155531140625 0.42228515624999996 0.314564103125 0.42228515624999996 0.313567765625 0.420302734375 0.304886446875 0.41700195312500005 0.29322344375 0.415673828125 0.2922344328125 0.41500976562499997 0.2922344328125 0.41369140625 0.29322344375 0.41369140625 0.2939706953125 0.41700195312500005 0.30513553125000004
1 0.41236328125000005 0.2927326 0.4090625 0.30141391875 0.4090625 0.302153846875 0.410380859375 0.3031501828125 0.411044921875 0.3031501828125 0.41236328125000005 0.302153846875 0.415673828125 0.29322344375 0.41865234375 0.2882637359375 0.420966796875 0.2800805859375 0.420966796875 0.2793333328125 0.41963867187500004 0.278344321875 0.41898437499999996 0.278344321875 0.41732421875 0.2800805859375 0.415673828125 0.28702564062499997 0.41236328125000005 0.2927326
1 0.38921875 0.271641025 0.391533203125 0.272388278125 0.39914062499999997 0.27337728906250003 0.40508789062500006 0.2748717953125 0.4183203125 0.2793333328125 0.41898437499999996 0.2793333328125 0.420302734375 0.278344321875 0.41963867187500004 0.2770989015625 0.40641601562499996 0.2726373625 0.400791015625 0.2711501828125 0.39318359375 0.270153846875 0.38921875 0.26916483593749996 0.387900390625 0.270153846875 0.387900390625 0.2706520140625 0.38921875 0.271641025
1 0.43287109375000005 0.6380512828125 0.434189453125 0.6464908421875 0.43386718750000003 0.6578974359374999 0.43253906249999996 0.6638534796875 0.43386718750000003 0.664842490625 0.434521484375 0.664842490625 0.43584960937500006 0.6638534796875 0.43716796875 0.6581465203125 0.4375 0.6464908421875 0.43716796875 0.642520146875 0.434521484375 0.6318534796875 0.434189453125 0.6311062265625 0.43287109375000005 0.630117215625 0.43220703125000004 0.630117215625 0.430888671875 0.6311062265625 0.430888671875 0.6318534796875 0.43287109375000005 0.6380512828125
1 0.43220703125000004 0.6345787546875 0.43154296875 0.63581685 0.43154296875 0.636564103125 0.43287109375000005 0.6375531140625 0.43353515624999994 0.6375531140625 0.43485351562499996 0.636564103125 0.43551757812499997 0.6348278390625001 0.43584960937500006 0.6308571421875 0.43584960937500006 0.6226739921875 0.434521484375 0.6216776562499999 0.43386718750000003 0.6216776562499999 0.43253906249999996 0.6226739921875 0.43253906249999996 0.6308571421875 0.43220703125000004 0.6345787546875
0 0.4311328125 0.670161171875 0.43963867187499994 0.6679120875 0.441025390625 0.6635091578125001 0.43873046875000005 0.660542125 0.43571289062499996 0.659699634375 0.43203125 0.660205128125 0.43005859375 0.66122344375 0.425908203125 0.6637435890625001 0.42510742187500006 0.66650549375 0.42625976562499995 0.668293040625 0.4311328125 0.670161171875
0 0.42867187500000004 0.627069596875 0.43166992187500003 0.6273699640625 0.43927734375 0.6257142859375 0.441044921875 0.6246007328125 0.441318359375 0.6217948718749999 0.438115234375 0.6199926734375001 0.43767578125 0.6180512828125 0.436162109375 0.6168498171875 0.43058593749999996 0.6162637359375001 0.428935546875 0.6169157515625 0.42776367187500003 0.6183296703125001 0.42431640625 0.619523809375 0.42306640624999997 0.6218315015625 0.423828125 0.623428571875 0.42867187500000004 0.627069596875