3 0.3669530109375 0.59789735 0.3658407546875 0.6616184781250001 0.367650765625 0.6816360796875001 0.366218584375 0.7226650328125 0.3645211203125 0.7372202484375 0.3642948640625 0.7501825 0.3655210828125 0.762624875 0.3650687171875 0.7885408593750001 0.3633994984375 0.8014779234375 0.3646068375 0.8150019046875 0.3667373546875 0.8166577390624999 0.369602403125 0.8172529765625001 0.3732418859375 0.8151526312499999 0.3720459078125 0.801628846875 0.373703765625 0.788691584375 0.37415613125 0.7627756 0.3731581640625 0.7379077171875 0.37484426718749997 0.723352303125 0.37629717500000004 0.681787003125 0.3744871640625 0.6617694015625 0.37559942031250004 0.5980482734375 0.3736366734375 0.58612975 0.3725914359375 0.5639701421875001 0.3730344359375 0.5385907046875 0.3699888390625 0.5066672718749999 0.37131740625 0.47157438125000006 0.36999693749999996 0.46453152343750004 0.3686488046875 0.41805287656249995 0.36673503125 0.40397985312499995 0.3668185 0.35752619375 0.3662347078125 0.34995096718749996 0.364104190625 0.348295134375 0.3612277796875 0.3476997 0.357588296875 0.34980004375 0.358691875 0.36926860625 0.35807925625000003 0.4043654765625 0.3605673078125 0.42655878593749996 0.3613411625 0.46491714531249995 0.36266148125000003 0.4719685203125 0.36134242968749997 0.5065163484374999 0.364388025 0.5384397812499999 0.363945025 0.56381921875 0.3649902640625 0.5859788265625 0.3669530109375 0.59789735
1 0.3983971375 0.406687871875 0.4064388796875 0.3998084328125 0.4159142171875 0.39349072500000004 0.415933096875 0.39240911875 0.42107203281250005 0.38709765625000003 0.42109091249999997 0.38601604843750004 0.4182426 0.3838109765625 0.41681099843749997 0.3837859875 0.41534915781250004 0.3848424078125 0.41463150937500004 0.3842846546875 0.41168157812499995 0.3885523890625 0.39050413906250003 0.40439474375 0.3795953515625 0.4101422046875 0.3781523890625 0.41011701718750004 0.3788701859375 0.41066625468750007 0.377389465625 0.41280428125 0.38022626875 0.415017671875 0.3838375046875 0.414535478125 0.3983971375 0.406687871875
1 0.3942567484375 0.39581327499999996 0.39030685625 0.374676384375 0.3875151796875 0.36922649218750003 0.38466686562499997 0.3670214203125 0.3832352671875 0.36699643125 0.38031173281249997 0.36910075625 0.38028348749999996 0.3707189078125 0.383084528125 0.3756322546875 0.3877124625 0.3989448515625 0.3904854078125 0.4054678359375 0.3918057265625 0.4125192109375 0.394654040625 0.41472428125 0.3960856390625 0.4147492703125 0.399009175 0.412644946875 0.39903756874999996 0.41101827812499997 0.3942567484375 0.39581327499999996
2 0.3975878484375 0.7831706109375001 0.39038439999999996 0.7830448750000001 0.35432755312499997 0.7840341453125 0.33271720781249997 0.7836569359375 0.3298048859375 0.785769971875 0.32978600625 0.7868515796875 0.3326229578125 0.789056453125 0.354960465625 0.78944635625 0.367227478125 0.788578540625 0.3974936 0.7885701296875001 0.4004059203125 0.786457090625 0.40042465156249996 0.785384 0.3975878484375 0.7831706109375001
0 0.40267522031249997 0.784068734375 0.3943565859375 0.78011545625 0.3846922765625 0.780330128125 0.38261192187500004 0.781009428125 0.3784641046875 0.7842339515625001 0.3774513671875 0.7869083375 0.37889845 0.789301928125 0.384234278125 0.791593015625 0.3883760421875 0.790668565625 0.39154215 0.7909453296875 0.3975187671875 0.7936394828125 0.39979308125 0.79356843125 0.40172915 0.7926906734375 0.40461655781249994 0.7880981171875 0.40267522031249997 0.784068734375
0 0.3946390515625 0.36284218125 0.3921616453125 0.3621770390625 0.38285809375 0.362559871875 0.38076964687500003 0.3630516078125 0.37804402187499997 0.364886771875 0.375571671875 0.36848982812500003 0.3771725984375 0.3724877125 0.38014871875 0.37453314843749996 0.3869363625 0.37569096874999997 0.39089270468750004 0.374320284375 0.39259650156250003 0.3724246890625 0.39746551406249997 0.37085695625000004 0.3984080625 0.368948071875 0.39793149843750003 0.36629880625 0.3946390515625 0.36284218125
0 0.3894808890625 0.40962470156249997 0.384004703125 0.4075611828125 0.3797938125 0.407888084375 0.3774820578125 0.4088018796875 0.372379375 0.4133387296875 0.3728052234375 0.415637825 0.3760040375 0.41859870312499997 0.39410503750000003 0.4188294640625 0.399024615625 0.41762041875 0.4008102390625 0.416245921875 0.40130937656250004 0.41434633749999994 0.3998925984375 0.4115187953125 0.3949828109375 0.408911415625 0.3923397984375 0.4086182265625 0.3894808890625 0.40962470156249997
0 0.399305178125 0.47317040312499997 0.3956258734375 0.471691996875 0.3869813109375 0.47208633281249995 0.38431109375 0.47335167968749997 0.381762184375 0.476783015625 0.3822029421875 0.48018134375 0.3839320765625 0.48204315 0.3867123890625 0.48293508125000006 0.3908743484375 0.482155809375 0.393052925 0.483011678125 0.397807915625 0.48341840625000004 0.40027516875 0.4827117828125 0.40315385 0.4805726 0.4036746921875 0.47742959375 0.399305178125 0.47317040312499997
2 0.3820941828125 0.4733896546875 0.3568916296875 0.4724045140625 0.345378175 0.47112160937500003 0.342465853125 0.4732346484375 0.3424469734375 0.47431625625 0.345283925 0.476521128125 0.34960329843750004 0.4771417515625 0.3812841359375 0.47877667968750004 0.3942198234375 0.4806211171875 0.399264509375 0.48070917343749997 0.40217683125 0.47859613437500004 0.4021957109375 0.47751452656250004 0.399358759375 0.47530965468749997 0.3820941828125 0.4733896546875
0 0.40988837343749995 0.715921890625 0.40442784062500003 0.714915025 0.4006441578125 0.7161609343750001 0.397842375 0.7158479343749999 0.394948571875 0.7162489390625 0.39013709375 0.7190785171875 0.3888662796875 0.722864409375 0.390786846875 0.725479246875 0.3947770859375 0.7267245421874999 0.39873854531249997 0.7257117546875 0.4009408875 0.726508403125 0.4062071625 0.72692405625 0.4086750109375 0.7261833671875 0.41213070625 0.7235431046875 0.41345677812500004 0.719195909375 0.40988837343749995 0.715921890625
2 0.39540745 0.412582078125 0.3925592859375 0.41036849062499997 0.3896847234375 0.4103183140625 0.3752495828125 0.41168499374999995 0.35000727187499997 0.4123263234375 0.34061681718750003 0.4137810578125 0.337693134375 0.4158938984375 0.3376742546875 0.4169755046875 0.34052256875000003 0.4191805765625 0.3426813296875 0.4192182578125 0.3506401859375 0.417738534375 0.3924650375 0.4157680078125 0.3953885703125 0.413663684375 0.39540745 0.412582078125
2 0.34435098124999997 0.3652357671875 0.341427446875 0.367340090625 0.3414085671875 0.3684216984375 0.34425673125 0.370635284375 0.35001721875 0.370735834375 0.3918327046875 0.3693018546875 0.3947562390625 0.36719753125 0.39477511875000004 0.3661159234375 0.391926953125 0.3639023375 0.3847235046875 0.3637766 0.34435098124999997 0.3652357671875
0 0.3956150625 0.53481896875 0.39226174999999996 0.5341981703124999 0.3883518328125 0.5348625734375 0.38587446875000003 0.5361483234375 0.3833626609375 0.536803053125 0.37857055 0.540476365625 0.3780526171875 0.5428015828125 0.3796878828125 0.544832134375 0.38355766406249997 0.5464672125 0.3874175265625 0.54606603125 0.3907962390625 0.546533928125 0.39781190624999996 0.5450462609375 0.3997989234375 0.54385418125 0.4011755390625 0.541169109375 0.4009832359375 0.5391637453125 0.3956150625 0.53481896875
0 0.40564709375 0.59622998125 0.39725565625 0.5938429625 0.39071659375 0.595373025 0.38659063125 0.5973456109375 0.385240984375 0.5991366390625 0.38612239375 0.60333494375 0.38820672031250003 0.6050325671875 0.3923909390625 0.605582678125 0.39609708593750004 0.6048721234375 0.4000914015625 0.60653493125 0.402701071875 0.6067849437499999 0.40913492500000004 0.6041199921875 0.41053290625 0.6028154015625 0.4104366375 0.5998660828125 0.40564709375 0.59622998125
0 0.38199340937500004 0.6504080437499999 0.3789879828125 0.6513438093749999 0.3758553265625 0.6537085765625 0.3750776421875 0.6552880890624999 0.3762704296875 0.659227734375 0.380952534375 0.6618566984375 0.387679759375 0.6612670281249999 0.39178380625 0.6598989234375 0.3978476640625 0.6543395109375 0.397732471875 0.6505209046875 0.392350771875 0.6469511390625 0.387094075 0.646637884375 0.38199340937500004 0.6504080437499999
2 0.33533843124999996 0.7161796265625 0.332414746875 0.7182924671875 0.33239586718749997 0.7193740734375 0.33524418125 0.721579146875 0.34603047343750004 0.72284935625 0.400067696875 0.7237925796875 0.4051103859375 0.7233438921875 0.40803406875 0.7212310515625 0.4080529484375 0.720149446875 0.405204634375 0.717944375 0.346124721875 0.7174498390624999 0.33533843124999996 0.7161796265625
2 0.4055822125 0.655292359375 0.40273404843750005 0.6530787703125001 0.39409899843749996 0.6529280453124999 0.373185575 0.6536449375 0.3630679578125 0.655086978125 0.3465023 0.6547978234375 0.3435786171875 0.6569106640625 0.3435597375 0.657992271875 0.3464080515625 0.6601973421875 0.362973709375 0.660486496875 0.3738071265625 0.65905695 0.40263979843750003 0.6584782890625 0.4055633328125 0.656373965625 0.4055822125 0.655292359375
2 0.340297978125 0.5974320843750001 0.34313478124999996 0.599645475 0.392805509375 0.6026678328124999 0.40000895625000005 0.6027935703125 0.40293249218750005 0.600689246875 0.40295137187499996 0.599607640625 0.40010320625 0.5973940515625 0.34322903125000004 0.5942459546875 0.3403168578125 0.596350478125 0.340297978125 0.5974320843750001
1 0.4250989640625 0.5692058921875 0.42443028906249997 0.5664936390624999 0.41729284375000003 0.5625865359375 0.40733548124999996 0.55484769375 0.40026389218749997 0.5471677406250001 0.39608774062499996 0.5389931015625 0.392504896875 0.537848625 0.38958136250000003 0.53995295 0.38955296875 0.5415796171875 0.39372911875 0.5497542578125 0.40011315312500007 0.5558035640625001 0.40009427343750004 0.5568851703125001 0.406506553125 0.5613163250000001 0.40790039218749996 0.5635045265625 0.4150378375 0.5674116296875 0.418594434375 0.5707110015625 0.4221866421875 0.5713189296875 0.4250989640625 0.5692058921875
1 0.4049504609375 0.5677722625 0.4035075 0.5677470765625 0.400583815625 0.569859915625 0.399641909375 0.5828011546874999 0.3965768515625 0.5930132718750001 0.39289024375000003 0.597813378125 0.3928713640625 0.5988949828125001 0.395719678125 0.60110005625 0.3993402828125 0.6000813171875 0.403026740625 0.595289728125 0.40683584218749996 0.583471953125 0.40778726406250004 0.5699856515625 0.4049504609375 0.5677722625
1 0.4340572 0.6341847390625001 0.4333771640625 0.6314722875000001 0.429116278125 0.6281521031249999 0.42492124843749995 0.6210590703125 0.40862697499999995 0.6045711609375 0.4065248515625 0.6012886609375 0.4043849671875 0.6001693718750001 0.40368605156250004 0.598538528125 0.40296073750000005 0.59907109375 0.40009369218749996 0.5979391140625 0.39718151874999996 0.6000436359375 0.3978501953125 0.6027558890625 0.399990078125 0.6038751765625 0.40634571875000003 0.6115511515625001 0.41486012031249997 0.6192648078125 0.42471387031249996 0.6329397140624999 0.42685375312499996 0.6340590015625 0.4275413078125 0.6356896484375001 0.4282779828125 0.6351572796875 0.431133665625 0.6362890625000001 0.4340572 0.6341847390625001
1 0.394899534375 0.648086084375 0.3949844171875 0.6432231109375001 0.3907989015625 0.635585015625 0.3879505875 0.6333799453125 0.3837443453125 0.626278196875 0.3801615 0.6251337203125 0.377249178125 0.627246759375 0.3772302984375 0.6283283671875 0.3821336109375 0.6365157 0.3849704140625 0.6387290890624999 0.387762090625 0.64417898125 0.3877056 0.6474152859375 0.38548083437499997 0.6511589703125 0.38831763750000003 0.6533723593749999 0.3897605984375 0.653397546875 0.391938240625 0.652353621875 0.394899534375 0.648086084375
1 0.448293896875 0.685207584375 0.4425711703125 0.6829438203125 0.43545260468749997 0.677955109375 0.42544796875 0.67292454375 0.4062226421875 0.6596227640625 0.39628600625 0.651347575 0.393428328125 0.6496790484375 0.3898361171875 0.64907111875 0.3869124328125 0.6511839593750001 0.38831763750000003 0.6533723593749999 0.387592471875 0.6538964109375 0.38903543281249997 0.653921596875 0.4189151921875 0.676047803125 0.42035815468750004 0.676072990625 0.44245804218749996 0.6894249453125 0.44605040156250003 0.6900243578125 0.4489739359375 0.6879200359375 0.44756873124999996 0.685731634375 0.448293896875 0.685207584375
1 0.4528295796875 0.71445644375 0.43052231562500004 0.7129851328125001 0.40236783125000003 0.715730984375 0.39944415 0.717843825 0.39942527031249997 0.71892543125 0.4022735828125 0.721130503125 0.404432346875 0.721168184375 0.4123798390625 0.7196882625 0.43042806562499997 0.7183846515625001 0.45273533125 0.7198559625 0.4556590140625 0.717743121875 0.45567789375 0.716661515625 0.4528295796875 0.71445644375
1 0.40446995625 0.7190134875 0.40080237656250006 0.72272346875 0.38791323125 0.7592332125000001 0.3870936671875 0.7651652984374999 0.38993061875 0.7673701734375 0.39137358125 0.767395359375 0.394297115625 0.7652910359375 0.399671821875 0.7464722609375001 0.40795855156250005 0.72555748125 0.4087498703125 0.721243546875 0.40591291875 0.7190386734375 0.40446995625 0.7190134875
1 0.369009096875 0.8102228109375 0.369753290625 0.8086086375000001 0.3756005078125 0.8043914734375001 0.3814081171875 0.8017922640625 0.3989271953125 0.7891318609375 0.39968060625 0.7869896578125 0.396832440625 0.7847760703125 0.3954008421875 0.7847510828125001 0.37425179375 0.79896676875 0.36844418437500004 0.801565978125 0.3676887765625 0.8031714375 0.361852771875 0.8073973156250001 0.356035796875 0.8105330703125 0.354592834375 0.810507884375 0.3552992703125 0.8110569234374999 0.3538185484375 0.81319495 0.3566667125 0.8154085390624999 0.3602779515625 0.8149263437500001 0.369009096875 0.8102228109375
1 0.4197537390625 0.7927412 0.396832440625 0.7847760703125 0.39392011875 0.7868891078125 0.393901240625 0.787970715625 0.3953159578125 0.7896140546875 0.402462915625 0.792976096875 0.42037728750000003 0.7986899562499999 0.4311542140625 0.8004967125 0.4340287765625 0.8005468890625 0.4369523109375 0.798442565625 0.436971190625 0.7973609578125 0.434123025 0.7951473703125 0.4197537390625 0.7927412
1 0.366856259375 0.3553629796875 0.361142896875 0.352562671875 0.35190318125000003 0.34538158281250003 0.3483203359375 0.3442371078125 0.3453966515625 0.3463499484375 0.3460862046875 0.3485173390625 0.3674231671875 0.36455655625 0.3688547671875 0.3645815453125 0.3731271640625 0.3678934125 0.38098977343749996 0.3712764625 0.3824327359375 0.37130165000000004 0.38535641875 0.3691888109375 0.38396057968749997 0.366463865625 0.37395594375 0.361433296875 0.366856259375 0.3553629796875
2 0.3860078828125 0.538271928125 0.362935696875 0.5389511390624999 0.3420505171875 0.538049878125 0.339126984375 0.5401542 0.3391081046875 0.5412358078125 0.34195626875 0.5434493953125 0.3635572484375 0.5443631515625 0.39671880625 0.5438600515625 0.399642340625 0.541755728125 0.3996612203125 0.540674121875 0.3968130546875 0.5384605328125 0.3860078828125 0.538271928125
1 0.3909865640625 0.54214135 0.392429528125 0.5421665359375 0.43301879374999996 0.5282901796874999 0.43450888125000003 0.5256156078124999 0.43166071562499997 0.5234020203124999 0.4302291140625 0.52337703125 0.3896284875 0.537253190625 0.3881384015625 0.5399277625 0.3909865640625 0.54214135
1 0.3957570359375 0.47524678593749997 0.3928335015625 0.47735110937499997 0.3928051078125 0.478977778125 0.3968230015625 0.4968700453125 0.39794361093749997 0.5147117406249999 0.4007917765625 0.5169253296874999 0.4022347375 0.5169505156249999 0.40514705781250004 0.514837478125 0.404035815625 0.4964592375 0.4000369484375 0.47747684531249995 0.397199996875 0.4752719734375 0.3957570359375 0.47524678593749997
1 0.3943140734375 0.47522159999999997 0.3928711109375 0.4751964125 0.3899475765625 0.477300734375 0.3877228109375 0.4810444203125 0.382366984375 0.4987815890625 0.3815382046875 0.5052417015625 0.38438636875 0.507455290625 0.3858179703125 0.507480278125 0.388741653125 0.5053674390625 0.394163334375 0.48385742187499997 0.39713399374999997 0.47905333906249997 0.3971623875 0.47742667031249997 0.3943140734375 0.47522159999999997
1 0.3814996109375 0.4247602875 0.3831404359375 0.4134498921875 0.38029227187500003 0.4112363046875 0.378860671875 0.41121131718750004 0.3759369875 0.41332415468750006 0.37518357812500003 0.415466359375 0.37274007343750004 0.4310904890625 0.36823405 0.44181416249999994 0.36820580468749997 0.44343231562499996 0.3710539703125 0.44564590312499996 0.37248557187500003 0.4456708921875 0.375409253125 0.44355805156250006 0.3791617171875 0.4349850984375 0.380000159375 0.4279714046875 0.3814996109375 0.4247602875