1 0.457802409375 0.3644568546875 0.46113593281250004 0.35992388124999997 0.46103914531249995 0.35937497343749997 0.46465299687500006 0.3542265953125 0.466898275 0.3498855109375 0.467571784375 0.34948376406250004 0.4694507234375 0.34520727500000004 0.46935393750000004 0.3446583671875 0.4677072 0.34382510312500003 0.46697452031250003 0.34395429375000003 0.46598306406249995 0.3446950890625 0.4643629015625 0.34835997343749997 0.46134732500000003 0.3525538953125 0.4614441125 0.3531028046875 0.4552778125 0.3629294171875 0.454592103125 0.36332499218750003 0.4544677328125 0.364761859375 0.45612524218750006 0.365593225 0.457483040625 0.36478783125 0.4578977734375 0.364997690625 0.457802409375 0.3644568546875
1 0.5014860171875 0.5844761593750001 0.5024896734375 0.583741534375 0.50432021875 0.5791905890625 0.5069318359375 0.574784909375 0.5068350484375 0.5742359984375 0.5051775359375 0.5734046359375 0.5044448578125 0.573533828125 0.5022755562500001 0.5761635890625 0.4989614203125 0.582948721875 0.49615764999999995 0.58626465625 0.4959364921875 0.587152615625 0.4939897734375 0.588902490625 0.493863978125 0.5903312859375001 0.49552291249999997 0.5911707234375 0.49729544375 0.5905751890625 0.4975166015625 0.5896872296875 0.49946332031249996 0.58793735625 0.5014860171875 0.5844761593750001
1 0.495503525 0.5889185640625 0.49423031875 0.590266690625 0.49432710625 0.5908156015625 0.495984615625 0.5916469640625001 0.5189200859375 0.5873281578125 0.5239789 0.5861531640625001 0.525239909375 0.5847988625 0.5251445453125 0.5842580265625 0.5234963859375 0.583416690625 0.518389178125 0.584317228125 0.495503525 0.5889185640625
2 0.46206324531250004 0.4056959421875 0.46196645781249995 0.40514703125 0.46031972187500003 0.4043137671875 0.45323563125 0.404713921875 0.42660056874999996 0.409410403125 0.4001106859375 0.4149302453125 0.3934714921875 0.41779051875000006 0.3921997078125 0.41914671875 0.392295071875 0.41968755625 0.39395400625 0.4205269921875 0.3950422515625 0.4203351046875 0.400959540625 0.4176021234375 0.42744942343750003 0.4120822796875 0.4537181453125 0.40745039531250005 0.4608022359375 0.4070502421875 0.46206324531250004 0.4056959421875
0 0.4472171140625 0.3705182046875 0.4512131046875 0.3698052796875 0.45651351875 0.3711345765625 0.46165443125000005 0.368913034375 0.463129240625 0.36543191875000003 0.462095978125 0.3622182578125 0.460315446875 0.3606262078125 0.45750199687500004 0.36010686875000003 0.451249425 0.3614424140625 0.4483619890625 0.361385571875 0.44390904999999997 0.364043459375 0.4428946765625 0.366544484375 0.4445939359375 0.369565803125 0.4472171140625 0.3705182046875
2 0.45898601875 0.3648058046875 0.4588906546875 0.3642649671875 0.4572424953125 0.36342363125 0.43858619218749995 0.366430253125 0.4157489328125 0.371306040625 0.4010234171875 0.3753091625 0.3859907296875 0.379649434375 0.384729721875 0.381003734375 0.38482650937499996 0.3815526453125 0.38647324375 0.3823859078125 0.3879386046875 0.38212752499999997 0.41659778750000004 0.3739779203125 0.4394350453125 0.36910213125 0.457725009375 0.36616010625 0.45898601875 0.3648058046875
0 0.4517818671875 0.3180264359375 0.4494122140625 0.3175037515625 0.44620461406249995 0.31827741875000004 0.43965738125 0.32336040625 0.4376098609375 0.32617677500000003 0.43764204375000004 0.328060459375 0.43872220625 0.3293348765625 0.440917028125 0.3300631734375 0.44416125156249997 0.3301902765625 0.44677826718749997 0.3291545265625 0.450991615625 0.3294852890625 0.4556872796875 0.32637676875 0.4562698375 0.3235690171875 0.45461081718749996 0.3200828296875 0.4517818671875 0.3180264359375
0 0.44638571875000005 0.286226253125 0.4436131484375 0.28619077187499997 0.4392941578125 0.2881591859375 0.4376851125 0.2898079046875 0.43749672031250003 0.291763775 0.44213713125 0.29628069687499997 0.44965773281250004 0.296843971875 0.45145363437499997 0.29600294531250004 0.45393723750000003 0.29351751875 0.45414562812500003 0.2875796484375 0.45300995625 0.285990415625 0.451251003125 0.28527681718750003 0.44638571875000005 0.286226253125
2 0.44329672656249997 0.326988478125 0.45008110312499994 0.3249515703125 0.4513528875 0.32359536875 0.4512561 0.323046459375 0.4495985875 0.3222150953125 0.4481440046875 0.322471578125 0.4298734265625 0.327665765625 0.4023314953125 0.333645778125 0.38438028750000003 0.3385089859375 0.37472436249999996 0.3413352140625 0.37345257656249997 0.342691415625 0.373547940625 0.343232253125 0.37520687656249996 0.3440716890625 0.37702780156250004 0.34375061093750003 0.40318034999999997 0.33631765625 0.4256620421875 0.3315045640625 0.44329672656249997 0.326988478125
2 0.45011712812500004 0.2888642796875 0.44845961562500003 0.288032915625 0.44031744375 0.2908752171875 0.43703115937500003 0.291454678125 0.4192225546875 0.2929052109375 0.369508265625 0.30110520625000003 0.3616746859375 0.303618428125 0.36041225468750004 0.3049646578125 0.3605090421875 0.305513565625 0.362155778125 0.30634683125 0.37035711875 0.303777084375 0.41970506875 0.295641684375 0.4327244109375 0.294752640625 0.44115552343750003 0.29354899375 0.44894070625 0.2907613171875 0.450213915625 0.2894131890625 0.45011712812500004 0.2888642796875
3 0.4395380953125 0.47421390937499996 0.43356031093749997 0.436090796875 0.4105690078125 0.30570063593749996 0.406665925 0.287786571875 0.40542314843750005 0.2871650671875 0.40392016875000003 0.2871470953125 0.40228062031249995 0.28855981875 0.40619447812500004 0.306471984375 0.42918578281249997 0.4368621453125 0.435152790625 0.47498715625 0.456119828125 0.5981185499999999 0.472284346875 0.677001828125 0.47351635 0.6776252328125 0.47503010312500005 0.67764130625 0.47665887656250006 0.67623048125 0.46049435625 0.597347203125 0.4395380953125 0.47421390937499996
2 0.46811131406250006 0.5168008515625 0.4242759546875 0.52425554375 0.415207528125 0.5261292171874999 0.4139357421875 0.52748541875 0.4140325296875 0.5280343265624999 0.4156900421875 0.528865690625 0.4682274875 0.519601921875 0.47805733281249996 0.5198412453125 0.47914557812499997 0.5196493578125 0.48041878593750004 0.5183012296875 0.48032199843749995 0.5177523203125001 0.4786630640625 0.516912884375 0.46811131406250006 0.5168008515625
1 0.49410785781250005 0.45725907499999996 0.49537029062500004 0.455912846875 0.49481037656250004 0.4548796234375 0.49145773437500007 0.45294054062500005 0.4859648 0.451653515625 0.4695149984375 0.44581473125000004 0.46764568124999994 0.4458613546875 0.46637389687499997 0.44721755625000004 0.467298728125 0.44817811093750004 0.46698078125000003 0.44851716093749994 0.4677134609375 0.44838796875 0.47494992187499996 0.45105716874999996 0.47568260156250003 0.450927978125 0.48210036875 0.453175559375 0.482967453125 0.45387163125 0.4884711640625 0.4551567578125 0.493375178125 0.457388265625 0.49410785781250005 0.45725907499999996
1 0.5011125125 0.6079384453125 0.49984072968750004 0.609294646875 0.4975675984375 0.6198414031249999 0.4975565546875 0.624063196875 0.499215490625 0.6249026328125 0.49993739374999996 0.6247753421875 0.5012091796875 0.623419140625 0.501479 0.6185857421875001 0.5036371109375 0.60946588125 0.503493353125 0.608650590625 0.50183441875 0.607811153125 0.5011125125 0.6079384453125
1 0.47102381718749997 0.381851475 0.4694434375 0.383536753125 0.462216890625 0.398061471875 0.45870917968749997 0.4037487875 0.45826686250000004 0.4055247046875 0.45992437500000005 0.4063560703125 0.46164851249999994 0.40548608281250004 0.46282493125 0.4035890453125 0.4727007140625 0.3849349984375 0.4734032328125 0.38255554531249997 0.471756496875 0.3817222828125 0.47102381718749997 0.381851475
1 0.471720203125 0.422029465625 0.4700626921875 0.42119810312499995 0.46933001093750004 0.42132729375 0.467798028125 0.423287028125 0.465476503125 0.43355932968750005 0.4651683234375 0.44038040624999997 0.46416724531250003 0.44535106874999997 0.464311003125 0.4461663609375 0.4659591640625 0.4470076953125 0.4666918421875 0.4468785046875 0.468175434375 0.444644315625 0.4691667453125 0.433191628125 0.47186538437500003 0.4228528296875 0.471720203125 0.422029465625
1 0.4791197828125 0.4021224375 0.4762966265625 0.4031862125 0.46056026718750004 0.40567796874999995 0.45928848125000005 0.4070341703125 0.4593838453125 0.4075750078125 0.46104278125000003 0.40841444375 0.4771454796875 0.40585809062499995 0.48105688124999996 0.40460242968750004 0.48231931406250006 0.40325620000000006 0.4822225265625 0.4027072921875 0.48057436718749996 0.40186595468749997 0.4791197828125 0.4021224375
1 0.49938329374999996 0.534117209375 0.49971947187500004 0.5318023546874999 0.4980727359375 0.530969090625 0.49734005625 0.53109828125 0.49634859843749995 0.5318390765625 0.4928494984375 0.539780453125 0.492195375 0.542434359375 0.489901703125 0.546500990625 0.489998490625 0.5470498984375001 0.4916452265625 0.5478831625 0.4933801375 0.547011275 0.4939582859375 0.5460686921875 0.4961551703125 0.5414531515625 0.49682006875000007 0.5387973453125 0.49938329374999996 0.534117209375
1 0.5015222859375 0.5185252953124999 0.49772448125 0.5183459874999999 0.48868648437499995 0.5182500265625001 0.4786824515625 0.5191650453125 0.47581090000000004 0.5199543656250001 0.47454989062499997 0.521308665625 0.4746452546875 0.521849503125 0.47629341406250003 0.5226908375 0.482084909375 0.5213866546875 0.490670553125 0.5209964 0.5009043578125 0.521447484375 0.5020033765624999 0.5212536984375 0.5032658109375 0.5199074687499999 0.5031690234374999 0.519358559375 0.5015222859375 0.5185252953124999
1 0.4615702078125 0.5351498921875 0.4707726265625 0.527609484375 0.4767371546875 0.5209229921875 0.47664036718749997 0.5203740828125001 0.47499220781249996 0.5195327468750001 0.4738931875 0.5197265328125 0.46687945781250006 0.5268893390625 0.4593043875 0.5330108515624999 0.454235953125 0.5384157093749999 0.4479824859375 0.5434635484375 0.44839721875 0.54367340625 0.4478566921875 0.5448923437500001 0.449515625 0.5457317796875001 0.45128815624999996 0.5451362468750001 0.45219502343749995 0.5438527140625 0.4565017734375 0.5405547515625 0.4615702078125 0.5351498921875
1 0.479452578125 0.4829566359375 0.47954936562499995 0.483505546875 0.48119610156250003 0.48433880937499996 0.49410930468750003 0.4829108265625 0.5032354781249999 0.4813016359375 0.5044964875 0.4799473359375 0.5044011234375 0.4794064984375 0.5027529640624999 0.4785651625 0.49362679062500003 0.48017435312499995 0.48071358750000004 0.4816023359375 0.479452578125 0.4829566359375
1 0.48719795625 0.45650488593749994 0.48646527656250005 0.456634078125 0.48547381874999995 0.4573748734375 0.48466373906250004 0.45920731562499995 0.4786521171875 0.48055921250000005 0.4787972984375 0.48138257656250005 0.48044403593749996 0.482215840625 0.48117671562500003 0.48208664843750004 0.4827087 0.480126915625 0.48574351875 0.46747326093749997 0.4890006484375 0.4581596125 0.488856890625 0.45734432187499996 0.48719795625 0.45650488593749994
1 0.4551230109375 0.3663359203125 0.4552197984375 0.366884828125 0.456866534375 0.36771809375000003 0.46487545468749997 0.3682784953125 0.4739908546875 0.3666712046875 0.47526406093749995 0.3653230765625 0.4751672734375 0.3647741671875 0.4735097625 0.363942803125 0.4651162703125 0.3654228015625 0.4563840203125 0.36498161875 0.4551230109375 0.3663359203125
1 0.504790509375 0.5562772125000001 0.5001076546875 0.5531577453125001 0.5000108671875 0.552608834375 0.49922979375 0.552463571875 0.4931105859375 0.5476247796875 0.49301379843750004 0.5470758703125 0.492695853125 0.5474149203125 0.491135128125 0.5471324656250001 0.4898726953125 0.54847869375 0.49047958124999996 0.5497783015625 0.49126065468749996 0.5499235625 0.4973798609375 0.5547623546875 0.49747665 0.555311265625 0.5021595046875 0.5584307328125 0.50533938125 0.5615322296875 0.50726786875 0.5617581609375 0.5085303 0.56041193125 0.5084335125 0.559863021875 0.504790509375 0.5562772125000001
2 0.45949273437500004 0.4487055546875 0.468656525 0.44737271874999995 0.46992973437499996 0.446024590625 0.46983294531249997 0.44547568125000003 0.468175434375 0.444644315625 0.45864530312499996 0.4460417484375 0.447206071875 0.449465409375 0.43490117812499995 0.4522010703125 0.40322668593750005 0.46032470468750003 0.4010863921875 0.460976759375 0.39981460625 0.46233296093750004 0.39991139375 0.4628818703125 0.40156890624999997 0.463713234375 0.40338983125 0.46339215625 0.416283646875 0.4597120125 0.451292815625 0.45128337187499995 0.45949273437500004 0.4487055546875
0 0.45071469531249997 0.4094448625 0.4539166453125 0.409962284375 0.45597263593750004 0.4112893609375 0.46161456718749994 0.41190923125 0.4653064171875 0.41098359375 0.4673778921875 0.40710595937500005 0.46502966093750003 0.402609346875 0.461229378125 0.401281878125 0.4581193453125 0.401663796875 0.45590196250000004 0.4011225859375 0.44953839999999995 0.40271075312500004 0.447978971875 0.40476687968749997 0.44825023281250004 0.40668331718750006 0.45071469531249997 0.4094448625
0 0.4630419953125 0.45163371718749995 0.46645417499999997 0.4527133390625 0.469021615625 0.45259355625 0.47400553125 0.4488515875 0.47453337656250005 0.4452294890625 0.4709544109375 0.44156580312499993 0.46482357656250006 0.4417645796875 0.4612815890625 0.44372915781250005 0.4603589515625 0.44769553125000006 0.4630419953125 0.45163371718749995
2 0.48217894843750003 0.481343953125 0.4805214359375 0.4805125890625 0.46938218750000005 0.4813531109375 0.4653739984375 0.4820598625 0.4289088203125 0.4907369140625 0.40637873437499994 0.4952755515625 0.40511772500000004 0.49662985312499996 0.40521308906250003 0.49717068906249995 0.40686124843749993 0.49801202499999997 0.413067478125 0.4969177 0.4351720546875 0.492171103125 0.46585508906250006 0.48478826562500005 0.48100395 0.4832490640625 0.4822757359375 0.48189286249999996 0.48217894843750003 0.481343953125
0 0.48128124375 0.47688288281249996 0.47241323749999997 0.4778139921875 0.46965045781250003 0.47884215 0.46674239999999995 0.4822597046875 0.4668219515625 0.48416000625000005 0.46927543906249997 0.487048334375 0.4720484375 0.48771630000000005 0.47582383906250003 0.48663443749999996 0.4814907921875 0.4877742546875 0.4863023875 0.4862683109375 0.4875174078125 0.48358208906250005 0.48642474843750005 0.47933850468749994 0.485061996875 0.4778475765625 0.48128124375 0.47688288281249996
0 0.4720497015625 0.5139340609375 0.4687750171875 0.514894340625 0.466349984375 0.5180269703125 0.46613211562499995 0.520004684375 0.4677681625 0.5234866015625 0.469517778125 0.524651296875 0.4738791421875 0.525380440625 0.48042246093749996 0.5250007328125 0.48228766562500003 0.5234816328125 0.4830401984375 0.5212598265625 0.48192314375 0.5170038984375 0.47682760625 0.5141902468749999 0.4720497015625 0.5139340609375
2 0.4949315109375 0.5473037015625 0.4948347234375 0.5467547921875 0.4931879859375 0.5459215296875 0.489901703125 0.546500990625 0.46674507500000006 0.5517077546875 0.43575487031250004 0.5594277437499999 0.4207598015625 0.5640443687500001 0.41949879218749997 0.5653986703125 0.41959557968750005 0.5659475796875 0.421242315625 0.5667808437499999 0.422707675 0.5665224609374999 0.4430687296875 0.560393690625 0.46722758906250006 0.5544442296875001 0.4936705 0.548658003125 0.4949315109375 0.5473037015625
2 0.4990195796875 0.5897052031250001 0.49737284375 0.5888719390625 0.49477084531250004 0.5890477546875 0.486280565625 0.58997884375 0.47424522500000005 0.5921009984375 0.447803734375 0.5978952984375 0.42809680625 0.6013701609375001 0.42683437343749997 0.602716390625 0.42693116093750005 0.6032653 0.428577896875 0.6040985640625001 0.44864039218749996 0.6005610046875 0.475083303125 0.594774778125 0.48639673906249997 0.5927799140625 0.497853934375 0.591600340625 0.4991163671875 0.5902541125 0.4990195796875 0.5897052031250001
0 0.483684515625 0.5481632234375 0.48375044375 0.5500492796875001 0.488573996875 0.553651653125 0.49229657812500005 0.5537193765625 0.49714734375 0.5501673499999999 0.49849605781250006 0.5451520359375001 0.497445375 0.543855775 0.4944731203125 0.542498828125 0.48819370468749995 0.54355611875 0.4851916765625 0.5455586578125 0.483684515625 0.5481632234375
0 0.49825261093749995 0.5856705328125 0.49069360937499995 0.585771559375 0.48563643125 0.58727086875 0.48343212968750005 0.5888830515625 0.481935359375 0.59217660625 0.48345734062499995 0.5951376296875 0.485277909375 0.5963896937500001 0.4901214578125 0.596010065625 0.4919926421875 0.597045125 0.4945060078125 0.5970597234375 0.4977552703125 0.5958292609375 0.5021459828125 0.592566434375 0.5026409484375 0.590648059375 0.5017298953125 0.5882534890625 0.49825261093749995 0.5856705328125
2 0.46315569375 0.633799515625 0.4875550984375 0.629214253125 0.500082575 0.62559870625 0.5013543609375 0.6242425046875 0.5012575734375 0.6236935953125 0.4996000609375 0.62286223125 0.4981454765625 0.6231187140625 0.490676815625 0.62555926875 0.4820137703125 0.627652771875 0.4626731796875 0.631063040625 0.44280426093749997 0.63569841875 0.42780058125 0.638060984375 0.42652737187499995 0.6394091125 0.42662415937500003 0.639958021875 0.42828167187500005 0.6407893859375 0.43270459375000003 0.6402924921875 0.45271869374999996 0.6364804796875 0.46315569375 0.633799515625
2 0.509191840625 0.666548859375 0.5014234656250001 0.6673526578125 0.46343734843749995 0.6737676484375 0.4564016515625 0.6744422546875 0.44546532812499995 0.6763706234375 0.4441935453125 0.6777268249999999 0.4442903328125 0.6782757328125 0.44594784218749994 0.6791070984375 0.456884165625 0.6771787296875 0.46391986249999995 0.6765041203125 0.5019059796875001 0.6700891312499999 0.507119328125 0.6697275296874999 0.50967293125 0.6692772609375 0.510935365625 0.6679310328125 0.510838578125 0.667382121875 0.509191840625 0.666548859375
0 0.4911417203125 0.6244785125 0.4918997515625 0.628714515625 0.49323891875000003 0.63013469375 0.4956323703125 0.6310443703125 0.49900385625 0.631074125 0.5045866734375 0.6268853046875 0.5045198156249999 0.6215286484375 0.50310034375 0.6200310734375 0.5007386203124999 0.6194903453125 0.49678612656250004 0.6199459046875 0.4946117 0.6212864796875001 0.4911417203125 0.6244785125
0 0.5032371875 0.6643444656249999 0.5003975640625 0.6653778515625 0.4972087515625 0.668778325 0.49690205 0.6710713375 0.49862200156250003 0.6728238859375 0.5026123578125 0.673843175 0.5105018890624999 0.6727183796875 0.514611290625 0.67113649375 0.5161471625 0.66989186875 0.5165430921875 0.66703379375 0.513231884375 0.6638805453125001 0.5069560531249999 0.6626899500000001 0.5032371875 0.6643444656249999
1 0.4994742671875 0.624291028125 0.4975565546875 0.624063196875 0.4962955453125 0.6254174984375 0.49639233281250006 0.6259664078125 0.5057882031250001 0.6344556046875 0.5130452046875 0.64360493125 0.51496149375 0.6438246890625 0.5162239265624999 0.642478459375 0.5161271390625 0.6419295515625 0.5138251234375 0.6395222265625 0.511232746875 0.6354681765625 0.5003521281250001 0.6249852 0.4994742671875 0.624291028125
1 0.4421176796875 0.27336211875 0.444797225 0.2821949453125 0.44614655625 0.2898473875 0.4478054921875 0.290686821875 0.448538171875 0.29055763125 0.44979918124999996 0.28920333125000003 0.44731205625000003 0.2772403546875 0.4457595296875 0.27271996249999997 0.44411279375 0.2718866984375 0.44338011406250005 0.272015890625 0.4421176796875 0.27336211875
1 0.47232811249999995 0.28043672656249996 0.47123986718750005 0.28062861250000004 0.46422498125 0.28356345312500003 0.446416109375 0.28923388125 0.4451550984375 0.2905881828125 0.4452518859375 0.29113709062500004 0.44689862343750003 0.2919703546875 0.44799764375000006 0.29177656875 0.4650724140625 0.28622725937500004 0.4717707765625 0.2836395421875 0.47408383593750003 0.2818250703125 0.47398704843750006 0.2812761625 0.47232811249999995 0.28043672656249996
1 0.470692321875 0.315957134375 0.47196552968749994 0.31460900468749997 0.47186874218749997 0.31406009687499997 0.47021123125 0.31322873281249997 0.468756646875 0.3134852140625 0.46055530468750006 0.31605496093749996 0.45568864218750005 0.3183197 0.44889491562500006 0.32036657968750004 0.44785506406250003 0.320832921875 0.44658185625 0.3221810515625 0.44667864375 0.3227299609375 0.44833615625 0.323561325 0.4494244 0.32336943749999997 0.4579436875 0.320460640625 0.4614041609375 0.3187268390625 0.470692321875 0.315957134375
1 0.4460535265625 0.32340616093749996 0.4445591609375 0.3256422484375 0.44259435468749997 0.3400798234375 0.442681521875 0.3448585984375 0.444339034375 0.3456899625 0.445060940625 0.3455626703125 0.44633414687500006 0.34421454218749997 0.4462953734375 0.33971022031250003 0.44857812499999994 0.324933596875 0.44843294375 0.3241102328125 0.44677543125 0.32327886875 0.4460535265625 0.32340616093749996
1 0.5399703859375 0.6704187515625 0.5298516015625 0.6685407718749999 0.509962140625 0.666696021875 0.50869970625 0.6680422515625 0.50879649375 0.668591159375 0.50967293125 0.6692772609375 0.512005378125 0.66971495 0.5174015265625 0.6704530671875 0.525351278125 0.6707409140625 0.5401349546875001 0.673494275 0.540856859375 0.6733669843750001 0.54212864375 0.6720107828125 0.5411554187500001 0.6707757734375 0.5399703859375 0.6704187515625
1 0.5037448437500001 0.6463684625 0.5024149 0.6409681828125 0.5007667390625 0.6401268453125 0.500034059375 0.6402560375 0.49877304999999994 0.6416103390625 0.4992071703125 0.6440723578124999 0.5028585171875 0.6541321234375 0.5044498187500001 0.6631568359375 0.5059539515625 0.6674027734375 0.5076006875 0.6682360375 0.5083333671875 0.668106846875 0.5095958 0.6667606171875 0.5081024421875 0.6625127796875 0.5055185296875 0.650000896875 0.5037448437500001 0.6463684625