1 0.5630965390625 0.6823894640625 0.566993521875 0.679214803125 0.5668121390625 0.6782816703125001 0.5639610171875 0.676899090625 0.5620996484375 0.6772609046875 0.5536729874999999 0.6803552796875 0.5468447015625 0.6816825640624999 0.543919109375 0.6832120078125 0.5228888765625 0.687787878125 0.5207632859375 0.6901378328125001 0.5209432406250001 0.6910636203125 0.5237943625 0.6924461984375 0.5287612765625 0.6914807281249999 0.5448260234375 0.6878776765625 0.548367378125 0.686220915625 0.5630965390625 0.6823894640625
0 0.5069832875 0.6920005046875 0.5062437375 0.6938446625 0.5056972187500001 0.6963680578125 0.508147234375 0.6987207453125001 0.5126054578125 0.6991656765625 0.518380990625 0.69833278125 0.526420671875 0.6954966296875 0.5297602921875 0.6919651765625 0.53034515 0.689952834375 0.529441715625 0.68844329375 0.5259144890624999 0.686040740625 0.52199914375 0.685825790625 0.5094000999999999 0.689998075 0.5069832875 0.6920005046875
1 0.48656277968749995 0.33175575625 0.48531860312499997 0.3319976 0.48363861718749995 0.333292546875 0.4811743328125 0.340542665625 0.4772942859375 0.347099590625 0.4662939796875 0.3734094796875 0.46611973593749995 0.3758605140625 0.4689708578125 0.37724309375 0.47189502031249997 0.375706303125 0.4822781375 0.34951638281249997 0.4892396578125 0.3355893703125 0.48940410468750006 0.3331402390625 0.48656277968749995 0.33175575625
0 0.45858473125000004 0.372872096875 0.4577800859375 0.3745382796875 0.458208928125 0.37721521562500004 0.4626437421875 0.379997984375 0.4693663578125 0.38110840625 0.475984271875 0.378960375 0.47856524218749996 0.3759195171875 0.47782781406249997 0.3731195609375 0.475333346875 0.3701197546875 0.4710460421875 0.36820045156250003 0.4645449078125 0.369746275 0.46243855468749995 0.371253725 0.4600626484375 0.37184518125 0.45858473125000004 0.372872096875
2 0.527154334375 0.6898563046875 0.5269743796874999 0.68893051875 0.5241330546875 0.6875460343750001 0.52102750625 0.688149690625 0.51189225 0.690893796875 0.50302835 0.6950339296875 0.47374284375000003 0.700238446875 0.47161725312499997 0.7025884015625 0.4717986359375 0.703521534375 0.4746483296875 0.7048967687500001 0.47721829375 0.7048852250000001 0.5045510265625001 0.6995722796875 0.5140419125 0.6953102734375001 0.525038540625 0.6922043546875 0.527154334375 0.6898563046875
1 0.515506865625 0.6365255578125 0.513379846875 0.638868165625 0.5146721703125 0.652159184375 0.5181296671875 0.673241596875 0.5209709921875 0.6746260796875 0.5222151703125 0.6743842359375 0.5243407609374999 0.6720342828125 0.520883265625 0.6509518703125 0.5204964265625 0.6423191703125 0.519590940625 0.63766085 0.5167412484375 0.63628561875 0.515506865625 0.6365255578125
1 0.5575179546875 0.617234371875 0.5546780578125 0.6158572343750001 0.5534338812499999 0.616099078125 0.5382746218750001 0.6243604515625 0.5199296343750001 0.6327606859375 0.516468459375 0.63488224375 0.5156882484375 0.637458690625 0.5185281453125 0.6388358281250001 0.5203993109375 0.638472109375 0.5279290546875 0.6341109296874999 0.550977965625 0.623339946875 0.5567363171874999 0.619803471875 0.5576993375 0.6181675046875 0.5575179546875 0.617234371875
2 0.515966746875 0.6422388859375 0.5203093328125 0.6380092171875 0.521543715625 0.6377692781250001 0.5208351203125 0.63741900625 0.521717959375 0.63531824375 0.5188668375 0.6339356625 0.517622659375 0.63417750625 0.5086857203124999 0.6412370093749999 0.5039901625 0.64359850625 0.4674307671875 0.6511853171875 0.462272671875 0.6512195578125 0.46015687656250004 0.6535676078125 0.460338259375 0.6545007421875 0.46317815625 0.655877878125 0.46770926562500004 0.6559655125 0.5055128390625 0.6481368578125 0.5108353828125 0.6456534875 0.515966746875 0.6422388859375
1 0.507142240625 0.5869030093750001 0.504300915625 0.5855185265625 0.5030567375 0.5857603703125001 0.5004953375000001 0.5891634296875 0.49927380625 0.5961643578125 0.492673621875 0.6119502906250001 0.49137333749999995 0.61849376875 0.491644696875 0.61988979375 0.49448459375000003 0.62126693125 0.495728771875 0.6210250875 0.49785579062499996 0.6186824796875 0.4994217265625 0.6101582078125001 0.5060219109374999 0.594372275 0.507142240625 0.5869030093750001
1 0.5576981296875 0.5683680484375 0.5548484375 0.5669928171875 0.5529870671875 0.5673546296875001 0.5053637109375 0.58434355 0.5035839515625 0.5851775078125 0.501466728125 0.5875182109375 0.5016481109375001 0.5884513453125 0.5044894359375001 0.589835828125 0.5063606015625 0.5894721109375001 0.52382275 0.583172640625 0.5309166828125 0.5798645640625 0.555753921875 0.5716511359374999 0.5578795125 0.5693011828125 0.5576981296875 0.5683680484375
0 0.493689840625 0.5883588734375 0.48987505000000003 0.5891842703125 0.4857694796875 0.5923842265625 0.48538017812499995 0.5938857984375 0.48607498125 0.5961526562499999 0.487026396875 0.59738599375 0.48939770468750005 0.5985492078125 0.4920333671875 0.5988756515625 0.507282446875 0.59363924375 0.508807515625 0.5924887859375 0.5107325312500001 0.5893161796874999 0.509682953125 0.58470111875 0.50769534375 0.5835243203125 0.5036881453125 0.583464478125 0.500420271875 0.5852205796875001 0.4966230203125 0.5862408218749999 0.493689840625 0.5883588734375
2 0.477793934375 0.4325716203125 0.479920953125 0.43022901406249997 0.481148196875 0.42660490624999997 0.48087683593749997 0.42520887968750004 0.478025715625 0.4238263 0.47678153593749995 0.42406814375 0.47422013906249993 0.427471203125 0.4703160171875 0.42726169531249997 0.46676486562499997 0.42892036093749997 0.42993410781249997 0.4351111421875 0.42781688593749995 0.4374518453125 0.42799826875 0.4383849796875 0.43083959375 0.43976946406249995 0.43466210624999996 0.43950682499999993 0.46829733906250004 0.43345680625 0.469977325 0.432161859375 0.477793934375 0.4325716203125
2 0.5076778234375 0.5863108968749999 0.5048281296875 0.5849356640625001 0.5035839515625 0.5851775078125 0.4960542078125 0.5895386890625 0.49179588750000003 0.59085443125 0.47458673906250004 0.5951603171875 0.4602132046875 0.5974738656249999 0.4580876140625 0.5998238203125 0.45826756875 0.60074960625 0.46111869062500005 0.6021321859375 0.4661755828125 0.6016296078125001 0.49758668124999994 0.5940751359374999 0.5068863875 0.5888819015625 0.5076778234375 0.5863108968749999
1 0.5269489093749999 0.5627472765625 0.5296172218749999 0.563189375 0.53173444375 0.560848671875 0.530664509375 0.55863948125 0.52559068125 0.555759796875 0.5254092984375001 0.5548266609375 0.5197182796875001 0.5520669453125 0.50207434375 0.5376080375 0.500031590625 0.537036715625 0.4962005125 0.5339078390625 0.4956747265625 0.5344980484375 0.4930049890625 0.534048603125 0.49087939843750006 0.5363985578125 0.491959128125 0.53860584375 0.49916568437500003 0.5425197421875 0.50237814375 0.54576124375 0.5090491203124999 0.55026725625 0.509230503125 0.551200390625 0.5105646593750001 0.551421440625 0.516799825 0.5569805578125 0.52249084375 0.5597402734375 0.5264119 0.56333204375 0.5269489093749999 0.5627472765625
0 0.484848109375 0.42205027812499996 0.48213211093749997 0.42047367968750005 0.47991973593750004 0.4202327125 0.47749381875 0.420933015625 0.47229465781249996 0.4249403046875 0.46876881406250004 0.4266245515625 0.4655083484375 0.42737269843750003 0.46398410625000003 0.42837049218749995 0.4631108828125 0.43005000468750004 0.46349261718749996 0.43211846249999997 0.465893225 0.4347400078125 0.470507703125 0.4365118375 0.4724870109375 0.43659985625 0.47662368749999995 0.4353382609375 0.48330065 0.432134109375 0.485960128125 0.4268819578125 0.486204778125 0.42453161406250006 0.484848109375 0.42205027812499996
3 0.4731817921875 0.5746473203125 0.47340989375 0.58910596875 0.474875034375 0.5999386062500001 0.48146928750000006 0.6305679609375 0.48350265 0.6509664328125 0.4847694734375 0.657483671875 0.48719192656250004 0.663303521875 0.4938016875 0.6973077937500001 0.49718348125 0.7246956499999999 0.500650365625 0.7259509125 0.50304874375 0.72500433125 0.504638753125 0.7232464921874999 0.5012471625 0.695860540625 0.4945459953125 0.661386028125 0.4909579234375 0.6495172734375 0.4890159640625 0.62958904375 0.48232050937500004 0.5984913515625 0.48095514218749996 0.5881197046875 0.48071724531250004 0.5736629578125 0.46312617500000003 0.47652216718749996 0.46318636875 0.46684180937499997 0.45766204843749997 0.4384216453125 0.45688000312500004 0.4211655 0.451282640625 0.39566470468750004 0.448633515625 0.3753935515625 0.4456550859375 0.3401954140625 0.4407818265625 0.3184198078125 0.44198499687500004 0.3080292671875 0.4375546828125 0.2885847265625 0.4354219546875 0.2875505125 0.4328421921875 0.2875639609375 0.4300994125 0.290033884375 0.43443974687500003 0.30901553437499996 0.43323514999999996 0.319398725 0.438108409375 0.34117433125 0.4411782421875 0.37684270937500003 0.4438273671875 0.3971138640625 0.44942473125 0.4226146578125 0.450206778125 0.439870803125 0.4556396921875 0.46782072656249996 0.45558092656250004 0.4775084328125 0.4731817921875 0.5746473203125
1 0.456199159375 0.40437769062499995 0.46124054531249997 0.40050019531250003 0.464684784375 0.3949963734375 0.4694631796875 0.3897136015625 0.47298188906250005 0.38129775781249997 0.47438337812500003 0.375222615625 0.4741120171875 0.37382658750000003 0.4712608953125 0.372444009375 0.4700167171875 0.372685853125 0.4679009234375 0.37503390312499996 0.4665894125 0.3815719390625 0.462980725 0.3895248890625 0.4586479359375 0.3937526546875 0.4540494953125 0.3999612125 0.44899973906249996 0.4038479578125 0.44971670625 0.4041889765625 0.4488352921875 0.40629708750000004 0.4516849859375 0.4076723203125 0.45470055625 0.4066057703125 0.456199159375 0.40437769062499995
2 0.4886371203125 0.481712384375 0.485787425 0.4803371515625 0.4845432484375 0.48057899531250003 0.4819804203125 0.48397470781249996 0.463874353125 0.4870137859375 0.45872605312500003 0.4870461234375 0.43733305468749994 0.489755728125 0.43521583281250004 0.4920964296875 0.435397215625 0.493029565625 0.438238540625 0.4944140484375 0.4414340640625 0.494273284375 0.4596315390625 0.4917044453125 0.4647798390625 0.4916721078125 0.4796903828125 0.488773790625 0.48679982343750006 0.4888406296875 0.4886611921875 0.48847881718749997 0.49078821093749997 0.48613620781250005 0.4886371203125 0.481712384375
1 0.476171484375 0.42757228124999996 0.474055690625 0.42992033125000007 0.4742427828125 0.43423028593749996 0.4775033890625 0.4510046484375 0.4798344359375 0.456354259375 0.4826841296875 0.45772949062499996 0.48392830781249996 0.45748764687500004 0.48604552968750003 0.45514694375 0.4837242796875 0.4497954296875 0.48026678437500003 0.4287130171875 0.4774156625 0.42733043750000005 0.476171484375 0.42757228124999996
1 0.50826710625 0.4136016484375 0.4808599015625 0.421826615625 0.47562876562499995 0.42478022812500005 0.474847125 0.42734932812500004 0.477687021875 0.42872646562499994 0.47893120156249996 0.428484621875 0.48602513593749996 0.42517654374999997 0.5122781375 0.4176563125 0.5144037296875 0.41530635625 0.514222346875 0.41437322343750005 0.5113726515625 0.412997990625 0.50826710625 0.4136016484375
0 0.5174809109375 0.632611409375 0.5140397765625 0.6341038109375 0.5129324375000001 0.6360957109375 0.50799410625 0.6401895515625 0.504346259375 0.6410892484375 0.5013155140625 0.6433330171875 0.4996376921875 0.645946690625 0.5010234390625 0.6501990296875 0.5037382328125 0.65145560625 0.5073562640625 0.65082095625 0.5112468640625 0.6485549265625 0.5150153046875 0.6480664203125001 0.5192963203125001 0.64608288125 0.5247445953125001 0.6401666390625 0.52495215625 0.636893240625 0.521977271875 0.633514059375 0.51972575625 0.6325486859375 0.5174809109375 0.632611409375
2 0.473212240625 0.3725450875 0.4646870359375 0.37178505624999997 0.4536904078125 0.374890975 0.421736590625 0.37965339375 0.4196109984375 0.38200335 0.419790953125 0.382929134375 0.42264207656249997 0.384311715625 0.45459589375 0.379549296875 0.4608069890625 0.37834198125 0.46434834374999995 0.3766852203125 0.4722563578125 0.37756522187499997 0.47411772656249995 0.37720340937499997 0.47624474687499996 0.3748608015625 0.47606336406249994 0.37392766875 0.473212240625 0.3725450875
1 0.46236334687499997 0.32002750625 0.4641333109375 0.3191954515625 0.4634261421875 0.3188525265625 0.4643075546875 0.3167444171875 0.4614564328125 0.3153618359375 0.45959506406250006 0.31572364999999997 0.4509196859375 0.32418108437500004 0.4469327265625 0.3268928515625 0.447114109375 0.327825984375 0.442435490625 0.33356974687499996 0.436972571875 0.3452686796875 0.43715252656250003 0.346194465625 0.440003646875 0.3475770453125 0.44292781249999996 0.3460402546875 0.45147934218749997 0.3303554 0.4575835234375 0.32530292968749996 0.46236334687499997 0.32002750625
1 0.5126380796875 0.3000984203125 0.5147636703125 0.297748465625 0.5145837156249999 0.2968226796875 0.51173259375 0.29544009843749997 0.50800985625 0.2961637265625 0.4867139734375 0.302720390625 0.46569924531250007 0.3106711796875 0.46224786875 0.31279083281250003 0.4590594828125 0.3163157640625 0.4588036296875 0.318294653125 0.4616547515625 0.319677234375 0.46288913281250005 0.3194372953125 0.4666961359375 0.3157997390625 0.4720172515625 0.3133090203125 0.4948933484375 0.3049964203125 0.5126380796875 0.3000984203125
0 0.447006221875 0.3166532734375 0.44535895 0.32031327656249997 0.44685886406249997 0.323270025 0.4503782140625 0.3243244609375 0.45515981875 0.32324250781249997 0.457834421875 0.32424001874999997 0.4618118296875 0.32419890156250003 0.46763282031250003 0.3209323796875 0.4693252390625 0.316615465625 0.468512140625 0.31306008125 0.46728153125 0.3116980109375 0.4651759375 0.31080340156249997 0.4628943625 0.3107817609375 0.4608545765625 0.3117425140625 0.45929946875 0.3134706953125 0.4502479640625 0.3150242515625 0.447006221875 0.3166532734375
2 0.4552453390625 0.31656914999999997 0.44512175625 0.3175762109375 0.4214301515625 0.321693384375 0.4153104640625 0.32337093906250003 0.4131834453125 0.325713546875 0.41336482812500003 0.3266466796875 0.4162159484375 0.328029259375 0.433513646875 0.32417891875 0.45552526562500006 0.32135669375 0.46476029687500003 0.319073578125 0.466876090625 0.3167255265625 0.4666961359375 0.3157997390625 0.4638548109375 0.31441525625 0.4552453390625 0.31656914999999997
1 0.5289396484375 0.50337235 0.5301838265625001 0.50313050625 0.529476659375 0.5027875828124999 0.5303580718750001 0.5006794718750001 0.5275083765625 0.499304240625 0.5262642 0.4995460828125 0.5100590796875 0.512364696875 0.49467783593750003 0.5293694890625 0.49291501093749995 0.5335857109375 0.493094965625 0.5345114953125 0.4959460875 0.5358940765625 0.4988702515625 0.5343572859375 0.4996616859375 0.5317862812499999 0.51397870625 0.5159491203125001 0.5206198984375 0.5103118828125 0.5218640765625 0.5100700375 0.5289396484375 0.50337235
0 0.48264358281249997 0.535872028125 0.4793996296875 0.540261775 0.480169303125 0.543070715625 0.48230243437500003 0.5442116015625 0.4853848375 0.5449010890625 0.48934845468750005 0.5434291296875 0.49726002031250005 0.5430197953125 0.5000784265625 0.5420373203125 0.50176658125 0.5406797828125 0.5031635578125 0.538242703125 0.5018730359375 0.5321265765625001 0.49756941718750003 0.529966440625 0.4940406046875 0.5301186140625 0.49067619375 0.5319011078125 0.48869835625 0.5344358453125 0.48264358281249997 0.535872028125
2 0.4867265609375 0.5415521078125 0.495154653125 0.53846508125 0.49621744687499997 0.5372901015625 0.49692604375 0.5376403734374999 0.4967446609375 0.536707240625 0.4988702515625 0.5343572859375 0.4990347 0.53190815625 0.49618500625 0.5305329234375 0.49495062343749996 0.5307728625 0.49388640156249997 0.5319404921875 0.4931694359375 0.5315994734375 0.49335081875000003 0.53253260625 0.491233596875 0.534873309375 0.48520388593749997 0.5370137578125 0.4497986890625 0.54389583125 0.4476730984375 0.5462457859375001 0.44785448125 0.54717891875 0.450704175 0.5485541515625 0.4557624953125 0.5480589218749999 0.4867265609375 0.5415521078125
1 0.4899798421875 0.48532494843749996 0.4871287203125 0.4839423703125 0.4858943375 0.48418230937500006 0.4842045546875 0.4854791609375 0.48288590625000005 0.4886330265625 0.47745685781249997 0.5070964874999999 0.4759809 0.5160836515625 0.4762522609375 0.5174796781250001 0.47909358593749996 0.5188641640625 0.48033776406250006 0.5186223203125 0.4824633546875 0.5162723640625 0.484195165625 0.5053063109375 0.49016122500000003 0.48625808125000003 0.4899798421875 0.48532494843749996
1 0.5235669281249999 0.4657420671875 0.48915719375 0.4777453546875 0.483389046875 0.48128373281250003 0.482607409375 0.4838528328125 0.48544873437499997 0.48523731562499994 0.48669291093749995 0.48499547343750005 0.49307825000000005 0.4813371234375 0.5269509734375 0.469918603125 0.5290765640624999 0.46756865000000003 0.52889518125 0.46663551718749996 0.5260454875 0.46526028437500005 0.5235669281249999 0.4657420671875
0 0.47422401875000003 0.48356086718749997 0.4710293640625 0.48616437812499996 0.47068205937499996 0.48840504687499997 0.47286283281249997 0.491412453125 0.47643422187500006 0.4925254 0.47904134374999996 0.4923388828125 0.480899678125 0.4915430265625 0.488577796875 0.490508059375 0.4912074125 0.48960040625 0.49256125156249997 0.48835360625 0.4955010203125 0.4820328296875 0.49447832968750005 0.4782360546875 0.4920029859375 0.4762237984375 0.49012512656249996 0.47592542968749996 0.48720040468750003 0.47657018906250004 0.48378734218749997 0.4795669109375 0.4814214109375 0.480575809375 0.480035703125 0.4822863125 0.47422401875000003 0.48356086718749997
1 0.52152696875 0.7040043671875 0.5248571578125001 0.691271221875 0.5245857968750001 0.6898751937500001 0.521734675 0.688492615625 0.520490496875 0.688734459375 0.5179290984375 0.6921375171874999 0.5151344921875001 0.7042785484375 0.515424215625 0.7090641859375 0.5133212703125001 0.7181732265624999 0.51342818125 0.7220183828125 0.5162793031249999 0.7234009625 0.517513684375 0.7231610234375 0.5196392750000001 0.7208110671875 0.519622340625 0.7174288046874999 0.5215510421875 0.7107707999999999 0.52152696875 0.7040043671875