0 0.521953125 0.4240952375 0.530751953125 0.425208790625 0.535771484375 0.42417582343750004 0.538212890625 0.4221978015625 0.5385156249999999 0.41904761874999996 0.535908203125 0.4166227109375 0.52861328125 0.4151208796875 0.5257421875 0.4153333328125 0.524052734375 0.4161245421875 0.5209765625 0.4166227109375 0.5186328125 0.418981684375 0.518759765625 0.42176556718749997 0.521953125 0.4240952375
1 0.530751953125 0.4162710625 0.5300878906250001 0.41652014687500005 0.529765625 0.4177582421875 0.530419921875 0.418754578125 0.531416015625 0.4197435890625 0.53439453125 0.42123076875 0.53935546875 0.4229670328125 0.564482421875 0.4266886453125 0.5724218750000001 0.4271868125 0.573740234375 0.4261978015625 0.573740234375 0.425699634375 0.5724218750000001 0.424703296875 0.558203125 0.42346520156249995 0.540673828125 0.4207399265625 0.5380273437499999 0.4197435890625 0.540009765625 0.41750915781250003 0.53935546875 0.4162710625 0.536376953125 0.4152820515625 0.53306640625 0.4152820515625 0.531083984375 0.416021978125 0.530751953125 0.41577289375 0.530751953125 0.4162710625
1 0.541005859375 0.40709157500000004 0.541005859375 0.40758974375 0.5376953125 0.41081318749999995 0.5347265625000001 0.41503296718750005 0.5333984375 0.41652014687500005 0.531416015625 0.4177582421875 0.531083984375 0.41900366250000004 0.5324121093749999 0.4199926734375 0.5340625 0.4197435890625 0.53439453125 0.41900366250000004 0.536376953125 0.4177582421875 0.5403417968750001 0.412300365625 0.54365234375 0.4090769234375 0.54365234375 0.40857875468750005 0.5482812499999999 0.4031208796875 0.55224609375 0.3974212453125 0.55224609375 0.3969230765625 0.550927734375 0.395926740625 0.550263671875 0.395926740625 0.54861328125 0.39717216093749996 0.544970703125 0.4026300359375 0.541005859375 0.40709157500000004
1 0.498681640625 0.331926740625 0.498681640625 0.3324249078125 0.49966796875 0.3331648359375 0.511572265625 0.34854945000000004 0.521162109375 0.36219047656250003 0.52513671875 0.3696337 0.5284375 0.37459340625 0.5300878906250001 0.375091575 0.531416015625 0.37410256406250003 0.531083984375 0.3728571421875 0.5198437499999999 0.3549963375 0.501318359375 0.33043956093750004 0.495703125 0.3244835171875 0.495703125 0.32398534843750004 0.49537109375000005 0.32423443281250003 0.49404296875 0.3237362640625 0.492724609375 0.32473260000000004 0.493056640625 0.3259706953125 0.498681640625 0.331926740625
0 0.545927734375 0.7773333328125 0.5463671875 0.7753113546875 0.54564453125 0.7726666671875 0.54259765625 0.7710402937499999 0.53404296875 0.771435896875 0.52958984375 0.7704542125 0.524736328125 0.7720073265625 0.520869140625 0.7760073265625 0.52134765625 0.77895970625 0.524130859375 0.7807399265625 0.52681640625 0.7808791203125 0.528642578125 0.7802564109375 0.531787109375 0.7794578750000001 0.538525390625 0.78077655625 0.54244140625 0.7802857140625 0.545927734375 0.7773333328125
1 0.5324121093749999 0.4753113546875 0.53306640625 0.4797802203125 0.53439453125 0.48375091562500006 0.535048828125 0.49342124531250003 0.5347265625000001 0.4971428578125 0.532080078125 0.5080586078125 0.5291015625 0.5145128203125 0.5291015625 0.515252746875 0.530419921875 0.516249084375 0.531083984375 0.516249084375 0.5324121093749999 0.515252746875 0.535048828125 0.5093040296875 0.5380273437499999 0.49739194062500003 0.538359375 0.49342124531250003 0.5376953125 0.48350183125 0.536376953125 0.47953113593749996 0.535380859375 0.47382417656250003 0.53373046875 0.4706007328125 0.5324121093749999 0.46961172187500005 0.531748046875 0.46961172187500005 0.530419921875 0.4706007328125 0.530419921875 0.4713479859375 0.5324121093749999 0.4753113546875
1 0.531083984375 0.5174871796875 0.531083984375 0.5179853484375 0.5324121093749999 0.518974359375 0.5333984375 0.518974359375 0.546630859375 0.5169890109375 0.5641503906249999 0.5135164828125001 0.579697265625 0.5095457875 0.59126953125 0.507069596875 0.5925878906250001 0.506073259375 0.5925878906250001 0.5055824171875 0.59126953125 0.50458608125 0.5902734374999999 0.50458608125 0.55720703125 0.512527471875 0.5324121093749999 0.51649816875 0.531083984375 0.5174871796875
1 0.502978515625 0.50458608125 0.5099218750000001 0.5088058609375 0.5105859374999999 0.5088058609375 0.517197265625 0.512527471875 0.52810546875 0.519472528125 0.529765625 0.5197216124999999 0.531083984375 0.518725275 0.530419921875 0.5177362640625 0.530751953125 0.5174871796875 0.527119140625 0.515750915625 0.520498046875 0.5112820515625 0.512568359375 0.5068205125 0.5119042968749999 0.5068205125 0.5049609375 0.5026007328125 0.49503906249999996 0.49838827812500003 0.49172851562500003 0.49739194062500003 0.49041015625 0.49838827812500003 0.49107421875 0.4996263734375 0.502978515625 0.50458608125
1 0.517529296875 0.5432893765625 0.52380859375 0.5579267406249999 0.5244726562500001 0.563384615625 0.52943359375 0.57131868125 0.5324121093749999 0.5735531140625 0.5340625 0.5740512828125001 0.535380859375 0.5730549453125 0.535380859375 0.5725567765624999 0.532080078125 0.5698315015625 0.5277734374999999 0.56313553125 0.527451171875 0.5584175828125 0.521162109375 0.5435384609375 0.5165332031250001 0.5350989015625001 0.5148828125 0.534608059375 0.5135546875 0.5355970703125 0.5135546875 0.5363443218749999 0.517529296875 0.5432893765625
1 0.531748046875 0.5871941390625001 0.5267871093750001 0.6025787546875 0.5257910156250001 0.6072893765625 0.522822265625 0.6152307687499999 0.522822265625 0.6159706953125 0.524140625 0.6169670328125 0.5248046875 0.6169670328125 0.5264550781249999 0.6152307687499999 0.535048828125 0.5874432234375 0.5370410156250001 0.5775238093749999 0.5370410156250001 0.5738021984375 0.5357128906249999 0.5728058609375 0.535048828125 0.5728058609375 0.53373046875 0.5738021984375 0.53373046875 0.5775238093749999 0.531748046875 0.5871941390625001
3 0.48511718750000005 0.3713699640625 0.48511718750000005 0.3728571421875 0.488427734375 0.3924542125 0.48677734375000004 0.43041025624999996 0.488427734375 0.46415384687500005 0.490078125 0.5360952375 0.49107421875 0.5646227109375 0.49239257812500004 0.5842197796875 0.493056640625 0.6159706953125 0.49537109375000005 0.6420219781250001 0.49404296875 0.6980879125 0.49537109375000005 0.7228937734375 0.497021484375 0.741252746875 0.497021484375 0.7668058609374999 0.49537109375000005 0.7816923078125 0.49470703125000004 0.799794871875 0.495703125 0.800542125 0.497021484375 0.800791209375 0.498681640625 0.799794871875 0.4993359375 0.7816923078125 0.50099609375 0.7668058609374999 0.50099609375 0.7410036625 0.4993359375 0.7226446890625 0.49801757812499997 0.697838828125 0.4993359375 0.6420219781250001 0.497021484375 0.6159706953125 0.49636718750000003 0.5842197796875 0.49503906249999996 0.5646227109375 0.49404296875 0.5360952375 0.49239257812500004 0.46415384687500005 0.4907421875 0.43041025624999996 0.49239257812500004 0.3924542125 0.48909179687500004 0.3728571421875 0.48909179687500004 0.37186813124999996 0.49404296875 0.3629377296875 0.49404296875 0.35995604375 0.493056640625 0.346065934375 0.492060546875 0.3453260078125 0.4907421875 0.3450769234375 0.48909179687500004 0.346065934375 0.490078125 0.3624395609375 0.48511718750000005 0.3713699640625
2 0.502314453125 0.3770769234375 0.477177734375 0.3790622703125 0.462958984375 0.3795604390625 0.46164062499999997 0.38054945 0.46164062499999997 0.38104761875 0.462958984375 0.3820366296875 0.467265625 0.3820366296875 0.49107421875 0.38054945 0.5221582031249999 0.3773260078125 0.5267871093750001 0.3760805859375 0.5324121093749999 0.37583882812499997 0.53373046875 0.37484249062499997 0.53373046875 0.374344321875 0.5324121093749999 0.37335531093749996 0.529765625 0.37335531093749996 0.5264550781249999 0.3736043953125 0.5201757812500001 0.375091575 0.502314453125 0.3770769234375
2 0.512900390625 0.42147985312499997 0.47056640625 0.4264468859375 0.459326171875 0.4286739921875 0.45799804687499995 0.4296703296875 0.45799804687499995 0.430161171875 0.459326171875 0.431157509375 0.460322265625 0.431157509375 0.472548828125 0.4286739921875 0.5165332031250001 0.42346520156249995 0.52314453125 0.4217289375 0.52943359375 0.4209890109375 0.531416015625 0.4202417578125 0.532080078125 0.41900366250000004 0.530751953125 0.41800732656250006 0.529765625 0.41800732656250006 0.5277734374999999 0.418754578125 0.521494140625 0.41949450625000007 0.512900390625 0.42147985312499997
2 0.46758789062500006 0.47158974374999996 0.45701171875 0.47283516406250004 0.45568359375 0.47382417656250003 0.45568359375 0.47432234375000004 0.45701171875 0.4753113546875 0.45833007812500004 0.4753113546875 0.47123046874999996 0.47382417656250003 0.5191796875 0.471838828125 0.531083984375 0.4698534796875 0.536376953125 0.4708498171875 0.5376953125 0.4698534796875 0.5376953125 0.4693626375 0.536376953125 0.4683663 0.530751953125 0.4673772890625 0.522822265625 0.46886446875 0.51521484375 0.46961172187500005 0.46758789062500006 0.47158974374999996
2 0.47056640625 0.5256703296875 0.459326171875 0.528153846875 0.45799804687499995 0.5291501828125 0.45799804687499995 0.529641025 0.459326171875 0.5306373625 0.460322265625 0.5306373625 0.4708984375 0.528153846875 0.48809570312500006 0.5259194140625 0.50859375 0.523934065625 0.5234765625 0.5229450546875001 0.5340625 0.5207106234375 0.535380859375 0.5197216124999999 0.535380859375 0.51922344375 0.5340625 0.5182344328124999 0.53306640625 0.5182344328124999 0.52314453125 0.5204615390625 0.490078125 0.5231941390625 0.47056640625 0.5256703296875
2 0.46097656249999996 0.5740512828125001 0.46097656249999996 0.574542125 0.4623046875 0.5755384609374999 0.47123046874999996 0.5757875453125 0.5198437499999999 0.5755384609374999 0.53439453125 0.574542125 0.5357128906249999 0.5735531140625 0.5357128906249999 0.5730549453125 0.53439453125 0.5720659343750001 0.532080078125 0.5720659343750001 0.51951171875 0.5730549453125 0.4623046875 0.5730549453125 0.46097656249999996 0.5740512828125001
2 0.46626953125000004 0.621428571875 0.455029296875 0.6204395609375 0.453701171875 0.621428571875 0.453701171875 0.621926740625 0.455029296875 0.6229230765625 0.46626953125000004 0.6239120875 0.5062792968750001 0.623663003125 0.5165332031250001 0.6234139187500001 0.5300878906250001 0.6224249078125 0.5380273437499999 0.6206886453125 0.545302734375 0.6206886453125 0.546630859375 0.6196923078125 0.546630859375 0.619201465625 0.545302734375 0.618205128125 0.5376953125 0.618205128125 0.529765625 0.6199413921875 0.5165332031250001 0.6209377296875 0.46626953125000004 0.621428571875
2 0.527451171875 0.671296703125 0.5119042968749999 0.6715457875 0.464287109375 0.6742710625 0.46130859375 0.6742710625 0.45601562500000004 0.6735311359375 0.454697265625 0.6745201468750001 0.454697265625 0.675018315625 0.45601562500000004 0.6760073265625001 0.45734375 0.6762564109375 0.464619140625 0.676754578125 0.5119042968749999 0.6740219781250001 0.527451171875 0.67377289375 0.531748046875 0.6742710625 0.5370410156250001 0.6742710625 0.541337890625 0.6730329671875 0.5426562500000001 0.6720366296875 0.5426562500000001 0.6715457875 0.541337890625 0.67054945 0.5403417968750001 0.67054945 0.536376953125 0.6717875453125 0.531748046875 0.6717875453125 0.527451171875 0.671296703125
2 0.515546875 0.72413186875 0.487431640625 0.72586813125 0.47056640625 0.726117215625 0.4666015625 0.7256263734374999 0.46527343749999994 0.726615384375 0.46527343749999994 0.7271135531249999 0.4666015625 0.7281025640625 0.46825195312499995 0.7283516484375 0.478173828125 0.7286007328124999 0.498681640625 0.7278534796875 0.515869140625 0.726615384375 0.5300878906250001 0.7243809531250001 0.5340625 0.7228937734375 0.5390234375 0.7226446890625 0.5403417968750001 0.7216556781250001 0.5403417968750001 0.721157509375 0.5390234375 0.7201684984375001 0.536376953125 0.7201684984375001 0.53373046875 0.7204175828125 0.529765625 0.7219047625 0.515546875 0.72413186875
2 0.467919921875 0.7759853484375 0.473212890625 0.777472528125 0.47916992187499996 0.7777216124999999 0.5006640625000001 0.777472528125 0.5142187500000001 0.776725275 0.527451171875 0.776974359375 0.531748046875 0.7764761906250001 0.538359375 0.7764761906250001 0.539677734375 0.7754871796875 0.539677734375 0.7749890109375001 0.538359375 0.774 0.531748046875 0.774 0.527451171875 0.77449816875 0.5142187500000001 0.774249084375 0.5006640625000001 0.7749890109375001 0.47950195312500005 0.7752380953125 0.473876953125 0.7749890109375001 0.467919921875 0.77350183125 0.4666015625 0.77449816875 0.4666015625 0.7749890109375001 0.467919921875 0.7759853484375
1 0.53439453125 0.378065934375 0.5390234375 0.3790622703125 0.5482812499999999 0.3795604390625 0.60615234375 0.3795604390625 0.62400390625 0.3790622703125 0.626982421875 0.3788131875 0.628310546875 0.37781685 0.628310546875 0.3773260078125 0.626982421875 0.3763296703125 0.60615234375 0.3770769234375 0.5482812499999999 0.3770769234375 0.53935546875 0.3765787546875 0.53439453125 0.37558974375 0.53306640625 0.3765787546875 0.53306640625 0.3770769234375 0.53439453125 0.378065934375
0 0.5201757812500001 0.3787399265625 0.524765625 0.379340659375 0.526875 0.380432234375 0.530029296875 0.3804029296875 0.5344921874999999 0.3813992671875 0.53771484375 0.3810622703125 0.540322265625 0.37923076875 0.54125 0.37687912031250004 0.540791015625 0.37529670312499996 0.534921875 0.3711868125 0.527216796875 0.36979487187500004 0.525361328125 0.3700805859375 0.523828125 0.371069596875 0.52021484375 0.37173626406250004 0.518447265625 0.37441025625 0.51859375 0.37723076875 0.5201757812500001 0.3787399265625
0 0.5248046875 0.5215091578125 0.5263671875 0.5222637359375 0.529072265625 0.5224615390625 0.53419921875 0.5256483515625 0.5375097656250001 0.525978021875 0.539873046875 0.525245421875 0.541494140625 0.5231721609375 0.54197265625 0.5205347984375 0.538681640625 0.516527471875 0.533212890625 0.5136703296875 0.5299414062500001 0.51395604375 0.5271874999999999 0.515091575 0.52517578125 0.5160219781250001 0.5237499999999999 0.5179194140625001 0.5237890625 0.5200293046875 0.5248046875 0.5215091578125
0 0.524453125 0.577069596875 0.532421875 0.57877655625 0.53783203125 0.578153846875 0.5398632812499999 0.577252746875 0.5411718750000001 0.574205128125 0.5387500000000001 0.5705787546875001 0.536005859375 0.5694945062500001 0.5328027343749999 0.5699047625 0.5295703125 0.5690842484374999 0.5274121093749999 0.5693772890625 0.524677734375 0.5695531140625001 0.522666015625 0.571252746875 0.522236328125 0.574564103125 0.524453125 0.577069596875
0 0.5510839843750001 0.6191208796875001 0.5494140625 0.6171868125 0.5438574218750001 0.61441025625 0.536904296875 0.614754578125 0.5341015625 0.6162051281250001 0.532958984375 0.61841025625 0.532880859375 0.6198021984375 0.534228515625 0.6224908421875 0.537802734375 0.62458608125 0.5402148437500001 0.6250329671875 0.542626953125 0.6258681312500001 0.5468066406250001 0.62549450625 0.551142578125 0.62086446875 0.5510839843750001 0.6191208796875001
0 0.557724609375 0.672432234375 0.556142578125 0.6686959703124999 0.5538964843749999 0.6675457875 0.551123046875 0.667296703125 0.5490039062500001 0.6678241765624999 0.542587890625 0.6666227109375 0.537890625 0.6674505500000001 0.535966796875 0.6687545781249999 0.5331640625 0.6694285718749999 0.52970703125 0.6725934062500001 0.530126953125 0.6759413921874999 0.5326464843750001 0.6775824171875 0.538623046875 0.6770989015625 0.5431640625 0.67541391875 0.545390625 0.6760146515625001 0.5523046875000001 0.6759194140625 0.556005859375 0.6748278390625 0.557724609375 0.672432234375
0 0.545859375 0.71986080625 0.544775390625 0.7186153843749999 0.53759765625 0.7162564109375 0.5335546875 0.717750915625 0.530068359375 0.717934065625 0.5284960937500001 0.7188058609375 0.527265625 0.7219853484375001 0.52791015625 0.723846153125 0.5354589843750001 0.7269157515625 0.541943359375 0.7275384609375 0.545390625 0.725838828125 0.54634765625 0.7224835171875 0.545859375 0.71986080625
1 0.530751953125 0.46663003593749997 0.5300878906250001 0.4678754578125 0.531416015625 0.46886446875 0.532080078125 0.46886446875 0.5380273437499999 0.46663003593749997 0.544970703125 0.46315750937500005 0.556875 0.45894505468749996 0.5575390625 0.45769963437500005 0.5562207031249999 0.4567106234375 0.555556640625 0.4567106234375 0.5426562500000001 0.4614212453125 0.5357128906249999 0.4648937734375 0.530751953125 0.46663003593749997
0 0.5240234375 0.4727838828125 0.5269433593749999 0.4750769234375 0.529580078125 0.47631501875 0.5317968750000001 0.4763663 0.5399804687499999 0.472021978125 0.540986328125 0.4693626375 0.539443359375 0.4671648359375 0.536083984375 0.466358975 0.5334375 0.46386080625000004 0.530888671875 0.463655678125 0.5277441406250001 0.464930403125 0.525849609375 0.4653626375 0.523515625 0.46701098906249994 0.52283203125 0.4705347984375 0.5240234375 0.4727838828125
1 0.543984375 0.7829304031250001 0.544638671875 0.7841684984375 0.54927734375 0.787641025 0.5519140625000001 0.7903736265625 0.559189453125 0.7955824171875 0.560517578125 0.797069596875 0.564814453125 0.7993040296875 0.569443359375 0.802527471875 0.57109375 0.8027765562500001 0.5724218750000001 0.8017802203125 0.5717578125 0.800791209375 0.5720898437499999 0.800542125 0.5641503906249999 0.7960805859375 0.555888671875 0.7898754578125 0.554560546875 0.788388278125 0.5476171875 0.7829304031250001 0.541005859375 0.7754871796875 0.541005859375 0.7749890109375001 0.540673828125 0.7752380953125 0.53935546875 0.7747399265625 0.5380273437499999 0.7757362640625 0.538359375 0.776974359375 0.543984375 0.7829304031250001
1 0.540009765625 0.7725128203125 0.53935546875 0.7754871796875 0.538359375 0.7762344328124999 0.538359375 0.779706959375 0.5403417968750001 0.7816923078125 0.5403417968750001 0.78218315 0.5426562500000001 0.783428571875 0.5459667968749999 0.7829304031250001 0.54728515625 0.781934065625 0.5476171875 0.7804468859375 0.54728515625 0.7787106234375 0.5426562500000001 0.7754871796875 0.54298828125 0.77350183125 0.5489453125 0.7638241765625 0.5664648437500001 0.7380293046874999 0.575068359375 0.7273626375 0.575068359375 0.72686446875 0.573740234375 0.72586813125 0.5730859374999999 0.72586813125 0.57142578125 0.7271135531249999 0.5628320312499999 0.7380293046874999 0.540009765625 0.7725128203125
1 0.539677734375 0.71768498125 0.5390234375 0.7204175828125 0.5390234375 0.7427399265625 0.539677734375 0.7464615390625 0.539677734375 0.756388278125 0.541005859375 0.7573772890625 0.541669921875 0.7573772890625 0.54298828125 0.756388278125 0.54298828125 0.7464615390625 0.5423242187499999 0.7427399265625 0.5423242187499999 0.7236410249999999 0.5462988281250001 0.7223956046875 0.5489453125 0.7206593406249999 0.549599609375 0.7206593406249999 0.54927734375 0.7204175828125 0.549931640625 0.7199194140625 0.549599609375 0.7186739921874999 0.54794921875 0.717435896875 0.54794921875 0.7169377296875 0.54298828125 0.71545055 0.542001953125 0.7156996343750001 0.541669921875 0.7164468859374999 0.539677734375 0.71768498125
1 0.5390234375 0.7196703296875 0.538359375 0.7196703296875 0.53869140625 0.7199194140625 0.5380273437499999 0.720908425 0.53935546875 0.7219047625 0.541005859375 0.7216556781250001 0.54927734375 0.7169377296875 0.5608496093750001 0.7122271062500001 0.5730859374999999 0.7075164828125 0.5882910156250001 0.70304761875 0.5892871093750001 0.7015604390625 0.5879589843749999 0.7005714281250001 0.5869726562500001 0.7005714281250001 0.5724218750000001 0.7050329671875 0.54728515625 0.7149597062499999 0.5390234375 0.7196703296875
1 0.517529296875 0.64822710625 0.522822265625 0.65368498125 0.527451171875 0.656908425 0.543984375 0.67054945 0.544970703125 0.671296703125 0.5462988281250001 0.6715457875 0.5476171875 0.67054945 0.5476171875 0.6698095234375 0.526123046875 0.6526886453125 0.520498046875 0.646981684375 0.5148828125 0.642520146875 0.5135546875 0.6422710625 0.512236328125 0.6432600734375 0.512236328125 0.6440073265625 0.517529296875 0.64822710625
1 0.550263671875 0.6722857140625 0.551259765625 0.6725347984375001 0.55357421875 0.6742710625 0.564482421875 0.6779926734374999 0.57771484375 0.68022710625 0.5902734374999999 0.6797289375 0.5916015625 0.6787399265625 0.5916015625 0.6782417578125 0.5902734374999999 0.677245421875 0.578046875 0.6777435890625 0.564814453125 0.6755091578125 0.555224609375 0.6720366296875 0.5529101562500001 0.670300365625 0.551259765625 0.6700512828125 0.549931640625 0.6710476187500001 0.5505957031250001 0.6720366296875 0.550263671875 0.6722857140625
1 0.5459667968749999 0.614981684375 0.545634765625 0.6184542125 0.543984375 0.6196923078125 0.543984375 0.6201904765624999 0.545302734375 0.6211868125 0.545302734375 0.624659340625 0.546953125 0.63259340625 0.549931640625 0.641523809375 0.554560546875 0.650703296875 0.560185546875 0.659384615625 0.5618359374999999 0.6598827843749999 0.5631640625000001 0.6588937734375 0.5631640625000001 0.6583956046874999 0.5575390625 0.6497142859375 0.5529101562500001 0.6402857140625 0.550263671875 0.632344321875 0.54861328125 0.62441025625 0.54861328125 0.6209377296875 0.5532421875 0.61795604375 0.55390625 0.6147326 0.5519140625000001 0.61349450625 0.54861328125 0.6129963375 0.5462988281250001 0.6142344328125 0.546630859375 0.6144835171875 0.5459667968749999 0.614981684375
1 0.54298828125 0.6162197796875 0.541005859375 0.6169670328125 0.5403417968750001 0.618205128125 0.541669921875 0.619201465625 0.5426562500000001 0.619201465625 0.570439453125 0.6105128203125 0.592919921875 0.6020805859375 0.593583984375 0.6008424906250001 0.592265625 0.599846153125 0.5916015625 0.599846153125 0.57142578125 0.6075384609375 0.5585351562499999 0.6117582421875001 0.54298828125 0.6162197796875