3 0.5155454546875 0.7685689953125 0.5155454546875 0.7863884156250001 0.5191477265625 0.81987223125 0.5198750000000001 0.8247359453125 0.5234772734375001 0.8268994890625001 0.5263522734375 0.8263543437499999 0.5285227265625 0.8247359453125 0.52419318125 0.7863884156250001 0.52419318125 0.769105621875 0.5256363640624999 0.719420784375 0.5285227265625 0.6832367968749999 0.5285227265625 0.6200425890625 0.532125 0.5768398640625 0.532125 0.428858603125 0.5386022734375 0.35972742812499997 0.5386022734375 0.299778534375 0.53644318125 0.281950596875 0.537159090625 0.25224872187499997 0.5349999999999999 0.25063032343749997 0.532125 0.25008517812500003 0.5285227265625 0.25224872187499997 0.5277954546875 0.2657495734375 0.5277954546875 0.282495740625 0.5299545453125 0.3003151625 0.5299545453125 0.35918228281250003 0.5234772734375001 0.42831345781249996 0.5234772734375001 0.5768398640625 0.5198750000000001 0.6200425890625 0.5198750000000001 0.682691653125 0.5169886359375 0.7188756390625 0.5155454546875 0.7685689953125
1 0.57319318125 0.30733390156249996 0.5796704546875 0.30247870468750004 0.5854431812499999 0.3003151625 0.5847159093750001 0.299778534375 0.586159090625 0.2976149921875 0.5832727265625001 0.29545144843750004 0.581840909375 0.29545144843750004 0.5746363640625 0.299233390625 0.57319318125 0.299233390625 0.572465909375 0.3008517890625 0.5667045453124999 0.30463373125 0.5631022734375 0.3089608171875 0.5551818187500001 0.3148977859375 0.5544545453125 0.317061328125 0.5573409093749999 0.3192163546875 0.56094318125 0.3181345828125 0.5667045453124999 0.31436115781249996 0.57319318125 0.30733390156249996
2 0.5796704546875 0.288432709375 0.52419318125 0.28573253906249996 0.507625 0.28573253906249996 0.48096590937499994 0.286814309375 0.4780795453125 0.288977853125 0.4780795453125 0.2900511078125 0.48096590937499994 0.29221465 0.52419318125 0.2911328796875 0.5803977265625 0.29437819374999996 0.5854431812499999 0.29437819374999996 0.58831818125 0.29221465 0.58831818125 0.2911328796875 0.5854431812499999 0.288977853125 0.5796704546875 0.288432709375
2 0.517715909375 0.40617546875 0.468715909375 0.4077938671875 0.4658295453125 0.4099488921875 0.4658295453125 0.4110306640625 0.468715909375 0.41319420781250005 0.4780795453125 0.41319420781250005 0.517715909375 0.41157580937500005 0.5832727265625001 0.4121124359375 0.586159090625 0.4099488921875 0.586159090625 0.4088756390625 0.5832727265625001 0.4067120953125 0.517715909375 0.40617546875
2 0.468715909375 0.529846678125 0.496090909375 0.5303918234375 0.51194318125 0.5287734234375 0.5436477265625 0.527691653125 0.56381818125 0.5249914828125 0.5796704546875 0.5255281093749999 0.5919204546875 0.5239097109374999 0.59480681875 0.5217461671875 0.59480681875 0.5206729125 0.5919204546875 0.5185093703125 0.5890454546874999 0.5185093703125 0.5789545453125 0.52012776875 0.5631022734375 0.519591140625 0.54293181875 0.5222913124999999 0.5112272734375 0.5233730828125001 0.495375 0.5249914828125 0.47520454531249995 0.5249914828125 0.4643977265625 0.5239097109374999 0.46151136406250004 0.5260732531250001 0.46151136406250004 0.5271465078124999 0.4643977265625 0.5293100515625 0.468715909375 0.529846678125
2 0.586159090625 0.658926746875 0.5832727265625001 0.6567717203125001 0.5803977265625 0.6567717203125001 0.5681477265625 0.658926746875 0.48023863593750005 0.658926746875 0.46799999999999997 0.6578534921875 0.4651136359375 0.6600085171875001 0.4651136359375 0.6610902890625 0.46799999999999997 0.6632538328125 0.4795227265625 0.6643270875 0.5688636359375 0.6643270875 0.5832727265625001 0.6621720609375 0.586159090625 0.6600085171875001 0.586159090625 0.658926746875
2 0.5767954546875 0.7831516187500001 0.5767954546875 0.782069846875 0.5739090906250001 0.779906303125 0.5659886359375 0.7815247015625 0.5285227265625 0.7826064734375 0.5191477265625 0.7815247015625 0.48312499999999997 0.7804514484375 0.4672727265625 0.7782879046875 0.4643977265625 0.7804514484375 0.4643977265625 0.7815247015625 0.4672727265625 0.7836882453125 0.47663636406250004 0.78530664375 0.49177272656250004 0.7863884156250001 0.5191477265625 0.7869335609375 0.5285227265625 0.7880068140625001 0.5566136359375 0.7874701875000001 0.569590909375 0.7863884156250001 0.5739090906250001 0.78530664375 0.5767954546875 0.7831516187500001
0 0.5822272734375 0.28479557031249997 0.5779545453125 0.2873850078125 0.5765 0.288977853125 0.575465909375 0.29276831406250003 0.5776363640625 0.300766609375 0.5817272734375 0.3037478703125 0.5867272734375 0.3035349234375 0.5907045453124999 0.30030664375 0.591034090625 0.296081771875 0.5941704546875 0.2923935265625 0.592784090625 0.2876320265625 0.5909886359375001 0.28611584375 0.584875 0.28423339062499997 0.5822272734375 0.28479557031249997
0 0.5765227265624999 0.399599659375 0.5735454546875001 0.40096252187500003 0.571 0.40133730781250004 0.5691022734375 0.40275127812499995 0.5665 0.40737649062500003 0.5668977265625 0.4095826234375 0.5718863640625 0.4145144796875 0.5774659093750001 0.4185775125 0.58030681875 0.41913969375000004 0.5854545453125 0.418117546875 0.59075 0.412870528125 0.5907613640625 0.40747870468749997 0.5818295453125 0.399965928125 0.5765227265624999 0.399599659375
0 0.587409090625 0.5132793859375 0.5836136359374999 0.5136967625 0.58093181875 0.5161839859375 0.5768977265624999 0.517504259375 0.5744545453125001 0.5202385015625001 0.576659090625 0.5282282796875 0.5812272734375 0.53116695 0.5856250000000001 0.5318824531249999 0.58925 0.5312776828125 0.5917613640625 0.5295059625 0.5926363640625001 0.52591993125 0.5947840906249999 0.5232197609375 0.59481818125 0.5190545140625 0.5905227265625 0.5148551953125 0.587409090625 0.5132793859375
0 0.5836704546875 0.6531686546875 0.5810113640625 0.6532282796875 0.576125 0.6552640546874999 0.5729204546875 0.655868825 0.5712727265625 0.6569846671875 0.5700795453125 0.66024701875 0.57044318125 0.6619335609375 0.5797954546875 0.6727342421875 0.58269318125 0.6736371375 0.585840909375 0.67315161875 0.588659090625 0.67080068125 0.58944318125 0.6646848375000001 0.5919886359375 0.6617376484374999 0.5917727265625 0.6581601359375 0.5836704546875 0.6531686546875
0 0.569875 0.7775809203125 0.5649886359375 0.7782538328124999 0.5607727265625 0.779914821875 0.5593636359375 0.782189096875 0.5596477265625001 0.7858092 0.56356818125 0.788730834375 0.5685568187500001 0.7908517890625 0.5731022734375 0.791507665625 0.5754772734375 0.790834753125 0.5807159093750001 0.7874701875000001 0.5822727265625 0.7837819421875001 0.5817727265625 0.780962521875 0.58025 0.7793270875 0.569875 0.7775809203125
1 0.5890454546874999 0.29437819374999996 0.5926477265625001 0.2916780234375 0.5969659093749999 0.2900511078125 0.6178636359375 0.27385008593750004 0.62506818125 0.27006814375 0.6257840906250001 0.26736797343749996 0.622909090625 0.265212946875 0.621465909375 0.265212946875 0.6193068187499999 0.2657495734375 0.6164204546875001 0.26844974375 0.609215909375 0.27223168593749997 0.6085 0.27385008593750004 0.594090909375 0.2846507671875 0.5847159093750001 0.2900511078125 0.5832727265625001 0.2900511078125 0.584 0.2905962515625 0.58255681875 0.292751278125 0.5854431812499999 0.294914821875 0.5890454546874999 0.29437819374999996
1 0.53644318125 0.3980664390625 0.5335568187499999 0.40022998281250005 0.5335568187499999 0.40131175468749997 0.5349999999999999 0.40293015312499997 0.5378863640625 0.404011925 0.5623863640625 0.4104940375 0.5767954546875 0.4153492328125 0.5789545453125 0.4153492328125 0.581840909375 0.41319420781250005 0.5796704546875 0.4099488921875 0.5386022734375 0.3980664390625 0.53644318125 0.3980664390625
1 0.63155681875 0.39321124375 0.6329886359375 0.3905110734375 0.6301136359374999 0.38834752968749997 0.6286704546874999 0.38834752968749997 0.6164204546875001 0.394293015625 0.5912045453125 0.40454855156249997 0.581840909375 0.4104940375 0.5803977265625 0.4104940375 0.5811136359375 0.4110306640625 0.5796704546875 0.41319420781250005 0.58255681875 0.4153492328125 0.586159090625 0.41481260625000005 0.5955227265625 0.4088756390625 0.5969659093749999 0.4088756390625 0.63155681875 0.39321124375
1 0.5782386359375 0.4747614984375 0.5767954546875 0.4747614984375 0.5739090906250001 0.47692504218750004 0.5739090906250001 0.47854344062500004 0.5789545453125 0.49690800625 0.5811136359375 0.52012776875 0.584 0.5222913124999999 0.5854431812499999 0.5222913124999999 0.58831818125 0.52012776875 0.586159090625 0.49690800625 0.581840909375 0.47854344062500004 0.5811136359375 0.47692504218750004 0.5782386359375 0.4747614984375
1 0.5595 0.5568569 0.560215909375 0.5573935265625 0.560215909375 0.5563117546874999 0.5659886359375 0.5509114140625 0.571034090625 0.543892675 0.5767954546875 0.5390289609375001 0.581840909375 0.5314735953125 0.586875 0.5271465078124999 0.5876022734374999 0.5244463374999999 0.5847159093750001 0.5222913124999999 0.5832727265625001 0.5222913124999999 0.581840909375 0.5233730828125001 0.5811136359375 0.5228279390624999 0.5811136359375 0.5239097109374999 0.5760681812499999 0.5282282796875 0.571034090625 0.5357921640625001 0.5652613640624999 0.5406558765625 0.560215909375 0.5476746171875 0.5544545453125 0.5530749578124999 0.5537386359375 0.555775128125 0.5566136359375 0.557938671875 0.5595 0.5568569
1 0.5652613640624999 0.68160988125 0.5667045453124999 0.68160988125 0.5753522734375001 0.676754684375 0.581840909375 0.67135434375 0.5847159093750001 0.6670272578125 0.5847159093750001 0.665954003125 0.581840909375 0.663790459375 0.5803977265625 0.663790459375 0.5681477265625 0.6740545140624999 0.54293181875 0.687555365625 0.5414886359375 0.687555365625 0.5422045453125001 0.68809199375 0.5407613640625 0.6902555359375 0.5436477265625 0.6924190796875 0.54725 0.6918739359375 0.5479772734374999 0.6907921640625 0.5573409093749999 0.6859369671875 0.558784090625 0.6859369671875 0.5652613640624999 0.68160988125
1 0.5847159093750001 0.75506814375 0.58255681875 0.756141396875 0.5760681812499999 0.76370528125 0.5631022734375 0.7815247015625 0.5631022734375 0.7826064734375 0.5659886359375 0.7847700171875001 0.569590909375 0.7836882453125 0.5811136359375 0.7674872234375 0.5890454546874999 0.758304940625 0.5890454546874999 0.7572231687500001 0.586159090625 0.75506814375 0.5847159093750001 0.75506814375
1 0.571034090625 0.7988074953125001 0.571034090625 0.784224871875 0.5681477265625 0.782069846875 0.5667045453124999 0.782069846875 0.56381818125 0.784224871875 0.56381818125 0.7988074953125001 0.5623863640625 0.8031345828124999 0.561659090625 0.8160902890624999 0.5595 0.8263543437499999 0.5595 0.8290545140625 0.5623863640625 0.8312180578125 0.56381818125 0.8312180578125 0.5667045453124999 0.8290545140625 0.569590909375 0.8031345828124999 0.571034090625 0.7988074953125001
1 0.5876022734374999 0.6438074953124999 0.5847159093750001 0.6513713796875 0.5796704546875 0.6600085171875001 0.5796704546875 0.6610902890625 0.58255681875 0.6632538328125 0.586875 0.6616269171875 0.5955227265625 0.6443441234375 0.5955227265625 0.6427257234375 0.5926477265625001 0.6405706984374999 0.5912045453125 0.6405706984374999 0.5876022734374999 0.6438074953124999