2 0.5397634015625 0.53790013125 0.5393169390625 0.5375928859375 0.5401516187500001 0.53689573125 0.5401170578125 0.5362362593750001 0.5383002203125 0.53501678125 0.5220096390625 0.534217325 0.5084160125 0.5346069671875 0.5067366 0.5360096765625 0.5067711625 0.5366691484375 0.5085879984375 0.5378886281249999 0.5217423875 0.5375298765625 0.5314346750000001 0.538005978125 0.5323380640625001 0.53861991875 0.5315379484375 0.53997654375 0.5333551953125 0.5412038734375 0.5355256890625 0.5407594828125 0.53635314375 0.539724190625 0.5397634015625 0.53790013125
0 0.5553587234374999 0.6460056734374999 0.5605956828124999 0.643786728125 0.561412971875 0.6401540703124999 0.5573742015625001 0.6365948421875001 0.5554146140625 0.6362566843749999 0.552154646875 0.636742428125 0.550005959375 0.6376029171875001 0.548656628125 0.6392953515625 0.5488366109375 0.6425293578125 0.5511388625 0.645400221875 0.5553587234374999 0.6460056734374999
1 0.5369842265625 0.501494115625 0.540126821875 0.50297475625 0.5586738875 0.5049706484375001 0.5604324796875 0.504878484375 0.5621114828125 0.503467925 0.5620773328124999 0.502816303125 0.5602600843750001 0.5015889734375001 0.5386290796875 0.499431934375 0.536949665625 0.50083464375 0.5369842265625 0.501494115625
1 0.5302384546875001 0.4985569734375 0.5302898859375 0.49953833124999997 0.533477509375 0.5016778953125 0.5339685890625 0.5026362125 0.5361736421875001 0.502851290625 0.53785305625 0.5014485828125 0.5378012140624999 0.5004593734375 0.5346244703125 0.4983271125 0.5341329796875 0.4973609453125 0.5319279265625 0.49714586406250005 0.5302384546875001 0.4985569734375
0 0.5355674875 0.5059060703125 0.53847535 0.506312615625 0.540459065625 0.5059095015625 0.544448334375 0.502315290625 0.5447901078124999 0.5008252375 0.5439113453125 0.49847807343749995 0.540582703125 0.49625143125 0.537338503125 0.496437196875 0.532105659375 0.498734653125 0.5306079015625 0.5001986921875 0.5308035203125 0.50373103125 0.533140915625 0.505269615625 0.5355674875 0.5059060703125
2 0.49982938906249996 0.5047560125 0.5401095406249999 0.50264501875 0.541799421875 0.5012417625000001 0.5417648609375 0.5005822890625 0.5399375562500001 0.4993633609375 0.4996574046875 0.501474353125 0.4979779921875 0.5028770625 0.498012553125 0.503536534375 0.49982938906249996 0.5047560125
1 0.5392336078125 0.4691071640625 0.53792513125 0.46917573749999997 0.5281990624999999 0.4762668078125 0.5268973984375 0.476665665625 0.5227111171875001 0.48050637500000004 0.5223401796875 0.481840509375 0.524157428125 0.4830678375 0.526310640625 0.4822937109375 0.532204084375 0.47737947968750005 0.5407072562499999 0.4719899640625 0.5402503265624999 0.47168326875 0.5410504453125 0.4703266421875 0.5392336078125 0.4691071640625
1 0.5390536171875 0.4572607265625 0.5373742046875 0.458663434375 0.5374260468750001 0.45965264531249994 0.538854665625 0.46187652031250004 0.5401129046875 0.46906108125 0.5419297421875 0.4702805609375 0.5428090375 0.47023447812499997 0.54448845 0.46883176875 0.5431960625000001 0.46099558749999997 0.5417497515624999 0.458434121875 0.5399329140625 0.4572146453125 0.5390536171875 0.4572607265625
0 0.5332715968749999 0.4739147734375 0.5407304046875 0.47503537968750004 0.5463542593749999 0.472788284375 0.547767478125 0.46810885312500006 0.545603415625 0.46567160156250004 0.5399630421875 0.4654003859375 0.5342967578125 0.4664373515625 0.532005915625 0.46799019062499997 0.53114098125 0.469712346875 0.5313578046874999 0.472046965625 0.5332715968749999 0.4739147734375
2 0.542637053125 0.46695281875 0.5404661484375 0.4673893609375 0.538793959375 0.4691302046875 0.5343492890625 0.46804057343750005 0.5312649390625 0.4678715765625 0.504035903125 0.46765325156250004 0.5023464328125 0.4690643609375 0.5023805828125 0.46971598124999997 0.5042082999999999 0.4709427625 0.5314373359375 0.47116108749999996 0.5385262953125001 0.47243490625 0.5411364375 0.47196747187500004 0.5428090375 0.47023447812499997 0.5441002328125 0.46983616875 0.54448845 0.46883176875 0.5444538890625 0.468172296875 0.542637053125 0.46695281875
2 0.537539575 0.4033352453125 0.5116463515625 0.403369684375 0.4923751046875 0.4043796484375 0.4906961015625 0.4057902078125 0.4907302515625 0.4064418296875 0.49254750156249993 0.40766915781249996 0.5113791 0.4066822359375 0.5337583796875001 0.4064934390625 0.5368427296875 0.4066624375 0.5408646203125 0.408096996875 0.5417439171875 0.40805091562499995 0.54342333125 0.40664820468749996 0.542468509375 0.405052909375 0.537539575 0.4033352453125
3 0.5234749125 0.52031655625 0.5276850890625 0.575415434375 0.5295094421875 0.610226153125 0.5321103078125 0.6179937609375 0.5347452453125 0.6514473046875 0.5361051531250001 0.6523600875 0.5378705578125 0.6525982078125 0.5400000890625 0.651171909375 0.5382693203125 0.626558946875 0.53734786875 0.61738863125 0.5347470046875 0.609621021875 0.5329399328125 0.575140040625 0.52872975625 0.5200411625 0.5252934312499999 0.504744065625 0.5237005 0.48276114375 0.522367146875 0.4739430546875 0.522091478125 0.46868297812500004 0.5243842078125 0.45374691875 0.5214976171875 0.44072763281249994 0.519984353125 0.39502879375 0.516264765625 0.3659146953125 0.5148943906250001 0.365002459375 0.513128984375 0.3647643390625 0.511009921875 0.3661900890625 0.5111650375 0.3691498640625 0.5129898796875 0.37893411875 0.5147295109375001 0.39530418749999996 0.5162600546875 0.4413327640625 0.5191120828125 0.4536925765625 0.5168193546875 0.4686286375 0.5171123046874999 0.47421844843749994 0.51844565625 0.48303653906250005 0.5200385890625 0.5050194609374999 0.5234749125 0.52031655625
2 0.5392906515625 0.369651840625 0.5374738156250001 0.3684323625 0.5006899140625001 0.37036012500000004 0.4919625015625 0.37147092187499997 0.4902835 0.37288148125 0.49031765 0.373533103125 0.4921348984375 0.37476043125 0.5008618984375001 0.373641784375 0.534578728125 0.3718747609375 0.53513893125 0.37415202187499996 0.5369557687500001 0.3753715015625 0.5378350640625 0.37532541875000003 0.539514478125 0.373922709375 0.5392906515625 0.369651840625
1 0.5512505328125 0.61468404375 0.5503817046874999 0.6147295765624999 0.5367438296875 0.6226869374999999 0.5312904484375001 0.627585978125 0.530929978125 0.6289195656250001 0.5327472265625001 0.6301468953125 0.5336265234375 0.6301008125 0.54121625 0.6241057578125 0.5518452968750001 0.6176207781249999 0.5527245921875 0.617574696875 0.5522676640624999 0.6172679999999999 0.5530778375 0.6159029734375 0.5512505328125 0.61468404375
1 0.5509246265625001 0.616677103125 0.5509591875 0.617336575 0.5527760234375 0.6185560546875 0.5540845015625 0.6184874796875001 0.5691682734375 0.6130837312499999 0.569961578125 0.6113968203125 0.5681447421875 0.6101773406250001 0.566825796875 0.6102464640624999 0.5526040390625 0.61527439375 0.5509246265625001 0.616677103125
0 0.52972310625 0.3687519640625 0.5291736218749999 0.37028439375 0.5299072046875 0.372064478125 0.533566809375 0.376800825 0.53627770625 0.3778553609375 0.5382932859375 0.3778599421875 0.5418298 0.37624182031250003 0.5434831953125 0.3735415234375 0.5467450296874999 0.3714890703125 0.5472318375 0.36936161875 0.5461078859375 0.36774369687499997 0.5443463171875 0.3669779234375 0.538125228125 0.366241178125 0.5337492703125 0.366462640625 0.52972310625 0.3687519640625
1 0.537120159375 0.370096234375 0.5358353640625 0.37081697812500003 0.5350529390625 0.3725111921875 0.5368697765625 0.37373067031249996 0.537749071875 0.3736845875 0.5501367125 0.36710744375000004 0.556579478125 0.3644631734375 0.5573727828124999 0.3627762609375 0.555555946875 0.36155678281250003 0.55467665 0.36160286406250003 0.537120159375 0.370096234375
1 0.5430806328125 0.38328506562500003 0.5453025546875 0.38382203125 0.54698196875 0.382419321875 0.5469474062499999 0.38175985 0.5389888375 0.3723049203125 0.536766503125 0.3717601046875 0.5350870890625 0.37316281406249996 0.53512165 0.3738222859375 0.5430806328125 0.38328506562500003
1 0.5441801234375 0.596940140625 0.5442146859375 0.5975996125 0.546031521875 0.5988190921875 0.5481851453125001 0.5980528140625 0.554716778125 0.588491896875 0.5546822171875 0.587832425 0.5528549125 0.5866134953125 0.5519860828125001 0.5866590281249999 0.549873834375 0.5884150625 0.5441801234375 0.596940140625
2 0.547263203125 0.613908959375 0.5213426453125 0.6136220609375 0.5098845390625 0.6128999875 0.5082055375000001 0.614310546875 0.5082396874999999 0.61496216875 0.5100565234375 0.616181646875 0.511832396875 0.6164192203125001 0.543911190625 0.6170446625 0.552336375 0.6185790953125 0.5536553203125 0.618509971875 0.5553347343749999 0.6171072625 0.5553001734375 0.616447790625 0.5534833359375 0.6152283125 0.547263203125 0.613908959375
0 0.5439777343750001 0.584866578125 0.5416184203125 0.587115778125 0.5416981078124999 0.5892371562500001 0.5437028671874999 0.5914387125 0.552870446875 0.5929184921874999 0.556730553125 0.5922674640625 0.5591855890625 0.5906430406250001 0.5596926453125 0.5879004796875 0.55710716875 0.585233396875 0.5514625843750001 0.584080690625 0.5468382796875 0.584370275 0.5439777343750001 0.584866578125
2 0.5253813265625 0.6404128171875 0.515259446875 0.6399513578125 0.5135800328125 0.6413540656250001 0.5136145953125 0.6420135390625 0.51543143125 0.643233015625 0.5202811875 0.6436401359375 0.5540153 0.6422028484375 0.556694153125 0.6430465062499999 0.5575734484375 0.643000425 0.5592528625 0.6415977171875 0.5582875734375 0.64000296875 0.5542829640625 0.638898146875 0.5253813265625 0.6404128171875
1 0.546212971875 0.4430536703125 0.5407861453125 0.44004740625 0.5399068484375 0.4400934890625 0.538227434375 0.441496196875 0.54011339375 0.4440346203125 0.5446022687500001 0.4457674734375 0.5450660125 0.4464044546875 0.545945309375 0.446358371875 0.546876446875 0.4473014984375 0.5490810890625 0.44750872656249996 0.5507605015625 0.44610601875 0.5498229625 0.44484045781250003 0.5502348609375 0.4444882296875 0.546212971875 0.4430536703125
1 0.5552064421875 0.43039583124999997 0.55338960625 0.4291763515625 0.552510309375 0.429222434375 0.5457480375 0.43418219843749994 0.5423445921875001 0.43633654374999997 0.5414757640625 0.436382078125 0.5377017937499999 0.4398784078125 0.53733085625 0.44121254218750006 0.5391581609375 0.4424314734375 0.541311784375 0.44166519531250004 0.5455149359375 0.438146371875 0.5502099874999999 0.435601565625 0.55483550625 0.4317299671875 0.5552064421875 0.43039583124999997
0 0.5302629171875 0.4389378234375 0.5312521671875 0.44179090312499997 0.537453115625 0.44574852500000006 0.539795075 0.44597217499999997 0.5426545671875 0.44525550156250004 0.5451264234375001 0.44355147031250003 0.545330084375 0.438825215625 0.543792490625 0.43672513593750006 0.54100680625 0.4350447234375 0.538423859375 0.434629021875 0.53354508125 0.43527045624999994 0.5309264453125 0.4367774953125 0.5302629171875 0.4389378234375
2 0.540975409375 0.44365880156250004 0.5426544109375 0.44224824218750003 0.5402600921875 0.4384217671875 0.5344623281249999 0.4367496359375 0.5191374468750001 0.43755277968749995 0.502081721875 0.4387772734375 0.49816991718750003 0.43964356562500007 0.496490503125 0.441046275 0.4965250640625 0.441705746875 0.49834190156249997 0.4429252265625 0.502693765625 0.44204374375000005 0.5337658953125 0.44008467968750004 0.5364274671875 0.4405986046875 0.538753075 0.44311398750000003 0.5400961140625 0.44370488437500005 0.540975409375 0.44365880156250004
1 0.5555006625 0.419185825 0.554975021875 0.41756803593749997 0.5508667265625 0.41448479687499995 0.5508325765625 0.413833175 0.5476276734375001 0.411363875 0.5475935234375 0.410712253125 0.546696946875 0.4104285984375 0.542949121875 0.4060117734375 0.5411322843749999 0.4047922953125 0.5402529875 0.404838378125 0.538573575 0.4062410859375 0.53959070625 0.40882504218750004 0.5404768140625 0.40910924687500005 0.541442103125 0.41070399375 0.5423386796874999 0.4109876484375 0.5442242296875001 0.41351822031249996 0.54512080625 0.413801875 0.551605728125 0.42037400312499995 0.55202850625 0.4200290765625 0.55382125 0.42058853437500004 0.5555006625 0.419185825
1 0.5561814968750001 0.3987290765625 0.55699208125 0.3973719 0.55517524375 0.396152421875 0.5542959468750001 0.3961985046875 0.5418910265625 0.4024459109375 0.5398065265625 0.40453113281249997 0.5385048640625001 0.4049299921875 0.5381512078124999 0.40659386406250003 0.5399785109375 0.40781279374999996 0.5412869875 0.4077442203125 0.5442335046875 0.40528317812500003 0.5540801265625 0.40049241249999995 0.5557591296875 0.3990818515625 0.5566384249999999 0.3990357703125 0.5561814968750001 0.3987290765625
0 0.5317921250000001 0.4070294703125 0.53548134375 0.41052829375 0.5384374765625 0.4112550796875 0.54131425 0.41086814218749995 0.544914575 0.4090656109375 0.546718634375 0.40643614375 0.544935659375 0.403459340625 0.5407882890625 0.401433053125 0.5387156140625 0.401140184375 0.5348909765625 0.40146658437499994 0.532176484375 0.40294715625000005 0.5309805140625 0.40496219531250005 0.5317921250000001 0.4070294703125
1 0.5520767171875 0.6304485734374999 0.5519227953125 0.6357232921875 0.5522153328125 0.641305253125 0.5540325796875 0.6425325828124999 0.5549118765625 0.6424865015625 0.5565908796875 0.6410759406250001 0.5567379890625 0.6354709390625 0.5564627328125 0.6302187125 0.554635428125 0.6289997828125 0.5537665984375 0.629045315625 0.5520767171875 0.6304485734374999
1 0.574059696875 0.6477337109375 0.575749578125 0.646330453125 0.5747842890625 0.64473570625 0.5560825203124999 0.6397878890625 0.55440310625 0.641190596875 0.5553583390625 0.6427937453125 0.5731908671875 0.6477792453125 0.574059696875 0.6477337109375
1 0.5653373296875001 0.5984686015625 0.5671027359374999 0.5987067203125 0.56878215 0.5973040125 0.5687303078125 0.5963148031250001 0.5559734125 0.5874341140625 0.553751078125 0.586889296875 0.552072075 0.5882998578125 0.5525699687500001 0.589588459375 0.5653373296875001 0.5984686015625
2 0.5569387015625 0.5890288625 0.5569045515625 0.5883772406250001 0.555076834375 0.587150459375 0.5493241 0.586137253125 0.546696678125 0.5862749515625 0.543224521875 0.5871182015625 0.527071775 0.588948784375 0.5135054890624999 0.5896597640625 0.51181560625 0.5910630203125 0.51185016875 0.5917224937500001 0.5136774734375 0.5929414234375 0.5202580734375 0.592927190625 0.5394778890625 0.59093586875 0.54729784375 0.5895341171874999 0.55524923125 0.5904399703125 0.5569387015625 0.5890288625
1 0.556534103125 0.5646849140625 0.5510899953124999 0.5613489125 0.5466453265625 0.56025928125 0.5449663234375001 0.561669840625 0.5459211453124999 0.5632651359375 0.555837259375 0.5680121078125 0.5599282734375 0.570765609375 0.562132915625 0.5709728375 0.563822796875 0.56956958125 0.5628747890625 0.56830456875 0.56329715625 0.5679517921875 0.56196093125 0.5676911796875 0.557870328125 0.5649455265625 0.556534103125 0.5646849140625
1 0.5336194953125 0.5714831109375 0.534938440625 0.5714139890625 0.547188246875 0.5622068062500001 0.5475591843750001 0.5608726703125 0.5457318796874999 0.5596537406250001 0.5444234015625 0.559722315625 0.532173184375 0.568921646875 0.531802659375 0.5702636328125 0.5336194953125 0.5714831109375
0 0.5481948828125 0.621071271875 0.5515976125 0.6215069921875 0.5557358234375 0.6207547921875001 0.557966825 0.618260396875 0.5569383453125 0.6134570125 0.5540106375 0.6118706421875 0.54600170625 0.6120699453125 0.5435777578125001 0.6144878546875 0.5444419015624999 0.6181583484375001 0.5456233593750001 0.620072409375 0.5481948828125 0.621071271875
0 0.53454055 0.5602166359375 0.5350264265625 0.562277365625 0.5377647546875 0.56445621875 0.541412359375 0.56495783125 0.543725890625 0.5660410640625 0.5471205718750001 0.566122946875 0.5512559890625 0.5643159890625 0.5523865515625 0.562855446875 0.5525435578125 0.5610444343750001 0.550186315625 0.5583260265625001 0.5434322296875 0.5562316703125 0.5382070125 0.5570723265625 0.5359017671874999 0.558350384375 0.53454055 0.5602166359375
2 0.54662845625 0.5599373937500001 0.5417441390625 0.558870803125 0.5373685921875 0.559100115625 0.5046238625 0.5627921734375 0.502944859375 0.5642027328125 0.502979009375 0.5648543562499999 0.504795846875 0.5660738328125 0.5083025640625001 0.5658900546875001 0.5375409875 0.5623896265624999 0.5410372390625 0.5622063953125 0.54769701875 0.563502709375 0.5493760203125 0.5620921484375 0.5493418703125 0.561440528125 0.54662845625 0.5599373937500001
1 0.5423048296874999 0.536121603125 0.5374209234375 0.5350628625 0.5357415109375 0.5364655734375 0.535776071875 0.5371250437499999 0.5389632828125 0.5392567578125 0.5512556562500001 0.539273825 0.561868615625 0.5406936015625 0.563616740625 0.5406019859375 0.565296153125 0.539199278125 0.5652615921875 0.5385398046875001 0.56344475625 0.5373203265625001 0.5515233203125 0.5359691234375 0.5423048296874999 0.536121603125
1 0.5190723203125 0.5534776359375 0.5208031640625 0.553056284375 0.5355084078125001 0.5404297453125 0.5358793453125 0.5390956109375 0.534062096875 0.53786828125 0.5331828 0.5379143625 0.5176155421875 0.5509167203125 0.5172446046875 0.5522508562499999 0.5190723203125 0.5534776359375
0 0.5311248765625 0.5356998484375 0.529316196875 0.5374399750000001 0.5289208125 0.5403105125 0.529991603125 0.541915478125 0.5331409609375 0.5433249109375 0.5377521 0.5427841 0.5428121953125 0.539393559375 0.5440203296874999 0.537810865625 0.5428253296875 0.5342364328125 0.53729661875 0.5322904109375 0.534078934375 0.5327818140625 0.5321605875000001 0.5340317234375 0.5311248765625 0.5356998484375