1 0.439814453125 0.7149597062499999 0.439814453125 0.7159487171875 0.44113281249999997 0.7169377296875 0.441796875 0.7169377296875 0.44312500000000005 0.7159487171875 0.444443359375 0.7080073265625 0.44642578125 0.7005714281250001 0.44609375 0.67923076875 0.444775390625 0.6782417578125 0.444111328125 0.6782417578125 0.44279296874999996 0.67923076875 0.44312500000000005 0.70032234375 0.439814453125 0.7149597062499999
1 0.39054687499999996 0.6779926734374999 0.3885546875 0.6782417578125 0.38723632812500003 0.67923076875 0.38723632812500003 0.6797289375 0.3885546875 0.680725275 0.39054687499999996 0.680725275 0.395498046875 0.68022710625 0.40608398437500004 0.679978021875 0.41633789062500004 0.6787399265625 0.43849609375 0.6784908421875 0.44246093750000004 0.6797289375 0.44345703125 0.6797289375 0.444775390625 0.6787399265625 0.444775390625 0.6782417578125 0.44345703125 0.677245421875 0.43915039062499994 0.6760073265625001 0.42294921875 0.6760073265625001 0.41600585937499995 0.6762564109375 0.40575195312499995 0.67749450625 0.39054687499999996 0.6779926734374999
1 0.41534179687500006 0.647479853125 0.414677734375 0.647479853125 0.40641601562499996 0.651699634375 0.393515625 0.656908425 0.392861328125 0.6581465203125 0.3941796875 0.65913553125 0.39484375 0.65913553125 0.407080078125 0.6541758234375 0.41666992187499996 0.6494652015625 0.41732421875 0.6494652015625 0.4368359375 0.6383003656249999 0.4375 0.6383003656249999 0.43783203125 0.6378021984375 0.44246093750000004 0.63581685 0.44212890624999995 0.6355750921875 0.44279296874999996 0.6345787546875 0.44146484375000006 0.63358974375 0.440810546875 0.63358974375 0.43551757812499997 0.63631501875 0.43485351562499996 0.63631501875 0.41534179687500006 0.647479853125
1 0.42791015625 0.60977289375 0.43353515624999994 0.6209377296875 0.43948242187500003 0.6311062265625 0.440810546875 0.633091575 0.44246093750000004 0.63358974375 0.443779296875 0.63259340625 0.44345703125 0.6313553109375001 0.43650390625 0.6199413921875 0.43287109375000005 0.612747253125 0.42791015625 0.6018315015625 0.42459960937499996 0.5929010984375 0.42328124999999994 0.5919120875 0.42261718750000005 0.5919120875 0.421298828125 0.5929010984375 0.421298828125 0.5936483515625001 0.42791015625 0.60977289375
1 0.397822265625 0.6030769234375 0.396494140625 0.603567765625 0.39583007812500004 0.6048131875 0.397158203125 0.6058021984375 0.39814453125 0.6058021984375 0.414677734375 0.601091575 0.43650390625 0.5929010984375 0.440810546875 0.5909157515625 0.44345703125 0.5891794875 0.44345703125 0.5886886453125 0.44212890624999995 0.5876923078125 0.44146484375000006 0.5876923078125 0.434189453125 0.5911648359375 0.41500976562499997 0.598358975 0.397822265625 0.6030769234375
1 0.42427734375000004 0.5457655671875 0.429560546875 0.56213919375 0.43584960937500006 0.57677655625 0.43915039062499994 0.582981684375 0.44014648437500004 0.586205128125 0.44146484375000006 0.5871941390625001 0.44212890624999995 0.5871941390625001 0.44345703125 0.586205128125 0.44212890624999995 0.5817362640625 0.43948242187500003 0.577025640625 0.43386718750000003 0.5643736265625 0.430888671875 0.55668131875 0.42526367187499997 0.539069596875 0.42459960937499996 0.5375824171875 0.42328124999999994 0.5365860812500001 0.42261718750000005 0.5365860812500001 0.421298828125 0.5375824171875 0.421298828125 0.53832234375 0.42427734375000004 0.5457655671875
1 0.42791015625 0.5527179484375 0.41600585937499995 0.55941391875 0.41534179687500006 0.55941391875 0.41500976562499997 0.5599120875 0.407080078125 0.5638754578125 0.40641601562499996 0.5638754578125 0.40674804687500005 0.5641245421875001 0.40608398437500004 0.5651208796875 0.40741210937499994 0.5661098906250001 0.4090625 0.56586080625 0.40939453124999997 0.5653626375 0.41732421875 0.5613992671875 0.41798828125 0.5613992671875 0.42989257812500004 0.5546959703125001 0.430556640625 0.5546959703125001 0.430888671875 0.554205128125 0.44246093750000004 0.548747253125 0.44642578125 0.5460146515625001 0.44874023437500005 0.545025640625 0.44840820312499996 0.54477655625 0.449072265625 0.5437802203125 0.44775390625 0.542791209375 0.4467578125 0.542791209375 0.43948242187500003 0.5472600734374999 0.42857421875 0.5527179484375 0.42791015625 0.5527179484375
1 0.43386718750000003 0.52095970625 0.43584960937500006 0.528153846875 0.43849609375 0.534109890625 0.44312500000000005 0.5403076921875 0.444775390625 0.5408058609374999 0.44609375 0.53981685 0.44609375 0.5393186812499999 0.441796875 0.5336117218750001 0.438818359375 0.5269157515625 0.43584960937500006 0.5174871796875 0.434521484375 0.51649816875 0.43386718750000003 0.51649816875 0.43253906249999996 0.5174871796875 0.43253906249999996 0.5182344328124999 0.43386718750000003 0.52095970625
1 0.450068359375 0.506073259375 0.453369140625 0.5135164828125001 0.45734375 0.5259194140625 0.46097656249999996 0.5333626375 0.46263671874999995 0.5348498171875 0.463291015625 0.5348498171875 0.464619140625 0.53386080625 0.464619140625 0.533113553125 0.460322265625 0.52468131875 0.4566796875 0.5132673999999999 0.453369140625 0.5058315015625 0.45171875000000006 0.4986300359375 0.45040039062500004 0.49764102499999996 0.44973632812500003 0.49764102499999996 0.44840820312499996 0.4986300359375 0.44840820312499996 0.4996263734375 0.450068359375 0.506073259375
1 0.43253906249999996 0.503846153125 0.43253906249999996 0.504336996875 0.42989257812500004 0.506571428125 0.42261718750000005 0.5174871796875 0.420966796875 0.521208790625 0.420966796875 0.52195604375 0.42228515624999996 0.5229450546875001 0.42294921875 0.5229450546875001 0.42427734375000004 0.52195604375 0.427578125 0.5150036625000001 0.43253906249999996 0.5080586078125 0.43584960937500006 0.5050842484375 0.44246093750000004 0.5011135531249999 0.44775390625 0.4993772890625 0.44840820312499996 0.49813919375 0.44708984375 0.4971428578125 0.44642578125 0.4971428578125 0.440810546875 0.49887912031250004 0.44014648437500004 0.4996263734375 0.43253906249999996 0.503846153125
1 0.431220703125 0.46861538437499994 0.427578125 0.47729670312500005 0.41534179687500006 0.4986300359375 0.411376953125 0.503846153125 0.411376953125 0.504336996875 0.4126953125 0.5053333328125 0.41435546875 0.5048351640625001 0.41500976562499997 0.5040879125 0.41963867187500004 0.49739194062500003 0.43220703125000004 0.4753113546875 0.43353515624999994 0.4713479859375 0.43915039062499994 0.46018315000000004 0.44246093750000004 0.45224175781250003 0.44246093750000004 0.45150183125 0.44113281249999997 0.45050549375 0.440478515625 0.45050549375 0.43915039062499994 0.45150183125 0.435185546875 0.4611721609375 0.431220703125 0.46861538437499994
1 0.43948242187500003 0.4433113546875 0.43948242187500003 0.4480293046875 0.440810546875 0.44901831562499994 0.44146484375000006 0.44901831562499994 0.44279296874999996 0.4480293046875 0.44279296874999996 0.4433113546875 0.444443359375 0.431655678125 0.444111328125 0.4080879125 0.44279296874999996 0.40709157500000004 0.44212890624999995 0.40709157500000004 0.440810546875 0.4080879125 0.44113281249999997 0.431655678125 0.43948242187500003 0.4433113546875
1 0.421630859375 0.4286739921875 0.42228515624999996 0.43537728906249995 0.42459960937499996 0.43958974375000004 0.42922851562500003 0.445794871875 0.434189453125 0.44827106250000004 0.43485351562499996 0.44901831562499994 0.43650390625 0.4492674 0.43783203125 0.44827106250000004 0.43716796875 0.4472820515625 0.4375 0.44703296718749996 0.43187499999999995 0.44405860781250006 0.42857421875 0.440336996875 0.42559570312500006 0.4351282046875 0.424931640625 0.4286739921875 0.42625976562499995 0.42197802187500005 0.429560546875 0.41254945000000004 0.429560546875 0.4118095234375 0.4282421875 0.41081318749999995 0.427578125 0.41081318749999995 0.425927734375 0.41254945000000004 0.42261718750000005 0.4232161171875 0.421630859375 0.4286739921875
1 0.38525390625 0.383523809375 0.391533203125 0.3879926734375 0.392529296875 0.38824175781250003 0.401455078125 0.393699634375 0.42659179687500004 0.4115604390625 0.4282421875 0.41205860781250003 0.429560546875 0.41106227031250003 0.42922851562500003 0.410073259375 0.42361328125000003 0.40585347968749996 0.405419921875 0.39345055 0.40277343749999994 0.3912161171875 0.39517578124999997 0.3869963375 0.386904296875 0.38129670312499997 0.377978515625 0.37757509218749996 0.37466796874999997 0.3765787546875 0.373349609375 0.37757509218749996 0.37400390625 0.3788131875 0.38525390625 0.383523809375
0 0.45248046875 0.8039194140625 0.4544921875 0.8026227109375 0.457255859375 0.798 0.45670898437499996 0.7931721609375 0.45408203125 0.7909963375 0.45049804687500006 0.7902197796875 0.44830078125000006 0.7903003656250001 0.446025390625 0.7914945062500001 0.443427734375 0.796703296875 0.44419921875 0.800021978125 0.447314453125 0.8035091578125 0.45248046875 0.8039194140625
0 0.440556640625 0.762117215625 0.442294921875 0.7639926734375 0.44681640624999996 0.7649963375 0.450751953125 0.76404395625 0.452880859375 0.7624395609375 0.453564453125 0.760842490625 0.45308593750000004 0.7584835171875 0.44787109375 0.7532600734375 0.44585937500000006 0.75258608125 0.44383789062499995 0.752747253125 0.44188476562499995 0.7536263734374999 0.44099609375000004 0.754886446875 0.44026367187500004 0.7587838828125 0.440556640625 0.762117215625
0 0.46047851562500003 0.72277655625 0.463017578125 0.7220439562500001 0.4655078125 0.719428571875 0.465595703125 0.7171428578125 0.46441406250000006 0.71540659375 0.45944335937499997 0.7132600734375 0.45611328125000006 0.7127838828125 0.4455078125 0.7150769234375 0.44339843749999996 0.7164249078125 0.44209960937500004 0.718249084375 0.44177734375 0.721641025 0.445263671875 0.7242417578125 0.45011718749999996 0.7237582421875 0.45333984374999997 0.7242710625 0.45606445312500005 0.723391940625 0.4573828125 0.7222637359374999 0.46047851562500003 0.72277655625
0 0.441005859375 0.682659340625 0.44430664062499997 0.6841245421875 0.44776367187500005 0.683750915625 0.44954101562500004 0.6826886453125 0.450634765625 0.680527471875 0.453544921875 0.6787619046875 0.45380859375 0.6762710625 0.44888671875 0.6721758234374999 0.445927734375 0.6714652015625 0.44154296875 0.6718241765624999 0.43744140624999994 0.6743296703125 0.4371875 0.6780293046875 0.43884765625 0.6809743593750001 0.441005859375 0.682659340625
0 0.45427734375 0.6327326 0.44783203125000004 0.6277875453124999 0.44494140625 0.626754578125 0.44305664062499994 0.626747253125 0.43731445312500006 0.6306739921875 0.4363671875 0.63254945 0.43646484374999994 0.63540659375 0.438330078125 0.637846153125 0.44192382812500003 0.6389890109375 0.44447265625 0.6388131875 0.44657226562499996 0.6372380953125 0.44999023437499996 0.6380805859375 0.45326171875 0.6370329671875 0.45462890624999996 0.635340659375 0.45427734375 0.6327326
0 0.43810546875 0.591567765625 0.441005859375 0.5928937734375 0.4435546875 0.5931208796874999 0.44561523437500006 0.592476190625 0.447021484375 0.5908717953125 0.45091796874999995 0.5910769234375 0.45328125 0.5901758234375001 0.45506835937499995 0.5857435890625 0.45283203125 0.58268131875 0.45064453125000004 0.5812454218750001 0.44577148437499997 0.5794652015625 0.443486328125 0.5795750921875 0.440791015625 0.58077655625 0.43770507812500004 0.582564103125 0.436123046875 0.5851208796875 0.436943359375 0.5900879125 0.43810546875 0.591567765625
0 0.44291015624999996 0.5491282046875 0.44927734375000006 0.5495531140625001 0.4513671875 0.5482564109375 0.453076171875 0.5446300359375 0.455439453125 0.5421025640625 0.45572265625 0.5397948718750001 0.4498046875 0.5336043953125 0.44681640624999996 0.533428571875 0.442783203125 0.5353846156250001 0.43963867187499994 0.539523809375 0.43916992187500004 0.5419706953125 0.439716796875 0.54558974375 0.44291015624999996 0.5491282046875
2 0.48611328125000003 0.6293699640625 0.45171875000000006 0.6320952375 0.44246093750000004 0.6318534796875 0.44113281249999997 0.6328424906250001 0.44113281249999997 0.6333406593750001 0.44246093750000004 0.6343296703125 0.45171875000000006 0.6345787546875 0.484130859375 0.6320952375 0.49470703125000004 0.630608059375 0.50529296875 0.628380953125 0.507275390625 0.6276337 0.507939453125 0.6268864468750001 0.507939453125 0.6263956046875 0.506611328125 0.6253992671875 0.505625 0.6253992671875 0.502978515625 0.6263956046875 0.49834960937500006 0.627384615625 0.48611328125000003 0.6293699640625
2 0.47982421875 0.5842197796875 0.45767578125 0.5839706953125 0.44345703125 0.5857069593750001 0.44212890624999995 0.586703296875 0.44212890624999995 0.5871941390625001 0.44345703125 0.5881904765625 0.444775390625 0.5881904765625 0.45799804687499995 0.5864542125 0.48015625 0.586703296875 0.501318359375 0.58595604375 0.5036328125 0.5857069593750001 0.5099218750000001 0.5839706953125 0.511240234375 0.582981684375 0.511240234375 0.5824835171875 0.5099218750000001 0.58149450625 0.50892578125 0.58149450625 0.502978515625 0.58323076875 0.497685546875 0.5837216125 0.47982421875 0.5842197796875
2 0.4666015625 0.53981685 0.454033203125 0.5393186812499999 0.44642578125 0.5375824171875 0.445439453125 0.5375824171875 0.444111328125 0.538571428125 0.444111328125 0.539069596875 0.445439453125 0.5400659343750001 0.453701171875 0.5418021984375 0.46626953125000004 0.542293040625 0.478173828125 0.54204395625 0.49503906249999996 0.5408058609374999 0.505625 0.539567765625 0.5095898437499999 0.5380805859375 0.511240234375 0.5368351640625 0.511240234375 0.5363443218749999 0.5099218750000001 0.5353479859375 0.5092578125 0.5353479859375 0.5039648437500001 0.5373333328125 0.478173828125 0.539567765625 0.4666015625 0.53981685
2 0.47486328125000005 0.49615384687499997 0.459326171875 0.4966520140625 0.44510742187499996 0.4964029296875 0.443779296875 0.49739194062500003 0.443779296875 0.497890109375 0.44510742187499996 0.49887912031250004 0.45965820312499994 0.49912820468749997 0.47486328125000005 0.4986300359375 0.487431640625 0.49739194062500003 0.5003320312499999 0.4971428578125 0.507275390625 0.49590476250000004 0.50859375 0.4949157515625 0.50859375 0.49441758281250003 0.507275390625 0.49342124531250003 0.5062792968750001 0.49342124531250003 0.5 0.49466666718749996 0.487431640625 0.4949157515625 0.47486328125000005 0.49615384687499997
2 0.46130859375 0.4472820515625 0.438818359375 0.44703296718749996 0.4375 0.4480293046875 0.4375 0.44852014687499997 0.438818359375 0.44951648281249995 0.454033203125 0.4497655671875 0.46130859375 0.4497655671875 0.46626953125000004 0.4492674 0.50462890625 0.4492674 0.5142187500000001 0.4477802203125 0.515546875 0.44678388281250003 0.515546875 0.44629304062499997 0.5142187500000001 0.445296703125 0.51322265625 0.445296703125 0.50462890625 0.44678388281250003 0.46626953125000004 0.44678388281250003 0.46130859375 0.4472820515625
3 0.47222656250000006 0.41800732656250006 0.474541015625 0.486974359375 0.47685546875 0.5355970703125 0.47750976562499997 0.6348278390625001 0.47982421875 0.6497142859375 0.47916992187499996 0.665838828125 0.47916992187499996 0.692380953125 0.48148437499999996 0.7109890109375 0.48148437499999996 0.7348058609375 0.4808203125 0.7479487171875 0.483798828125 0.7655604390625 0.48478515624999996 0.7839194140625 0.48478515624999996 0.7886373625 0.483134765625 0.80550183125 0.48478515624999996 0.8218754578125 0.48578124999999994 0.8226227109375 0.48709960937499996 0.8228717953125001 0.48875976562499995 0.8218754578125 0.48709960937499996 0.805252746875 0.48875976562499995 0.7886373625 0.48875976562499995 0.7839194140625 0.48776367187499997 0.7655604390625 0.48478515624999996 0.7479487171875 0.48544921875 0.73504761875 0.48544921875 0.7107399265625001 0.483134765625 0.69213186875 0.483134765625 0.665838828125 0.483798828125 0.6494652015625 0.48148437499999996 0.6345787546875 0.4808203125 0.5355970703125 0.47850585937499995 0.486974359375 0.47619140625 0.41800732656250006 0.474541015625 0.4033699640625 0.474541015625 0.3768278390625 0.473544921875 0.3760805859375 0.47222656250000006 0.37583882812499997 0.47056640625 0.3768278390625 0.47056640625 0.403619046875 0.47222656250000006 0.41800732656250006
2 0.47916992187499996 0.7169377296875 0.45304687499999996 0.7164468859374999 0.45171875000000006 0.717435896875 0.45171875000000006 0.717934065625 0.45304687499999996 0.7189230765625 0.46891601562499996 0.7194212453125 0.47916992187499996 0.7194212453125 0.501982421875 0.718432234375 0.50529296875 0.71818315 0.515546875 0.7161978015625 0.516865234375 0.7152014656250001 0.516865234375 0.7147106234375 0.515546875 0.7137142859375001 0.51455078125 0.7137142859375001 0.5049609375 0.7156996343750001 0.49172851562500003 0.7164468859374999 0.47916992187499996 0.7169377296875
2 0.46891601562499996 0.759611721875 0.45999023437500003 0.759113553125 0.44940429687499994 0.759113553125 0.44279296874999996 0.7593626375 0.44146484375000006 0.7603516484374999 0.44146484375000006 0.7608498171875 0.44279296874999996 0.761846153125 0.5039648437500001 0.761846153125 0.50859375 0.7615970703125 0.512568359375 0.7608498171875 0.51388671875 0.7598608062500001 0.51388671875 0.7593626375 0.512568359375 0.7583662999999999 0.511572265625 0.7583662999999999 0.508271484375 0.759113553125 0.5039648437500001 0.7593626375 0.46891601562499996 0.759611721875
2 0.4480859375 0.79781685 0.45701171875 0.799794871875 0.47619140625 0.8012893765625 0.501982421875 0.8012893765625 0.511240234375 0.800293040625 0.512568359375 0.80004395625 0.51388671875 0.7990549453125 0.51388671875 0.7985567765625 0.512568359375 0.797567765625 0.5049609375 0.7985567765625 0.49503906249999996 0.7990549453125 0.47652343750000004 0.7988058609375 0.45734375 0.7973186812499999 0.4480859375 0.7953333328125 0.4467578125 0.79632234375 0.4467578125 0.7968205125 0.4480859375 0.79781685
0 0.4223828125 0.4146007328125 0.42544921875 0.4171062265625 0.42756835937500004 0.4176703296875 0.43307617187499997 0.4162124546875 0.43424804687499996 0.41482783906250004 0.43440429687500004 0.413245421875 0.435791015625 0.41259340624999996 0.438671875 0.4130329671875 0.440869140625 0.41258608125 0.44413085937499996 0.4106373625 0.445087890625 0.40880586093750004 0.44405273437500004 0.4067179484375 0.440205078125 0.4044542125 0.43429687499999997 0.4048498171875 0.42891601562500004 0.40441025625 0.42671875000000004 0.40469597031250004 0.42412109375 0.40638095312500006 0.42201171875 0.41058608124999996 0.4223828125 0.4146007328125
0 0.434306640625 0.452659340625 0.438134765625 0.45537728906249997 0.44185546875000004 0.45637362656249997 0.44439453125000006 0.45605128281249996 0.445947265625 0.45486446875000003 0.446689453125 0.4530549453125 0.44579101562499995 0.45086446875 0.44649414062500004 0.44841025625 0.445380859375 0.44592674062500004 0.4404296875 0.44203662968749996 0.43814453125 0.44181685000000004 0.43505859375 0.44266666718750003 0.433486328125 0.4435091578125 0.43259765625 0.4450989015625 0.43316406250000006 0.45010256406250004 0.434306640625 0.452659340625
2 0.48048828125 0.67377289375 0.45601562500000004 0.675018315625 0.443779296875 0.6745201468750001 0.44246093750000004 0.6755091578125 0.44246093750000004 0.6760073265625001 0.443779296875 0.6770036625 0.450068359375 0.67749450625 0.462958984375 0.677245421875 0.4808203125 0.6762564109375 0.502978515625 0.6727838828125 0.5092578125 0.6722857140625 0.5142187500000001 0.6710476187500001 0.5162011718749999 0.6698095234375 0.5162011718749999 0.6693113546875 0.5148828125 0.66831501875 0.51388671875 0.66831501875 0.50859375 0.6698095234375 0.49041015625 0.6720366296875 0.48048828125 0.67377289375
2 0.429560546875 0.40758974375 0.42791015625 0.40783882812499994 0.42659179687500004 0.4088278390625 0.42659179687500004 0.40932600781249995 0.42791015625 0.41031501875 0.429560546875 0.41031501875 0.47585937500000003 0.4053553109375 0.50099609375 0.403619046875 0.5105859374999999 0.40386813125 0.5119042968749999 0.40287912031250006 0.5119042968749999 0.40238095312500005 0.5105859374999999 0.40138461562499994 0.50099609375 0.4011428578125 0.472880859375 0.4031208796875 0.447421875 0.4061025640625 0.429560546875 0.40758974375
0 0.44244140625000006 0.50113553125 0.44451171875 0.50295970625 0.446240234375 0.5035750921875 0.45084960937499996 0.5035750921875 0.454169921875 0.50259340625 0.455419921875 0.5012161171875 0.45580078124999995 0.49852014687499996 0.45442382812500004 0.49603662968749995 0.451904296875 0.49464468906250003 0.450146484375 0.49158974375 0.4486328125 0.49070329687500003 0.44578125 0.49032234375000006 0.441875 0.49115750937499997 0.44000000000000006 0.49243956093749996 0.43953125000000004 0.49404395624999997 0.44035156249999996 0.4976337 0.44244140625000006 0.50113553125
1 0.449072265625 0.8126959703125 0.4480859375 0.821384615625 0.44708984375 0.8273333328125 0.444111328125 0.838747253125 0.444111328125 0.8397362640624999 0.445439453125 0.8407325999999999 0.44609375 0.8407325999999999 0.447421875 0.8397362640624999 0.44775390625 0.838747253125 0.44874023437500005 0.832542125 0.45072265624999996 0.8255970703125 0.45238281249999995 0.8126959703125 0.45205078125 0.799794871875 0.45171875000000006 0.7983076921875 0.45040039062500004 0.7973186812499999 0.44973632812500003 0.7973186812499999 0.44840820312499996 0.7983076921875 0.449072265625 0.802527471875 0.449072265625 0.8126959703125
1 0.396494140625 0.792109890625 0.397822265625 0.7930989015625001 0.402451171875 0.7926007328125 0.41369140625 0.7926007328125 0.425927734375 0.7935970703125 0.4375 0.7953333328125 0.447421875 0.79781685 0.44840820312499996 0.79781685 0.44973632812500003 0.7968205125 0.44973632812500003 0.79632234375 0.44775390625 0.7950842484375 0.43915039062499994 0.7930989015625001 0.4282421875 0.7913626375 0.41369140625 0.7901245421875001 0.402451171875 0.7901245421875001 0.397822265625 0.7906227109375 0.396494140625 0.7916117218750001 0.396494140625 0.792109890625
1 0.44708984375 0.774249084375 0.44609375 0.7794578750000001 0.44312500000000005 0.785655678125 0.44113281249999997 0.7886373625 0.43783203125 0.7930989015625001 0.433203125 0.7973186812499999 0.43287109375000005 0.7985567765625 0.434189453125 0.7995531140625001 0.43551757812499997 0.7990549453125 0.43584960937500006 0.7993040296875 0.43584960937500006 0.7988058609375 0.440478515625 0.7945860812500001 0.44609375 0.7866520140625 0.44940429687499994 0.7799487171874999 0.45040039062500004 0.77449816875 0.45072265624999996 0.7675457875 0.44940429687499994 0.7601025640625 0.4480859375 0.759113553125 0.447421875 0.759113553125 0.44609375 0.7601025640625 0.447421875 0.767794871875 0.44708984375 0.774249084375
1 0.467919921875 0.7467106234374999 0.45899414062500005 0.7511721609374999 0.45304687499999996 0.753655678125 0.44510742187499996 0.755890109375 0.443779296875 0.7568791203125 0.443779296875 0.7573772890625 0.44510742187499996 0.7583662999999999 0.44609375 0.7583662999999999 0.4510546875 0.7571282046875 0.46097656249999996 0.753157509375 0.467919921875 0.749435896875 0.469580078125 0.7489450546875001 0.47056640625 0.7479487171875 0.47652343750000004 0.744725275 0.48048828125 0.7417509156250001 0.48148437499999996 0.74150183125 0.48181640625 0.7402637359375001 0.48048828125 0.7392674 0.47982421875 0.7392674 0.47883789062500004 0.7395164828125 0.477177734375 0.7410036625 0.467919921875 0.7467106234374999
1 0.39451171875 0.7194212453125 0.41302734374999994 0.720908425 0.42427734375000004 0.72140659375 0.44708984375 0.721157509375 0.44840820312499996 0.7201684984375001 0.44840820312499996 0.7196703296875 0.44708984375 0.7186739921874999 0.42427734375000004 0.7189230765625 0.41302734374999994 0.718432234375 0.39451171875 0.7169377296875 0.39318359375 0.717934065625 0.39318359375 0.718432234375 0.39451171875 0.7194212453125
1 0.45072265624999996 0.7090036625 0.447421875 0.717435896875 0.447421875 0.71818315 0.44874023437500005 0.7191721609374999 0.44940429687499994 0.7191721609374999 0.45072265624999996 0.71818315 0.454365234375 0.7077655671875 0.45767578125 0.685435896875 0.45767578125 0.6839487171874999 0.45634765625 0.68295238125 0.45568359375 0.68295238125 0.454365234375 0.6839487171874999 0.453369140625 0.693619046875 0.45072265624999996 0.7090036625