1 0.517197265625 0.37484249062499997 0.517197265625 0.375340659375 0.51025390625 0.3830329671875 0.5095898437499999 0.38327472500000004 0.5092578125 0.384520146875 0.5105859374999999 0.3855091578125 0.5119042968749999 0.38501098906250003 0.512236328125 0.3852600734375 0.512236328125 0.38476923125 0.515869140625 0.38129670312499997 0.515869140625 0.380798534375 0.5198437499999999 0.3768278390625 0.522490234375 0.37335531093749996 0.52314453125 0.3731062265625 0.5254589843749999 0.3696337 0.5254589843749999 0.36913553125 0.524140625 0.3681465203125 0.5234765625 0.3681465203125 0.522490234375 0.36864468906250003 0.520498046875 0.37161904687499997 0.517197265625 0.37484249062499997
1 0.511572265625 0.58595604375 0.511240234375 0.586703296875 0.5092578125 0.5879413921875 0.50892578125 0.5891794875 0.51025390625 0.5901758234375001 0.5119042968749999 0.589926740625 0.512236328125 0.5891794875 0.5142187500000001 0.5879413921875 0.5165332031250001 0.5852087906250001 0.517529296875 0.5847179484375 0.5198437499999999 0.5809963375 0.522822265625 0.5775238093749999 0.522822265625 0.577025640625 0.521494140625 0.5760366296874999 0.520830078125 0.5760366296874999 0.518515625 0.5780146515625 0.51455078125 0.583472528125 0.511572265625 0.58595604375
1 0.5092578125 0.58967765625 0.5105859374999999 0.5906666671874999 0.531416015625 0.5904249078125 0.5360449218750001 0.5901758234375001 0.53736328125 0.5891794875 0.53736328125 0.5886886453125 0.5360449218750001 0.5876923078125 0.531416015625 0.5876923078125 0.5105859374999999 0.5881904765625 0.5092578125 0.5891794875 0.5092578125 0.58967765625
2 0.44609375 0.422725275 0.44609375 0.4232161171875 0.447421875 0.4242124546875 0.44840820312499996 0.4242124546875 0.454033203125 0.422725275 0.478173828125 0.42197802187500005 0.501982421875 0.42197802187500005 0.508271484375 0.422725275 0.5095898437499999 0.4217289375 0.5095898437499999 0.42123076875 0.508271484375 0.4202417578125 0.501982421875 0.41949450625000007 0.47784179687500006 0.41949450625000007 0.453701171875 0.4202417578125 0.447421875 0.4217289375 0.44609375 0.422725275
0 0.516357421875 0.3834652015625 0.5150390625 0.38178754531250003 0.512646484375 0.3808937734375 0.506943359375 0.38109890156250004 0.5044140625 0.3806007328125 0.5000878906249999 0.382249084375 0.49880859375000003 0.38429304062499997 0.49983398437500004 0.38721611718750004 0.5019921875 0.3884615390625 0.505615234375 0.3884542125 0.5100683593750001 0.3904468859375 0.514931640625 0.38928937656249996 0.516767578125 0.3864542125 0.516357421875 0.3834652015625
2 0.4467578125 0.3869963375 0.445439453125 0.3879926734375 0.445439453125 0.3884908421875 0.4467578125 0.389479853125 0.4480859375 0.389479853125 0.474541015625 0.386754578125 0.49537109375000005 0.38600732656250003 0.5119042968749999 0.3862564109375 0.51322265625 0.3852600734375 0.51322265625 0.38476923125 0.5119042968749999 0.38377289375 0.49503906249999996 0.383523809375 0.474208984375 0.3842710625 0.46064453125 0.3855091578125 0.4467578125 0.3869963375
0 0.5009082031250001 0.3508937734375 0.502724609375 0.35187545781249996 0.5055566406249999 0.35249084218750004 0.508017578125 0.3519853484375 0.511669921875 0.352930403125 0.516279296875 0.3509230765625 0.5172265625 0.348542125 0.51630859375 0.3452161171875 0.514140625 0.34296703281249996 0.5121386718750001 0.34213919375 0.50919921875 0.34232234375 0.50265625 0.3457802203125 0.5004199218750001 0.3479413921875 0.5001562500000001 0.3496043953125 0.5009082031250001 0.3508937734375
0 0.505654296875 0.3176337 0.509033203125 0.3223296703125 0.5155566406250001 0.3239926734375 0.5172656250000001 0.3235311359375 0.5198339843750001 0.3217289375 0.5209374999999999 0.3165347984375 0.520185546875 0.31495970624999997 0.51875 0.3140586078125 0.514326171875 0.31413919375 0.5118945312500001 0.31367765625 0.50779296875 0.3147399265625 0.506123046875 0.3159413921875 0.505654296875 0.3176337
2 0.45171875000000006 0.3505347984375 0.44279296874999996 0.351523809375 0.44146484375000006 0.352520146875 0.44146484375000006 0.3530109890625 0.44279296874999996 0.3540073265625 0.444443359375 0.3540073265625 0.46858398437500004 0.351523809375 0.48909179687500004 0.35077655625 0.50529296875 0.34953846093749996 0.511572265625 0.348798534375 0.512900390625 0.34780219843750004 0.512900390625 0.34730402968749996 0.511572265625 0.34631501875000004 0.51025390625 0.34631501875000004 0.493388671875 0.34805128281250003 0.46825195312499995 0.34904029375 0.45171875000000006 0.3505347984375
2 0.43584960937500006 0.3177875453125 0.43716796875 0.31877655625 0.444775390625 0.3177875453125 0.4894140625 0.3182857140625 0.50099609375 0.319523809375 0.50859375 0.31977289375 0.515869140625 0.318527471875 0.517197265625 0.3175384609375 0.517197265625 0.31704029375 0.515869140625 0.3160512828125 0.508271484375 0.3172893765625 0.50529296875 0.3172893765625 0.4894140625 0.3158021984375 0.444443359375 0.3153040296875 0.43716796875 0.31630036562499997 0.43584960937500006 0.3172893765625 0.43584960937500006 0.3177875453125
3 0.47585937500000003 0.44405860781250006 0.4751953125 0.478542125 0.474541015625 0.5901758234375001 0.47652343750000004 0.662117215625 0.47750976562499997 0.6628571421875 0.47883789062500004 0.6631062265625001 0.48048828125 0.662117215625 0.47850585937499995 0.5901758234375001 0.47916992187499996 0.478542125 0.47982421875 0.44405860781250006 0.47982421875 0.3257216125 0.47916992187499996 0.3093479859375 0.478173828125 0.308608059375 0.47685546875 0.308358975 0.4751953125 0.3093479859375 0.47585937500000003 0.3257216125 0.47585937500000003 0.44405860781250006
2 0.44840820312499996 0.52195604375 0.44973632812500003 0.5229450546875001 0.49735351562499996 0.5229450546875001 0.50595703125 0.52468131875 0.506943359375 0.52468131875 0.508271484375 0.5236923078125 0.508271484375 0.5231941390625 0.506943359375 0.5221978015625 0.497685546875 0.5204615390625 0.45799804687499995 0.5202197796875 0.44973632812500003 0.5204615390625 0.44840820312499996 0.5214578750000001 0.44840820312499996 0.52195604375
1 0.507275390625 0.46018315000000004 0.507939453125 0.46018315000000004 0.51388671875 0.463655678125 0.51455078125 0.463655678125 0.5198437499999999 0.46663003593749997 0.520498046875 0.4673772890625 0.52513671875 0.4693626375 0.5291015625 0.4720879125 0.529765625 0.4720879125 0.531083984375 0.47109890156249995 0.530751953125 0.47010256406249995 0.52810546875 0.4678754578125 0.5234765625 0.46589010937499997 0.5099218750000001 0.4581978015625 0.508271484375 0.45794871718749997 0.506943359375 0.45894505468749996 0.507607421875 0.459934065625 0.507275390625 0.46018315000000004
1 0.506943359375 0.6194432234375 0.508271484375 0.6204395609375 0.50892578125 0.6204395609375 0.51025390625 0.6194432234375 0.511240234375 0.6152307687499999 0.51455078125 0.6075384609375 0.51455078125 0.606798534375 0.51322265625 0.6058021984375 0.512568359375 0.6058021984375 0.511240234375 0.606798534375 0.507607421875 0.6157289375 0.506943359375 0.6194432234375
1 0.506943359375 0.41949450625000007 0.5062792968750001 0.4209890109375 0.507607421875 0.42197802187500005 0.5092578125 0.42147985312499997 0.5105859374999999 0.4199926734375 0.5221582031249999 0.4051062265625 0.52314453125 0.4031208796875 0.521826171875 0.40213186875 0.521162109375 0.40213186875 0.51951171875 0.4033699640625 0.510908203125 0.41503296718750005 0.506943359375 0.41949450625000007
1 0.506943359375 0.4527399265625 0.50529296875 0.45695970625 0.50529296875 0.45769963437500005 0.506611328125 0.45869597031250003 0.507275390625 0.45869597031250003 0.50892578125 0.45695970625 0.511572265625 0.44703296718749996 0.515546875 0.43835164843749996 0.515546875 0.43760439531250006 0.5142187500000001 0.436615384375 0.5135546875 0.436615384375 0.5119042968749999 0.43810256406250003 0.508271484375 0.44678388281250003 0.506943359375 0.4527399265625
1 0.506943359375 0.422476190625 0.506943359375 0.4229670328125 0.508271484375 0.42396337031250003 0.522822265625 0.4242124546875 0.5264550781249999 0.4237142859375 0.5277734374999999 0.422725275 0.5277734374999999 0.42222710625 0.5264550781249999 0.42123076875 0.52513671875 0.42123076875 0.522490234375 0.4217289375 0.508271484375 0.42147985312499997 0.506943359375 0.422476190625
1 0.5148828125 0.5467619046875 0.512236328125 0.5499853484375 0.512236328125 0.5504835171875 0.5135546875 0.5514725281249999 0.51521484375 0.550974359375 0.515869140625 0.5502344328125 0.518515625 0.5465128203125 0.51951171875 0.5442783875 0.522490234375 0.5405567765625 0.52314453125 0.538571428125 0.521826171875 0.5375824171875 0.521162109375 0.5375824171875 0.5201757812500001 0.5380805859375 0.515869140625 0.5445274718750001 0.5148828125 0.5467619046875
1 0.502646484375 0.5259194140625 0.5039648437500001 0.5269157515625 0.5092578125 0.5266666671875 0.516865234375 0.527655678125 0.5257910156250001 0.529641025 0.5267871093750001 0.529641025 0.52810546875 0.5286520140625 0.52810546875 0.528153846875 0.5267871093750001 0.5271648359375 0.5234765625 0.5264175828125001 0.515546875 0.5249304031250001 0.506611328125 0.52418315 0.5039648437500001 0.5244322343750001 0.502646484375 0.525428571875 0.502646484375 0.5259194140625
1 0.48213867187500004 0.5373333328125 0.47585937500000003 0.5408058609374999 0.47619140625 0.5410549453125 0.47552734374999994 0.54204395625 0.47685546875 0.5430402937500001 0.47850585937499995 0.542791209375 0.47950195312500005 0.5418021984375 0.483798828125 0.539567765625 0.48909179687500004 0.5355970703125 0.49834960937500006 0.530388278125 0.50462890625 0.525428571875 0.50462890625 0.5249304031250001 0.503310546875 0.523934065625 0.502314453125 0.523934065625 0.49503906249999996 0.5291501828125 0.487431640625 0.5333626375 0.48213867187500004 0.5373333328125
1 0.5142187500000001 0.4939194140625 0.5257910156250001 0.49466666718749996 0.5340625 0.49466666718749996 0.535380859375 0.49367032968749996 0.535380859375 0.49317948749999996 0.5340625 0.49218314999999996 0.5257910156250001 0.49218314999999996 0.5142187500000001 0.491435896875 0.512900390625 0.492432234375 0.512900390625 0.492930403125 0.5142187500000001 0.4939194140625
1 0.512568359375 0.4901978015625 0.512568359375 0.4909450546875 0.51388671875 0.491934065625 0.51455078125 0.491934065625 0.5162011718749999 0.4904468859375 0.520830078125 0.4797802203125 0.52513671875 0.4720879125 0.52513671875 0.4713479859375 0.52380859375 0.4703516484375 0.52314453125 0.4703516484375 0.5221582031249999 0.4708498171875 0.521162109375 0.472336996875 0.512568359375 0.4901978015625
1 0.510908203125 0.38749450625000004 0.517861328125 0.38923076874999996 0.526123046875 0.38923076874999996 0.527451171875 0.38824175781250003 0.527451171875 0.3877435890625 0.526123046875 0.386754578125 0.518515625 0.386754578125 0.510908203125 0.38501098906250003 0.5095898437499999 0.38600732656250003 0.5095898437499999 0.38650549375 0.510908203125 0.38749450625000004
1 0.512900390625 0.5532087906250001 0.517529296875 0.5584175828125 0.517529296875 0.5589157515625 0.521162109375 0.562388278125 0.5234765625 0.5656117218750001 0.52513671875 0.5661098906250001 0.5264550781249999 0.5651208796875 0.5264550781249999 0.5646227109375 0.52380859375 0.5609010984375 0.5201757812500001 0.557428571875 0.5201757812500001 0.556930403125 0.51951171875 0.55668131875 0.5148828125 0.5514725281249999 0.5148828125 0.550974359375 0.51455078125 0.55122344375 0.51322265625 0.5507326 0.5119042968749999 0.5517216125 0.512236328125 0.55295970625 0.512900390625 0.5532087906250001
2 0.44940429687499994 0.46068131875 0.447421875 0.4609230765625 0.44609375 0.4619194140625 0.44609375 0.4624175828125 0.447421875 0.46340659375 0.449072265625 0.46340659375 0.46097656249999996 0.4621684984375 0.493056640625 0.46018315000000004 0.5006640625000001 0.45918681250000004 0.50892578125 0.45943589687499997 0.51025390625 0.4584468859375 0.51025390625 0.45794871718749997 0.50892578125 0.45695970625 0.5003320312499999 0.4567106234375 0.48974609375 0.45794871718749997 0.47850585937499995 0.4584468859375 0.44940429687499994 0.46068131875
0 0.51404296875 0.42379487187500003 0.51267578125 0.419472528125 0.509541015625 0.41771428593750004 0.5067480468750001 0.41756776562500003 0.5048828125 0.41674725312499994 0.49904296875 0.41715750937499996 0.49735351562499996 0.418725275 0.497294921875 0.4204542125 0.49903320312500005 0.4232674 0.5017675781250001 0.42421977968749996 0.503369140625 0.42570695937499997 0.5082324218750001 0.4271282046875 0.51162109375 0.42688644687500005 0.51404296875 0.42379487187500003
0 0.5061621093750001 0.46379487187499996 0.5084375 0.4640879125 0.5133984375 0.461567765625 0.514423828125 0.45846153906250003 0.511845703125 0.45468131874999995 0.50642578125 0.4539047625 0.5030078125 0.4550842484375 0.50158203125 0.458432234375 0.5033300781250001 0.46231501875000003 0.5061621093750001 0.46379487187499996
2 0.445439453125 0.492930403125 0.445439453125 0.49342124531250003 0.4467578125 0.49441758281250003 0.45238281249999995 0.49441758281250003 0.472548828125 0.49367032968749996 0.5006640625000001 0.491934065625 0.5142187500000001 0.492930403125 0.515546875 0.491934065625 0.515546875 0.491435896875 0.5142187500000001 0.4904468859375 0.504296875 0.489457875 0.5006640625000001 0.489457875 0.467265625 0.491435896875 0.4467578125 0.491934065625 0.445439453125 0.492930403125
0 0.5033203125 0.4944542125 0.505654296875 0.495472528125 0.509140625 0.4951062265625 0.5139453125 0.49698901093750003 0.518408203125 0.49641025625 0.519892578125 0.4942344328125 0.5195898437500001 0.4903296703125 0.5186230468749999 0.4888058609375 0.5154492187499999 0.48736996406250005 0.5075097656249999 0.4868131875 0.504921875 0.48728937656250004 0.5018359375 0.48984615312499996 0.501611328125 0.4915311359375 0.5033203125 0.4944542125
0 0.49634765625000005 0.5262930406249999 0.497705078125 0.52758974375 0.50142578125 0.528908425 0.5072363281250001 0.52958974375 0.509111328125 0.528542125 0.5101171875 0.526703296875 0.509794921875 0.5227838828125 0.505751953125 0.5195164828125 0.501591796875 0.51854945 0.49856445312500003 0.5188864468750001 0.495947265625 0.5212673999999999 0.49544921875 0.522974359375 0.49634765625000005 0.5262930406249999
2 0.44874023437500005 0.5546959703125001 0.447421875 0.5556923078125 0.447421875 0.5561904765625 0.44874023437500005 0.5571794875 0.450068359375 0.5571794875 0.46891601562499996 0.5549450546875 0.49107421875 0.553457875 0.51521484375 0.5524688640625001 0.5165332031250001 0.5514725281249999 0.5165332031250001 0.550974359375 0.51521484375 0.5499853484375 0.512236328125 0.5499853484375 0.49107421875 0.550974359375 0.46263671874999995 0.55295970625 0.44874023437500005 0.5546959703125001
2 0.4480859375 0.58967765625 0.4480859375 0.5901758234375001 0.44940429687499994 0.5911648359375 0.46758789062500006 0.5911648359375 0.49172851562500003 0.5901758234375001 0.501982421875 0.5901758234375001 0.512236328125 0.5909157515625 0.5135546875 0.589926740625 0.5135546875 0.589428571875 0.512236328125 0.5884395609374999 0.5099218750000001 0.5881904765625 0.502314453125 0.5876923078125 0.49140625 0.5876923078125 0.467265625 0.5886886453125 0.44940429687499994 0.5886886453125 0.4480859375 0.58967765625
0 0.5099609375 0.556073259375 0.51322265625 0.5567106234375 0.518037109375 0.554336996875 0.52 0.5501318687500001 0.51927734375 0.5488278390625 0.516875 0.5471721609375 0.51119140625 0.5471282046875 0.5082421874999999 0.5484249078125 0.506513671875 0.5504835171875 0.5062792968750001 0.552153846875 0.5099609375 0.556073259375
0 0.500439453125 0.5931794874999999 0.504755859375 0.5935970703125 0.506240234375 0.594798534375 0.508447265625 0.595201465625 0.511494140625 0.5946227109375 0.515859375 0.592432234375 0.516591796875 0.5908205125 0.516162109375 0.5885714281250001 0.513505859375 0.5857582421875 0.506845703125 0.5846739921874999 0.50216796875 0.5852087906250001 0.49998046875 0.5862857140625 0.498154296875 0.58895238125 0.49903320312500005 0.591794871875 0.500439453125 0.5931794874999999
2 0.4751953125 0.6201904765624999 0.45701171875 0.6211868125 0.44345703125 0.6209377296875 0.44212890624999995 0.621926740625 0.44212890624999995 0.6224249078125 0.44345703125 0.6234139187500001 0.447421875 0.623663003125 0.46560546875000003 0.6234139187500001 0.4751953125 0.6226739921875 0.49735351562499996 0.6224249078125 0.50892578125 0.6211868125 0.51025390625 0.6201904765624999 0.51025390625 0.6196923078125 0.50892578125 0.6187032968749999 0.507607421875 0.6187032968749999 0.5006640625000001 0.6196923078125 0.492724609375 0.6201904765624999 0.4751953125 0.6201904765624999
2 0.45304687499999996 0.6598827843749999 0.462958984375 0.6598827843749999 0.46924804687500005 0.660380953125 0.5036328125 0.6606300359375 0.508271484375 0.6611208796875 0.5105859374999999 0.6611208796875 0.5119042968749999 0.66013186875 0.5119042968749999 0.6596337 0.5105859374999999 0.6586446890625 0.5036328125 0.6581465203125 0.46924804687500005 0.6578974359374999 0.462958984375 0.6573992671875 0.45304687499999996 0.6573992671875 0.45171875000000006 0.6583956046874999 0.45171875000000006 0.6588937734375 0.45304687499999996 0.6598827843749999
0 0.504169921875 0.6252893765625 0.50712890625 0.625838828125 0.512685546875 0.623018315625 0.51345703125 0.618293040625 0.51244140625 0.616754578125 0.51044921875 0.6159120875 0.5069042968749999 0.6156996343750001 0.50478515625 0.6165421249999999 0.501240234375 0.6188131875 0.50125 0.6226593406250001 0.50220703125 0.624117215625 0.504169921875 0.6252893765625
0 0.500322265625 0.662527471875 0.503671875 0.66404395625 0.51078125 0.6642783875 0.514638671875 0.663523809375 0.5161816406249999 0.6626666671875 0.51697265625 0.6602124546875 0.51455078125 0.6569230765625 0.5092187499999999 0.6549010984375 0.505693359375 0.6557802203125 0.503037109375 0.656249084375 0.49970703125 0.658747253125 0.49908203125000006 0.6607179484375 0.500322265625 0.662527471875
1 0.512568359375 0.6298681312500001 0.517529296875 0.63904761875 0.5191796875 0.6395384609375 0.520498046875 0.63854945 0.520498046875 0.6380512828125 0.51884765625 0.6355750921875 0.517197265625 0.6316043953125 0.5092578125 0.6206886453125 0.50859375 0.6199413921875 0.506943359375 0.6194432234375 0.505625 0.6204395609375 0.505625 0.6209377296875 0.512568359375 0.6298681312500001
1 0.5135546875 0.3172893765625 0.5148828125 0.3182857140625 0.515546875 0.3182857140625 0.516865234375 0.3172893765625 0.5165332031250001 0.3063736265625 0.515869140625 0.302153846875 0.51455078125 0.3011648359375 0.51388671875 0.3011648359375 0.512568359375 0.302153846875 0.5135546875 0.310344321875 0.5135546875 0.3172893765625
1 0.512568359375 0.3177875453125 0.512568359375 0.3182857140625 0.51388671875 0.319274725 0.5148828125 0.319274725 0.530751953125 0.31704029375 0.5370410156250001 0.3158021984375 0.53935546875 0.314564103125 0.53935546875 0.31406593437499997 0.5380273437499999 0.313069596875 0.5370410156250001 0.313069596875 0.530419921875 0.314564103125 0.51388671875 0.316791209375 0.512568359375 0.3177875453125
1 0.511240234375 0.3445787546875 0.51025390625 0.34482783906250003 0.50892578125 0.34581685 0.50892578125 0.34631501875000004 0.51025390625 0.34730402968749996 0.511240234375 0.34730402968749996 0.5191796875 0.346065934375 0.522490234375 0.3450769234375 0.531083984375 0.3440805859375 0.5324121093749999 0.343091575 0.5324121093749999 0.34259340625 0.531083984375 0.3416043953125 0.529765625 0.3416043953125 0.5221582031249999 0.34259340625 0.517529296875 0.34383150156250003 0.511240234375 0.3445787546875
1 0.501982421875 0.3651721609375 0.503310546875 0.366161171875 0.5039648437500001 0.366161171875 0.50529296875 0.3651721609375 0.50595703125 0.361201465625 0.51025390625 0.34854945000000004 0.51025390625 0.34780219843750004 0.50892578125 0.3468131875 0.508271484375 0.3468131875 0.506611328125 0.34854945000000004 0.502646484375 0.36095238125 0.501982421875 0.3651721609375
1 0.5105859374999999 0.6611208796875 0.512568359375 0.66186813125 0.517197265625 0.6633553109375 0.524140625 0.664842490625 0.5367089843749999 0.6695604390625001 0.53736328125 0.6695604390625001 0.53869140625 0.668564103125 0.5380273437499999 0.6673260078125 0.5370410156250001 0.6668278390625 0.5284375 0.6636043953125 0.511240234375 0.6588937734375 0.5099218750000001 0.6598827843749999 0.5099218750000001 0.660380953125 0.5105859374999999 0.6611208796875
1 0.506943359375 0.6467326 0.506943359375 0.6549230765625 0.507607421875 0.6588937734375 0.50892578125 0.6598827843749999 0.5095898437499999 0.6598827843749999 0.510908203125 0.6588937734375 0.51025390625 0.6549230765625 0.5099218750000001 0.6435091578125001 0.50892578125 0.6400366296875 0.50859375 0.6350769234375 0.507275390625 0.6340805859375 0.506611328125 0.6340805859375 0.50529296875 0.6350769234375 0.50529296875 0.6373113546875 0.506943359375 0.6467326