0 0.4973845578125 0.72594778125 0.49475827499999997 0.7272859671874999 0.49383631406250006 0.72957565625 0.4933485984375 0.7314839015625 0.49021062187500003 0.735762790625 0.49125810468750003 0.7391837375 0.492854115625 0.7404413328125 0.49582514531250005 0.7410244234375 0.500622140625 0.7403861796875 0.505946528125 0.73579891875 0.50610444375 0.7332092046875001 0.504347225 0.7305840921875 0.5043248453125 0.727596446875 0.5018877078124999 0.726108015625 0.4973845578125 0.72594778125
0 0.4756756859375 0.630321984375 0.47419514218750003 0.633472340625 0.4758371828125 0.6358499390625 0.47442554843750007 0.6377687640625 0.47461181249999995 0.641085525 0.47626480937500004 0.6424005828125 0.481410321875 0.6439642921875001 0.48539586718749994 0.64355315625 0.49010224999999996 0.6411665453125 0.49302881093749995 0.635540146875 0.49133735156249997 0.6320038140625 0.48740088125 0.6300064859375001 0.482675415625 0.628968040625 0.47814848750000005 0.6291299218749999 0.4756756859375 0.630321984375
1 0.5679426125 0.7998227484375 0.5443012078125 0.7855614671875 0.542288809375 0.7852457687500001 0.523688253125 0.7759840812500001 0.5223888671875 0.7760977625 0.515539471875 0.7732312515624999 0.5148037078125001 0.7723042921875 0.5134940109375 0.7724188765625 0.5086576921875 0.7698758125 0.50534523125 0.7696660484375 0.5029082921875 0.7718619125 0.5043894546875001 0.7737071828125 0.5037728234375 0.7742606999999999 0.5050825203125 0.774146115625 0.5188033843750001 0.7803689671875 0.52011308125 0.7802543843749999 0.5379675625 0.7885900140625 0.5629723515625 0.8032315828125001 0.5663275078125001 0.8039293750000001 0.5687747578125 0.8017326062500001 0.5679426125 0.7998227484375
1 0.513191721875 0.738794721875 0.51310565 0.7378109203125 0.5103141140624999 0.7360724875 0.5090044171875 0.736187071875 0.5071310984374999 0.7373422953125 0.503728071875 0.7435802 0.4997025625 0.7577875984375 0.500905528125 0.7715375640625 0.5036867515625 0.7732769 0.5049964499999999 0.773162315625 0.5074437015625 0.7709655468750001 0.5059243375 0.7612007796875 0.506718284375 0.755191140625 0.5097777046874999 0.7450257812500001 0.513191721875 0.738794721875
1 0.4989823203125 0.7345894671875 0.49562716093750003 0.733891675 0.4931902234375 0.736087540625 0.49327629531249995 0.737071340625 0.49545052343749996 0.73935554375 0.4986077046875 0.7603578093750001 0.5001756171875 0.763194628125 0.5029561625000001 0.7649262171875 0.504265859375 0.7648116328125 0.5067137890625 0.7626226109375 0.5040134968750001 0.7544442546875 0.5019026234374999 0.7377997281249999 0.4989823203125 0.7345894671875
1 0.5376029796874999 0.7015175124999999 0.5375169078125 0.7005337140625 0.534725371875 0.6987952796875 0.5327659828125 0.698966703125 0.5223369203125 0.7078019671875 0.520420228125 0.70846141875 0.5044029203125 0.721243540625 0.5024869046875 0.7219107375 0.49515478437500005 0.7284923921875001 0.49467655781250003 0.7305090875 0.49746809531249997 0.732247521875 0.5000344796875 0.7315312281249999 0.5147847875 0.71935171875 0.5259923125 0.7119314421875 0.5376029796874999 0.7015175124999999
1 0.5064191124999999 0.6839507890625 0.505109415625 0.6840653734375 0.5026621640625 0.6862621421874999 0.501910915625 0.6927598078125 0.49775663750000004 0.705495378125 0.491600275 0.717914346875 0.491686346875 0.718898146875 0.49446689218750006 0.7206297359375 0.4976499078125 0.719359928125 0.5016275453125 0.7120882265625 0.5084917843750001 0.69267581875 0.5092003375 0.6856901265625 0.5064191124999999 0.6839507890625
1 0.5039770359375 0.6787238343750001 0.5012385078125 0.6774725265625 0.4976258140625 0.673831078125 0.4941852625 0.6721572328125001 0.48612705 0.6629567328125 0.4827725703125 0.6622666890625 0.48033495468750004 0.6644548078125 0.48042102499999995 0.6654386078125001 0.488511621875 0.6751280359375 0.4954794734375 0.679467275 0.5033648671875001 0.686692425 0.5039718609375 0.6861475578125 0.5066773265625 0.686902190625 0.5091142671875 0.6847063265625 0.508249734375 0.6823075390625 0.5062042734375 0.6814951625 0.5039770359375 0.6787238343750001
1 0.48739199375000003 0.63216165 0.4840802109375 0.63195963125 0.48163228281250003 0.634148653125 0.483157496875 0.63649744375 0.5000180000000001 0.6409547124999999 0.5193698062500001 0.6437187343749999 0.5287745968750001 0.6458621078125 0.5307442984375 0.64568978125 0.533181915625 0.6435016609375 0.53309584375 0.6425178625 0.528962225 0.6404050828125001 0.5022510890625 0.6363100640625 0.48739199375000003 0.63216165
1 0.47152273593749994 0.6013825234375 0.4702130390625 0.60149710625 0.46776578750000003 0.6036938734375 0.4678945546875 0.6051657015624999 0.471936928125 0.6137184046875 0.4771829453125 0.6360288187500001 0.47997380468750006 0.6377595046875 0.4812835015625 0.637644921875 0.48372111718750005 0.6354568015625001 0.48337683125 0.6315216015625 0.47843240312499996 0.6126583609375 0.474303959375 0.6031218578125 0.47152273593749994 0.6013825234375
1 0.4924896453125 0.6000399187500001 0.47501183437499994 0.59612841875 0.47305244531249996 0.59629984375 0.470604515625 0.598488865625 0.47069058750000003 0.599472665625 0.47348212500000003 0.6012110984375 0.491609628125 0.6050657578124999 0.5262980796875001 0.6099537500000001 0.5282574703125 0.6097823265625 0.5307047203125 0.6075855578125 0.5306186484375 0.6066017578125 0.527827790625 0.6048710703125 0.5125338421875 0.6032351265625 0.4924896453125 0.6000399187500001
1 0.46847677968749996 0.5590842375 0.466029528125 0.56128100625 0.46718462499999996 0.58196666875 0.46629943437500004 0.59441623125 0.4665142734375 0.596871859375 0.46929481875 0.5986034484375 0.470604515625 0.598488865625 0.47305244531249996 0.59629984375 0.473722796875 0.581394653125 0.4725677015625 0.560708990625 0.4697864765625 0.5589696546875 0.46847677968749996 0.5590842375
1 0.48604583593750006 0.5565558140625 0.4774673765625 0.5488917296875 0.47198136562500004 0.5464055078125 0.4686689046875 0.5461957421875 0.466221653125 0.5483925109375 0.46630772499999995 0.5493763109375001 0.47462797031250004 0.55408899375 0.4881294984375 0.5652876874999999 0.4882148921875 0.5662637421875 0.4888218859375 0.5657188734374999 0.49152735156249994 0.5664735078125 0.49396429218750004 0.5642776406250001 0.4938782203125 0.563293840625 0.48809129687499997 0.557368190625 0.48604583593750006 0.5565558140625
1 0.470353215625 0.5203128171875 0.4690435203125 0.5204274 0.4666065796875 0.5226232671875 0.46611871718750003 0.524648609375 0.4633116609375 0.5451813484375 0.463569875 0.54813275 0.466350421875 0.5498643375000001 0.46766011875 0.549749753125 0.4701080484375 0.5475607328125001 0.4701986140625 0.5411130625 0.47331689531250004 0.52401885 0.473144753125 0.52205125 0.470353215625 0.5203128171875
1 0.5122140109375 0.546843125 0.5123000828125 0.5478269250000001 0.512907078125 0.5472820578125 0.515611865625 0.54802894375 0.5180494828125 0.5458408234375 0.5171849500000001 0.5434420390625 0.515831878125 0.5430608484375 0.5079567984375 0.53583479375 0.5078707265625 0.53485099375 0.5000707281250001 0.5286018968749999 0.499985334375 0.52762584375 0.4935811046875 0.5222459625 0.49206687968749996 0.519904015625 0.48435295156249997 0.51463871875 0.474302965625 0.505120715625 0.4715548046875 0.50387805625 0.467942109375 0.500236609375 0.467324803125 0.500782378125 0.46462965 0.50002684375 0.46218239843750003 0.5022236125 0.4630572421875 0.504621496875 0.4657950921875 0.5058650578125 0.47654777968750006 0.5158133453125 0.4863932390625 0.52287481875 0.4950143953125 0.5310269296875 0.4951004671875 0.5320107296875001 0.49645286093749996 0.5323841734375 0.5028894765625 0.5382529828125 0.5029755484375 0.539236784375 0.5122140109375 0.546843125
1 0.510121778125 0.47031123125 0.511216634375 0.46774101874999996 0.5084360875 0.46600942968750003 0.507126390625 0.4661240140625 0.4869327671875 0.47630532812500004 0.48514484375 0.47843660625 0.47702395312499996 0.48360417812499995 0.461838790625 0.49829615625 0.46140393749999997 0.500808625 0.4641844828125 0.5025402140625 0.467410875 0.5017661796875 0.4715599765625 0.4964543328125 0.48439359375 0.4849342734375 0.49809241875000004 0.47582074687500003 0.510121778125 0.47031123125
1 0.493260596875 0.46584621562499995 0.46128346093749995 0.45429687812499997 0.45727861093750005 0.45365592499999996 0.45483068125 0.455844946875 0.45635521875 0.458185990625 0.48764064218750003 0.4693118890625 0.493819721875 0.47223704375000003 0.507798121875 0.48140355 0.5104608890625 0.48167015625 0.512908140625 0.4794733875 0.512779371875 0.4780015609375 0.5001430546875001 0.4692094 0.49814028906249996 0.4688850515625 0.493260596875 0.46584621562499995
1 0.47315098750000006 0.44681885625 0.47306559375 0.445842803125 0.47908801562500003 0.4393757328125 0.47900194375 0.43839193125 0.483757365625 0.43252747031250005 0.4911049703125 0.4185211890625 0.49101957812499997 0.41754513437499996 0.48822804062499997 0.4158067015625 0.48691834375000004 0.4159212859375 0.48504502499999996 0.417076509375 0.47887835 0.42949638125 0.4706331515625 0.4406071984375 0.460896478125 0.4498736484375 0.45710646875 0.451688325 0.457799534375 0.4521272578125 0.45666130312500003 0.45420169687499995 0.4594528390625 0.45594012812500007 0.46267855156250004 0.45515834687499995 0.46764948906250003 0.45175726093749996 0.47315098750000006 0.44681885625
1 0.4859064390625 0.45709149375 0.4832112875 0.45633595781249997 0.478202825 0.45182529374999997 0.4633643890625 0.4328285328125 0.459799565625 0.42225138749999996 0.4573295984375 0.40910403281249996 0.45454905312499994 0.40737244375000004 0.45323935625 0.4074870265625 0.4507914265625 0.40967604843750005 0.4510923375 0.41311547656250003 0.45612351562500003 0.43297026250000004 0.4636498140625 0.4436925859375 0.47827341093750003 0.460233721875 0.47958310624999995 0.4601191375 0.48102157187500005 0.4614763796875 0.4843333546875 0.4616784 0.486781284375 0.45948937812499996 0.48529944374999995 0.4576363609375 0.4859064390625 0.45709149375
1 0.40507276875000003 0.406752209375 0.402635153125 0.40894032812500003 0.40272122499999996 0.4099241296875 0.4055024484375 0.41166346562499995 0.4081645390625 0.41192232500000003 0.44115631093749996 0.41250167343750005 0.4463847859375 0.41204424062499995 0.4488320375 0.40984747187500004 0.44874664375 0.4088714203125 0.44595510781250003 0.4071329859375 0.42821390781249996 0.407693809375 0.40507276875000003 0.406752209375
0 0.494608925 0.77023848125 0.49238230468750005 0.7724627828124999 0.49231128437500005 0.77592694375 0.49597226406250006 0.7783386640625001 0.5003159828125 0.7784582062500001 0.5067117765625 0.776852675 0.5117394984375 0.774219390625 0.51259020625 0.7706401796875 0.5091971156249999 0.7678459578125 0.50227758125 0.767741015625 0.4986963875 0.76968573125 0.494608925 0.77023848125
0 0.5096572453125 0.6809354765625 0.505424640625 0.6810169687500001 0.4972763859375 0.682783625 0.4950867671875 0.6840055515625 0.49304015 0.6868619812500001 0.493134828125 0.6886568265624999 0.49487206562499997 0.690222103125 0.497631509375 0.691237409375 0.502715609375 0.6907926078125 0.5057157812499999 0.691708796875 0.510054571875 0.6908218265625 0.5119966890625001 0.6896215546875 0.51415508125 0.6842418953125 0.512250628125 0.681715528125 0.5096572453125 0.6809354765625
0 0.45629972656250006 0.45090027343749994 0.454978121875 0.4506412234375 0.45192763437499994 0.45093152343750004 0.447778075 0.45386265468750003 0.44630513125000004 0.45698112343749997 0.4472950625 0.45915037812500004 0.45386156875 0.46175282656250005 0.457566109375 0.46121796406250004 0.46508700000000003 0.458694396875 0.46740220624999995 0.45380058593749995 0.46633849375 0.45126310937499997 0.460656103125 0.449145328125 0.45825094687499995 0.44956650624999994 0.45629972656250006 0.45090027343749994
0 0.4667992703125 0.495013071875 0.4612029296875 0.49554171562500005 0.4587406578125 0.498754546875 0.456961509375 0.49991714375 0.4531496296875 0.5005316468750001 0.45003153124999995 0.502662215625 0.44918699687499997 0.5040552734375 0.449804978125 0.507911890625 0.4541979125 0.5099005062499999 0.457011596875 0.509872903125 0.4594992171875 0.5083751203125 0.4673736640625 0.507873534375 0.47196996249999995 0.50446619375 0.47301247343749997 0.49868459375 0.469793725 0.49610148593750003 0.4667992703125 0.495013071875
0 0.45063936250000003 0.4048497859375 0.44866035625 0.405865946875 0.447111196875 0.4056189984375 0.443346521875 0.4064167125 0.4403344953125 0.4089282859375 0.4394764984375 0.410642559375 0.4404608625 0.412866940625 0.4463667765625 0.415995528125 0.44829803124999995 0.4163339375 0.45285565625 0.41581030625000004 0.4611443515625 0.411135428125 0.46151785937499995 0.40875321875 0.4595629984375 0.406957196875 0.4525877625 0.40467151718750005 0.45063936250000003 0.4048497859375
2 0.4889519296875 0.7780317828125 0.49618249062500003 0.7778909546875 0.5051252171875 0.77463414375 0.5088291578125 0.7718356671875 0.5087430859375 0.770851865625 0.5059625390625 0.7691202765625 0.5040031500000001 0.7692917015625 0.49445342812500004 0.77309338125 0.4878622453125 0.773178271875 0.46977226562499996 0.7772353625 0.4548226046875 0.7795346203125 0.436507471875 0.7811369874999999 0.43406985625 0.78332510625 0.4341559265625 0.7843089062499999 0.43693715 0.7860482421875 0.4552522828125 0.7844458765625 0.4708516359375 0.782089778125 0.4889519296875 0.7780317828125
2 0.5010807890625 0.7358889671875 0.5035184046875 0.7337008484374999 0.503432334375 0.7327170484375001 0.5006511109375 0.7309777125 0.49868140937499994 0.7311500390625 0.4903559890625 0.7338610796875 0.47030662031250003 0.738089596875 0.45265149375 0.7396342203125 0.44209815781249995 0.7395661875 0.43965090625 0.7417629546875 0.4397363 0.7427390093749999 0.4425278375 0.7444774421875 0.45308117187499997 0.744545475 0.4707363 0.7430008515625001 0.481107178125 0.7411021875 0.5010807890625 0.7358889671875
2 0.5050233453125 0.6830815734375 0.4967406234375 0.6862806421875 0.49268276406249994 0.6851525640625 0.479692490625 0.6872803984375 0.44629825 0.6897024468749999 0.43566983437499995 0.6886574578125 0.43322190625 0.6908464796875 0.43330797656250003 0.6918302796875 0.43609951406249997 0.6935687125000001 0.44672860625000005 0.6946214484375 0.4801221703125 0.6921916515625 0.49246275156249997 0.6901206609375 0.4984696875 0.6910782156249999 0.506102715625 0.6879359890625001 0.507890640625 0.6858047093749999 0.5078045703125 0.6848209093750001 0.5050233453125 0.6830815734375
2 0.48777897656249997 0.6365848796875 0.48498743906249997 0.6348464453125 0.48302805156249995 0.63501786875 0.4747887046875 0.6387127109375 0.450493846875 0.6472701765625 0.435672953125 0.6510412609375 0.42524838593750003 0.652445053125 0.4228114484375 0.6546409203125 0.42289751875 0.6556247203125001 0.4256787421875 0.6573640562499999 0.43025752656250005 0.6569634640625 0.45414991406249994 0.651407396875 0.48668411875000006 0.639155090625 0.48777897656249997 0.6365848796875
2 0.4393094234375 0.6022181609375 0.43075885312500006 0.6024744765625 0.41882006250000003 0.6015363234375 0.416383125 0.6037321906249999 0.41646919687499995 0.604715990625 0.4192497421875 0.6064475796875 0.430538840625 0.6074425734375 0.4600033109375 0.605356528125 0.4735681953125 0.6021948984375001 0.4760051359375 0.5999990328125 0.47591906406250006 0.5990152328125 0.4731385171875 0.59728364375 0.45892394062499997 0.6005021125 0.4393094234375 0.6022181609375
2 0.46843925625000005 0.5511724874999999 0.4728032 0.5483162687500001 0.47271712812500005 0.54733246875 0.4699359046875 0.5455931328125 0.46796620312500004 0.545765459375 0.43252200625 0.5548066015625001 0.4227147484375 0.5556646265625 0.41626264687500003 0.5572204421875 0.4143459546875 0.55787989375 0.411898703125 0.5600766609375001 0.41198477499999997 0.5610604625 0.41477563437500004 0.56279115 0.4167350234375 0.562619725 0.42379411874999995 0.560519040625 0.433611690625 0.5596601140625 0.46843925625000005 0.5511724874999999
2 0.46762571406250003 0.5042218078125 0.4700729640625 0.5020250390625 0.46998757031249994 0.501048984375 0.467196034375 0.49931055156250004 0.463926946875 0.49959656093750004 0.44387757812500006 0.5038250765625001 0.42495545156250003 0.5059723109375 0.4165439609375 0.50769955 0.400848221875 0.50907275 0.3984009703125 0.51126951875 0.39848704218750003 0.5122533171875 0.4012779015625 0.5139840046875 0.41697364062500003 0.51261080625 0.42538512968750003 0.510883565625 0.44495695 0.508679490625 0.46762571406250003 0.5042218078125
2 0.46390285468750003 0.45406771093750004 0.4611113171875 0.45232927656250005 0.4545731453125 0.4529012921875 0.429327684375 0.4580761703125 0.3981613609375 0.46327729375000004 0.39571410937499996 0.46547406249999995 0.39580018125 0.4664578625 0.39859171875 0.468196296875 0.40835560156249995 0.46684249843750003 0.43495345625 0.4620410640625 0.4478576578125 0.45892943124999996 0.461540996875 0.4572405328125 0.4639882484375 0.45504376406249997 0.46390285468750003 0.45406771093750004
2 0.4566372109375 0.40867284687499994 0.4538456734375 0.40693441249999995 0.4512365921875 0.407162678125 0.40279180937500003 0.41833255625000004 0.385222753125 0.42086097968749997 0.38278513593749997 0.4230490984375 0.3828712078125 0.4240328984375 0.3856524328125 0.425772234375 0.3980357109375 0.4241892703125 0.422621165625 0.4190721359375 0.44259477656249996 0.413858915625 0.4542753515625 0.41184566875 0.45672328125000006 0.409656646875 0.4566372109375 0.40867284687499994
3 0.451434103125 0.6655002109375 0.45300339218749996 0.6985217546875 0.45568819843749997 0.7141247374999999 0.46071937500000004 0.733979525 0.4587393265625 0.7489992984375 0.4638610703125 0.7624064171875 0.466052840625 0.787458465625 0.4726512515625 0.8101423234375 0.47351578281249995 0.8125411109374999 0.4756142546875 0.8138406109374999 0.478266709375 0.8141081203124999 0.481363653125 0.8118545109375 0.4811488125 0.8093988828124999 0.47385801406250005 0.7862838390625 0.47166624375 0.7612317890625 0.4665444984375 0.7478246734375 0.46882478125000004 0.7362365796875 0.4685238703125 0.7327971515625 0.46349337031250004 0.7129501109375 0.46080856406250004 0.697347128125 0.45928197187500003 0.6648136109375 0.456597165625 0.6492106296875 0.45047630468750005 0.6245023296875 0.44509496875 0.5779590859375 0.4364989671875 0.5475271546875 0.42858430937499997 0.5021968765625 0.42413741250000003 0.4664531 0.4196705328125 0.44556541875000005 0.41351660937499995 0.42036044375000003 0.407391253125 0.40308361406250004 0.40393765468750004 0.3712104515625 0.40184949843749995 0.3699100484375 0.3991977203125 0.3696502875 0.3961001 0.37189614843749996 0.39958607968750004 0.40425824062500004 0.4066627171875 0.42492540312499993 0.4162895421875 0.4671396984375 0.42353969999999996 0.5199591890625 0.4298268546875 0.5540510671875001 0.436028646875 0.5723203453125 0.438798846875 0.58889938125 0.44263874843749995 0.6251880265625 0.448749296875 0.6498972281250001 0.451434103125 0.6655002109375
0 0.459576253125 0.5478576859375 0.45961112656249997 0.5507505687500001 0.46292708281249995 0.5542072218749999 0.4679908859375 0.5545994109375 0.47187350625 0.55348695625 0.47472236093750003 0.5517233984375001 0.475448809375 0.5463675421875 0.47268198281249996 0.5430111546874999 0.46392303593750006 0.5427861328125 0.461700978125 0.5441123718750001 0.4610119015625 0.5459757890625 0.459576253125 0.5478576859375
0 0.46456096875 0.5943809890625 0.4645140171875 0.5972888375000001 0.46222464218750003 0.6002211453124999 0.4621186375 0.6019789078125 0.46396542968750004 0.6044400671875 0.46738573906249997 0.6063576640624999 0.47148301718749996 0.60674855 0.47737915624999994 0.60560824375 0.4815600375 0.60291635 0.48168947187500005 0.597269271875 0.47750784687500003 0.5934200093750001 0.47264115625 0.5920738859375 0.4671068390625 0.5924800171875 0.46456096875 0.5943809890625