3 0.35872795 0.5527858671875 0.354579159375 0.6121163453125 0.355286103125 0.6308599671875 0.35194820625 0.6690269359375 0.34965683593749997 0.6825088421875 0.3488128828125 0.694577940625 0.349346478125 0.7062333796875 0.34765912656250003 0.7303636453125 0.3454731109375 0.742338896875 0.34593628593750003 0.755001415625 0.3478387375 0.7566484703125 0.3504768078125 0.757342928125 0.3539675203125 0.7555630140625 0.3535149140625 0.742901234375 0.3556903609375 0.73092524375 0.35737771406249996 0.706794978125 0.35766370625 0.6835707546875 0.3599445078125 0.670088109375 0.36332790625 0.6314223046875 0.3626209625 0.612678684375 0.366769753125 0.5533482046875 0.36552490937500004 0.5421450484375 0.3656345671875 0.5214424890625 0.3672869859375 0.4978118 0.3660115109375 0.4679123140625 0.36896291875 0.4352723890625 0.36807776875 0.42864441875 0.3690936640625 0.385263028125 0.36799967499999997 0.3720543796875 0.37034706562499997 0.328766096875 0.37017371718750003 0.3216779140625 0.3682712640625 0.320030859375 0.365622628125 0.3193356625 0.3621319125 0.3211155765625 0.3622080453125 0.33931306875 0.35992293750000004 0.37199161875 0.36115478749999996 0.392795953125 0.3600010296875 0.42858165625 0.3608856265625 0.43521755625 0.35796970781250004 0.46734997656250005 0.3592451828125 0.4972494625 0.35759276406249996 0.5208801515625 0.35748310625 0.5415827109375 0.35872795 0.5527858671875
1 0.3973424765625 0.37612226875 0.405164875 0.37010319062499997 0.414294403125 0.3646775328125 0.414364825 0.363670453125 0.4194083109375 0.35897107500000003 0.4194787328125 0.357963996875 0.41693490000000005 0.3557700734375 0.4156034046875 0.3556769671875 0.41419092187500006 0.35659019999999997 0.4135500953125 0.35603540312500004 0.41059540625 0.3598688390625 0.390106709375 0.3736002546875 0.379670609375 0.3784245609375 0.378328546875 0.378330715625 0.37896992812499997 0.3788775828125 0.377487021875 0.380797896875 0.380019734375 0.38299900937500003 0.38340509375 0.38272575 0.3973424765625 0.37612226875
1 0.3940194015625 0.36578579218749996 0.39137506875 0.3458946921875 0.3890425 0.34067953125 0.386498665625 0.338485609375 0.38516717031250003 0.3383925015625 0.382342759375 0.3402110390625 0.382237403125 0.34171769375 0.3846049046875 0.3464332796875 0.38777414062500004 0.36838509375 0.3900368421875 0.37459940625 0.3909214390625 0.3812353046875 0.39346527343750004 0.3834292265625 0.3947967671875 0.38352233281250003 0.3976211796875 0.381703796875 0.397727090625 0.38018921250000004 0.3940194015625 0.36578579218749996
2 0.3781944515625 0.7269448125 0.37149471093750003 0.726476321875 0.3378800796875 0.7256397796875 0.31778085312500004 0.7242343046874999 0.3149664546875 0.7260615109375 0.3148960328125 0.727068590625 0.3174292984375 0.7292617734375 0.3382048390625 0.730714540625 0.34966693437499996 0.7305040453125 0.377842896875 0.73197228125 0.380657296875 0.730145075 0.38072716406249996 0.7291459265625 0.3781944515625 0.7269448125
0 0.38288654218749996 0.7280299265625 0.3753356546875 0.72393998125 0.3663283984375 0.7236687171875 0.3643585484375 0.7242003296874999 0.3603396875 0.7270031265625 0.359266234375 0.7294461203125 0.3604964140625 0.731747396875 0.36535174062500003 0.7341427953124999 0.36925258906249997 0.7334832515625 0.37218647968749996 0.733895590625 0.377618640625 0.7366978796875 0.379739334375 0.7367425812499999 0.3815845578125 0.7360189796875 0.3844969140625 0.7318797781249999 0.38288654218749996 0.7280299265625
0 0.39598623437499997 0.335077121875 0.39371245 0.3343364203125 0.38503281562499997 0.33423946875 0.38306460000000003 0.3345958859375 0.3804375765625 0.3361732328125 0.3779599578125 0.339410515625 0.37925496875000003 0.343214409375 0.38192558125 0.34526579375 0.3881878140625 0.346675853125 0.39193785000000003 0.3455913984375 0.393616578125 0.343907896875 0.3982258703125 0.3426843140625 0.39919658125 0.3409513046875 0.3988823765625 0.33845908593749996 0.39598623437499997 0.335077121875
0 0.38889860781249996 0.37842439375 0.3839015 0.37623423125 0.3799654953125 0.37633351875 0.37776877343750004 0.3770723859375 0.37279687968749997 0.3810516328125 0.3730809828125 0.3832150359375 0.375914178125 0.3861304234375 0.3927536171875 0.387228265625 0.3973924578125 0.386341428125 0.39912190000000003 0.3851475546875 0.39967937343750004 0.383401584375 0.39849860625 0.38069736875000004 0.394055346875 0.378027978125 0.39160921875 0.37762584062500004 0.38889860781249996 0.37842439375
0 0.3949395140625 0.43812475937500006 0.3915865828125 0.436567521875 0.383519859375 0.43651342968750007 0.3809722578125 0.4375624375 0.37843175625000003 0.44063595156249996 0.37867603125 0.443824509375 0.3801947625 0.4456439453125 0.38273945 0.4466107734375 0.38665200781250003 0.4460875125 0.3886382859375 0.4469913859375 0.3930449625 0.4476023359375 0.395376321875 0.44706412812499996 0.39816068125 0.445210915625 0.3987991125 0.44230720156250003 0.3949395140625 0.43812475937500006
2 0.378906621875 0.43748971093750005 0.3554930140625 0.4353424859375 0.3448375078125 0.4335853765625 0.342023109375 0.43541258281250006 0.34195268749999996 0.43641966249999997 0.344485953125 0.4386128453125 0.3484766515625 0.43940188906250005 0.37788931875 0.442470628125 0.3898413859375 0.44482041875 0.3945333171875 0.44514850937499995 0.3973477171875 0.443321303125 0.3974181390625 0.4423142234375 0.394884871875 0.44012104062499996 0.378906621875 0.43748971093750005
0 0.39293106093749997 0.6648724546875 0.3878968984375 0.6636677984375 0.38431368906249996 0.6646443921875 0.381720728125 0.6642160484375 0.379007215625 0.6644486359374999 0.374389828125 0.6668509953124999 0.37302181874999996 0.6703172703125 0.37468196875 0.6728478265625 0.37833574531249997 0.67420298125 0.382073059375 0.673452315625 0.3840843546875 0.674302159375 0.388966565625 0.6749463609374999 0.39130014218750003 0.674376434375 0.39464614375 0.6720843828125 0.39609301874999997 0.6680977 0.39293106093749997 0.6648724546875
2 0.3942713109375 0.38146955 0.3917280296875 0.37926769843749997 0.389054475 0.37908074531249997 0.375549634375 0.37965041718750003 0.35201954999999996 0.37901703750000004 0.34320664375 0.3799148 0.34038167656249996 0.3817412671875 0.3403112546875 0.3827483484375 0.3428550890625 0.3849422703125 0.3448628984375 0.3850826703125 0.352344309375 0.38409179843749996 0.391376475 0.3842951671875 0.3942008875 0.3824766296875 0.3942713109375 0.38146955
2 0.3490547609375 0.334855271875 0.3462303484375 0.336673809375 0.3461599265625 0.3376808890625 0.34870320625 0.339882740625 0.35406088593749996 0.3402573859375 0.39305811875 0.3409603296875 0.39588253125 0.33914179375 0.395952953125 0.3381347125 0.3934096734375 0.33593286093749997 0.38670993125 0.3354643703125 0.3490547609375 0.334855271875
0 0.3884921890625 0.4953979984375 0.3854008296875 0.49465590625000005 0.38172851875 0.49508440625 0.37935945625 0.4961618375 0.3769891546875 0.49664950937499996 0.3723485734375 0.4998391328125 0.3717528078125 0.5019808515624999 0.3731759109375 0.503952971875 0.3766985046875 0.50566550625 0.38031135625 0.5054798703125 0.38343383124999997 0.50608070625 0.39003759374999997 0.50503643125 0.39194560312500004 0.504022384375 0.393358325 0.5015871765625 0.3932772828125 0.499708903125 0.3884921890625 0.4953979984375
0 0.3948307875 0.5531190765625 0.3871355984375 0.55048525 0.38097345 0.551592278125 0.37703609843749997 0.5532294015625 0.3756921703125 0.5548327234375 0.376307571875 0.5587883078125 0.3781649828125 0.5604720546874999 0.3820333078125 0.5611887921875 0.385518178125 0.5607073406249999 0.38915535 0.56245179375 0.3915725484375 0.562812065625 0.3976922046875 0.5606422515625 0.3990573625 0.5594946203125 0.3991118453125 0.5567413171875 0.3948307875 0.5531190765625
0 0.370163834375 0.6024565765625 0.36732028125 0.6031820859375 0.364288465625 0.6052331453125 0.36348732500000003 0.6066672421875 0.36440523593749996 0.6103969546875 0.36863548437500004 0.6130753546875 0.3749268515625 0.6128539015625 0.37881426406249996 0.611779053125 0.384730903125 0.6068937078125 0.384810240625 0.6033293515625 0.3799746859375 0.599740053125 0.375096390625 0.5991917484375 0.370163834375 0.6024565765625
2 0.32351790625 0.6614768578125 0.3206929390625 0.663303325 0.3206225171875 0.6643104046875 0.3231663515625 0.6665043265625 0.3331455421875 0.66821414375 0.383404171875 0.6717285687500001 0.38812047031249997 0.671556346875 0.3909454375 0.66972988125 0.391015859375 0.6687228015625 0.388472025 0.6665288781250001 0.333497096875 0.6631866750000001 0.32351790625 0.6614768578125
2 0.3918846484375 0.608158925 0.38934136874999997 0.6059570734374999 0.38131013281250004 0.605395475 0.3618062328125 0.6050436343750001 0.3523170109375 0.6058941046874999 0.33690971875 0.604816721875 0.3340847515625 0.6066431890625 0.3340143296875 0.6076502703125 0.3365581640625 0.609844190625 0.35196545625 0.6109215734375 0.36212042499999997 0.61011765625 0.38898981250000003 0.61098454375 0.3918142265625 0.6091660046875 0.3918846484375 0.608158925
2 0.3339367921875 0.5510523 0.33646950468750003 0.5532534140625 0.382561659375 0.5584925296875001 0.3892614 0.558961021875 0.3920858140625 0.557142484375 0.39215623593750004 0.5561354046875 0.3896129546875 0.553933553125 0.336821059375 0.5482259453125 0.3340072140625 0.5500452203124999 0.3339367921875 0.5510523
1 0.414259434375 0.5288827203124999 0.4137694640625 0.5263224328125 0.4073159234375 0.5223331250000001 0.39842445625 0.5146353125 0.392216559375 0.5071331234375 0.3887282734375 0.4993111203125 0.38544882343750003 0.49806979531250006 0.3826244109375 0.49988833125000004 0.3825185 0.5014029171875001 0.3860067859375 0.50922491875 0.39165429218750003 0.5151739015625 0.39158387031249997 0.51618098125 0.39733673125 0.5206233078125 0.39852738125 0.522730575 0.404980925 0.52671988125 0.4081306515625 0.529968175 0.41144503437499996 0.530709925 0.414259434375 0.5288827203124999
1 0.3955726921875 0.5265640125 0.39423063125 0.5264701656249999 0.3914056640625 0.5282966328125 0.38989651875 0.540311246875 0.38654421875 0.54967891875 0.38287772656249996 0.553972565625 0.382807303125 0.5549796453125 0.3853511390625 0.55717356875 0.38877143125 0.556400734375 0.39243736875 0.552115015625 0.396560771875 0.5412872421875 0.3981054046875 0.5287651234374999 0.3955726921875 0.5265640125
1 0.41942408750000004 0.5898764625 0.41892354843749996 0.5873154359375 0.415119196875 0.584013396875 0.4115604890625 0.5771984734375 0.39719729375 0.5610379453125 0.3954007515625 0.5578763062500001 0.3934633640625 0.5567288265625 0.39289240468750003 0.555174878125 0.39219116875000004 0.5556358296874999 0.38957746718749997 0.5544410578125001 0.386763621875 0.556260334375 0.3872535921875 0.558820621875 0.389190978125 0.5599681015625 0.39473257500000003 0.5674316687500001 0.4022819796875 0.575035634375 0.4107869578125 0.588260490625 0.41272434375 0.5894079703124999 0.4132847359375 0.5909611796875 0.4139965390625 0.5905009671875 0.41659967499999995 0.591695 0.41942408750000004 0.5898764625
1 0.3822919453125 0.6009220640625 0.3826085671875 0.5963941703125 0.379085346875 0.5890717421875 0.3765415125 0.5868778203125 0.3729727921875 0.5800542281250001 0.36969334374999996 0.578812903125 0.36687894375 0.580640109375 0.366808521875 0.5816471890625 0.370973121875 0.589516484375 0.373505834375 0.5917175984374999 0.375838403125 0.596932759375 0.37562769218750003 0.59994606875 0.373373684375 0.6033264828125 0.375906396875 0.605527596875 0.37724845937499996 0.6056214421874999 0.3793266890625 0.6047547625 0.3822919453125 0.6009220640625
1 0.430184478125 0.6381213796874999 0.4249676421875 0.635732575 0.418584521875 0.630736190625 0.4095167234375 0.6255600421875 0.3922692609375 0.6122258671874999 0.383423296875 0.6040292203125001 0.380844528125 0.6023348734375 0.377530146875 0.6015931234375 0.37470517812500004 0.603419590625 0.375906396875 0.605527596875 0.375205715625 0.6059806171875 0.376547778125 0.6060744625 0.40328258593750005 0.6281521515625 0.404624646875 0.6282459984375001 0.424545665625 0.6417671234375 0.4278606046875 0.6425009453125 0.4306850171875 0.6406824078125 0.42948379843750006 0.6385744015625 0.430184478125 0.6381213796874999
1 0.43297779375 0.6656009765625 0.41228324375 0.66314186875 0.3859393125 0.6643277656250001 0.3831143453125 0.6661542328125 0.3830439234375 0.6671613125 0.3855877578125 0.6693552359375 0.3875955671875 0.669495634375 0.39506641249999996 0.6685040250000001 0.4119316890625 0.6681693375 0.4326262390625 0.6706284453125 0.43545120624999994 0.6688019781250001 0.43552162812499995 0.6677948984375 0.43297779375 0.6656009765625
1 0.38773585625 0.6674894046875 0.384140340625 0.6707680421875 0.37035765 0.7041645937500001 0.369304859375 0.7096530140625 0.37183812656250004 0.7118461968750001 0.3731801875 0.7119400421875001 0.3760046015625 0.7101215062499999 0.38192753125 0.692845525 0.39066375 0.6737581984375 0.3916111859375 0.669776434375 0.38907791875000003 0.6675832500000001 0.38773585625 0.6674894046875
1 0.3502679703125 0.75076225 0.351039628125 0.74929421875 0.35668900625 0.7456492156250001 0.362222465625 0.743510125 0.379150025 0.7325657031249999 0.3799560609375 0.7306060265625 0.37741278125 0.7284041765625 0.3760812875 0.72831106875 0.35569850000000003 0.7405278984375 0.3501650421875 0.7426669875 0.3493833734375 0.7441263515625 0.34374400625 0.7477800234374999 0.338175615625 0.7504186890625 0.336833553125 0.7503248421875 0.337464365625 0.750870971875 0.3359814625 0.7527912828125001 0.338524740625 0.7549931359375 0.3419101 0.7547198765625 0.3502679703125 0.75076225
1 0.3983616703125 0.736945125 0.37741278125 0.7284041765625 0.37459838125 0.73023138125 0.374527959375 0.7312384609375 0.375764665625 0.7328389625 0.382253696875 0.7363207625 0.3986514953125 0.7425194625 0.408595753125 0.744728853125 0.411269309375 0.74491580625 0.41409372187500004 0.7430972687499999 0.41416414375 0.7420901890625 0.4116208640625 0.7398883374999999 0.3983616703125 0.736945125
1 0.370487909375 0.3267519375 0.3653060078125 0.32386355624999996 0.3570553671875 0.316720540625 0.35377591875 0.3154792171875 0.3509509515625 0.3173056828125 0.3514869765625 0.31935920625 0.37056646875 0.3353475125 0.37189796406250003 0.3354406203125 0.3757134375 0.3387354671875 0.3828676609375 0.342271753125 0.38420972343750004 0.3423655984375 0.387034690625 0.34053913125 0.38586840625 0.33793155 0.3768006078125 0.3327554015625 0.370487909375 0.3267519375
2 0.379379896875 0.49814743281249996 0.3578681859375 0.497655190625 0.33846964375 0.49579669531250004 0.33564523125 0.49761523125 0.335574809375 0.4986223109375 0.3381180890625 0.5008241640625 0.3581823796875 0.5027292140624999 0.38907795312500004 0.5038776390625 0.39190236562499997 0.5020591015625 0.3919727875 0.501052021875 0.38942950781249996 0.4988501703125 0.379379896875 0.49814743281249996
1 0.383825628125 0.5019963375 0.385167690625 0.502090184375 0.4236313265625 0.4911376890625 0.425149165625 0.48871780156250005 0.4226058859375 0.4865159484375 0.421274390625 0.4864228421875 0.3828001875 0.49737459843750004 0.3812823484375 0.4997944859375 0.383825628125 0.5019963375
1 0.391535003125 0.4398867953125 0.3887105890625 0.4417053328125 0.3886046796875 0.44321991875 0.3914708453125 0.46009051875000007 0.39164231875 0.4767726875 0.3941855984375 0.4789745390625 0.39552766093749997 0.479068384375 0.3983420609375 0.477241178125 0.3982055203125 0.460059434375 0.39541033125 0.4421738234375 0.3928770640625 0.4399806421875 0.391535003125 0.4398867953125
1 0.390192940625 0.43979295 0.3888508796875 0.439699103125 0.386026465625 0.441517640625 0.38377245625 0.44489805625 0.37791995 0.46116695625000004 0.3768327796875 0.4671470203125 0.3793760609375 0.469348871875 0.3807075546875 0.46944197968749996 0.383532521875 0.4676155125 0.389630675 0.447833728125 0.392630865625 0.44350145625000004 0.39273677500000004 0.4419868703125 0.390192940625 0.43979295
1 0.3807291078125 0.3921407140625 0.3828092140625 0.381680046875 0.3802659328125 0.37947819531250004 0.3789344390625 0.3793850875 0.376109471875 0.3812115546875 0.375303434375 0.38317123125 0.372265328125 0.397612925 0.3675466 0.40738706406249997 0.3674412453125 0.40889371875 0.369984525 0.4110955703125 0.37131601875000003 0.4111886765625 0.3741409859375 0.40936220937499995 0.3780531234375 0.401555678125 0.379176334375 0.39506017656250003 0.3807291078125 0.3921407140625