1 0.60619140625 0.5801758234375 0.6037109375 0.5834212453125 0.59751953125 0.588065934375 0.5956640625 0.5885347984375 0.5838964843750001 0.6006080593750001 0.57275390625 0.609435896875 0.572138671875 0.6112967031250001 0.574609375 0.6131501828125 0.5770898437499999 0.6126886453125 0.58947265625 0.602930403125 0.598759765625 0.5931794874999999 0.604951171875 0.5885347984375 0.606806640625 0.588065934375 0.6092871093750001 0.5848205125 0.6198144531249999 0.577384615625 0.6216699218749999 0.5769230765625 0.622294921875 0.5746007328125 0.6198144531249999 0.5727399265625001 0.61857421875 0.5727399265625001 0.61671875 0.573201465625 0.608046875 0.5797069593749999 0.60619140625 0.5801758234375
1 0.56408203125 0.6256923078125001 0.56408203125 0.6387032968749999 0.5665625000000001 0.6521684984375 0.5671875 0.6637875453125 0.5678027343750001 0.66750183125 0.570283203125 0.6693553109375 0.571513671875 0.6693553109375 0.573994140625 0.66750183125 0.57275390625 0.651706959375 0.570283203125 0.6387032968749999 0.570283203125 0.6256923078125001 0.571513671875 0.6177948718749999 0.574609375 0.6131501828125 0.574609375 0.61222710625 0.572138671875 0.6103663 0.5708984375 0.6103663 0.56904296875 0.6112967031250001 0.565947265625 0.6159413921875 0.56408203125 0.6256923078125001
0 0.56865234375 0.617457875 0.57353515625 0.617838828125 0.577490234375 0.617296703125 0.580888671875 0.6149010984375 0.584345703125 0.6134212453125001 0.58568359375 0.61150183125 0.585185546875 0.60886446875 0.583955078125 0.607435896875 0.581337890625 0.60613919375 0.5775488281250001 0.6055750921875 0.575302734375 0.6035091578125 0.5733105468749999 0.6028571421875 0.57052734375 0.6028278390625 0.567861328125 0.6039047625 0.565078125 0.60367765625 0.56228515625 0.6043516484375 0.5606640625 0.6054798531250001 0.55869140625 0.6087838828125001 0.558984375 0.6108717953125 0.56138671875 0.6136776562499999 0.5647558593750001 0.6160952375 0.56865234375 0.617457875
2 0.42352539062499994 0.7283516484375 0.434677734375 0.7302124546875 0.4625390625 0.7325347984375 0.49288085937500004 0.7339267406250001 0.498447265625 0.7348571421875 0.5684179687500001 0.734388278125 0.575849609375 0.7339267406250001 0.578330078125 0.732065934375 0.578330078125 0.73113553125 0.575849609375 0.7292820515625 0.544267578125 0.7302124546875 0.498447265625 0.7302124546875 0.486064453125 0.7288131875 0.44953125 0.72695970625 0.42352539062499994 0.7237069593750001 0.4210546875 0.7255677656249999 0.4210546875 0.7264908421875 0.42352539062499994 0.7283516484375
1 0.57337890625 0.71813186875 0.573994140625 0.732065934375 0.5764746093750001 0.7339267406250001 0.5777050781249999 0.7339267406250001 0.580185546875 0.732065934375 0.5795703125 0.71859340625 0.582041015625 0.7060512828125 0.5851367187500001 0.6986227109375001 0.5851367187500001 0.69723076875 0.582666015625 0.6953699640625 0.58142578125 0.6953699640625 0.5789453124999999 0.69723076875 0.5764746093750001 0.7037289375 0.57337890625 0.71813186875
1 0.58328125 0.7538974359374999 0.59009765625 0.77340659375 0.592568359375 0.7752673999999999 0.5938085937500001 0.7752673999999999 0.5962890625 0.77340659375 0.5944238281249999 0.7664395609375 0.590712890625 0.758542125 0.588857421875 0.7515750921875 0.58328125 0.7399633703124999 0.582666015625 0.7348571421875 0.580185546875 0.7329963375 0.5789453124999999 0.7329963375 0.5764746093750001 0.7348571421875 0.5770898437499999 0.7408937734375 0.58328125 0.7538974359374999
0 0.55970703125 0.73304029375 0.561669921875 0.736065934375 0.565693359375 0.7382124546875 0.5705078125 0.7372600734375 0.5743750000000001 0.7398315015625 0.578125 0.7409450546875 0.5829296875 0.7406446890625 0.5849023437499999 0.7398241765625 0.5865820312500001 0.7379413921875 0.586923828125 0.7348351640625 0.585185546875 0.732571428125 0.5830664062500001 0.731523809375 0.583037109375 0.7290549453125 0.5818457031250001 0.7275897437500001 0.5756249999999999 0.7252380953124999 0.573017578125 0.7259047625 0.5699609375 0.7258608062499999 0.567578125 0.7273040296875 0.565380859375 0.7273113546875 0.5623828125 0.7284615390625 0.559912109375 0.7310329671875 0.55970703125 0.73304029375
1 0.565322265625 0.48123076875 0.5678027343750001 0.483091575 0.56904296875 0.483091575 0.571513671875 0.48123076875 0.570283203125 0.4668351640625 0.569658203125 0.43570695937500004 0.5671875 0.4338534796875 0.565947265625 0.4338534796875 0.563466796875 0.43570695937500004 0.56408203125 0.467296703125 0.565322265625 0.48123076875
2 0.40743164062500004 0.3604615390625 0.40990234374999995 0.36231501875 0.446435546875 0.361391940625 0.49659179687500005 0.361391940625 0.536845703125 0.36278388281249996 0.559130859375 0.3646373625 0.5628515625 0.3646373625 0.565322265625 0.36278388281249996 0.565322265625 0.36185347968750003 0.5628515625 0.35999267343749997 0.536845703125 0.35813919375 0.497216796875 0.35673992656250003 0.4458203125 0.35673992656250003 0.40990234374999995 0.3576703296875 0.40743164062500004 0.3595311359375 0.40743164062500004 0.3604615390625
1 0.5628515625 0.3511721609375 0.559130859375 0.3609230765625 0.559130859375 0.36231501875 0.5616113281249999 0.3641758234375 0.5628515625 0.3641758234375 0.565322265625 0.36231501875 0.57275390625 0.3437362640625 0.582666015625 0.325157509375 0.582666015625 0.3237655671875 0.580185546875 0.3219047625 0.5789453124999999 0.3219047625 0.575849609375 0.3246886453125 0.57337890625 0.3311941390625 0.5628515625 0.3511721609375
1 0.55666015625 0.3850769234375 0.555419921875 0.397157509375 0.557890625 0.3990109890625 0.559130859375 0.3990109890625 0.5616113281249999 0.397157509375 0.563466796875 0.38229304062499997 0.565947265625 0.3748571421875 0.5665625000000001 0.3660366296875 0.56408203125 0.3641758234375 0.5628515625 0.3641758234375 0.5603710937499999 0.3660366296875 0.5597558593749999 0.3743956046875 0.55666015625 0.3850769234375
0 0.5607324218749999 0.37350183124999997 0.564775390625 0.3745128203125 0.568798828125 0.37369230781249996 0.5712304687499999 0.370886446875 0.57177734375 0.367435896875 0.570576171875 0.36468131875 0.5682910156250001 0.3631428578125 0.568486328125 0.3599194140625 0.565888671875 0.3567838828125 0.560791015625 0.355274725 0.555771484375 0.3555824171875 0.55017578125 0.35865201406249997 0.548623046875 0.36030769218750003 0.54837890625 0.36175824218749997 0.552529296875 0.36870329687500003 0.5607324218749999 0.37350183124999997
2 0.41300781249999996 0.479838828125 0.41052734375 0.48169963437499996 0.41052734375 0.4826227109375 0.41300781249999996 0.48448351718750005 0.42724609375 0.48541391875000006 0.5510839843750001 0.48587545781249997 0.572138671875 0.4835531140625 0.574609375 0.48169963437499996 0.574609375 0.48076923125000004 0.572138671875 0.478908425 0.569658203125 0.478908425 0.5510839843750001 0.48123076875 0.42724609375 0.48076923125000004 0.41300781249999996 0.479838828125
3 0.492255859375 0.33026373593749997 0.492255859375 0.348380953125 0.49040039062499996 0.3692820515625 0.49164062499999994 0.4445347984375 0.48978515624999996 0.48958974375000003 0.492255859375 0.511890109375 0.492255859375 0.5764542125000001 0.49349609375 0.60618315 0.49783203125000003 0.6670329671874999 0.4959765625 0.706520146875 0.498447265625 0.7297435890624999 0.5003124999999999 0.82032234375 0.500927734375 0.8337948718750001 0.502783203125 0.8351868124999999 0.505263671875 0.835655678125 0.5083593750000001 0.8337948718750001 0.50587890625 0.7297435890624999 0.503408203125 0.706520146875 0.505263671875 0.6670329671874999 0.500927734375 0.60618315 0.4996875 0.5764542125000001 0.4996875 0.511890109375 0.497216796875 0.48958974375000003 0.499072265625 0.4445347984375 0.49783203125000003 0.3692820515625 0.4996875 0.348380953125 0.4996875 0.33026373593749997 0.499072265625 0.3135457875 0.4959765625 0.287069596875 0.49412109375 0.2856703296875 0.49164062499999994 0.285208790625 0.488544921875 0.287069596875 0.49164062499999994 0.31400732656249997 0.492255859375 0.33026373593749997
1 0.5938085937500001 0.522109890625 0.595048828125 0.52350183125 0.59814453125 0.5244322343750001 0.600615234375 0.522571428125 0.600615234375 0.521641025 0.590712890625 0.5086373625 0.575849609375 0.48494505468750004 0.574609375 0.4835531140625 0.571513671875 0.4826227109375 0.56904296875 0.48448351718750005 0.56904296875 0.48541391875000006 0.5938085937500001 0.522109890625
0 0.573251953125 0.4914212453125 0.5789257812499999 0.49016117187499997 0.58044921875 0.48930402968750003 0.582060546875 0.48353113593749997 0.579423828125 0.48038095312499995 0.5781835937500001 0.47679120937499997 0.576787109375 0.47545787500000003 0.5750195312499999 0.4749450546875 0.57017578125 0.474981684375 0.5652734374999999 0.47566300312500004 0.5614453125 0.4782124546875 0.55982421875 0.48106227031250004 0.560830078125 0.485113553125 0.56708984375 0.49013186875 0.573251953125 0.4914212453125
2 0.408671875 0.607113553125 0.44210937499999997 0.6099047625 0.48916015625 0.6108278390625 0.51640625 0.61222710625 0.565947265625 0.61222710625 0.57275390625 0.6117582421875001 0.575234375 0.6099047625 0.575234375 0.608974359375 0.57275390625 0.607113553125 0.5170312499999999 0.6075750921874999 0.48916015625 0.60618315 0.442724609375 0.605252746875 0.408671875 0.6024688640625 0.40619140624999994 0.6043296703125 0.40619140624999994 0.605252746875 0.408671875 0.607113553125