3 0.59523809375 0.612362259375 0.5941126546875 0.6313209875 0.5932640265625 0.6799388000000001 0.5916016187500001 0.7069016343750001 0.5966413296875 0.735461540625 0.5942016796875 0.76210428125 0.5978378656250001 0.8027956546875 0.5948236 0.8623580750000001 0.59634738125 0.8881854499999999 0.5975233531249999 0.889090525 0.5990950203125001 0.8894157265624999 0.6011013296875001 0.88826843125 0.59956586875 0.8624408515624999 0.6025968578125 0.8025897125 0.5989439484375 0.7621870578125 0.6013952796875001 0.7355445203125 0.5963555656249999 0.7069846140625 0.5980062953124999 0.6800215765625001 0.598854921875 0.6314037640625 0.5998613125000001 0.6192653625 0.5999803609375001 0.6124450359375 0.5982444609375 0.598769925 0.60173455 0.5795547046875 0.59884475 0.5643793671874999 0.5987335984375 0.5252296078125 0.5972512328125 0.497029565625 0.5948128421875001 0.47741309374999996 0.5980326171875 0.45226405468750003 0.5995953187499999 0.43034403125000004 0.597261678125 0.4053958265625 0.596085859375 0.40448199531249995 0.5945141921875 0.4041567953125 0.592519409375 0.40531305 0.59247799375 0.4076857171875 0.5948530515625 0.43026125468750004 0.5947702203125 0.43500659218750004 0.590070575 0.47733031718749996 0.5924972828125 0.496946584375 0.5939744546875 0.52544430625 0.5940908015625 0.5642963859375 0.59699228125 0.579471928125 0.593495709375 0.5983892671875 0.59523809375 0.612362259375
0 0.634251440625 0.482480446875 0.6248781609375 0.4806265609375 0.622447925 0.48129353124999996 0.6199016296875001 0.48325464531250006 0.6174452171875 0.48341320000000004 0.6156061015625001 0.484353225 0.6142089687500001 0.48808597656249997 0.6158598453125 0.49056700624999994 0.620591546875 0.4925938515625 0.6264386562500001 0.4923018078125 0.6315636953125 0.493214509375 0.636939871875 0.4911188765625 0.63866150625 0.48954622968750006 0.6386386453124999 0.48683964062499996 0.6364021515625 0.48377036718750005 0.634251440625 0.482480446875
0 0.6332710421875001 0.55069614375 0.631256546875 0.552981825 0.6314266671875 0.5559537234375 0.6351759015625 0.558707840625 0.640215290625 0.55917239375 0.6427835515625 0.55863044375 0.6503884015625 0.552019603125 0.6507277015625 0.5499849328125 0.64948631875 0.5481416218749999 0.6462691031250001 0.546368915625 0.642788171875 0.5463169156250001 0.6332710421875001 0.55069614375
0 0.6221269421875 0.7319565796874999 0.6235323109375 0.7337764796874999 0.6268951921875 0.7352364437500001 0.6318833625 0.7352884796875 0.6348988421875 0.7345616625 0.63772975 0.7323602953125 0.6386424374999999 0.7269288125 0.63212825 0.721928196875 0.6273312484375 0.7216342765625 0.6221483765625 0.723365453125 0.620402159375 0.7250077312500001 0.6197501953125 0.7295592171874999 0.6221269421875 0.7319565796874999
0 0.6243270375 0.6219782265625 0.622929925 0.6243710203124999 0.6239347734375 0.6277165625000001 0.625967459375 0.6290744859374999 0.6307155140625 0.630164521875 0.6342698234374999 0.62935953125 0.6385022546875 0.6258514265625 0.6399202390625 0.6215935640625 0.636641453125 0.61732378125 0.6303065375 0.6161097109375 0.6276434578125001 0.6167288265625 0.6255205609375001 0.61853093125 0.6243270375 0.6219782265625
0 0.6239846203125 0.6670316515625 0.6197875125000001 0.6671773375 0.6163299875 0.6691313046875 0.6123784546875 0.6706037203124999 0.6103188312500001 0.673466634375 0.610675403125 0.6751281031249999 0.6128165531249999 0.6776352046875 0.6157992421875 0.6794563640625 0.6178828640625 0.6799043546875 0.6218865984375 0.6794575234375 0.630783659375 0.675794378125 0.632026809375 0.6721815484375 0.63119784375 0.6694696453125 0.6294957250000001 0.667916059375 0.6239846203125 0.6670316515625
0 0.6258301828125 0.7855407546875 0.62229115625 0.785470221875 0.6177872140625 0.7864600703125 0.61425115625 0.7868887906250001 0.6122696484375 0.7886233 0.612075840625 0.791693940625 0.6137578718750001 0.7937288578125 0.62206700625 0.7956342328125 0.6241353234375 0.79829770625 0.6288216125 0.7995793390625 0.63447419375 0.7997217937500001 0.6372294296875001 0.79850875 0.6390097265625 0.7949140531250001 0.63684630625 0.7910052984375 0.6258301828125 0.7855407546875
1 0.643369971875 0.5518095171875 0.6429986640625 0.55032295 0.6418241328125001 0.55000468125 0.637524321875 0.5466629296875001 0.6359577 0.5460488046875 0.6133174140625 0.5284530984375 0.61060095 0.5254367531249999 0.6047501046875 0.52058784375 0.604368403125 0.519696634375 0.599688334375 0.5160504765625 0.599306634375 0.515159265625 0.5973261515625 0.5148269296875 0.5957286578125001 0.5159813609375 0.5960998140625 0.51747668125 0.6031149515625 0.5232304625 0.6073941296875 0.52775416875 0.6116822578125001 0.5310957171874999 0.612063959375 0.531986928125 0.6343175015625 0.5489803453125 0.6355037125 0.5492988203125 0.6397918421875 0.5526403656250001 0.6417723265624999 0.552972703125 0.643369971875 0.5518095171875
1 0.63106009375 0.6224723421875 0.6326575890624999 0.621317909375 0.6326679796875 0.6207225546874999 0.6311117484375 0.6195130718749999 0.6200438640625 0.6190221124999999 0.5942989453124999 0.62064835625 0.568141453125 0.623151946875 0.566547715625 0.6234218968749999 0.56495006875 0.624585084375 0.5649398296875 0.6251716843749999 0.5664959078125 0.626389921875 0.5680844515625 0.6264176499999999 0.579982825 0.6248474828125 0.6104856015625 0.62241098125 0.619992209375 0.6219813828125 0.63106009375 0.6224723421875
1 0.69514935625 0.62300424375 0.696747003125 0.6218410578125 0.6967573953125 0.6212457015624999 0.6952011640625 0.6200362203124999 0.6916386218749999 0.6199740359375 0.6849002828125 0.6204519546875 0.65324766875 0.6204862359375001 0.6449324671875 0.62093663125 0.632678371875 0.6201271984375001 0.631080725 0.6212903843750001 0.6310703328125 0.621885740625 0.6326265656250001 0.623095221875 0.6452777968750001 0.6239115859375 0.6535929968749999 0.6234611937500001 0.6915817718749999 0.6232309828125 0.69514935625 0.62300424375
1 0.6813402375 0.6657645015625 0.6797841578125 0.6645462656250001 0.6770158875 0.6644979453125 0.6409648921875 0.6668376015625 0.625505265625 0.6689411437499999 0.6243086609375 0.6692180249999999 0.6227111671875 0.67037245625 0.622700775 0.6709678125 0.6242570078125 0.6721772953125 0.625448415625 0.672198090625 0.64368655 0.6695562671874999 0.6797323515625 0.6675142890625 0.6813299984375 0.6663511015625 0.6813402375 0.6657645015625
1 0.625804134375 0.674577690625 0.6258299625 0.67309805625 0.624262203125 0.6718796171875 0.6234679328125 0.671865753125 0.6218702859375 0.6730289390624999 0.6201316703125 0.6815988515625 0.6151616953125 0.6945613734375 0.611872196875 0.70161536875 0.6057676640625 0.71130015 0.6057522296875 0.7121844265624999 0.6073199890625001 0.7134028671875 0.6093043796875001 0.7128419671875 0.6154139546875 0.702868265625 0.6228275015625 0.6857971515625 0.625804134375 0.674577690625
1 0.6672957328125 0.699920390625 0.6661043265625 0.69989959375 0.64889584375 0.7111596484375 0.631264246875 0.7239011609375 0.6292436375 0.7265370515625 0.6292332468749999 0.72713240625 0.630789478125 0.7283418875 0.6327855484375 0.7277811921875 0.6356106671874999 0.7245725640625 0.6480356203125 0.715593646875 0.6684457265625 0.7023138546875 0.6688519656249999 0.7011298703125 0.6672957328125 0.699920390625
2 0.6307525328125 0.435932434375 0.638665403125 0.435772784375 0.64027473125 0.43460979999999994 0.6402849703125 0.4340232015625 0.638717209375 0.4328047609375 0.63516635 0.43274277968749997 0.6098133703124999 0.4346736328125 0.5884290187500001 0.43549144218749997 0.5686229703125 0.43692358125 0.5500276703125 0.4365989984375 0.5484301765625 0.4377534296875 0.5484197843749999 0.43834878593750004 0.5499760171875 0.43955826875000004 0.5689684500000001 0.4398897828125 0.5927276921875 0.43822887968749996 0.61371475625 0.4374128921875 0.6307525328125 0.435932434375
1 0.6323366046875 0.730742284375 0.63195505625 0.7298423171875 0.6303988265625 0.7286328375 0.629604553125 0.7286189734375 0.6279953796875 0.7297732015625 0.6279797921875 0.7306662359375 0.6298722484375 0.7360415875 0.6320622874999999 0.746457928125 0.6309006296875 0.767491646875 0.632468540625 0.7687013296874999 0.6332511328125 0.768714990625 0.63486030625 0.7675607624999999 0.6353040531249999 0.7648973484375 0.6360271609375 0.7462293671875 0.6323366046875 0.730742284375
2 0.5988132312500001 0.792434565625 0.6193979625 0.7919093265625 0.6379932625 0.7922339093749999 0.6451222515625 0.7914650390625 0.6467314265625 0.7903108125 0.64674181875 0.78971545625 0.645174059375 0.788497015625 0.6435971968749999 0.788469490625 0.63804506875 0.789265884375 0.6194497703125 0.788941303125 0.5937204390625 0.7896745109375 0.56202625625 0.792090215625 0.5339464203125 0.79160008125 0.532337246875 0.792754309375 0.5323268546875 0.793349665625 0.5338946140624999 0.7945681046875 0.5532673078125 0.795204025 0.5619744484375 0.795058240625 0.5988132312500001 0.792434565625
2 0.6107334578125 0.8578889999999999 0.6265488046875001 0.8581650578125 0.6344720671874999 0.857410053125 0.6522627015625 0.8583161265625 0.6538718765625 0.8571618984375 0.6538822671875 0.85656654375 0.652314509375 0.855348103125 0.6341382671875 0.85444405625 0.626203478125 0.8551901015625001 0.610785265625 0.854920975 0.5767340953125 0.8558154546875001 0.5569590703125 0.8554702796875 0.54709818125 0.8541070828124999 0.5454888546875 0.8552700671875 0.545478615625 0.855856665625 0.5470463734375001 0.8570751062499999 0.5565102796875 0.8584226156250001 0.576682440625 0.8587747218749999 0.6107334578125 0.8578889999999999
0 0.622486675 0.43958032343750003 0.627280928125 0.44003183906250004 0.6333209296875 0.4414071640625 0.636737825 0.44044213125000004 0.64024241875 0.43579155468749997 0.6387757 0.43213142187500003 0.636410153125 0.431100490625 0.632448796875 0.43112768125 0.6270493859374999 0.4298686328125 0.622798309375 0.4297593984375 0.6205276265624999 0.430656859375 0.6185926015625001 0.4330752953125 0.61934840625 0.4373010375 0.622486675 0.43958032343750003
1 0.653332565625 0.8197825203125 0.6549418921875 0.8186195359375 0.6545705828124999 0.8171329703125 0.6537815078125 0.816821428125 0.6487403703125 0.8111021031250001 0.6487507625 0.810506746875 0.644074446875 0.8059761078125 0.6440846859375 0.8053895093750001 0.640590828125 0.802061825 0.6378846046875 0.7984588796875001 0.6367035890625 0.797842728125 0.632821546875 0.793325953125 0.6324192140625 0.7936166984375 0.63085274375 0.7929938187500001 0.6292550984374999 0.7941570062500001 0.6296147265625 0.79564336875 0.630795740625 0.7962595203125 0.63545533125 0.801078878125 0.6408882578124999 0.8071115687500001 0.64087801875 0.80769816875 0.64166709375 0.8080097109375 0.6513741546875 0.8188550296875 0.6513637625 0.8194503859375001 0.6517660953125 0.8191596406249999 0.653332565625 0.8197825203125
1 0.6543104265624999 0.8547961624999999 0.6487777953125 0.853806284375 0.6353387781250001 0.8532739359375 0.6305913140625 0.8534888374999999 0.6289819859375 0.8546518203125 0.628971746875 0.855238421875 0.63053950625 0.8564568625 0.6435917812499999 0.856386921875 0.6487259875 0.8567743078125 0.653067365625 0.857734634375 0.6542587734375 0.85775543125 0.6558562671875 0.8566010000000001 0.655866659375 0.85600564375 0.6543104265624999 0.8547961624999999
1 0.6153204578125 0.86686709375 0.615727984375 0.8662786703125 0.6225077390625 0.8634280828125 0.6237080984375 0.8622667187499999 0.6273016609375001 0.860551590625 0.627312053125 0.859956234375 0.628909546875 0.858801803125 0.6293326640625 0.85732034375 0.62777643125 0.8561108640624999 0.6269821609374999 0.8560969999999999 0.626177496875 0.8566784921874999 0.6257855578125 0.85637388125 0.6249771390625 0.85783985625 0.618976221875 0.8615885859375 0.5986435953125 0.8704294750000001 0.5906945078125 0.8726641140625 0.589874409375 0.874129884375 0.5914304859375 0.875348121875 0.592224759375 0.8753619859375 0.598189609375 0.8736794890624999 0.6153204578125 0.86686709375
2 0.606060546875 0.49036092656249997 0.6322284296875 0.48726198125 0.633837603125 0.48610775312500004 0.6338479953125 0.48551239687500003 0.6322802359375 0.48429395625 0.6307033734374999 0.48426643281250004 0.605726746875 0.4873949296875 0.586306153125 0.488833796875 0.5625676953125 0.48930398906250006 0.5514829359375 0.48911050312500004 0.5416115015625 0.4883514171875 0.540002328125 0.4895056453125 0.5399919359375 0.4901010015625 0.5415598484374999 0.49131068593749994 0.5514311281250001 0.49207852656249995 0.58665148125 0.49180875312500005 0.606060546875 0.49036092656249997
2 0.6489117078125 0.5516084796875 0.6469377093750001 0.5515740234375001 0.5625622781249999 0.55722141875 0.5601859484375 0.5574777078125 0.5585884546875 0.5586321390625 0.5585780625 0.5592274953125 0.56013429375 0.560436978125 0.5621082937499999 0.560471434375 0.6120315078125 0.5566048218749999 0.6488599015625 0.5545765031250001 0.650469228125 0.5534135203125 0.6504794671874999 0.55282691875 0.6489117078125 0.5516084796875
2 0.557377484375 0.6280086125000001 0.57914194375 0.627503965625 0.589050884375 0.6267836203125 0.629811684375 0.6257172484375 0.634973159375 0.6252118046875 0.6365706531249999 0.624057371875 0.6365810453125 0.6234620171875 0.6350249671875 0.62224378125 0.6330392875 0.6222091203125 0.6251160265625 0.622964125 0.589102690625 0.6238155953125 0.5791937500000001 0.6245359406250001 0.557429290625 0.6250405875 0.5487117578125 0.6257817296875 0.5388236015625 0.6253113625 0.5372259546875 0.62647455 0.537215715625 0.6270611500000001 0.5387717953125 0.6282793859375 0.5486599515624999 0.6287497531249999 0.557377484375 0.6280086125000001
2 0.6467278656250001 0.6767207703125 0.6483370390625 0.675566540625 0.64834743125 0.6749711859375 0.6467795187500001 0.6737615 0.626205178125 0.673691384375 0.6230656 0.6721564984375 0.620694465625 0.6721151109375 0.609595559375 0.6734014625 0.5925888031250001 0.6731046093749999 0.56532906875 0.671148703125 0.5542753312500001 0.6691779046875 0.5526778375 0.6703323375 0.5526674453125 0.67092769375 0.554223525 0.6721459296875001 0.5652772609375 0.6741167265625 0.5795003125 0.6752495390625 0.592536996875 0.6760726328125 0.6099408875 0.67637641875 0.622231203125 0.6751108609375 0.62537078125 0.6766457499999999 0.6423775359375 0.676942603125 0.6467278656250001 0.6767207703125
2 0.5448319890625 0.7342594359375 0.54482175 0.7348460359375 0.5463895078125 0.7360644765625 0.55982333125 0.7368945015625 0.573675071875 0.7365407484375 0.5927089203125 0.7344995937500001 0.6196697859375 0.730818953125 0.623645053125 0.729995034375 0.6276357515625001 0.7282868390624999 0.6359301703125 0.72902715625 0.6482088046875 0.72776139375 0.654575834375 0.725796909375 0.655396084375 0.724322384375 0.6538281734375 0.7231126984375 0.65304558125 0.7230990375 0.64787515625 0.7247866421875 0.639538034375 0.725823434375 0.6328165718750001 0.7260038796875 0.626893134375 0.7253137046875 0.6221029671875 0.727305715625 0.6177424 0.72811415 0.5947397703124999 0.7312771015624999 0.56818514375 0.7337737609375 0.5539414625 0.7338229046875 0.546441315625 0.7330964515625 0.5448319890625 0.7342594359375
1 0.6288891375000001 0.7923640078124999 0.6280948656249999 0.79235014375 0.6078088515625 0.7985206859375 0.6006267671875001 0.8016620187499999 0.591080184375 0.805051090625 0.5898783843750001 0.80562565 0.5890582859375 0.8070914203124999 0.59062604375 0.8083098609375 0.591420315625 0.8083237249999999 0.6133246078125 0.7998080390625 0.62962511875 0.7950480140625 0.6304452171875 0.7935822421875 0.6288891375000001 0.7923640078124999
0 0.62469101875 0.852142225 0.62156323125 0.8532787046875001 0.6201375828125 0.8546288093750001 0.61928028125 0.8575565015625 0.6203271359375 0.8598343125 0.6256052890625 0.86268518125 0.6344281859375 0.8612627640625 0.6377312234375 0.8574494265625001 0.63769340625 0.8542608906250001 0.63655769375 0.8517187890625 0.6305469453125 0.84933681875 0.6264716671875 0.8505355796874999 0.62469101875 0.852142225
1 0.6347226015625 0.43540619375 0.6355789203125 0.43186543437499997 0.638435215625 0.4268707390625 0.6417351078125 0.4192213859375 0.6511020203125 0.403366684375 0.65277339375 0.398649075 0.6593319125 0.38571428124999996 0.6626628250000001 0.376287615625 0.6626784125 0.3753945828125 0.6611105015625001 0.374184896875 0.6603162296875 0.37417103281249997 0.6583060125 0.37621156718750004 0.655795196875 0.3841724625 0.650474696875 0.39445770625 0.647164415625 0.40270241562500003 0.63860591875 0.41709114375 0.6357187546875 0.4238543953125 0.632042359375 0.43031485937499997 0.630762925 0.435337078125 0.6323306843750001 0.43655551875 0.633113275 0.43656917812499996 0.6347226015625 0.43540619375
1 0.6175216578125 0.49175205625 0.6195732921875 0.4873388546875 0.6241979375 0.471401375 0.6280296 0.45604559375 0.6298146734375 0.444814090625 0.6310720359374999 0.440387025 0.6335053687500001 0.43686503125 0.6335156078125 0.43627843281249995 0.6319595296875 0.43506019531250006 0.6311652578125 0.43504633125 0.6299751375 0.43562109531250004 0.6275354734375 0.43883645156249995 0.6258601921875 0.44444729531249993 0.6240749671875 0.4556875546875 0.6202551359374999 0.471034784375 0.6160365765625 0.4857970359375 0.6135775703124999 0.49078990468750006 0.6135619812499999 0.4916829390625 0.6151182140625 0.492892421875 0.615912484375 0.49290628593749997 0.6175216578125 0.49175205625
1 0.600975290625 0.5326866796874999 0.6029803140625 0.5309438234375 0.61242615 0.5112370234375 0.6217891578125 0.496275559375 0.62983146875 0.4887002265625 0.63025443125 0.48722752500000005 0.6286982 0.48601804531250004 0.6279039281250001 0.48600418124999994 0.6270994171875001 0.48657691718749996 0.6267074781249999 0.48627230624999995 0.6266970859375001 0.4868676625 0.623089221875 0.49007138437500003 0.6230789828125001 0.490657984375 0.618654775 0.49444299531249997 0.609704490625 0.50851835625 0.5986403765625 0.5305703 0.5986249406249999 0.5314545796875 0.6001810203125 0.532672815625 0.600975290625 0.5326866796874999
1 0.6919764828125 0.5102521875 0.692367134375 0.5099612375 0.6915845421875 0.509947578125 0.6833625624999999 0.5050572796874999 0.678247696875 0.502892378125 0.66410228125 0.49731190625000005 0.6507305062500001 0.49292725624999995 0.6416936234375 0.48920505 0.6318636046874999 0.486073296875 0.630672196875 0.4860525015625 0.6290747031249999 0.4872069328125 0.62983146875 0.4887002265625 0.64007015 0.4918478734375 0.648318109375 0.49524978124999997 0.66168973125 0.4996431859375 0.6730875078125 0.50399338125 0.6809383328124999 0.50738835625 0.6891603125 0.5122786546875 0.69114079375 0.5126109921875 0.692738440625 0.51144780625 0.6919764828125 0.5102521875
1 0.7044128796875 0.545465840625 0.704423271875 0.544870484375 0.7028671921874999 0.543652246875 0.7012786484375 0.54362451875 0.6501393328125 0.5495542859375 0.6434165828125 0.5491391703125 0.6418189375 0.5503023578125 0.6418085453125 0.5508977125000001 0.643364775 0.5521071953125001 0.6504846625 0.5525292421875 0.6572217124999999 0.5514557625000001 0.6738740359375 0.5499685765625 0.6881539359375 0.5478444421875001 0.702815384375 0.546620271875 0.7044128796875 0.545465840625