1 0.541891509375 0.721693825 0.5434020578125 0.7209995421875 0.543813290625 0.7212651125 0.543772328125 0.720679325 0.550611534375 0.7122888875 0.559384015625 0.7034689375000001 0.5623557640625 0.7012095031250001 0.5666952953125 0.696214140625 0.5685671250000001 0.6949059421875 0.5688445796875 0.6934235656250001 0.567211746875 0.69236909375 0.56643024375 0.6924237421874999 0.5652893640625 0.6927891890625 0.5649600546875 0.693695196875 0.5590780015625 0.6990927484375 0.5587480921875 0.6999901421875 0.5524867812500001 0.7054142156250001 0.5521568703125 0.7063116093749999 0.54701535625 0.711068725 0.543816103125 0.7156900234375 0.5405355296875001 0.7191483609375 0.54024658125 0.7206315421875 0.541891509375 0.721693825
0 0.528604859375 0.7160005671875 0.5275597109375 0.7179002078125001 0.52753115 0.720464578125 0.528889825 0.7220576203125 0.5323903046875 0.723725965625 0.536185296875 0.7234952203125 0.5419336984374999 0.7264260703125001 0.5481771859375 0.7261972421875 0.551594278125 0.723369953125 0.551194115625 0.7161609624999999 0.548236390625 0.7138313828125 0.5418888671875 0.7140588296875 0.5330514265625 0.7131965124999999 0.528604859375 0.7160005671875
2 0.5457145890625 0.7205435078125 0.538800290625 0.7166294171875001 0.522446215625 0.7177730062500001 0.5100406125 0.7192291421875 0.48041750937499994 0.7207119390625001 0.47894792343750003 0.7219920078125 0.4789882828125 0.7225691828125 0.48062171875 0.7236322687500001 0.4985676625 0.7229573625 0.5378322468750001 0.71963171875 0.5447580390625 0.72354500625 0.5459187984375 0.7234638375 0.547399878125 0.7221829640624999 0.5465370546874999 0.7210746484375 0.5469073234375 0.7207544312499999 0.5457145890625 0.7205435078125
1 0.5463201609375 0.6844461500000001 0.5471631046875001 0.685270184375 0.5503794234375 0.6865082546875 0.5663278390625 0.69095926875 0.567109340625 0.690904621875 0.568579528125 0.689633165625 0.5677071140625001 0.6882225375 0.5477608796875 0.6825881015624999 0.5462791984375001 0.6838603609375 0.5463201609375 0.6844461500000001
1 0.5508667140625 0.676796028125 0.550826353125 0.6762188546875 0.5554862046875 0.670023784375 0.5595578734375 0.6668131140625 0.5627980859374999 0.662777603125 0.5690708921875001 0.657352725 0.5693682250000001 0.656154628125 0.5677353921875 0.6551001578125 0.566953890625 0.6551548046875 0.5610103921875 0.659673675 0.557781671875 0.66370838125 0.551159078125 0.669746371875 0.547629915625 0.6752650640625 0.5432699015625 0.67996753125 0.5429809546875 0.6814507125 0.5446258828125 0.6825129953125 0.5461364328125 0.6818187140624999 0.5465476640625 0.682084284375 0.5465067015625 0.681498496875 0.5508667140625 0.676796028125
0 0.5294291703125 0.6785721 0.5281637921875 0.6827725 0.53138575625 0.6854125546875001 0.533764596875 0.685739640625 0.5361975250000001 0.6851886203124999 0.5374284453125 0.6851198578125001 0.5445284828125 0.6888824546875 0.5475993406249999 0.6890313 0.55064694375 0.688021778125 0.5530880796875 0.6862669078125 0.5539711265625 0.6843612890624999 0.5517643 0.6769150515625 0.5484615578125001 0.6754319828125 0.541946415625 0.675904878125 0.538462659375 0.67497118125 0.5328274937499999 0.6758067203125 0.5294291703125 0.6785721
2 0.5497236234375 0.6827451812499999 0.5485104078124999 0.6822413625 0.545561953125 0.679218603125 0.5451916828125001 0.6795388203125 0.5443813140625 0.679015490625 0.5420278203125 0.6788857359375 0.519774025 0.67955889375 0.46724101406249996 0.6832323609375 0.46577142812499994 0.6845124296875 0.4658117875 0.6850896046875 0.4674452234375 0.686152690625 0.5343990359374999 0.68176515 0.54341266875 0.6820091781250001 0.5467723546875 0.685297509375 0.5471426234375001 0.684977290625 0.5479644859375 0.6854998171875 0.5487344953125 0.6854459734375 0.5502161765625 0.6841737140624999 0.5497236234375 0.6827451812499999
1 0.5327153671875 0.64084163125 0.531543115625 0.640923603125 0.5058042265625 0.6474153546875 0.5046524546875 0.6477902203125 0.5031707734374999 0.6490624796875 0.5032117359375 0.64964826875 0.5048560609375 0.6507019359374999 0.5060283140624999 0.6506199640625 0.52175605625 0.64629989375 0.5317672046874999 0.6441282125 0.5343891640625 0.6424818906249999 0.5343482015625 0.6418961015625 0.5327153671875 0.64084163125
1 0.5331470828125 0.6414000953125 0.5320151890625 0.6420592421875 0.5313360921875 0.6435783625 0.53298041875 0.6446320296875 0.5337619203124999 0.64457738125 0.554528771875 0.634035721875 0.5556606640624999 0.6333765765625 0.5563282671875001 0.6318582609375001 0.554695434375 0.6308037890625 0.5539139328125 0.6308584374999999 0.5331470828125 0.6414000953125
0 0.5255844203125 0.6372976125 0.52295220625 0.640944340625 0.5226039765625 0.64455255 0.5242237328125 0.6469064359375001 0.5274707734375 0.648583846875 0.5359975921875 0.6484723671875 0.538563803125 0.6471848671875 0.5395847609375 0.6452696062500001 0.5441794796874999 0.6426023546875 0.545019946875 0.639427184375 0.5435186843750001 0.637281428125 0.540402090625 0.6363133999999999 0.5379831734375 0.6344222609375 0.5318625859375 0.6342616 0.5255844203125 0.6372976125
2 0.5355614171874999 0.64239991875 0.5339369703125 0.6416305312499999 0.5318320640625 0.639440421875 0.5314611921875 0.6397520250000001 0.530650821875 0.6392286953124999 0.523249540625 0.63974624375 0.4711476421875 0.6439695578125 0.46688135468749997 0.6445622125 0.46541176875 0.6458422828125 0.4654521296875 0.6464194578125 0.46708556406249996 0.64748254375 0.5296821765625 0.6422223812500001 0.5326101484375 0.6449522484375 0.53298041875 0.6446320296875 0.5345728921874999 0.645109325 0.5360539703125 0.643828453125 0.5355614171874999 0.64239991875
1 0.5513025828125 0.59351439375 0.559949965625 0.58852078125 0.5595387328125 0.5882552109375 0.5602383093750001 0.5870289843750001 0.5585939843750001 0.5859753171875 0.557823975 0.5860291609375 0.556672203125 0.586404028125 0.554461475 0.58831591875 0.5480254234374999 0.5914062546875 0.54356300625 0.5946442515625 0.542781503125 0.5946989 0.5431927359375 0.5949644703125 0.54249255625 0.59618208125 0.544137484375 0.5972443640625 0.5460592656250001 0.596815653125 0.5505210796875 0.5935690421875 0.5513025828125 0.59351439375
1 0.546369659375 0.573343040625 0.5491610953125 0.5628896953125 0.5490996515625 0.5620110109375 0.54746681875 0.5609565390625 0.5466853171875 0.5610111875 0.544885821875 0.5631886515625 0.541989165625 0.5777526140625 0.5394053546875 0.5855598140625 0.538465265625 0.594412065625 0.538588153125 0.5961694343749999 0.5402209874999999 0.5972239046875 0.5410024875 0.5971692578125001 0.5424726765625 0.5958978015625 0.543610196875 0.5840884765625 0.5455962328124999 0.578963359375 0.546369659375 0.573343040625
0 0.5465974625000001 0.5909693953125 0.5386933859374999 0.5899119609375 0.5348525515625 0.5917993359375 0.528765840625 0.5916276500000001 0.5266135578125 0.5922282984375 0.52304089375 0.59547333125 0.5228956 0.59801989375 0.5247189750000001 0.6011386390625 0.526773978125 0.6022847828125 0.53139278125 0.60210896875 0.5340382828125 0.6006341328125 0.536867971875 0.6022887890625 0.541403125 0.6027334468750001 0.5460493171875 0.6019584078125 0.548797696875 0.6003032453125 0.5501282125 0.5988511109375 0.551066090625 0.5955825609375001 0.5501357515625 0.593673896875 0.5465974625000001 0.5909693953125
2 0.534362228125 0.5973392609375 0.5449189875 0.597189715625 0.546388571875 0.5959096453125 0.5463482125 0.5953324703125 0.544714778125 0.5942693859375 0.53376786875 0.5944548703125 0.5276111734375 0.5957597125 0.50665251875 0.5981082640625 0.4783853953125 0.6021365234375 0.47058437499999994 0.6023876984375 0.46910269375 0.60365995625 0.46914365625 0.6042457453125001 0.470788584375 0.605308028125 0.478589003125 0.6050482390624999 0.5118930234375 0.6003820953125001 0.5278153828125001 0.5986800421875 0.534362228125 0.5973392609375
1 0.5547718703125 0.5648433078124999 0.5551421390625 0.5645230890625 0.5543606359375 0.5645777375 0.5499016343750001 0.5622492578125 0.5447020921875 0.560561215625 0.5401912375 0.557656365625 0.536563084375 0.5561441109375 0.5336965546875 0.554292928125 0.53325645625 0.5534493796875 0.5328861859375 0.5537695984375001 0.5312822203125 0.5532931046875 0.52981203125 0.5545645609375 0.5303051875 0.556001709375 0.531506309375 0.5564977140625 0.531958503125 0.5573490750000001 0.5355860531250001 0.5588527140624999 0.542932065625 0.5633252703125 0.54773186875 0.5647469390625 0.5521908718749999 0.5670754171875 0.5541651078125 0.5672316921875 0.55563469375 0.5659516234375 0.5547718703125 0.5648433078124999
1 0.5275858062500001 0.5283433734375 0.526804303125 0.528398021875 0.525334115625 0.5296694765625001 0.52638965625 0.533698925 0.5274743578125001 0.5435955546875 0.5276751515625 0.552082359375 0.529319478125 0.553136028125 0.530100978125 0.5530813796875 0.5315711671875001 0.5518099234375 0.531757709375 0.5488622703125 0.5302651921875 0.5331335953125 0.5292186390625 0.52939784375 0.5275858062500001 0.5283433734375
0 0.5204138031250001 0.5476644796875 0.5171012546875 0.550830725 0.5173423515625 0.553783103125 0.520331815625 0.5572271718749999 0.52547969375 0.5576809234375 0.5282029859375 0.559135259375 0.531442525 0.559549321875 0.5348729046875 0.5588939265625 0.5376604046875 0.5558163359375 0.537691009375 0.552455409375 0.536385121875 0.5502959921875 0.532102915625 0.5473578406249999 0.53001991875 0.5468023078125 0.52262174375 0.54703396875 0.5204138031250001 0.5476644796875
2 0.53226793125 0.5561587875 0.5337375171875001 0.5548787171875 0.5315506859375 0.5515170281249999 0.529506621875 0.5501969875 0.48397265 0.5533810328125 0.4692424203125 0.55528539375 0.4598579140625 0.5553529703125 0.458388328125 0.5566330390625 0.458429290625 0.557218828125 0.46006212343749997 0.5582733 0.464780603125 0.5585320046875 0.48417625624999994 0.5562927484375 0.528147225 0.553218 0.53028470625 0.555708815625 0.5314864296875 0.556213434375 0.53226793125 0.5561587875
1 0.5520069171875 0.508456684375 0.55347710625 0.507185228125 0.55343614375 0.506599440625 0.551803309375 0.50554496875 0.5412990062499999 0.5062795015625 0.5277090546875 0.5078098 0.523495225 0.5089874390625 0.521891259375 0.508510946875 0.5204216734375 0.5097910156250001 0.5204620328125 0.510368190625 0.5213254593750001 0.5114851218750001 0.5225271828125 0.511989740625 0.5240901859375 0.5118804453125 0.5283040171875 0.5107028046875 0.5333403109375 0.51005630625 0.5520069171875 0.508456684375
1 0.531115934375 0.5005423546875 0.5233524593750001 0.5069457921875 0.5199694781249999 0.5089396578125001 0.51968053125 0.5104228390625 0.5213254593750001 0.5114851218750001 0.523247240625 0.511056409375 0.5246969484374999 0.5094920593750001 0.528079928125 0.5074981953125 0.53322144375 0.5027410796875 0.53353026875 0.501542178125 0.5318974359374999 0.5004877078125001 0.531115934375 0.5005423546875
0 0.5124799421875 0.505057134375 0.5069121015625 0.5073509406250001 0.505263121875 0.5098641453125 0.5055507421875001 0.512986403125 0.5083572109375 0.515465065625 0.5108043109375 0.516107675 0.51368304375 0.5154908546875 0.515629190625 0.5165666984375 0.5187695125 0.517048296875 0.524867078125 0.5152281890625 0.527286671875 0.5126697546875 0.5282522109375 0.5099619546875 0.5274894906250001 0.5078078406250001 0.524582459375 0.5058729234375 0.5124799421875 0.505057134375
2 0.5148717406250001 0.508707471875 0.4922392890625 0.509415765625 0.4661624125 0.5112392375 0.4513303796875 0.511687740625 0.4498607921875 0.5129678109375 0.449901153125 0.5135449859375 0.45153458906250005 0.5146080703125 0.45700259687499994 0.5145200359375 0.4924428953125 0.5123274796875 0.520955190625 0.5118053390624999 0.523678953125 0.511614875 0.5251485390624999 0.5103348046875 0.5251081796875 0.5097576296875 0.52347474375 0.5086945453125 0.5148717406250001 0.508707471875
1 0.5260020953125 0.472168475 0.51731776875 0.471018440625 0.5094962656249999 0.4709767203125 0.503556184375 0.4699291125 0.502074503125 0.471201371875 0.502115465625 0.47178716249999997 0.5029584125000001 0.472611196875 0.50734698125 0.47376729375000004 0.515168484375 0.473809015625 0.5340681671875 0.47570769999999996 0.5352404203125001 0.475625728125 0.5367106078125 0.4743542734375 0.5366696453124999 0.473768484375 0.5350368125 0.4727140125 0.5260020953125 0.472168475
1 0.4903389546875 0.48785504375000005 0.49692118750000003 0.48123988124999995 0.4995226671875 0.47930066406250005 0.5042119859375 0.47369218750000003 0.50570265625 0.4727136265625 0.5059910000000001 0.4712218328125 0.50435816875 0.4701673609375 0.503576665625 0.470222009375 0.5028361265625 0.4708624453125 0.50242489375 0.470596875 0.49773497187500004 0.4761967359375 0.49624490468750004 0.47718391093749996 0.49591499531250005 0.478081303125 0.48931288281249996 0.4844121875 0.47824835312499997 0.49398106718749996 0.4779504171875 0.4951705515625 0.47958325 0.49622502187500006 0.48148515312500006 0.49551203125 0.4903389546875 0.48785504375000005
0 0.5022743703125 0.46398504999999995 0.49697081406250004 0.46642485625 0.4959082765625 0.4698925671875 0.49769313750000005 0.47444235625 0.5034852421875 0.47684209375000003 0.5060576515624999 0.4771296734375 0.5107379109375 0.47568568750000007 0.512643628125 0.4722196109375 0.5182676796875 0.47006903437499997 0.5192174625 0.46746621718750003 0.5180971703125 0.4656487453125 0.516232628125 0.464748984375 0.5109637046875 0.4645460828125 0.5084053875000001 0.4636342375 0.5022743703125 0.46398504999999995
2 0.503390125 0.4731696625 0.5052914234375 0.47244805625 0.5070204875 0.46909821249999994 0.5069596468750001 0.46822814375000005 0.50531471875 0.4671658609375 0.494379303125 0.46735054375 0.4463456578125 0.47392966249999996 0.4440331265625 0.4743856984375 0.4425629375 0.4756571546875 0.44260390000000005 0.47624294218749996 0.4442373359375 0.477306028125 0.4465703484375 0.47714288906249996 0.479083275 0.4722290796875 0.498869678125 0.4699625 0.5024044125 0.47030398125 0.5017566890625 0.4721065765625 0.503390125 0.4731696625
1 0.5210850453125 0.42414751875 0.5115987359374999 0.42275923437499996 0.5101285484375 0.424030690625 0.5101695109375 0.42461647812500003 0.5126043265625 0.42590919843749997 0.520898503125 0.427095171875 0.530865875 0.4299127921875 0.5320381281250001 0.4298308203125 0.5335077125 0.42855075 0.5326359 0.42714873593749997 0.531031934375 0.42667224218750005 0.5262845875 0.425835559375 0.5210850453125 0.42414751875
1 0.510858196875 0.42339967187500005 0.5112688265625 0.423656628125 0.511228465625 0.423079453125 0.5180471921875001 0.414396121875 0.5290707593749999 0.40424145468750006 0.5294000671875 0.4033354453125 0.531631275 0.4017164484375 0.531920225 0.4002332671875 0.5302867874999999 0.39917018125000003 0.5295052874999999 0.39922482812500004 0.528353515625 0.399599696875 0.5280357 0.40050489999999994 0.5257929984375 0.4021247 0.5254751828125 0.4030299046875 0.519613009375 0.4087117375 0.5155304515625 0.4119318265625 0.5087526875 0.421200946875 0.5079916671875 0.42154848906250003 0.50770271875 0.4230316703125 0.5093470453125 0.4240853390625 0.510858196875 0.42339967187500005
2 0.5139925890625 0.42346616406250004 0.5078284203125001 0.4192139484375 0.50506369375 0.41881862343750004 0.4913635546875 0.41860798125 0.4613202296875 0.4195315078125 0.4356341046875 0.42132765625 0.425777525 0.42025959375 0.4243073359375 0.4215310484375 0.42434829843750005 0.42211683750000006 0.425981734375 0.4231799234375 0.4354475625 0.42427531093750004 0.4505974109375 0.422921603125 0.4962536671875 0.421486309375 0.5060692828125 0.42196858437499996 0.5118029453124999 0.42567956406249996 0.512584446875 0.4256249171875 0.5140540328125 0.42434484687499996 0.5139925890625 0.42346616406250004
1 0.5065389203125 0.37269663125 0.5369519125 0.3714442703125 0.5384221 0.37017281562500004 0.5383811374999999 0.369587025 0.5367483046875 0.3685325546875 0.5063347109375 0.3697763 0.5048530296875 0.37104855937500003 0.5048939921875 0.3716343484375 0.5065389203125 0.37269663125
1 0.501959790625 0.380046046875 0.5088514515625 0.372240596875 0.509139796875 0.3707488 0.5074954703125 0.3696951328125 0.50671396875 0.36974978125 0.505984921875 0.3703894125 0.505573690625 0.3701238421875 0.505614653125 0.37070963125 0.49624379531249996 0.3822030515625 0.4893642296875 0.3900163125 0.48907528125 0.3914994953125 0.49072020937499994 0.3925617765625 0.49223075937500005 0.391867496875 0.49264199062499997 0.39213306718749996 0.492601028125 0.391547278125 0.501959790625 0.380046046875
0 0.4993223953125 0.37436990937500003 0.5058707015625 0.3763531859375 0.5090577859375001 0.3761822640625 0.5147135406250001 0.3731638046875 0.5148448046875 0.3689301734375 0.51278521875 0.3668927140625 0.5069012203125001 0.3643349265625 0.50296720625 0.3642291265625 0.497791653125 0.3653614796875 0.49448661562499996 0.3676442203125 0.49374741093749996 0.3699553 0.495458175 0.3734455015625 0.4993223953125 0.37436990937500003
2 0.5040516484374999 0.37081892656250004 0.5061680468749999 0.37300823437499997 0.508151271875 0.3734582078125 0.5096214609375 0.37218675156250003 0.5095804984375001 0.37160096249999996 0.5066121640625 0.3682939234375 0.50541044375 0.3677893015625 0.5038474390625 0.36789859687500004 0.49227268750000003 0.370170959375 0.4709552546875 0.3728389265625 0.43885295468749996 0.378009690625 0.43693117499999995 0.3784384015625 0.43546158906250004 0.3797184703125 0.43550195 0.38029564531250004 0.437135384375 0.38135873125 0.43907764531250004 0.381222915625 0.47115886093750003 0.375750640625 0.49247689687499996 0.373091290625 0.5040516484374999 0.37081892656250004
0 0.48897049218750005 0.3226170765625 0.4890321609375 0.3248202140625 0.49096532656249997 0.3268665140625 0.4948755171875 0.32778770625 0.4995026453125 0.3302083078125 0.5057641562499999 0.3304023984375 0.5088868796875 0.3289807609375 0.5104412734375 0.327261925 0.5104374953125 0.32357445 0.50389661875 0.31888977500000004 0.493148890625 0.31845536406249997 0.49000424374999996 0.3203892796875 0.48897049218750005 0.3226170765625
2 0.47394102812499994 0.3260226515625 0.489851896875 0.3243214015625 0.49927676249999997 0.3248310015625 0.5037562453125 0.32745237656250004 0.5045377484375 0.327397728125 0.5060188265625001 0.326116853125 0.5055467546875 0.3249812140625 0.49985465781249994 0.3218646375 0.48964768750000004 0.321401071875 0.48380940937499994 0.3218093234375 0.47373681875000007 0.323102321875 0.444154678125 0.3251709078125 0.42824380937499995 0.32687215625 0.41974260937499996 0.3283409421875 0.4182615296875 0.32962181562500004 0.4183018890625 0.3301989890625 0.41994681875 0.331261271875 0.4218890796875 0.3311254546875 0.4288381671875 0.329756546875 0.44435888749999997 0.3280912375 0.47394102812499994 0.3260226515625
1 0.497337034375 0.2804107828125 0.4954965765625 0.28200245625 0.48533301875 0.29884052968749997 0.485044071875 0.3003237109375 0.486689 0.3013859921875 0.4885903 0.3006643890625 0.49201705625000003 0.2936812234375 0.49701580468750006 0.2868824609375 0.49980382343749996 0.281995590625 0.4997634640625 0.2814184171875 0.4981185359375 0.280356134375 0.497337034375 0.2804107828125
1 0.507176546875 0.2756194765625 0.5071355843750001 0.2750336875 0.513563559375 0.26637767968750004 0.5142227765625 0.26457428125 0.51258994375 0.263519809375 0.5118084421875 0.2635744578125 0.5106765484375 0.264233603125 0.5057187640625 0.27161815625 0.5038987859375 0.2735027234375 0.5039397484375 0.2740885125 0.49995000625 0.2784707609375 0.4996610578125 0.27995394375 0.50129449375 0.281017028125 0.502816534375 0.28032194375 0.503216275 0.28058831875 0.5031753125 0.2800025296875 0.507176546875 0.2756194765625
0 0.4949133109375 0.276303871875 0.4920610359375 0.27746421250000003 0.49081439375 0.2796203296875 0.49158261718749996 0.28366986875 0.49367779062499995 0.2860511078125 0.49957927187499995 0.2867118609375 0.5024164859375 0.2853361578125 0.5070505859375001 0.2845533078125 0.5087747703125001 0.2834458796875 0.509634890625 0.279230534375 0.5059196296875 0.27564677187500003 0.50061766875 0.2746411109375 0.4949133109375 0.276303871875
2 0.4971824671875 0.2836505265625 0.49795247500000006 0.2835966828125 0.5024462656249999 0.2806421625 0.503216275 0.28058831875 0.502816534375 0.28032194375 0.50354558125 0.2796823125 0.503505221875 0.2791051375 0.5018717859375 0.2780420515625 0.4905859796875 0.27883123125 0.434031253125 0.28659485625 0.4267029078125 0.287990284375 0.42522122656250005 0.28926254375 0.4252621890625 0.28984833125 0.42690711718749996 0.2909106140625 0.428458628125 0.290802121875 0.44081428125000005 0.28846649687500003 0.49118094218749997 0.28172423750000003 0.495456215625 0.28142528125 0.4955375375 0.28258824374999997 0.4971824671875 0.2836505265625
1 0.494061496875 0.2390185796875 0.49360930312500007 0.238167221875 0.49323903125 0.23848743906249997 0.491635065625 0.23801094531250003 0.49016548125000003 0.23929101562500002 0.490226321875 0.2401610859375 0.49272258124999996 0.2423324859375 0.5125232375000001 0.251500365625 0.5194490296875001 0.25541365312500003 0.521411771875 0.25557073125 0.522893453125 0.254298471875 0.5220300265625 0.2531815421875 0.522400296875 0.2528613234375 0.49651679375 0.24060419375 0.494061496875 0.2390185796875
1 0.5006617609374999 0.2159804609375 0.49988025937499997 0.21603510781250002 0.49874896875 0.21670287031250002 0.4963721796875 0.22185530937500003 0.48897555937500004 0.23350500468750002 0.4876282578125 0.23653382656250002 0.4876897015625 0.2374125109375 0.489322534375 0.23846698125 0.49123532656249996 0.23774457187500003 0.49291253749999997 0.23381835624999997 0.50200625 0.21852672812499999 0.502295196875 0.217043546875 0.5006617609374999 0.2159804609375
0 0.4821702890625 0.2395730828125 0.48756199218749996 0.2440091625 0.49127764531249996 0.2441302328125 0.49660093906249997 0.24246814843750003 0.4986598046875 0.240696725 0.4985187640625 0.236863028125 0.4962126484375 0.2339425140625 0.4944158578125 0.23302070156250002 0.48676688749999997 0.2324734859375 0.48363016718749996 0.23419043125 0.4822432984375 0.23599277187499998 0.4821702890625 0.2395730828125
2 0.49183927499999996 0.24093127656250002 0.49262077812499994 0.2408766296875 0.49410185625 0.2395957546875 0.49360930312500007 0.238167221875 0.49280731875 0.2379289734375 0.4910925609375 0.2357029265625 0.49072229062500006 0.23602314375 0.489899828125 0.235492003125 0.43068619531249996 0.23875830156250002 0.42371662656250003 0.23983431249999998 0.42224643906250003 0.24110576875 0.4222874015625 0.24169155625 0.423920234375 0.242746028125 0.4308904046875 0.24167863125000003 0.441003959375 0.240971421875 0.4885525265625 0.2385208265625 0.49061707187500003 0.2401337609375 0.490658034375 0.24071954999999998 0.4910283046875 0.24039933125 0.49183927499999996 0.24093127656250002
3 0.4794420515625 0.471909665625 0.48079365156250004 0.5023039296875 0.4819919578125 0.5083750234375 0.48539200468750004 0.5122405296875 0.4838718125 0.52964285 0.489487246875 0.542728609375 0.49014365 0.5465002984375 0.49320132812499995 0.5735463249999999 0.49507776562499994 0.6003806265625 0.4968006015625 0.608172346875 0.49922295937500005 0.6317481921875 0.5028647609375 0.6446862906249999 0.5061722718749999 0.6863705828125 0.5071098265625 0.7220743671875 0.50882116875 0.729866890625 0.510710665625 0.734426678125 0.509575959375 0.7406609125 0.5117538015624999 0.743728903125 0.5127975421875 0.7530397437499999 0.52253644375 0.7805015531249999 0.5230085171875001 0.7816371921874999 0.5242307187499999 0.7824347078125 0.5258142046875001 0.7826183062500001 0.527674540625 0.7813109125000001 0.52759321875 0.7801479484375 0.5174430859375 0.7524205687500001 0.5163794687500001 0.742825446875 0.5142125156249999 0.7397480390625 0.5153562109375 0.7338075015625 0.5134782062500001 0.7292469125000001 0.5117553703125 0.7214551921875 0.510849790625 0.6860435 0.5075422796875 0.6443592078125 0.5039004765625 0.6314211078125 0.5014666265625001 0.6078460671875 0.499743790625 0.600054346875 0.497867353125 0.5732200453125 0.4948096765625 0.5461740171875 0.49413279218749995 0.542109434375 0.4885288484375 0.529022871875 0.4900080796875 0.5110347625 0.48660803281250004 0.5071692578125 0.4854596765625 0.5019776484375 0.48411957031249997 0.47158258125 0.47253532187499997 0.378589 0.46925571250000003 0.3597650109375 0.46614000781250003 0.3262738265625 0.46457981718749997 0.3208080328125 0.4637499328125 0.2977094828125 0.463097546875 0.28837993281249996 0.46121086250000004 0.27824505624999996 0.45954486250000004 0.24318952187499998 0.4544862390625 0.226835890625 0.4532640359375 0.22603837499999999 0.45168055156250003 0.2258547765625 0.44982021406249995 0.22716217031250002 0.44992201718749997 0.228618028125 0.45489931875 0.243808696875 0.4565448359375 0.27857133749999996 0.45842002812500005 0.2887070171875 0.45907241406250004 0.298036565625 0.4599137921875 0.3211343125 0.4614624890625 0.3266009109375 0.4645896890625 0.360091290625 0.46787828593749997 0.379208978125 0.4794420515625 0.471909665625
1 0.5035315546875 0.32423915000000003 0.5020619703125 0.3255192203125 0.5021029328125 0.32610500937500003 0.5037357640625 0.32715947968750003 0.5163570703125 0.32862286875 0.52667483125 0.330835990625 0.527847084375 0.33075401875 0.529316671875 0.32947395 0.529275709375 0.32888815937500004 0.5268408921875001 0.3275954421875 0.5181156031249999 0.3258596171875 0.5035315546875 0.32423915000000003
1 0.48587640624999995 0.3401381109375 0.48777770625 0.33941650624999997 0.5040247124999999 0.3256762984375 0.5043335390625 0.324477396875 0.5027007046875 0.32342292499999997 0.5019192046875001 0.3234775734375 0.48454090625 0.337885540625 0.4842429703125 0.339075025 0.48587640624999995 0.3401381109375
0 0.49757609374999995 0.4166153578125 0.4958872125 0.41905344375000003 0.4955252703125 0.42197007812500004 0.49777527031249996 0.4244184 0.5011507265625 0.42545489375 0.5082253203125 0.42934911875 0.5118236390625001 0.42944376718750005 0.51679756875 0.4269144765625 0.5178253890625 0.424271575 0.5171788953124999 0.42179769218749996 0.511729221875 0.41702805468750004 0.50622660625 0.4154650859375 0.5003189109374999 0.4153761046875 0.49757609374999995 0.4166153578125
0 0.5459272765625001 0.7633877890625 0.53976348125 0.76624266875 0.5383993125 0.769030284375 0.5390948843750001 0.7712150656250001 0.5404239484375 0.772714953125 0.5436928625 0.77404456875 0.5499147093750001 0.7733411390625 0.5548258265625 0.7747030828125 0.557180571875 0.7746855859374999 0.5614716609375 0.7719703140624999 0.562602221875 0.769640525 0.562283734375 0.766572365625 0.5603066421875 0.763732725 0.5580870796874999 0.762710625 0.5531424546875 0.7621907203125 0.5459272765625001 0.7633877890625
2 0.5574556281249999 0.771021896875 0.558937309375 0.7697496375 0.5588758656249999 0.768870953125 0.5539537796875 0.7657005328125 0.5462750437499999 0.7677004593750001 0.543449475 0.766435065625 0.52205011875 0.7679314546875 0.50457564375 0.7697333859375 0.4948413484375 0.7704140734375 0.48546893906250005 0.770489459375 0.4839872578125 0.77176171875 0.4840282203125 0.7723475078125001 0.48567254687499994 0.7734011749999999 0.48918679843749996 0.7734497609375001 0.5051706046875 0.7726263906249999 0.522644475 0.7708158468749999 0.54287158125 0.7694014296875 0.54570924375 0.770674634375 0.553407859375 0.7689589875 0.5566856203125 0.771075740625 0.5574556281249999 0.771021896875
1 0.5650512484375 0.7341414187499999 0.5665214375 0.7328699624999999 0.5660282796875 0.7314328156250001 0.5644159296875 0.7306712390625 0.5639637359375 0.7298198796875 0.56278249375 0.7296081531249999 0.5574491734375 0.7261721624999999 0.5562679328125 0.7259604359375 0.552168309375 0.72332115625 0.5485401578125 0.7218089015625 0.5468868421875 0.7204615359375001 0.5449241 0.7203044578125 0.5434430203125 0.7215853328125 0.543935575 0.723013865625 0.545128309375 0.7232247890625 0.5492164390625 0.7258648703125 0.5504091734375 0.72607579375 0.5544979062500001 0.7287244921875 0.5589479203125001 0.730759271875 0.5626369140625 0.7331415953125 0.56308850625 0.733984340625 0.5634472828125 0.7336649265624999 0.5650512484375 0.7341414187499999
1 0.5608795718749999 0.7696138218749999 0.5577036140625 0.768952925 0.5568516812500001 0.7678351921875 0.5552073546875 0.7667815234375001 0.5544258531249999 0.766836171875 0.5529556640625 0.768107628125 0.5526468375 0.7693065296875 0.552728159375 0.7704694937500001 0.5543615953125001 0.7715325796875 0.557117334375 0.7716342046875 0.560301678125 0.772580184375 0.570753215625 0.7765412546875 0.57153471875 0.7764866078125 0.5730043046875 0.7752065359375 0.5721209984375 0.7738053265625 0.5608795718749999 0.7696138218749999
1 0.5623622187499999 0.7460592359375 0.562300775 0.745180553125 0.5606673390625 0.7441174687500001 0.5598858375 0.744172115625 0.55808694375 0.7463581921875 0.5569112765625001 0.7520066390625 0.5536676453125 0.7616086265625001 0.552524553125 0.767557778125 0.55258539375 0.768427846875 0.5542188296874999 0.76949093125 0.55500033125 0.769436284375 0.5564814109375 0.7681554109375 0.5585118265625 0.7580496078125 0.5605183453125 0.7532173859375 0.5623622187499999 0.7460592359375