1 0.488389390625 0.6908594234375001 0.4938247203125 0.6845880390625 0.5067242671875001 0.6752165203125 0.506944434375 0.673826440625 0.5047597828125 0.6715754921875 0.5035202921875 0.671379175 0.502143396875 0.6721135640625 0.501591775 0.6715537109375 0.5007567421875 0.6728464062499999 0.4959089109375 0.6754084703125 0.48311089375 0.68811845625 0.478915053125 0.6945861546875001 0.478693728125 0.69598355 0.4808795375 0.6982271843750001 0.48210926875000004 0.6984219546875 0.48488141875 0.696963584375 0.488389390625 0.6908594234375001
1 0.4945834765625 0.7398688140624999 0.4964201328125 0.728272621875 0.4983115234375 0.7242898359375001 0.5003324703125 0.715572734375 0.504381146875 0.71003419375 0.5046013125 0.7086441156250001 0.5024166609375 0.706393165625 0.5011771703125001 0.7061968484375 0.498413621875 0.70766408125 0.49429078437499996 0.7136708578125 0.49212383125 0.7233098015625 0.490232440625 0.7272925875 0.4883227828125 0.739349703125 0.4882291921875 0.747899584375 0.4892856421875 0.7532942296875 0.4914605359375 0.7555436328125 0.492700025 0.7557399484375 0.495473334375 0.7542742625 0.4945834765625 0.7398688140624999
1 0.5270758109375 0.546721925 0.523680765625 0.528109825 0.5232215734375 0.5190074078125 0.5209365515625 0.5134106765625 0.5179801109375 0.5119899546875 0.5152165609375 0.5134571859375 0.51499639375 0.514847265625 0.5168781171875 0.5189476703125 0.5177406078125 0.529546415625 0.5208151171875001 0.5462028125 0.5205852828124999 0.5556760828125 0.5227601749999999 0.5579254859375 0.523999665625 0.5581218015625 0.5267729734375 0.5566561171875 0.5275806390625 0.55155671875 0.5270758109375 0.546721925
0 0.5285017140625 0.5515526078125 0.524214140625 0.5513985046875 0.519960203125 0.5522321953125 0.518383428125 0.553407409375 0.518034196875 0.5551070375 0.5165990859375 0.55721965625 0.517566865625 0.5611528078125 0.5203871109375 0.563054440625 0.5240645359375 0.56383938125 0.52649018125 0.56336859375 0.5289995359375 0.5613586203125001 0.5313865828125001 0.561384203125 0.533568771875 0.560492371875 0.535933396875 0.556869528125 0.5352967125 0.55514124375 0.5330966359375 0.5532403390625 0.5285017140625 0.5515526078125
2 0.5287744937500001 0.556020659375 0.5265886828124999 0.5537770265625 0.46718098750000003 0.544367771875 0.456807121875 0.5417722453125 0.4540435734375 0.5432394781250001 0.45389756718749996 0.54416131875 0.45607245937499996 0.5464107234375 0.466446325 0.5490062484375 0.5160317796875 0.5563798296875 0.5190514640624999 0.557338084375 0.51875829375 0.5591890859374999 0.5209331859375 0.5614384890624999 0.5241741953125 0.5609993484375 0.5286273296874999 0.5569498187499999 0.5287744937500001 0.556020659375
1 0.5588344000000001 0.510375915625 0.54715664375 0.508053859375 0.5319349484375 0.508020396875 0.525132390625 0.506942978125 0.5223590812500001 0.5084086640625001 0.5222130765624999 0.5093305046875 0.5243977281250001 0.5115814546874999 0.53181515 0.5127562593749999 0.54642198125 0.512692334375 0.5580997375 0.51501439375 0.5608718875 0.513556025 0.5610190515625 0.5126268671875 0.5588344000000001 0.510375915625
1 0.486590490625 0.5179604515625 0.4884448453125 0.5182541515625 0.51831040625 0.5139472031250001 0.520605096875 0.5114607453125 0.51842044375 0.50920979375 0.5165660890625 0.50891609375 0.48671028749999995 0.5132245875 0.4844058390625 0.5157095015625 0.486590490625 0.5179604515625
2 0.5333702687499999 0.5990771015624999 0.5335174328125001 0.5981479421875 0.5313425406250001 0.5958985375 0.5190303984375 0.5934760031249999 0.48532955 0.590035746875 0.45270034687500005 0.587725190625 0.448918634375 0.5875987109375 0.446145325 0.5890643953125 0.4459981609375 0.5899935546874999 0.4481839703125 0.5922371875 0.45127781718750004 0.5927272046875001 0.4920853125 0.5953881078125 0.5189203609375 0.5982134109375 0.530607878125 0.600537015625 0.5333702687499999 0.5990771015624999
0 0.5163085171875 0.507510346875 0.5132501984375 0.510333340625 0.5128813984375 0.512472353125 0.5144960984375 0.5153530078124999 0.5186128437499999 0.5165225171875 0.5271810234375 0.5140322171875 0.5320509359375001 0.513731071875 0.5356268984375 0.509092628125 0.53453485 0.5069547328125 0.5312257671875 0.5051706671875 0.5232627765625 0.50402945 0.5191404828125 0.50516898125 0.5163085171875 0.507510346875
0 0.4971036296875 0.703301740625 0.49550617656249996 0.70448118125 0.49510106406250004 0.7059019656250001 0.49515339843749995 0.71277251875 0.49903553125 0.7158023046875 0.5044416109375 0.71521109375 0.5064617703125001 0.713573621875 0.515790834375 0.71310126875 0.5180257578125 0.7110553281249999 0.5177657375 0.7093492015625 0.5156802515625001 0.7064089828125 0.5073704640625001 0.704425365625 0.504456765625 0.702418934375 0.5009981531250001 0.7020211390625 0.4971036296875 0.703301740625
1 0.528881503125 0.45522608125 0.5261081937500001 0.456691765625 0.52777835 0.46219111249999995 0.5331583765625 0.46827054375 0.542163284375 0.48348880781250003 0.5451099671875 0.4849079828125 0.547883275 0.48344229843750003 0.547085278125 0.4804585046875 0.5390887734375001 0.466832409375 0.53370990625 0.4607456609375 0.531828184375 0.45664525625 0.528881503125 0.45522608125
1 0.5456083984375 0.4417134171875 0.5469220499999999 0.4414414953125 0.5522832203125 0.43563834999999995 0.552430384375 0.43470919218750004 0.55024573125 0.4324582421875 0.549006240625 0.43226192656249995 0.5470047203124999 0.432897384375 0.5424141828125 0.43787761875 0.5360336921875 0.44209436718750006 0.53151615625 0.44661367968750004 0.5302036640625001 0.44687828593749995 0.5238493796875 0.454909053125 0.523702215625 0.45583821249999995 0.5258880265625 0.45808184531249996 0.5291290359375 0.45764270468749996 0.5347103718749999 0.4504494796875 0.5456083984375 0.4417134171875
0 0.5224680640625 0.45226035781249996 0.5201783375 0.4532626546875 0.5194453078125 0.45511148593749995 0.5217760124999999 0.46048296093749996 0.5229957046875 0.46168860624999997 0.525161834375 0.462414175 0.531551771875 0.4624962734375 0.535773184375 0.46110995 0.5370660125 0.4576848390625 0.5329216406249999 0.45207860625 0.527538003125 0.45019095781249996 0.5239254046874999 0.4510812265625 0.5224680640625 0.45226035781249996
2 0.5323688875 0.457210878125 0.5330676734375001 0.45684157187499996 0.5278621796875 0.453639684375 0.5055806328125 0.450110634375 0.462367159375 0.44659617812499997 0.4596036109375 0.448063409375 0.45945760468749997 0.4489852515625 0.46163249687499996 0.4512346546875 0.46472634375000005 0.451724671875 0.5048459703125 0.4547491109375 0.5258880265625 0.45808184531249996 0.5275222140625 0.4597656265625 0.5305418984375 0.46072388125 0.5333152078125 0.4592581953125 0.5323688875 0.457210878125
1 0.5309222640625 0.40229363906250004 0.5296359796875 0.40637226406250004 0.530645634375 0.41604184999999994 0.5328216859375 0.41828393906250005 0.5340611749999999 0.4184802546875 0.5368333265625 0.417021884375 0.535970834375 0.406423140625 0.5371099546875 0.4032736734375 0.534925303125 0.40102272499999997 0.5336858125 0.400826409375 0.5309222640625 0.40229363906250004
1 0.53541406875 0.3659113484375 0.5365160625 0.358953634375 0.5382700484375 0.355901553125 0.5360842375 0.35365791875 0.5348447484375 0.353461603125 0.53208235625 0.35492151875 0.5304755359375 0.3570444421875 0.529152215625 0.365399553125 0.530509775 0.3808315453125 0.531849634375 0.38437364218750003 0.5340354453125 0.3866172765625 0.5352749359375 0.3868135921875 0.5380373265625 0.38535367656249997 0.5382586515625001 0.38395628125000003 0.5364499328125001 0.37939495624999997 0.53541406875 0.3659113484375
1 0.5354301312499999 0.40585751718749996 0.53820228125 0.40439914843749997 0.54225095625 0.398860609375 0.5509175374999999 0.3921485375 0.5665162328125 0.381779571875 0.5699044062499999 0.380411271875 0.5708963625 0.3781909625 0.5687117109375001 0.3759400140625 0.5674722203125 0.3757436984375 0.5655437046875 0.375918234375 0.5611744921875 0.379501071875 0.5535533499999999 0.38352882187500004 0.5505696328125 0.38638613125 0.5435742765625 0.390505496875 0.537587325 0.3962170265625 0.53627483125 0.3964816328125 0.5322249968749999 0.4020274875 0.5320048296875 0.40341756875 0.534190640625 0.4056612015625 0.5354301312499999 0.40585751718749996
0 0.542545803125 0.402747175 0.53667968125 0.398915671875 0.533782546875 0.3981943203125 0.529842 0.398312675 0.5260778625 0.40079138593749997 0.52605475 0.40333763906250003 0.5282131109375 0.4055019265625 0.5290614734375 0.4077887203125 0.530778425 0.409013125 0.5357220390624999 0.40938363125 0.5397904109375 0.4082055609375 0.5428665515625 0.405775375 0.5432295078125 0.40411541875 0.542545803125 0.402747175
2 0.5406715015625 0.40479023437499995 0.540818665625 0.40386107656250003 0.5386437734375 0.40161167343750004 0.5299771015625 0.40023900625 0.485449978125 0.396996471875 0.46954041406249997 0.397326546875 0.46676710468750005 0.39879223124999996 0.4666210984375 0.3997140734375 0.46880575156250004 0.401965021875 0.47066010625 0.4022587234375 0.48216333125000005 0.40170323750000003 0.49669715937500003 0.40210023437500003 0.52112623125 0.4040719859375 0.5379091109374999 0.40625014843749996 0.5406715015625 0.40479023437499995
1 0.581886728125 0.3528276 0.5800323734374999 0.3525338984375 0.5483592515625 0.35227220625 0.5348447484375 0.353461603125 0.53208235625 0.35492151875 0.5319351921875 0.35585067656249997 0.534110084375 0.3581000796875 0.535964440625 0.35839378125 0.5507914375 0.356939778125 0.581152065625 0.357466078125 0.583925375 0.356000390625 0.5840713796875 0.3550785484375 0.581886728125 0.3528276
0 0.5487927609375001 0.3543357984375 0.5476927796875 0.3521216484375 0.542231703125 0.348954278125 0.5355404703125 0.3479319890625 0.5318409296875 0.34817101093749997 0.5299894125 0.3491227171875 0.5285886890625 0.352913225 0.5288979953124999 0.35468715624999997 0.527475940625 0.356906840625 0.5294479984375 0.36087905781249996 0.5344738687499999 0.362372553125 0.5372687375 0.3619077484375 0.5426830125000001 0.3575379640625 0.546510278125 0.3571241796875 0.5482860828125 0.35570299843750003 0.5487927609375001 0.3543357984375
2 0.5395454156249999 0.3518286984375 0.5373607625 0.34957775 0.520872209375 0.3455412671875 0.48939188749999996 0.340082790625 0.473152028125 0.338455615625 0.4703884796875 0.3399228484375 0.47024131406249997 0.3408520078125 0.472417365625 0.34309409375 0.5047413203125 0.3472687390625 0.5317509015625 0.3529715859375 0.5310162390625 0.3576100640625 0.533200890625 0.3598610125 0.53444038125 0.360057328125 0.53720393125 0.358590096875 0.5395454156249999 0.3518286984375
3 0.49734298906249996 0.482097271875 0.49460796562500003 0.487363890625 0.49401930937499994 0.4910805265625 0.49255801562499996 0.5203305640625 0.4885903734375 0.5453812671875 0.49120685000000003 0.55292793125 0.49123421718750004 0.5567346343749999 0.4896450953125 0.5707474515625 0.4894512296875 0.5840362859375 0.4889378921875 0.5872773671875 0.4855770828125 0.592452371875 0.48506258750000003 0.59570076875 0.4853004546875 0.60620058125 0.4833896359375 0.6182650125 0.4858229828125 0.62292526875 0.4833069671875 0.6268091250000001 0.4818844359375 0.6318111375 0.48100260937500006 0.6373787734375 0.48203847343749995 0.650862378125 0.48009168593749996 0.65911124375 0.47713533750000003 0.6657752578125 0.4711565078125 0.699544609375 0.4736628546875 0.7037439453125 0.46917268749999996 0.7120699609375001 0.4677033625 0.7213469140625001 0.47041044843749996 0.732237815625 0.4697499484375 0.7364080546875 0.45802491874999995 0.7664098953125 0.457583425 0.7691973703125 0.4592176140625 0.7708811515625 0.46162359375 0.7717347046875 0.465010609375 0.770373721875 0.46899594999999994 0.7572129125 0.4756062765625 0.7435228921875 0.47717712968750003 0.7375844046875 0.47798479531250004 0.73248500625 0.47519494531250006 0.72205348125 0.47651710625000004 0.7137056859375 0.48100727499999996 0.7053796703125 0.4813004453125 0.70352866875 0.47879525625 0.6993220171875 0.48456251874999995 0.6669516078125 0.48879539375 0.6562074234375 0.4894558953125 0.6520371828125 0.48842003125 0.638553578125 0.489227696875 0.6334541796875001 0.49347033125 0.6227115390625 0.4910381453125 0.618043965625 0.4927276375 0.6073769328124999 0.49248977031249996 0.5968771187499999 0.4929301046875 0.5940969578125 0.496281153125 0.588920409375 0.49866140000000003 0.5579109843750001 0.4987714375 0.5531735765625 0.4961647203125 0.545628459375 0.500059359375 0.5210386765624999 0.501446490625 0.4922568765625 0.5048443328125 0.4828053859375 0.502614615625 0.46485783906249994 0.5072604562499999 0.447526790625 0.506462459375 0.4445429984375 0.50763745625 0.4371243609375 0.5072250578124999 0.423747003125 0.51009234375 0.3775977421875 0.5149418109375 0.34697940312500003 0.5162929765625 0.31438203593749997 0.5146587874999999 0.3126982546875 0.512263728125 0.3118389328125 0.5088755546875 0.3132072328125 0.50828805625 0.31691655 0.5070275015625 0.352858153125 0.5026651609375 0.37642139218750004 0.5016276609375 0.390994059375 0.49953207343750006 0.4282283578125 0.500137271875 0.4364089328125 0.49903527812500004 0.4433666484375 0.499833275 0.446350440625 0.49511327187500004 0.46414972656250003 0.49734298906249996 0.482097271875
2 0.5276387390624999 0.5111423125 0.5290886359375 0.509947003125 0.5292358 0.5090178437499999 0.52705975 0.5067757578125 0.5197067296875 0.5051311703125 0.4662927640625 0.50190605 0.46312591562499994 0.501876953125 0.4603623671875 0.5033441843750001 0.4602152015625 0.5042733421875 0.462391253125 0.5065154296875 0.464870234375 0.5069080625 0.51456456875 0.5095515515625 0.5142713999999999 0.511402553125 0.5164560515625001 0.5136535015625 0.51768578125 0.5138482718749999 0.5276387390624999 0.5111423125
0 0.5378861875000001 0.5957049921875 0.5342532546875 0.5935021484375 0.5286807859375 0.592364565625 0.526014934375 0.5929623015625001 0.5238279453125 0.5923684234375 0.5219647609375 0.5926358046875 0.51895690625 0.59387685 0.5176830765625 0.5960450125000001 0.513583646875 0.5968506765625 0.511133421875 0.5996874875 0.5120933187500001 0.6031019078125001 0.514629553125 0.6048385625 0.517708203125 0.6051086796875 0.5218968578125 0.6037396687500001 0.5252662953125 0.604258334375 0.5283747812499999 0.6025082484375 0.5341949984375 0.60265010625 0.5381987734375 0.59922688125 0.5388034078125 0.5976202046875 0.5378861875000001 0.5957049921875
1 0.5793102546875 0.6054008125 0.5678440671875 0.6016798109375 0.5401466171875 0.5963404999999999 0.529478425 0.595603290625 0.5267148765624999 0.5970705234375 0.5265677109375 0.5979996812499999 0.5287437625 0.60024176875 0.5394119546875 0.6009789765625 0.5622342046875 0.60507365 0.5767212374999999 0.6097455875 0.5785755921875 0.6100392890624999 0.5813489015625 0.6085736046875 0.581496065625 0.6076444453125001 0.5793102546875 0.6054008125
1 0.5270092046875 0.5952122046875 0.5177550328125 0.5975488578125 0.5159006765624999 0.5972551562499999 0.5029463046875 0.5909285328125 0.49036042343749997 0.5822753546875 0.486798875 0.5807587937500001 0.484025565625 0.582224478125 0.484897725 0.5847400328125001 0.4969331453125 0.5928260437499999 0.515091853125 0.6023618703125 0.516946209375 0.602655571875 0.5221887390625 0.6015809734374999 0.528816765625 0.599780846875 0.5302764234375 0.598587084375 0.5304235875 0.597657925 0.5282389359375 0.5954069750000001 0.5270092046875 0.5952122046875
2 0.531266171875 0.644387271875 0.529090121875 0.642145184375 0.5237374625 0.63987245625 0.5174037640625 0.6398142640625 0.5121241078125001 0.637080615625 0.459528728125 0.628750325 0.45224870937499995 0.6266448171875 0.44947540156250004 0.6281105015625 0.4493293953125 0.62903234375 0.45151404843750004 0.6312832921875 0.45879406562499997 0.6333888015625 0.5101597140624999 0.6415243203125 0.5154296109375001 0.6442564265625 0.522387934375 0.6444135484375 0.526501103125 0.6464899609375 0.528355459375 0.6467836625000001 0.5311190078125 0.64531643125 0.531266171875 0.644387271875
0 0.532909125 0.6475948890625001 0.5333644234375 0.6456045718750001 0.535277925 0.6450826703125 0.5365218890625 0.643734746875 0.5366163375 0.6423172562499999 0.5351328390625001 0.6392398906250001 0.5331561609375 0.6381393421875 0.5298325359375 0.6377104296875 0.528318990625 0.6355807718750001 0.526307728125 0.63457224375 0.52247984375 0.63461094375 0.5208527515625 0.636040678125 0.5207761234375 0.6378509796875 0.518234440625 0.6375384125 0.516213890625 0.6382308546875 0.5140931640625 0.6382924515624999 0.5123938375 0.6392307625 0.510704303125 0.6413705843749999 0.51103740625 0.643373275 0.5142428203125 0.6461908828125 0.518547675 0.647120196875 0.5206881 0.6469342250000001 0.5229704796875 0.6495156421875 0.524893415625 0.6504501828125 0.52839160625 0.6504717609374999 0.53008526875 0.6498850390625 0.532909125 0.6475948890625001
1 0.5504281421874999 0.6155633265625 0.5491886515625 0.6153670109375 0.5471871312500001 0.61600246875 0.5409070093749999 0.6235649999999999 0.5328552953125001 0.63037445625 0.522976590625 0.6406969140625 0.521984634375 0.642917221875 0.5241692875 0.6451681703125 0.5274102968750001 0.6447290296875 0.5313859703125 0.639651409375 0.5516208375 0.620034584375 0.5526030343749999 0.61781273125 0.5504281421874999 0.6155633265625
2 0.5030525906250001 0.6703526328125 0.46916629218750006 0.6640406015625 0.4520542734375 0.6598978734375 0.4492907234375 0.6613651046875 0.44914355937500006 0.6622942625 0.45131961093750006 0.6645363515625 0.4543392953125 0.6654946046875 0.49496375 0.6733538375 0.5010784375 0.6747947921875 0.5051174453125 0.67733944375 0.5063569359375 0.677535759375 0.5091204859375 0.676068528125 0.5082580859375 0.6735545203125 0.5030525906250001 0.6703526328125
0 0.511128521875 0.670401775 0.502364659375 0.6683162406250001 0.49874323125000003 0.6697675921874999 0.49743950000000003 0.6715560328125 0.49589729218749995 0.6742816703125001 0.49570331875000007 0.6766433640625 0.4966966109375 0.67877311875 0.49850933125 0.6800876890625001 0.5040970406249999 0.6810026953125 0.5057523359375 0.6803424 0.5067337625 0.679072890625 0.512002746875 0.679599928125 0.5148159453125001 0.6779455671875 0.51471789375 0.6745851515625 0.5129999796875 0.6715981546875 0.511128521875 0.670401775
1 0.5025380953125 0.6736010296875 0.50239093125 0.6745301875 0.5045755828125 0.6767811375 0.5503684078125 0.6840340078125 0.55313195625 0.6825667765625 0.5532791203125 0.6816376187500001 0.5511030703124999 0.6793955296874999 0.5152808109375 0.673241859375 0.5053102453125 0.6721426593750001 0.5025380953125 0.6736010296875
1 0.48857906875 0.58152073125 0.5092731296874999 0.5710063234375 0.5171776796875001 0.565126028125 0.524100034375 0.561467584375 0.525091990625 0.5592472765625 0.5229073390625001 0.556996328125 0.5216678484374999 0.5568000109375 0.519740490625 0.5569672328124999 0.5189043 0.5582672421875 0.5076029734375 0.565506978125 0.4869089125 0.576021384375 0.48607387968750004 0.5773140796875 0.47983939375 0.5806089875 0.47885719687500006 0.582830840625 0.48103208906250006 0.58508024375 0.483658234375 0.5845437171875 0.484200096875 0.5851020250000001 0.48857906875 0.58152073125
1 0.49975348124999996 0.7112061781250001 0.4975688296875 0.7089552296875 0.49633909843749996 0.708760459375 0.49356579062500006 0.71022614375 0.4927016625 0.7276836734375001 0.49123233749999995 0.7369606281250001 0.4919846984375 0.7442120453125 0.49416935000000006 0.7464629953124999 0.495408840625 0.7466593109375 0.498172390625 0.7451920796875 0.49742002812499997 0.7379406625 0.4996708109375 0.7197502906250001 0.49901881875000004 0.71584465625 0.49975348124999996 0.7112061781250001
1 0.5347841390625 0.7624054171875 0.5219780875 0.75514231875 0.506618896875 0.7479548265625 0.500798534375 0.744655553125 0.4986138828125 0.7424046046874999 0.49675952656250005 0.742110903125 0.49399597812499996 0.7435781343750001 0.49384881406250003 0.7445072921875 0.4949313796875 0.7456312203125 0.49424351250000004 0.7459947578125 0.49602370625000003 0.7467566953125 0.49704302968749997 0.7483430921875 0.522950615625 0.76100365625 0.5316446546875 0.766183025 0.5328841453125001 0.7663793421875 0.5356465359375 0.7649194265625 0.5347841390625 0.7624054171875
0 0.4876313171875 0.7467474265625 0.48922958593750004 0.7486580093749999 0.49404154062499994 0.750365115625 0.49966581093749995 0.7497859640625 0.503419340625 0.7475005640625 0.503303925 0.7426074515625001 0.501809490625 0.7411782984374999 0.49942498906250005 0.7405681390625001 0.4972801765625 0.738570990625 0.493978209375 0.738258003125 0.4867525515625 0.74117843125 0.48600547031249997 0.7444424875 0.4876313171875 0.7467474265625
2 0.472916796875 0.73643715 0.46007371093750005 0.7334505375 0.444420190625 0.7281213625 0.44165780000000004 0.7295812765624999 0.44151063593749995 0.7305104359375 0.44368552812499995 0.7327598390625 0.4556935796875 0.7370391453125 0.4842729484375 0.7448955578125 0.4985026859375 0.747149328125 0.5012662359375 0.745682096875 0.5014134 0.7447529375 0.4992385078125 0.742503534375 0.48074843593749994 0.7391025109375 0.472916796875 0.73643715
1 0.54864981875 0.7108658765625 0.5560770015625 0.7120422265624999 0.5777065546875 0.7116656421875 0.5824072234375001 0.7100327375 0.5825543875 0.7091035781249999 0.580369734375 0.7068526281249999 0.578515378125 0.7065589265625001 0.5561967984375 0.7073063640624999 0.5481449921875 0.7060310828125 0.5301609046875 0.7074575375000001 0.5023424999999999 0.706861403125 0.49958010937499997 0.7083213171875 0.49943294531250004 0.7092504765625 0.5016078375 0.7114998796875 0.5034621921875 0.7117935796875 0.519997540625 0.7115551203125 0.5300411078125 0.7121933984375 0.54864981875 0.7108658765625
2 0.4942000828125 0.7022418859374999 0.4789412609375 0.698400175 0.4438907921875 0.691416275 0.4411272421875 0.6928835062500001 0.44098007812500006 0.693812665625 0.44315612968749996 0.6960547515625 0.4849459125 0.7045785375 0.49346542031249996 0.7068803640625 0.5027743250000001 0.7121571171875 0.5040138140625 0.7123534328125001 0.5067773640625 0.7108862015625 0.5059149656249999 0.70837219375 0.5041968546875 0.7071551046875 0.4942000828125 0.7022418859374999