2 0.538677071875 0.612680184375 0.5258018921875001 0.61414490625 0.492485290625 0.615308346875 0.4898330015625 0.617447303125 0.48986868906250003 0.6184692234375 0.49266372187499996 0.6204179546875 0.5259803234375 0.6192545140625 0.54361626875 0.617615484375 0.5462685578124999 0.6154765296875 0.546232871875 0.6144546078124999 0.5434381187499999 0.612513925 0.538677071875 0.612680184375
1 0.5587594703125001 0.5639625234375 0.5512675015624999 0.5637085374999999 0.5416743171875 0.562005259375 0.5390324703125 0.56413579375 0.5404726531249999 0.5666393921874999 0.544611534375 0.5680255812499999 0.5514456515624999 0.5688100984375 0.5827428546875 0.5682327859375 0.5867819375 0.5670685718749999 0.5894342265625 0.564929615625 0.589398540625 0.5639076953125 0.5866037859375 0.5619670109375 0.5818784265625 0.5631551906250001 0.5587594703125001 0.5639625234375
1 0.5510166171875001 0.5371552234375 0.5514890578125 0.5310077765625 0.5546924203125 0.525280575 0.55463903125 0.523751715625 0.551843996875 0.5218029875 0.550482165625 0.5218505421875 0.5484804671875 0.5229436109375001 0.544654940625 0.5302232609375 0.5441825 0.5363707078125 0.5379185203125 0.5519127953125 0.5355441796875 0.561703715625 0.53559756875 0.563232575 0.5383818796875001 0.5651816796875 0.5397437109375 0.5651341234375 0.542396 0.56299516875 0.5453498390625 0.550122565625 0.5510166171875001 0.5371552234375
0 0.5236575359375 0.5628841687499999 0.5226665796875001 0.566173575 0.5245834 0.56849134375 0.5281182281250001 0.5691816046875 0.535163334375 0.5686294390625 0.543040590625 0.5700784375 0.5475629093750001 0.567995025 0.5486286921875 0.56438880625 0.5468417171875 0.561792584375 0.5485652234375 0.5604191984375 0.5491128875 0.5588854640625 0.5475550328125001 0.5563940296875 0.544814275 0.5556921531250001 0.5396783921874999 0.5564999046875 0.5341152359375 0.5595219828125 0.5292272 0.559741015625 0.5236575359375 0.5628841687499999
2 0.537002346875 0.5647222984375 0.5425387453125 0.5670828546875 0.5438898531249999 0.5670356734374999 0.5465421421875 0.5648967171875 0.5450912359375 0.5623934937499999 0.5381860265625 0.5595731828125 0.529421303125 0.56191753125 0.5266442515625 0.560483784375 0.515067071875 0.5603805140625 0.4737433953125 0.5659081828125 0.47103743593749997 0.5665102328125 0.46838514687500005 0.5686491859375 0.468420834375 0.569671109375 0.4712155875 0.57161179375 0.4739392484375 0.57151668125 0.5010082109375 0.566994353125 0.5159314984375001 0.5654581078125 0.5254712953125 0.565632528125 0.528237621875 0.5670666484375 0.537002346875 0.5647222984375
1 0.5482502890625 0.535721103125 0.5399295796875 0.5314114421875 0.5377854171875 0.528424871875 0.5308088359375 0.5235607171875001 0.5279424296874999 0.5195681453125001 0.527284859375 0.5201067187499999 0.5245255109375 0.5191799109375 0.521873221875 0.521318865625 0.5219086265625 0.522332740625 0.5268835109375 0.5282899624999999 0.531751615625 0.5311894671874999 0.536708515625 0.5366317046875 0.5415409343750001 0.5385092890625 0.54641601875 0.54191610625 0.54986164375 0.5428189484375 0.552503209375 0.54068036875 0.5517562828125 0.5386601171875001 0.5482502890625 0.535721103125
1 0.543033603125 0.483794234375 0.53972374375 0.486471765625 0.535869790625 0.49324485156250003 0.51896415 0.515797059375 0.5189998359375 0.5168189812499999 0.521784146875 0.518768084375 0.5251476765625 0.5176274609375 0.5264561171875 0.516051046875 0.5472154312499999 0.4867177046875 0.5471797453125 0.485695784375 0.5443847109375 0.483747053125 0.543033603125 0.483794234375
1 0.5573123765625 0.4250636796875 0.557276690625 0.42404175625 0.5544926593749999 0.42210069843750003 0.5531308296875 0.42214825468750006 0.5498206890625 0.4248177390625 0.5388847375 0.44307686406249996 0.5277349499999999 0.4552125109375 0.5217832437500001 0.460020575 0.5211683390624999 0.4620883828125 0.5239630921875 0.464029065625 0.526658328125 0.46342739218749995 0.534604753125 0.457018946875 0.5345690671875001 0.455997025 0.5444281156249999 0.44594473125 0.5573123765625 0.4250636796875
0 0.5326053765625 0.45387424843749996 0.5217661203125 0.4536888125 0.5185711140625 0.45442878750000004 0.516965046875 0.4554758125 0.5161720296875 0.45982175625000005 0.520009503125 0.4633373140625 0.521655021875 0.466494371875 0.5262434296875 0.46784069375000004 0.52878170625 0.467663434375 0.5332475015625 0.46426879843749996 0.5333899734374999 0.4606625953125 0.535658571875 0.4579892015625 0.535615434375 0.4558315828125 0.5326053765625 0.45387424843749996
2 0.52607185 0.4660017625 0.52743368125 0.46595420625 0.530075246875 0.46381562499999995 0.52435371875 0.45584619843749996 0.522280646875 0.45489542343749995 0.5127585546875 0.4552279421875 0.4645900375 0.45997147031249996 0.4605509546875 0.46113568593750004 0.45789866406249996 0.463274640625 0.45793435000000005 0.46429656250000007 0.4607291046875 0.4662372453125 0.46276649062499997 0.46616609843749995 0.465454465625 0.465049065625 0.4823971546875 0.46292669062499997 0.5197351359375 0.46009209531249995 0.5239987796875 0.4650509875 0.52607185 0.4660017625
1 0.5076055203125 0.444169159375 0.5111565625 0.428721809375 0.5148927328124999 0.4188833328125 0.5187643890625 0.4126171828125 0.5246450046875 0.4057733234375 0.5246093171874999 0.40475140156249995 0.5218252875 0.40281034375 0.52046345625 0.4028579 0.51913703125 0.4039193296875 0.5184437749999999 0.4034359828125 0.5184794609375001 0.40445790625000005 0.5132102875 0.4097496890625 0.5049266265625 0.4258698609375 0.5032278390625 0.43563719218749997 0.5007537015625 0.44287770625 0.5008070906250001 0.444406565625 0.503602125 0.44635529687500003 0.5049639546875 0.446307740625 0.5076055203125 0.444169159375
1 0.5390606234375 0.37002300312499997 0.53769879375 0.370070559375 0.5356970953125 0.3711636296875 0.5337557640624999 0.37429286875 0.528764540625 0.3872366171875 0.518515146875 0.40547982656250003 0.518550553125 0.40649369999999996 0.5213348640625 0.40844280624999996 0.5246983937499999 0.40730218125000006 0.53050065625 0.39790716718749997 0.5418983234375 0.3735009671875 0.541844934375 0.371972109375 0.5390606234375 0.37002300312499997
0 0.5182162796875 0.399995771875 0.51484254375 0.40145901093749997 0.5133503578124999 0.40330770468750005 0.513285059375 0.4078940984375 0.5149393328125 0.410994453125 0.5187501046875 0.4119006578125 0.5242099265625 0.411146046875 0.529501453125 0.40926135468749997 0.5315582984375 0.405443284375 0.5309672062499999 0.40296642968749996 0.5287022328125001 0.400209659375 0.525755815625 0.3991524234375 0.5182162796875 0.399995771875
2 0.5220568265625001 0.4094407609375 0.5234186578125 0.40939320468749996 0.5260602234375 0.4072546265625 0.523169134375 0.402247803125 0.521085340625 0.40129740312499995 0.47346091875 0.40194537343750003 0.44563430468750004 0.4044478234375 0.443614621875 0.40502590781250003 0.44096233281249997 0.40716486406249996 0.44099801875000005 0.40818678437499994 0.4437927734375 0.41012746875 0.4573362453125 0.408123796875 0.47431462187499995 0.40702334218749997 0.5117344187499999 0.4062241703125 0.518550553125 0.40649369999999996 0.51998375625 0.4084899875 0.5220568265625001 0.4094407609375
1 0.5699285093750001 0.33778277343749996 0.571201265625 0.33518443750000004 0.5684065125 0.333243753125 0.56704468125 0.333291309375 0.5610108796875 0.3360559046875 0.5434994125 0.3412595890625 0.5272502625000001 0.34387335625 0.5136534 0.34434816874999996 0.5110011109375 0.346487125 0.5110365156250001 0.34750099843750004 0.51383155 0.3494497296875 0.5281146890625 0.3489509515625 0.5470590765625001 0.3457355078125 0.560531178125 0.34168799375000003 0.5699285093750001 0.33778277343749996
1 0.49178087656249997 0.3221269578125 0.481198221875 0.3117653375 0.477781303125 0.311377103125 0.47513945625 0.3135076375 0.4759040859375 0.31603482656250004 0.47937467343750007 0.3179599671875 0.4857470734375 0.324891553125 0.503188528125 0.3370519375 0.5117584796875 0.34849895625 0.51519338125 0.3494021734375 0.5178456703125 0.3472632171875 0.517810265625 0.34624934375 0.5078248125 0.3333129765625 0.49178087656249997 0.3221269578125
0 0.5189209515625001 0.34239180625 0.5136849421874999 0.3409472515625 0.510923121875 0.3414868 0.50744791875 0.3440412015625 0.506686590625 0.3459127109375 0.5073610296875 0.3477018578125 0.5068991046875 0.3495387421875 0.5079155562500001 0.351283721875 0.51095155625 0.3533690515625 0.5162585546875 0.35561677187499996 0.52033149375 0.3544997125 0.5287708828125 0.3539069140625 0.5306699359375 0.3523340453125 0.5316207640624999 0.3494327484375 0.5312352859375 0.3476173984375 0.5295674890625001 0.3462818765625 0.5207382265625 0.346163209375 0.5189209515625001 0.34239180625
2 0.51788135625 0.348285140625 0.5177388921875 0.3442055 0.5149438578125001 0.3422567703125 0.5135820265625 0.3423043265625 0.5109297374999999 0.34444328125 0.510343259375 0.347017653125 0.46217474375 0.35176118125 0.4514086 0.3552066453125 0.45013584375000004 0.35780498125000004 0.45293059687500004 0.359745665625 0.4542817046875 0.359698484375 0.4630391703125 0.356838775 0.511883240625 0.35207165625000003 0.5165729140625 0.3498615546875 0.51788135625 0.348285140625
1 0.528939065625 0.294774846875 0.519302934375 0.2915342890625 0.5097097500000001 0.2898310109375 0.5070571796875 0.2919619203125 0.507092865625 0.292983840625 0.5085080859375 0.29446514375 0.5112674328125 0.2953919546875 0.5167397203124999 0.296224025 0.5387463671875 0.30260965156249997 0.5407837515625 0.3025385046875 0.543436040625 0.30039954999999996 0.5419851343750001 0.297896325 0.537846253125 0.29651013593750003 0.528939065625 0.294774846875
1 0.5379964359375 0.26176553281250003 0.53663460625 0.2618130890625 0.519390646875 0.27467715937500004 0.5069324171875 0.28838921875 0.5049307203125 0.2894822875 0.5043442406249999 0.2920566578125 0.5071285515625 0.2940057640625 0.509816528125 0.2928887296875 0.510509784375 0.2933720765625 0.5229680140624999 0.279660015625 0.5401870078125001 0.26577365 0.5407914703125 0.2637142625 0.5379964359375 0.26176553281250003
0 0.4978175125 0.2868545375 0.49733526250000004 0.288724359375 0.49818100000000004 0.2923443921875 0.5031079234375 0.2963133484375 0.51021400625 0.29750730000000003 0.5136336359375 0.29674337031250003 0.5155989953125 0.29522457968750004 0.5159400578125 0.292078715625 0.5145408453125 0.28921114531250003 0.5128570765625 0.28711081875 0.5077176140625 0.2835118234375 0.5032707171874999 0.28314344375 0.500941753125 0.28378066875 0.4978175125 0.2868545375
2 0.500749171875 0.2865668640625 0.45314942968749994 0.288229084375 0.43553118749999997 0.29037505 0.43287889843749994 0.2925140046875 0.432914303125 0.2935278796875 0.43570933749999996 0.295476609375 0.45401385781250003 0.293306678125 0.4995654921875 0.2917159796875 0.5098879000000001 0.294932571875 0.511925284375 0.294861425 0.5145775734375 0.2927224703125 0.5124226875 0.2897362734375 0.500749171875 0.2865668640625
3 0.5089051546875 0.656628428125 0.5194140546875 0.684861803125 0.525155209375 0.712762171875 0.5272459828125 0.7142198843750001 0.529987346875 0.714631709375 0.5333154703125 0.712477209375 0.532408096875 0.705862334375 0.526791984375 0.6815427140625 0.5170474328125 0.6558284828125001 0.5082443 0.6183350890625 0.5129505953125 0.5972320609375 0.512790146875 0.5926374375 0.507664178125 0.56267730625 0.5056254328125 0.5433405437500001 0.4965207484375 0.5165808000000001 0.4929668203125 0.3951332625 0.4753062625 0.2598701078125 0.47447026093750005 0.25529907500000004 0.4723687640625 0.2538417375 0.469638121875 0.2534295390625 0.4663099984375 0.25558403749999997 0.466470446875 0.2601786609375 0.48482426093750003 0.3959251640625 0.48837847031250003 0.517380746875 0.49748287343750003 0.5441324453124999 0.5004217328125 0.5695687234375 0.504640609375 0.592922025 0.5047830734375001 0.597001665625 0.49999496250000003 0.616069271875 0.500102021875 0.6191350359375 0.5089051546875 0.656628428125
2 0.5287070578125 0.522095334375 0.5257625796875 0.515559653125 0.5209124593750001 0.5131751328124999 0.515440171875 0.5123430609375 0.4868846171875 0.51334024375 0.4590759875 0.5163576765625 0.4564236984375 0.5184966328125 0.456459103125 0.51951050625 0.4592541375 0.5214592375 0.48706276718749997 0.518441803125 0.5149320453125 0.5174685859375 0.519728778125 0.5183242484374999 0.5219086265625 0.522332740625 0.5247036609375 0.524281471875 0.5260654921875 0.524233915625 0.5287070578125 0.522095334375
1 0.5272555296875 0.46085264531250003 0.5258937 0.4609002015625 0.5232411296875 0.46303111093749993 0.5248704671875 0.47064394062500003 0.5315098109374999 0.4852198234375 0.538013953125 0.49623142187499997 0.5421528343750001 0.49761761250000003 0.54479468125 0.49548707968750005 0.5447412921875 0.49395822031250003 0.5353353390625 0.477940171875 0.5316509140625 0.46989155 0.5300395609375 0.462793703125 0.5272555296875 0.46085264531250003
0 0.5256874921875 0.510027503125 0.5209139 0.5110642953125 0.516533309375 0.5107499953125 0.512861059375 0.511965853125 0.5112523718750001 0.5135527515625 0.51023640625 0.5161260078125001 0.5108913671875001 0.5179722296875 0.5159357734375 0.5213086812500001 0.5189621203125 0.521887796875 0.521070178125 0.5247628390625 0.52745331875 0.5258531328125 0.530756490625 0.5245212609375 0.532316040625 0.5193751328125 0.530274140625 0.5156276859375 0.5306422234375 0.5129481515625 0.5284166828125 0.5107056156249999 0.5256874921875 0.510027503125
1 0.5982125593750001 0.699479778125 0.5453009796875 0.7049045484375001 0.5426594125 0.7070431296875 0.5426951 0.70806505 0.5454791296875 0.710006109375 0.550240175 0.70983985 0.580754765625 0.7062203671875 0.6038273109375 0.7043914874999999 0.6064798812500001 0.7022605796875 0.60644419375 0.7012386578124999 0.603649159375 0.699289928125 0.5982125593750001 0.699479778125
1 0.5445186468750001 0.701870421875 0.54345110625 0.690668971875 0.5375047375 0.676568390625 0.5358687015625 0.66845629375 0.5330736671875 0.6665075640625 0.5317118359374999 0.6665551203125 0.5290702703125 0.6686937015625001 0.5291416421874999 0.6707375437499999 0.5307242890625 0.6773207796875 0.536670378125 0.691413315625 0.5377556218749999 0.7031217046875 0.5406577140625 0.7081361984375001 0.5434417453125 0.7100772562500001 0.544803575 0.7100297 0.5474561453125 0.707898790625 0.5474024749999999 0.7063618859374999 0.5445186468750001 0.701870421875
0 0.5394260203125001 0.709758271875 0.5434519250000001 0.7137506375 0.550141628125 0.7140890343749999 0.555501190625 0.7120005546875 0.55682128125 0.7079906890625 0.55301358125 0.7034831484375 0.5489338453125 0.7028683109375 0.5464725421875001 0.7015604984375 0.5416235078125 0.701359234375 0.538570621875 0.7027871 0.5369797359375 0.7061135671875001 0.5372884203125 0.70818940625 0.5394260203125001 0.709758271875
2 0.5514952281250001 0.7067345765625 0.5514595421874999 0.70571265625 0.5486645078125 0.703763925 0.5473134 0.70381110625 0.5399177671875 0.7066232578125 0.5344991515624999 0.7073280921875 0.5066725390625 0.7098305421875 0.48829692812500003 0.7099646765625 0.48565508125 0.7120952109375 0.4856907671875 0.713117134375 0.488475078125 0.7150662375 0.4959774890625 0.715311803125 0.5414577484375 0.7116772625000001 0.5495289359375 0.7088415203125 0.5514952281250001 0.7067345765625
1 0.5391608578125 0.6652718265625001 0.53641949375 0.6648600015625 0.5337672046875 0.6669989578125 0.53382059375 0.668527815625 0.5506041953125 0.6812187296875 0.5632669 0.6930384359375 0.563935475 0.6925075328125 0.5666841 0.693434715625 0.5693363890625001 0.6912957609375 0.5685717593749999 0.6887685718750001 0.556673684375 0.6794760546874999 0.5531320046875 0.67551511875 0.5391608578125 0.6652718265625001
1 0.5499449828125 0.662341346875 0.537005971875 0.66228563125 0.53436440625 0.6644242124999999 0.5343998109375 0.6654380859375 0.537184121875 0.6673871921875 0.548761303125 0.6674904625 0.5933004265624999 0.6756431296875001 0.5953378125000001 0.6755719828125 0.597979659375 0.6734414484375 0.5979439734375 0.6724195265625 0.5951596609375 0.6704704218749999 0.570518428125 0.6667306875000001 0.5499449828125 0.662341346875
0 0.5504432125000001 0.663081253125 0.5514109453125 0.660356609375 0.5488052625 0.6564516078125 0.5464097031249999 0.6551817828125001 0.536140184375 0.65686165625 0.5323596703125 0.6574367796875 0.530115746875 0.6592794984375 0.5298488578125 0.6627047484374999 0.531515440625 0.6646203765625 0.5301587296875 0.6681964734375 0.5310578375 0.6696555171874999 0.53443725625 0.6717369140625 0.5393680953125 0.672128675 0.5424709437499999 0.67059433125 0.5445417859374999 0.665639815625 0.5474531687499999 0.66507893125 0.5504432125000001 0.663081253125
2 0.537959475 0.66991400625 0.540601040625 0.667775425 0.5423642203125 0.6595446265625 0.5395691859375 0.6575958953125001 0.5320952015625 0.65785689375 0.4940712234375 0.6607235 0.47569533125 0.6608495875 0.4730430421875 0.6629885421874999 0.47307872812499996 0.6640104640625 0.47587348125 0.6659511484375 0.48132806562499997 0.6662762828125001 0.5343107359375 0.66288730625 0.5350042734375 0.6633786984375 0.533802609375 0.66801283125 0.53659764375 0.6699615624999999 0.537959475 0.66991400625
1 0.541063496875 0.6222967984375 0.541489809375 0.6151358515625 0.538694775 0.6131871203125 0.5373436671875 0.6132343031249999 0.534691378125 0.6153732578125 0.5341405859374999 0.6189695515625 0.5366053625 0.6311373203125 0.550424684375 0.6567092578125 0.553290809375 0.660693784375 0.5567257109375 0.661597003125 0.5593779999999999 0.659458046875 0.5593425953125 0.6584441734375 0.5528631359375 0.6484468203125 0.5433681078125 0.62987799375 0.541063496875 0.6222967984375
0 0.528665353125 0.6189754515625 0.5313650953125 0.6203474453125 0.53231824375 0.62273915 0.5339962015624999 0.6240582046875 0.538104128125 0.6248654124999999 0.54051995625 0.6245635265625 0.5440893734375 0.6222475281250001 0.5488571796875 0.6164334703125001 0.5489140578125 0.6134506015625 0.5468667390624999 0.6120074859375 0.54060754375 0.6104697578125 0.5337977359375 0.6113037390625 0.5280973921875 0.6165461296875 0.528665353125 0.6189754515625
1 0.5575785125 0.6079274609375 0.5595981953125 0.6073493765625 0.565560625 0.6025409390625 0.576906546875 0.5960218375 0.585492840625 0.5885678796875 0.5854571546875 0.587545959375 0.5826621203125 0.5855972281249999 0.5813002890625001 0.585644784375 0.56668019375 0.5958633375 0.5620012421875 0.5980730656250001 0.55603853125 0.6028734578125 0.5540191296875 0.6034595875 0.5480564203125 0.6082599796875 0.5427088953125 0.6110006109375 0.5400743078125 0.613646503125 0.5394701265624999 0.6157139359375 0.5422544390625 0.617663040625 0.54361626875 0.617615484375 0.5575785125 0.6079274609375