1 0.43653320312500005 0.8054578749999999 0.44024414062500006 0.8286886453125 0.442724609375 0.830542125 0.44396484375 0.830542125 0.446435546875 0.8286886453125 0.446435546875 0.8268278390624999 0.44333984375 0.808249084375 0.440869140625 0.8003516484375 0.440869140625 0.7892014656249999 0.438388671875 0.7873406593750001 0.4371484375 0.7873406593750001 0.434677734375 0.7892014656249999 0.434677734375 0.8003516484375 0.43653320312500005 0.8054578749999999
1 0.43034179687499996 0.7613333328125 0.43591796875 0.776659340625 0.438388671875 0.789663003125 0.440869140625 0.791523809375 0.44210937499999997 0.791523809375 0.444580078125 0.789663003125 0.44210937499999997 0.7761978015625 0.428486328125 0.7418241765625 0.426005859375 0.7399633703124999 0.42476562500000004 0.7399633703124999 0.422294921875 0.7418241765625 0.422294921875 0.7432161171875 0.43034179687499996 0.7613333328125
0 0.44015624999999997 0.7990109890625 0.44208007812499994 0.7981758234375 0.444384765625 0.7955384609375 0.451611328125 0.7944908421875 0.453701171875 0.7935164828125 0.45642578125 0.794117215625 0.461806640625 0.7933626375 0.464287109375 0.7903296703125 0.46436523437500005 0.7860293046875 0.46338867187500005 0.7845787546875 0.458828125 0.7818021984375 0.45657226562500003 0.7817216124999999 0.45216796875 0.783296703125 0.44998046875000003 0.782615384375 0.44723632812499997 0.7827619046875001 0.44554687499999995 0.7811208796875 0.442607421875 0.7807619046875 0.440654296875 0.7816043953125 0.43794921875000004 0.7841978015625 0.435234375 0.7843296703125 0.4334765625 0.7853992671875 0.432197265625 0.7889890109375 0.43264648437500003 0.79068131875 0.430751953125 0.79413186875 0.4324609375 0.797838828125 0.43482421875000005 0.7991208796875 0.44015624999999997 0.7990109890625
2 0.44891601562499994 0.7854871796875 0.43591796875 0.7878095234375 0.4334375 0.789663003125 0.4334375 0.79059340625 0.43591796875 0.7924542125 0.44953125 0.79013186875 0.468115234375 0.79013186875 0.48483398437499997 0.7910622703125 0.51021484375 0.79059340625 0.5188867187499999 0.7892014656249999 0.521357421875 0.7873406593750001 0.521357421875 0.7864175828125 0.5188867187499999 0.7845567765625 0.51640625 0.7845567765625 0.509599609375 0.7859487171875 0.5003124999999999 0.7864175828125 0.44891601562499994 0.7854871796875
1 0.375849609375 0.75204395625 0.372138671875 0.753435896875 0.3708984375 0.7557582421875 0.37337890625000003 0.757611721875 0.375234375 0.757611721875 0.380185546875 0.7557582421875 0.4037109375 0.75018315 0.42724609375 0.742754578125 0.44891601562499994 0.734388278125 0.45015625000000004 0.732065934375 0.44767578124999996 0.7302124546875 0.446435546875 0.7302124546875 0.426005859375 0.7381025640625001 0.40433593749999996 0.7450769234375 0.375849609375 0.75204395625
0 0.4330078125 0.73322344375 0.433349609375 0.736974359375 0.43833984375 0.74095238125 0.443466796875 0.741157509375 0.4476171875 0.7400219781249999 0.448876953125 0.7412674 0.45093750000000005 0.7418974359375 0.46096679687500003 0.7404908421874999 0.46415039062499996 0.7414065937500001 0.467509765625 0.741208790625 0.46971679687499995 0.7402417578125 0.47208984374999996 0.7372161171875 0.47279296875 0.7322710625 0.470458984375 0.7301245421875 0.46820312499999994 0.72995604375 0.46564453125 0.731274725 0.46338867187500005 0.7313113546875 0.46310546874999997 0.7296703296875 0.46199218750000004 0.728571428125 0.452880859375 0.725391940625 0.448349609375 0.726 0.44337890625 0.7285567765625001 0.44083984374999996 0.7282637359375 0.439072265625 0.7286959703125 0.4357421875 0.730336996875 0.4330078125 0.73322344375
2 0.450771484375 0.736249084375 0.458828125 0.7367106234375 0.468115234375 0.7367106234375 0.47306640624999996 0.7357802203125 0.511455078125 0.736249084375 0.52259765625 0.73531868125 0.5250781250000001 0.733457875 0.5250781250000001 0.7325347984375 0.52259765625 0.7306739921875 0.511455078125 0.7316043953125 0.47244140625000003 0.73113553125 0.46749023437500004 0.732065934375 0.458828125 0.732065934375 0.451396484375 0.7316043953125 0.445205078125 0.7297435890624999 0.442724609375 0.7316043953125 0.44396484375 0.7339267406250001 0.450771484375 0.736249084375
1 0.46005859375 0.6907252749999999 0.469345703125 0.7018754578124999 0.48296875000000006 0.72277655625 0.48420898437500004 0.7241684984375001 0.4873046875 0.7250989015625 0.48978515624999996 0.7232380953125 0.48978515624999996 0.72231501875 0.461298828125 0.6818974359375 0.46005859375 0.6805054937499999 0.456962890625 0.6795750921875 0.4544921875 0.681435896875 0.4544921875 0.6823663 0.46005859375 0.6907252749999999
1 0.474921875 0.645201465625 0.453251953125 0.66750183125 0.451396484375 0.668432234375 0.442724609375 0.6818974359375 0.442724609375 0.6828278390625 0.445205078125 0.6846886453125001 0.44830078125000006 0.6837582421875 0.456962890625 0.6707545781250001 0.4625390625 0.666109890625 0.475537109375 0.6521684984375 0.49102539062500006 0.6382344328125 0.49412109375 0.636380953125 0.494736328125 0.6340586078125 0.492255859375 0.6321978015624999 0.49102539062500006 0.6321978015624999 0.48916015625 0.632659340625 0.48173828125 0.6400952375 0.474921875 0.645201465625
0 0.446201171875 0.6892820515625 0.4549609375 0.6895311359375 0.457607421875 0.6886446890625 0.462021484375 0.688842490625 0.46376953125 0.6878315015625 0.467578125 0.6834798531249999 0.46671874999999996 0.6792820515625 0.463671875 0.67713553125 0.4654296875 0.6735018312500001 0.463974609375 0.670153846875 0.45995117187499995 0.6667838828125 0.458095703125 0.666 0.45251953125 0.6656190468750001 0.44652343749999995 0.6679853484375 0.445576171875 0.6694945062500001 0.445712890625 0.6733992671875 0.4428515625 0.6756263734375 0.44205078125 0.67949450625 0.4400390625 0.6816483515625 0.44075195312500004 0.685611721875 0.444248046875 0.6885347984375 0.446201171875 0.6892820515625
2 0.45201171875 0.6805054937499999 0.44333984375 0.6795750921875 0.440869140625 0.681435896875 0.440869140625 0.6823663 0.44333984375 0.6842197796875 0.44891601562499994 0.6851501828125001 0.461298828125 0.6837582421875 0.5077441406250001 0.6837582421875 0.5207421875 0.6823663 0.52322265625 0.6805054937499999 0.52322265625 0.6795750921875 0.5207421875 0.6777216125 0.5176464843749999 0.6777216125 0.507119140625 0.679113553125 0.461298828125 0.679113553125 0.45201171875 0.6805054937499999
1 0.3962890625 0.6540293046875 0.39504882812500003 0.6563516484374999 0.39751953125 0.6582124546875 0.39875976562500004 0.6582124546875 0.406806640625 0.65495970625 0.415478515625 0.65031501875 0.45510742187500003 0.6340586078125 0.456962890625 0.6331282046875 0.458203125 0.6308058609375 0.45573242187499996 0.6289450546875 0.4544921875 0.6289450546875 0.41114257812500005 0.6470622703125 0.40248046875 0.651706959375 0.3962890625 0.6540293046875
1 0.44891601562499994 0.6177948718749999 0.4544921875 0.6317362640625 0.456962890625 0.63358974375 0.458203125 0.63358974375 0.46068359374999995 0.6317362640625 0.46068359374999995 0.630336996875 0.45510742187500003 0.6168717953125 0.438388671875 0.59504029375 0.43529296874999995 0.5894652015624999 0.432197265625 0.5885347984375 0.42971679687500003 0.590388278125 0.43034179687499996 0.5927179484375 0.44891601562499994 0.6177948718749999
0 0.47102539062500004 0.6355970703125 0.472080078125 0.6340366296875 0.472392578125 0.6303736265625 0.47051757812500006 0.6262124546875001 0.466748046875 0.6243736265625001 0.461962890625 0.6236337 0.45915039062499996 0.62458608125 0.45633789062499996 0.6246373625 0.44874023437500005 0.6275604390625 0.44767578124999996 0.6291428578125 0.44718749999999996 0.633641025 0.452080078125 0.63741391875 0.4544140625 0.638153846875 0.45685546875 0.6392087906249999 0.46013671875 0.6387106234375 0.46488281249999996 0.6389963375 0.47102539062500004 0.6355970703125
2 0.44953125 0.6284835171875 0.44706054687499996 0.630336996875 0.44706054687499996 0.6312674 0.44953125 0.6331282046875 0.46068359374999995 0.6340586078125 0.511455078125 0.6340586078125 0.52755859375 0.632659340625 0.530029296875 0.6308058609375 0.530029296875 0.6298754578125 0.52755859375 0.6280146515625 0.5238378906250001 0.6280146515625 0.51083984375 0.62941391875 0.46068359374999995 0.62941391875 0.44953125 0.6284835171875
1 0.48978515624999996 0.5625201468750001 0.478642578125 0.5704175828125 0.469345703125 0.57413186875 0.4625390625 0.5755311359374999 0.45944335937499997 0.5769230765625 0.45573242187499996 0.5834212453125 0.458203125 0.5852820515625 0.45944335937499997 0.5852820515625 0.461298828125 0.5843516484375 0.46439453124999996 0.5801758234375 0.4705859375 0.57877655625 0.48173828125 0.5746007328125 0.48420898437500004 0.5722783875 0.48978515624999996 0.5694871796875 0.49040039062499996 0.5680952375 0.49659179687500005 0.56345055 0.5077441406250001 0.55741391875 0.507119140625 0.5569450546875 0.5083593750000001 0.555091575 0.50587890625 0.55323076875 0.5040234375 0.55323076875 0.492255859375 0.5606666671875 0.49040039062499996 0.5611282046875 0.48978515624999996 0.5625201468750001
1 0.439013671875 0.6112967031250001 0.43529296874999995 0.623838828125 0.43529296874999995 0.62523076875 0.43777343750000003 0.627091575 0.439013671875 0.627091575 0.44148437500000004 0.62523076875 0.445205078125 0.61222710625 0.46192382812500005 0.5834212453125 0.46192382812500005 0.58249816875 0.45944335937499997 0.5806373625 0.458203125 0.5806373625 0.45634765625 0.581567765625 0.453251953125 0.5862124546875 0.439013671875 0.6112967031250001
0 0.480712890625 0.5866959703125 0.48309570312499994 0.58104761875 0.483037109375 0.5796337 0.481181640625 0.5764029296875 0.47628906249999997 0.57186080625 0.474658203125 0.571113553125 0.469462890625 0.570432234375 0.46466796875 0.5718315015625001 0.459814453125 0.5751868124999999 0.45510742187500003 0.5769157515625001 0.4528125 0.581069596875 0.45267578124999996 0.5860952375 0.45535156250000003 0.589926740625 0.46080078125 0.5916337 0.46476562499999996 0.5908058609375 0.46629882812499995 0.589934065625 0.468623046875 0.5909157515625 0.47443359375 0.5908498171875001 0.47945312500000004 0.5880805859375 0.480712890625 0.5866959703125
2 0.45386718750000005 0.58249816875 0.45386718750000005 0.5834212453125 0.45634765625 0.5852820515625 0.461298828125 0.5852820515625 0.48483398437499997 0.58249816875 0.5089746093749999 0.58249816875 0.5250781250000001 0.5843516484375 0.528173828125 0.5843516484375 0.530654296875 0.58249816875 0.530654296875 0.581567765625 0.528173828125 0.5797069593749999 0.524462890625 0.5792454218749999 0.5089746093749999 0.5778534796875 0.48483398437499997 0.5778534796875 0.46687500000000004 0.5801758234375 0.45634765625 0.5806373625 0.45386718750000005 0.58249816875
1 0.474921875 0.5592674 0.48296875000000006 0.5806373625 0.48483398437499997 0.588065934375 0.48544921875 0.5894652015624999 0.4879296875 0.59131868125 0.48916015625 0.59131868125 0.49164062499999994 0.5894652015624999 0.49040039062499996 0.583890109375 0.48111328125 0.5588058609375001 0.474921875 0.5337216125 0.47244140625000003 0.53186080625 0.4712109375 0.53186080625 0.46873046875 0.5337216125 0.46873046875 0.5355824171875 0.474921875 0.5592674
1 0.401240234375 0.5258241765625 0.43158203124999994 0.5304688640624999 0.45510742187500003 0.5355824171875 0.456962890625 0.5355824171875 0.45944335937499997 0.5337216125 0.45944335937499997 0.532791209375 0.456962890625 0.5309377296875 0.453251953125 0.5300073265624999 0.42166992187499996 0.5239633703125001 0.401240234375 0.5211794875 0.39875976562500004 0.52304029375 0.39875976562500004 0.5239633703125001 0.401240234375 0.5258241765625
0 0.479609375 0.5425787546875 0.48107421875 0.5412600734375 0.481298828125 0.5371721609375 0.47770507812499996 0.530791209375 0.471591796875 0.5259853484375 0.466943359375 0.5260073265625 0.4644921875 0.5277655671875 0.46383789062499997 0.5293846156249999 0.460546875 0.5295384609375 0.45540039062500004 0.52877655625 0.453720703125 0.5293626375 0.4524609375 0.530725275 0.4521484375 0.5375384609375 0.45328125 0.5394432234375001 0.455341796875 0.5409010984375 0.4571875 0.5413772890625 0.462548828125 0.5409157515625 0.46435546875 0.5401904765625 0.465751953125 0.5427838828125 0.47064453124999994 0.5442417578125001 0.476201171875 0.543926740625 0.479609375 0.5425787546875
2 0.45510742187500003 0.5309377296875 0.45262695312499995 0.532791209375 0.45262695312499995 0.5337216125 0.45510742187500003 0.5355824171875 0.47740234375 0.537435896875 0.5083593750000001 0.53650549375 0.515166015625 0.53604395625 0.53126953125 0.5332600734375 0.5337500000000001 0.5313992671875 0.5337500000000001 0.5304688640624999 0.53126953125 0.528615384375 0.5294140625 0.528615384375 0.51455078125 0.5313992671875 0.48544921875 0.532791209375 0.45510742187500003 0.5309377296875
1 0.4879296875 0.49145055 0.494736328125 0.49191941406249995 0.5003124999999999 0.4933113546875 0.520126953125 0.4933113546875 0.52259765625 0.49145055 0.52259765625 0.49052014687499995 0.520126953125 0.4886666671875 0.5015527343749999 0.4886666671875 0.499072265625 0.4877362640625 0.49164062499999994 0.4872674 0.47306640624999996 0.48169963437499996 0.4705859375 0.4835531140625 0.471826171875 0.48587545781249997 0.4879296875 0.49145055
1 0.49164062499999994 0.4528937734375 0.482353515625 0.4584688640625 0.48173828125 0.45986813125000003 0.473681640625 0.4668351640625 0.46439453124999996 0.4738021984375 0.46192382812500005 0.4826227109375 0.46192382812500005 0.48448351718750005 0.46439453124999996 0.486344321875 0.46563476562500006 0.486344321875 0.468115234375 0.48448351718750005 0.469970703125 0.47612454218750005 0.475537109375 0.4724029296875 0.476162109375 0.47101098906249994 0.48420898437500004 0.46404395625 0.4996875 0.4528937734375 0.51826171875 0.44268131874999994 0.5176464843749999 0.4422124546875 0.5188867187499999 0.4403516484375 0.51640625 0.43849816875 0.51455078125 0.43849816875 0.500927734375 0.44685714218749994 0.49659179687500005 0.4487179484375 0.49164062499999994 0.4528937734375
0 0.45772460937500004 0.48813186875000003 0.463154296875 0.49002930468750006 0.4656640625 0.49271062343749994 0.47025390624999996 0.49353846093750003 0.4725 0.4932161171875 0.476923828125 0.4903956046875 0.478935546875 0.4873772890625 0.479580078125 0.4844615390625 0.478916015625 0.4809230765625 0.47576171875 0.47528205156250003 0.470654296875 0.4711501828125 0.46787109375 0.47062271093749997 0.463740234375 0.4710842484375 0.462158203125 0.471838828125 0.460224609375 0.4749670328125 0.46025390625 0.47660073281250004 0.454970703125 0.47997802187499994 0.454501953125 0.48451282031250004 0.45503906250000004 0.48585347968750003 0.45772460937500004 0.48813186875000003
1 0.42166992187499996 0.4733333328125 0.4210546875 0.475655678125 0.42352539062499994 0.4775164828125 0.426005859375 0.47658608124999996 0.42662109375 0.4770549453125 0.42662109375 0.47612454218750005 0.438388671875 0.4635824171875 0.46624999999999994 0.4422124546875 0.46687500000000004 0.4403516484375 0.46439453124999996 0.43849816875 0.463154296875 0.43849816875 0.43095703125 0.4626520140625 0.43095703125 0.4635824171875 0.42166992187499996 0.4733333328125
1 0.49040039062499996 0.41898901093749996 0.48173828125 0.4296703296875 0.469345703125 0.4380293046875 0.46749023437500004 0.43849816875 0.46687500000000004 0.44082051250000004 0.469345703125 0.44268131874999994 0.47244140625000003 0.4422124546875 0.474921875 0.439890109375 0.48359375 0.43431501875 0.48544921875 0.4338534796875 0.48544921875 0.43292307656249995 0.48978515624999996 0.429208790625 0.4959765625 0.420842490625 0.5003124999999999 0.408300365625 0.502783203125 0.397619046875 0.502783203125 0.39483516406249997 0.5003124999999999 0.392974359375 0.499072265625 0.392974359375 0.49659179687500005 0.39483516406249997 0.4959765625 0.40133333281250005 0.49040039062499996 0.41898901093749996
0 0.45755859374999996 0.4456263734375 0.45916992187499994 0.4468351640625 0.46624999999999994 0.4483663 0.47068359375 0.4472820515625 0.47583984375000005 0.446908425 0.48141601562499997 0.445384615625 0.485263671875 0.44230036562499997 0.48581054687499997 0.4409377296875 0.485419921875 0.43786813125 0.483134765625 0.4346520140625 0.47950195312500005 0.4319487171875 0.47164062500000004 0.431157509375 0.466357421875 0.43413919375 0.4611328125 0.4351794875 0.457138671875 0.4386959703125 0.45625976562500004 0.4431648359375 0.45755859374999996 0.4456263734375
2 0.456962890625 0.441750915625 0.45944335937499997 0.4436043953125 0.4625390625 0.4436043953125 0.49040039062499996 0.44082051250000004 0.533125 0.44128205156250006 0.53560546875 0.439428571875 0.53560546875 0.43849816875 0.533125 0.43663736249999996 0.49040039062499996 0.43617582343750005 0.45944335937499997 0.43895970625 0.456962890625 0.44082051250000004 0.456962890625 0.441750915625
1 0.47925781250000005 0.3873992671875 0.48483398437499997 0.3892600734375 0.521357421875 0.388791209375 0.5294140625 0.3892600734375 0.532509765625 0.3901904765625 0.5349804687499999 0.3883296703125 0.5337500000000001 0.38600732656250003 0.530029296875 0.384615384375 0.48544921875 0.384615384375 0.48049804687500003 0.38322344375 0.47801757812499995 0.3850769234375 0.47801757812499995 0.38600732656250003 0.47925781250000005 0.3873992671875
1 0.41919921875000005 0.4180586078125 0.419814453125 0.418520146875 0.41857421875 0.420380953125 0.4210546875 0.42224175781250006 0.42415039062500004 0.42177289375000004 0.42971679687500003 0.4180586078125 0.43095703125 0.4180586078125 0.44148437500000004 0.4106300359375 0.44333984375 0.410161171875 0.4544921875 0.40226373593750003 0.45634765625 0.40180219843750004 0.469345703125 0.3925128203125 0.469970703125 0.3906520140625 0.46749023437500004 0.388791209375 0.46563476562500006 0.388791209375 0.43158203124999994 0.41155311406250006 0.4204296875 0.4180586078125 0.41919921875000005 0.4180586078125
0 0.46334960937499997 0.39400732656250004 0.46636718750000006 0.3968791203125 0.46827148437500005 0.3977582421875 0.47484374999999995 0.396615384375 0.47699218749999994 0.3953040296875 0.4790234375 0.39578754531250004 0.485908203125 0.395296703125 0.49166015625000004 0.3910842484375 0.49191406249999997 0.3837655671875 0.49022460937499995 0.38175091562499996 0.48654296874999997 0.37933333281250003 0.48451171875 0.378791209375 0.47903320312500003 0.37895238125 0.474189453125 0.3813113546875 0.467353515625 0.3826886453125 0.462998046875 0.3877802203125 0.46208984375 0.3909010984375 0.46334960937499997 0.39400732656250004
2 0.473681640625 0.384615384375 0.46501953125 0.3897216125 0.463779296875 0.3897216125 0.46439453124999996 0.3901904765625 0.463154296875 0.39204395625 0.46563476562500006 0.3939047625 0.46687500000000004 0.3939047625 0.47677734374999997 0.388791209375 0.48544921875 0.3869377296875 0.524462890625 0.3864688640625 0.5411718750000001 0.38786813124999997 0.54365234375 0.38600732656250003 0.54365234375 0.3850769234375 0.5411718750000001 0.38322344375 0.5374609375 0.382754578125 0.5250781250000001 0.3818241765625 0.507119140625 0.3818241765625 0.48483398437499997 0.38229304062499997 0.47740234375 0.38368498125 0.473681640625 0.384615384375
1 0.434677734375 0.6860805859375 0.43653320312500005 0.6944395609375 0.442724609375 0.7116263734375 0.44396484375 0.7162710624999999 0.444580078125 0.7329963375 0.44706054687499996 0.7348571421875 0.44830078125000006 0.7348571421875 0.450771484375 0.7329963375 0.44953125 0.7134871796875 0.442724609375 0.693978021875 0.440869140625 0.6851501828125001 0.434677734375 0.6735384609375 0.4334375 0.6679633703125 0.43095703125 0.666109890625 0.42971679687500003 0.666109890625 0.42724609375 0.6679633703125 0.428486328125 0.674 0.434677734375 0.6860805859375
1 0.479873046875 0.3437362640625 0.486064453125 0.3502417578125 0.486064453125 0.3511721609375 0.503408203125 0.368358975 0.5083593750000001 0.3748571421875 0.5089746093749999 0.3743956046875 0.511455078125 0.3753260078125 0.513935546875 0.3734652015625 0.513310546875 0.3711428578125 0.50216796875 0.35999267343749997 0.50216796875 0.359069596875 0.49659179687500005 0.35395604375 0.49659179687500005 0.35302564062499997 0.49102539062500006 0.348380953125 0.49102539062500006 0.34745054999999997 0.48359375 0.3404835171875 0.48359375 0.3395531140625 0.48296875000000006 0.340021978125 0.48049804687500003 0.339091575 0.47801757812499995 0.34095238125 0.478642578125 0.343274725 0.479873046875 0.3437362640625
1 0.463154296875 0.325157509375 0.479873046875 0.34188278437499997 0.479873046875 0.3428058609375 0.48049804687500003 0.342344321875 0.48296875000000006 0.343274725 0.48544921875 0.34141391875 0.48483398437499997 0.339091575 0.479873046875 0.334908425 0.469970703125 0.3246886453125 0.469970703125 0.3237655671875 0.44830078125000006 0.30750183125 0.445205078125 0.3065787546875 0.442724609375 0.308432234375 0.44333984375 0.310293040625 0.463154296875 0.325157509375
0 0.46856445312500006 0.347846153125 0.47074218749999996 0.351567765625 0.47286132812500004 0.352293040625 0.477802734375 0.3520146515625 0.483134765625 0.3492161171875 0.489169921875 0.34767765625 0.49193359374999995 0.3432600734375 0.491962890625 0.34159707031250003 0.48738281250000004 0.336344321875 0.48365234375000005 0.3345347984375 0.4832421875 0.3308205125 0.482197265625 0.3293040296875 0.479443359375 0.32841025625000003 0.47302734375 0.32948717968749996 0.4708984375 0.33250549375 0.47126953125000004 0.33476923125 0.46893554687499994 0.3365567765625 0.46800781249999995 0.3400879125 0.46969726562499997 0.34530402968749996 0.46856445312500006 0.347846153125
2 0.471826171875 0.3395531140625 0.469345703125 0.34141391875 0.469345703125 0.342344321875 0.471826171875 0.344205128125 0.475537109375 0.344205128125 0.486064453125 0.343274725 0.49349609375 0.34095238125 0.505263671875 0.339091575 0.5176464843749999 0.339091575 0.52693359375 0.34141391875 0.5287890625 0.34141391875 0.53126953125 0.3395531140625 0.53126953125 0.33863003593749996 0.5287890625 0.33676923125 0.51826171875 0.3344468859375 0.5046484375 0.3344468859375 0.49040039062499996 0.33676923125 0.48483398437499997 0.33863003593749996 0.471826171875 0.3395531140625
3 0.497216796875 0.3776483515625 0.49535156249999995 0.388791209375 0.498447265625 0.40041025625 0.492255859375 0.42177289375000004 0.49412109375 0.43338461562499997 0.49412109375 0.4668351640625 0.49288085937500004 0.475655678125 0.492255859375 0.49795604375 0.48916015625 0.5156043953125 0.488544921875 0.566703296875 0.486064453125 0.59131868125 0.486689453125 0.62941391875 0.48359375 0.664249084375 0.48359375 0.6884029296875 0.48049804687500003 0.6995531140625 0.48173828125 0.74367765625 0.479873046875 0.7529670328125 0.47801757812499995 0.77340659375 0.47801757812499995 0.7882710625 0.48049804687500003 0.79431501875 0.47801757812499995 0.7975604390625 0.47677734374999997 0.8045274718750001 0.47677734374999997 0.80731868125 0.479873046875 0.8091794875 0.482353515625 0.8087106234375 0.48420898437500004 0.80731868125 0.48483398437499997 0.8008131875 0.4879296875 0.795706959375 0.48544921875 0.7878095234375 0.486689453125 0.7590109890625001 0.48916015625 0.74367765625 0.4879296875 0.7000146515625 0.49102539062500006 0.6888644687500001 0.49102539062500006 0.664249084375 0.49412109375 0.62941391875 0.49349609375 0.5917875453125 0.4959765625 0.566703296875 0.49659179687500005 0.5160732593749999 0.4996875 0.49841758281250004 0.5003124999999999 0.475655678125 0.5015527343749999 0.4668351640625 0.5015527343749999 0.43292307656249995 0.4996875 0.42224175781250006 0.50587890625 0.4008717953125 0.502783203125 0.38600732656250003 0.5046484375 0.378109890625 0.5040234375 0.3446666671875 0.5077441406250001 0.3098315015625 0.50587890625 0.308432234375 0.503408203125 0.3079706953125 0.5003124999999999 0.3098315015625 0.49659179687500005 0.3446666671875 0.497216796875 0.3776483515625
2 0.463779296875 0.486344321875 0.469345703125 0.4868058609375 0.507119140625 0.486344321875 0.5256933593750001 0.4872674 0.528173828125 0.48541391875000006 0.528173828125 0.48448351718750005 0.5256933593750001 0.4826227109375 0.5188867187499999 0.48216117187499996 0.463779296875 0.48169963437499996 0.461298828125 0.4835531140625 0.461298828125 0.48448351718750005 0.463779296875 0.486344321875