1 0.486572265625 0.4930560921875 0.487216796875 0.497698259375 0.489765625 0.4993874921875 0.49104492187500004 0.4993874921875 0.493603515625 0.497698259375 0.49296875 0.48165699531249995 0.49168945312499995 0.4736363640625 0.489130859375 0.47194713125 0.48785156250000006 0.47194713125 0.48529296874999994 0.4736363640625 0.486572265625 0.4820760796875 0.486572265625 0.4930560921875
0 0.469833984375 0.4733333328125 0.470703125 0.4747259828125 0.47669921875 0.47742746562500005 0.48631835937499995 0.4784074796875 0.496201171875 0.477917471875 0.499755859375 0.47695035468749997 0.502958984375 0.474816246875 0.50345703125 0.47355899375000005 0.502783203125 0.471147646875 0.499775390625 0.46852998125 0.495517578125 0.4676918125 0.492529296875 0.4680722109375 0.489873046875 0.46729851718750004 0.48357421875 0.467840103125 0.480029296875 0.46780141875 0.4744140625 0.4690457765625 0.470126953125 0.47208252812499996 0.469833984375 0.4733333328125
0 0.464794921875 0.42632495156249994 0.46607421875000005 0.42721470000000006 0.4728125 0.42950999375 0.47510742187500005 0.4297678921875 0.479228515625 0.43379755 0.4835546875 0.43533204375 0.486455078125 0.43504835625 0.490869140625 0.43292714375 0.49212890624999994 0.43147646718750005 0.49212890624999994 0.428439715625 0.48982421875000004 0.42462282343749996 0.48388671875 0.4196196 0.479560546875 0.41846550625 0.472607421875 0.4189297234375 0.46683593749999996 0.4197163125 0.46470703125 0.420799484375 0.46410156249999995 0.42228239843750004 0.464794921875 0.42632495156249994
2 0.43478515624999997 0.634049 0.43478515624999997 0.6348936171874999 0.43734375 0.63658285 0.47761718750000004 0.63658285 0.49744140625 0.6357382328125001 0.5 0.634049 0.5 0.633204384375 0.49744140625 0.6315151515624999 0.49104492187500004 0.6315151515624999 0.476982421875 0.6323597671875001 0.43734375 0.6323597671875001 0.43478515624999997 0.634049
2 0.43158203124999994 0.58128304375 0.43158203124999994 0.5821212124999999 0.43414062500000006 0.5838104453125 0.469951171875 0.5838104453125 0.48017578125 0.58254674375 0.49488281250000005 0.58254674375 0.49744140625 0.5808575109375 0.49744140625 0.5800128953125 0.49488281250000005 0.5783236625 0.48017578125 0.5783236625 0.469951171875 0.5795938109375001 0.43414062500000006 0.5795938109375001 0.43158203124999994 0.58128304375
2 0.4290234375 0.528091553125 0.4290234375 0.5289361703125001 0.43158203124999994 0.530625403125 0.450126953125 0.530625403125 0.4705859375 0.5285106390625 0.49296875 0.5272469375 0.49552734374999996 0.5255577046875 0.49552734374999996 0.5247130890625 0.49296875 0.52302385625 0.489130859375 0.52302385625 0.44949218750000003 0.5264023203125 0.43158203124999994 0.5264023203125 0.4290234375 0.528091553125
2 0.42647460937500004 0.47448097968749997 0.42647460937500004 0.475325596875 0.4290234375 0.4770148296875 0.43990234375000004 0.47574468124999997 0.45205078125 0.475325596875 0.49296875 0.475325596875 0.496162109375 0.47490006406249996 0.49872070312499994 0.47321083125 0.49872070312499994 0.472366215625 0.496162109375 0.4706834296875 0.493603515625 0.4706834296875 0.4392578125 0.47152804687499994 0.4290234375 0.47279174687500003 0.42647460937500004 0.47448097968749997
2 0.418798828125 0.42593165624999996 0.418798828125 0.4267762734375 0.42135742187499997 0.42846550624999996 0.423916015625 0.42846550624999996 0.43734375 0.4267762734375 0.47186523437499994 0.42466795625 0.475703125 0.42466795625 0.48209960937499996 0.42593165624999996 0.48465820312499996 0.424248871875 0.48465820312499996 0.4234042546875 0.4808203125 0.421289490625 0.476982421875 0.420444875 0.47186523437499994 0.420444875 0.42455078124999995 0.4238233390625 0.42135742187499997 0.424248871875 0.418798828125 0.42593165624999996
3 0.45459960937500005 0.40271437812500005 0.45396484375 0.42297872343750004 0.45908203125 0.44957446875 0.46099609375000006 0.47321083125 0.460361328125 0.49980657656250005 0.4565234375 0.534422953125 0.45780273437499996 0.5804384265625 0.459716796875 0.5956350734375 0.46291992187500003 0.6104061890625 0.46483398437499995 0.6357382328125001 0.469306640625 0.6530431984375 0.4705859375 0.6766795609375 0.472509765625 0.677949709375 0.47506835937499997 0.67836879375 0.47826171874999995 0.6766795609375 0.47761718750000004 0.659374596875 0.476982421875 0.652617665625 0.472509765625 0.6353127015625 0.4705859375 0.6104061890625 0.46611328125 0.5880335265625 0.46419921875 0.5500451328125 0.46419921875 0.534422953125 0.46867187499999996 0.487143778125 0.467392578125 0.45548678281250005 0.46164062499999997 0.42297872343750004 0.462275390625 0.40229529375000006 0.457158203125 0.3896324953125 0.45524414062499996 0.38836234687500004 0.452685546875 0.3879432625 0.44949218750000003 0.3896324953125 0.44949218750000003 0.391321728125 0.45459960937500005 0.40271437812500005
1 0.478896484375 0.5445519015625 0.47186523437499994 0.5521534499999999 0.47186523437499994 0.552998065625 0.47442382812500006 0.5546872984375 0.47761718750000004 0.5538426828125 0.482734375 0.5487749843749999 0.49041015625 0.53780141875 0.49552734374999996 0.528091553125 0.49552734374999996 0.5268214062500001 0.49296875 0.5251386203124999 0.49168945312499995 0.5251386203124999 0.48848632812500004 0.527666021875 0.484013671875 0.5373758859375 0.478896484375 0.5445519015625
1 0.49232421875 0.5259832359375001 0.49232421875 0.5268214062500001 0.49488281250000005 0.5285106390625 0.496806640625 0.5285106390625 0.5121484374999999 0.5251386203124999 0.520458984375 0.5217601546874999 0.537080078125 0.51669245625 0.538359375 0.5145841390625 0.5358007812500001 0.51289490625 0.53453125 0.51289490625 0.5095898437499999 0.5213346234375 0.49488281250000005 0.524294003125 0.49232421875 0.5259832359375001
0 0.47164062500000004 0.529929078125 0.478046875 0.5314506765625 0.483046875 0.5319729203125 0.48998046874999995 0.5310960671875 0.49590820312500006 0.53181818125 0.5013769531250001 0.5304061890625 0.5035937500000001 0.5277820765625 0.503212890625 0.5258349453125 0.50001953125 0.5236814953125 0.491923828125 0.5205029015625 0.486279296875 0.520496453125 0.48316406250000005 0.5217279171875 0.478779296875 0.521843971875 0.476826171875 0.5230174078125 0.47162109374999994 0.5239587359375 0.47017578125000004 0.5262217921875 0.47064453124999994 0.5288394578125 0.47164062500000004 0.529929078125
0 0.48509765624999995 0.585009671875 0.49296875 0.5908123796875 0.49854492187500005 0.59093488125 0.500625 0.5903997421875 0.5045800781249999 0.5878787875 0.505849609375 0.58544165 0.5037207031250001 0.5809929078125 0.49878906250000005 0.5771889109375 0.49408203124999994 0.5754158609375 0.49191406249999997 0.5752353328125 0.485478515625 0.5763249515625 0.480322265625 0.5793874921875 0.48005859375000004 0.5821341062500001 0.48083984375 0.5835847843749999 0.48509765624999995 0.585009671875
0 0.48478515624999996 0.639155384375 0.485693359375 0.64156673125 0.48744140625 0.6425596390625 0.491787109375 0.6432301734375 0.496220703125 0.6447582203125 0.500107421875 0.6448098 0.5057421875 0.6437524171875 0.507373046875 0.642475821875 0.50875 0.6379755 0.5065234375000001 0.6345776921875 0.503671875 0.6334364921875 0.500048828125 0.6297807859375 0.49503906249999996 0.62822695 0.49140625 0.6279561578124999 0.48923828125 0.6282720828125 0.48767578125 0.6293165703125 0.48480468749999994 0.6353836234375 0.48478515624999996 0.639155384375
1 0.479541015625 0.42593165624999996 0.48209960937499996 0.4276208890625 0.48337890625 0.4276208890625 0.51982421875 0.41495809218749996 0.52173828125 0.414113475 0.5230175781249999 0.41200515781249997 0.520458984375 0.410315925 0.5191796875 0.410315925 0.5051171875 0.41580270781250006 0.4808203125 0.4238233390625 0.479541015625 0.42593165624999996
1 0.482734375 0.4305802703125 0.489765625 0.4335332046875 0.49744140625 0.43564152187499994 0.50255859375 0.4381753703125 0.510869140625 0.4402836875 0.5121484374999999 0.4402836875 0.5147070312500001 0.43860090312500005 0.5127832031249999 0.43606705312500005 0.508310546875 0.43522243749999995 0.494248046875 0.4305802703125 0.48785156250000006 0.4276208890625 0.484013671875 0.4267762734375 0.48145507812500005 0.42846550624999996 0.48145507812500005 0.42931012187500006 0.482734375 0.4305802703125
1 0.49488281250000005 0.4740554484375 0.510234375 0.47574468124999997 0.513427734375 0.47574468124999997 0.515986328125 0.4740554484375 0.515986328125 0.47321083125 0.513427734375 0.47152804687499994 0.49488281250000005 0.4698388140625 0.49232421875 0.47152804687499994 0.49232421875 0.472366215625 0.49488281250000005 0.4740554484375
1 0.496806640625 0.581702128125 0.494248046875 0.5833913609375 0.494248046875 0.5842359765625 0.496806640625 0.585925209375 0.5 0.585925209375 0.5051171875 0.58508059375 0.5434765625 0.58254674375 0.54603515625 0.5808575109375 0.54603515625 0.5800128953125 0.5434765625 0.5783236625 0.540283203125 0.5783236625 0.535166015625 0.5791682781249999 0.5 0.58128304375 0.496806640625 0.581702128125
1 0.484013671875 0.65473243125 0.4808203125 0.6598001296875 0.4808203125 0.6610638296875 0.48337890625 0.6627530625 0.48465820312499996 0.6627530625 0.48785156250000006 0.6602192140625001 0.494248046875 0.6458671828125 0.5 0.638265634375 0.5 0.63742101875 0.49744140625 0.6357382328125001 0.496162109375 0.6357382328125001 0.494248046875 0.63658285 0.4859375 0.648820115625 0.484013671875 0.65473243125
1 0.50703125 0.6420696328125 0.520458984375 0.6484010312499999 0.535166015625 0.6530431984375 0.5364453124999999 0.6530431984375 0.5390039062499999 0.651353965625 0.537724609375 0.6492456484375 0.524931640625 0.64544165 0.511513671875 0.6395357828125 0.510869140625 0.6386911671875 0.499365234375 0.6357382328125001 0.496806640625 0.63742101875 0.49808593749999996 0.6395357828125 0.50703125 0.6420696328125
1 0.49808593749999996 0.5800128953125 0.49488281250000005 0.581702128125 0.494248046875 0.5838104453125 0.496806640625 0.5854996781249999 0.5 0.58508059375 0.500634765625 0.5838104453125 0.5038378906250001 0.5821212124999999 0.515341796875 0.567350096875 0.521103515625 0.5618633140625 0.5223828125 0.5593294656250001 0.51982421875 0.5576402328125 0.518544921875 0.5576402328125 0.51662109375 0.5584848484375 0.510869140625 0.5643971624999999 0.49808593749999996 0.5800128953125