2 0.5649100421875 0.5528283421875 0.5644136859375 0.5525803296875 0.56516036875 0.5517544046875 0.56503131875 0.5510905015625001 0.56301583125 0.5501125015625 0.5463889281250001 0.551621975 0.5326653125 0.5539532859375 0.5311629515625 0.5556150875 0.531292 0.5562789890625 0.5333074875 0.557256990625 0.546590275 0.5550195703125 0.5564827265625001 0.554121953125 0.5574859734375 0.5546159281249999 0.5568683390625 0.55610575625 0.5588853640625 0.5570916609375 0.5610221281250001 0.556331821875 0.5617132812500001 0.5551639953125 0.5649100421875 0.5528283421875
0 0.596130075 0.6602458062500001 0.6011221718749999 0.6572494890625 0.6014327374999999 0.65344890625 0.5968314265625 0.65041444375 0.594796884375 0.65035059375 0.5915616703125 0.65130754375 0.5895063296874999 0.6524862734375 0.588379859375 0.654394896875 0.58902335 0.6576491328125 0.591766303125 0.6602328046875 0.596130075 0.6602458062500001
1 0.5569027859375 0.51630185 0.5602993578125 0.517355890625 0.5793841125 0.5167384296875001 0.58115356875 0.51639448125 0.58265439375 0.5147247765625 0.5825268796875 0.514068778125 0.5805098578125001 0.5130828734375 0.558276096875 0.5139761468749999 0.5567737359375 0.5156379484375 0.5569027859375 0.51630185
1 0.5496462125 0.5142838546874999 0.5498382515625 0.5152718046875 0.5533744046875 0.5169876984374999 0.5540088078125 0.5178896625 0.5562746203125 0.5177937265625 0.55777698125 0.516131925 0.55758340625 0.515136071875 0.554059321875 0.5134260328125 0.553423384375 0.5125161671875 0.5511575703125 0.5126121015625 0.5496462125 0.5142838546874999
0 0.5560956890625001 0.5209781625 0.5591011984375001 0.5209763078125 0.5610545234375001 0.5202849359374999 0.5645858406250001 0.516071559375 0.5647198515625 0.51451169375 0.5634944749999999 0.5122564046875 0.5598029625 0.510472284375 0.5565409671875 0.51112275625 0.55156423125 0.5141981078125 0.5502547484375 0.5158962359375 0.55095661875 0.519450809375 0.5535452624999999 0.5206782999999999 0.5560956890625001 0.5209781625
2 0.5197058484375 0.524901975 0.5602348328125 0.5170239390625 0.5617477265625 0.5153600890625001 0.5616186765625 0.5146961875 0.55959265625 0.5137202328125 0.519063671875 0.5215982703125001 0.5175613109375 0.523260071875 0.5176903609375 0.5239239734375001 0.5197058484375 0.524901975
1 0.5545656859375 0.4831352046875 0.5532491265624999 0.48339111875 0.5444012296875 0.49196803750000007 0.5431386625 0.49255795 0.5394427859375 0.4970493796875 0.5392569843749999 0.4984552671875 0.5412740078125 0.49944117343750005 0.543346246875 0.498349384375 0.54861954375 0.4925260546875 0.5564704296875 0.48584899843749996 0.555963540625 0.48560303437499996 0.5565811734375 0.48411320625 0.5545656859375 0.4831352046875
1 0.5526943765625 0.4711463953125 0.5511920156250001 0.472808196875 0.5513855890625 0.47380405000000003 0.55315075 0.47585598906250004 0.5554504140625001 0.48296323125 0.5574659015625001 0.48394123125000005 0.5583506296875 0.4837692578125 0.5598529906249999 0.4821074578125 0.5574258140625 0.47434421562500007 0.5555945921875 0.4719524234375 0.5535791046874999 0.470974421875 0.5526943765625 0.4711463953125
0 0.5492076875 0.48886016718749997 0.5569280578125 0.48893430625 0.5623083203125 0.4858543359375 0.5630737156250001 0.4809072546875 0.5605326515625 0.47874366718749994 0.5547766265625 0.4792719640625 0.5491808390624999 0.48113068593749997 0.5470801046875 0.48303183125000004 0.5464488828125 0.48490160312499997 0.5470014921875 0.48723845 0.5492076875 0.48886016718749997
2 0.5577084546875 0.480465553125 0.5555701546875 0.48121748750000004 0.554123321875 0.48322119218750004 0.549462646875 0.48274916093750003 0.5463121046875 0.48301707031249996 0.5186802953125 0.48667388593750005 0.5171689374999999 0.4883456375 0.5172964515625 0.4890016359375 0.51932400625 0.48998549375 0.5469558171875 0.48632867968750004 0.5543231328125 0.486610884375 0.5569022609375 0.485765059375 0.5583506296875 0.4837692578125 0.559602665625 0.48318139374999997 0.5598529906249999 0.4821074578125 0.5597239421875 0.4814435546875 0.5577084546875 0.480465553125
2 0.5434718890625 0.4166717828125 0.5172301609375001 0.420394684375 0.49783986406249997 0.4241637765625 0.49633903906250004 0.42583348125000003 0.496466553125 0.42648947968749995 0.49848357656250003 0.427475384375 0.5174315078125 0.4237922796875 0.5400893265625 0.4204133234375 0.5432398671875001 0.42014541406249994 0.5475211671875 0.4210274796875 0.5484058968750001 0.42085550625 0.549908259375 0.41919370312500004 0.548712975 0.417711778125 0.5434718890625 0.4166717828125
3 0.5458924656249999 0.5373153671875001 0.55801516875 0.59259600625 0.5648271421875 0.627640571875 0.5685708796875 0.6351478984375001 0.5760110187499999 0.6687005890625 0.5775196171875 0.669432625 0.5793430671875 0.6694226765625 0.581298325 0.667672840625 0.5760350375 0.642957328125 0.5737936609375 0.6337881999999999 0.570049921875 0.6262808718749999 0.5633024734375 0.591568259375 0.5511797703125 0.5362876187500001 0.54551574375 0.5212630140625001 0.54076711875 0.499195209375 0.5381584359375 0.49044196875 0.5371291109375 0.48514655624999997 0.5373238031249999 0.46967212031249994 0.5325417453125 0.45687933125 0.5244928640625 0.410747921875 0.5165719156249999 0.381750703125 0.515052784375 0.38102071406250004 0.5132293359375 0.3810306625 0.5112846109375 0.3827784515625 0.5118637968749999 0.385758109375 0.51510841875 0.3954212125 0.519205559375 0.41177566875 0.5273189656249999 0.45823903125000004 0.5319719734375 0.4703679171875 0.53177728125 0.48584235312499996 0.5328711312500001 0.4914697171875 0.5354798140625 0.50022295625 0.5402284390625 0.5222907609375 0.5458924656249999 0.5373153671875001
2 0.540444859375 0.382261271875 0.5384293718750001 0.3812832703125 0.5014182359375 0.3884775078125 0.4927300640625 0.3908471015625 0.4912292390625 0.3925168078125 0.4913567515625 0.39317280625 0.49337377499999996 0.39415870937499997 0.5020604109375 0.39178121250000003 0.5359855312499999 0.3851868359375 0.53687803125 0.3874166046875 0.5388935187499999 0.38839460625 0.539778246875 0.38822263281249997 0.5412806078125 0.38656083125 0.540444859375 0.382261271875
1 0.5875005062499999 0.6290651 0.5866263109375 0.6292350265625 0.5739367203125 0.6392476828125 0.5691073249999999 0.644992928125 0.56893205625 0.6463967671875 0.5709490796875001 0.6473826734375 0.5718338078125 0.6472107 0.578672453125 0.6400496171875 0.5885220578125 0.6319587703125 0.5894067859375001 0.6317867953125 0.588899896875 0.6315408312499999 0.5895265265625 0.6300410546874999 0.5875005062499999 0.6290651
1 0.5874542875000001 0.63113284375 0.5875833375 0.6317967453125 0.5895988234375 0.632774746875 0.5909153859375 0.6325188328125 0.6054346609375 0.624890065625 0.6059983015625 0.6230662390624999 0.603982815625 0.6220882390625 0.6026557218749999 0.6223462 0.5889566484375 0.629471040625 0.5874542875000001 0.63113284375
0 0.5306184375 0.3827113375 0.530279921875 0.3843437640625 0.5312772906250001 0.38604460937499996 0.5356620734375 0.3903268890625 0.538560309375 0.39101026875 0.540604053125 0.3907278359375 0.543958153125 0.38858305937500004 0.545249153125 0.385608975 0.5482629015625 0.3830628296875 0.5484530609375 0.3808358703125 0.5470831125 0.3793550875 0.545188328125 0.378829353125 0.538777296875 0.37896823125 0.5343731843749999 0.3798161015625 0.5306184375 0.3827113375
1 0.5383080953125 0.3830211109375 0.5371085156250001 0.3839350703125 0.53655694375 0.3857647515625 0.53857243125 0.386742753125 0.539457159375 0.38657077968750003 0.551076221875 0.37813598593750003 0.5572299484375 0.37453656875 0.557793590625 0.3727127421875 0.555778103125 0.3717347421875 0.554893375 0.371906715625 0.5383080953125 0.3830211109375
1 0.5462301640625 0.3955480375 0.5485589656250001 0.39577614843750003 0.5500613265625 0.394114346875 0.5499322765625 0.39345044375 0.54051715625 0.3849949640625 0.5381868187500001 0.38475895000000004 0.5366844578125 0.3864207515625 0.5368135078125 0.387084653125 0.5462301640625 0.3955480375
1 0.5778039703125 0.6120765890625 0.57793301875 0.6127404921874999 0.5799485062499999 0.6137184921875 0.58202228125 0.6126346078125 0.58728003125 0.60200779375 0.5871509828125 0.6013438921875001 0.5851249625 0.6003679390625 0.5842507671875 0.600537865625 0.5823600328125 0.6026196515625 0.5778039703125 0.6120765890625
2 0.5833482562500001 0.6288469375 0.5570330078125 0.6322478375 0.54531556875 0.633147503125 0.5438147437499999 0.6348172078125 0.5439422578124999 0.63547320625 0.5459577437500001 0.6364512078125 0.547791725 0.6364392109375 0.5803975265625 0.6325045390625 0.589156459375 0.632860734375 0.590483553125 0.6326027734374999 0.5919859140625 0.6309409703125 0.591856865625 0.63027706875 0.589841378125 0.6292990671875 0.5833482562500001 0.6288469375
0 0.5758775734375 0.599860621875 0.5738067109375 0.6024777593749999 0.574189915625 0.6046178734375001 0.5765359 0.6065651125 0.5860395671874999 0.6067601421875 0.589859546875 0.6055500859375 0.5921165109375 0.603552953125 0.5922395 0.600699278125 0.5892385078125 0.5983626203125 0.583352546875 0.597997525 0.578706409375 0.5989498546875 0.5758775734375 0.599860621875
2 0.5649461828125 0.6588433125 0.5546203625 0.6598169687500001 0.5531180015625 0.6614787718749999 0.55324705 0.6621426734375 0.5552625375 0.6631206734374999 0.5602365296875 0.662842815625 0.594226171875 0.6565803921875 0.5970618640625001 0.6570544671875 0.5979465921875 0.65688249375 0.5994489546875 0.6552206921875 0.5982431375 0.6537408124999999 0.5940263609375 0.6531906984375 0.5649461828125 0.6588433125
1 0.5579260484375 0.45571814687499995 0.5519965671875 0.453442190625 0.5511118390624999 0.4536141640625 0.549609478125 0.4552759671875 0.5518830640625 0.45758177343749995 0.55668025 0.45869985 0.55724113125 0.45927981406249996 0.558125859375 0.45910784062500004 0.5592041625 0.45993172031249996 0.5614684390625 0.45982787968750005 0.5629708 0.4581660796875 0.561840040625 0.45701610312499996 0.5622073484375 0.4566002125 0.5579260484375 0.45571814687499995
1 0.56523773125 0.44159985312499994 0.5632222437500001 0.44062185 0.562337515625 0.440793825 0.556190025 0.44678707968750003 0.5530472546875 0.44945673125 0.552173059375 0.4496266578125 0.548846025 0.4537101 0.5486602234375 0.4551159875 0.55068624375 0.4560919421875 0.55276001875 0.45500805624999996 0.556518884375 0.4508406734375 0.560915225 0.4475910609375 0.5650519296875001 0.44300573906249996 0.56523773125 0.44159985312499994
0 0.5411715234375001 0.4538156953125 0.54258101875 0.45656834062499996 0.549430815625 0.4596988859375 0.5518366218749999 0.45959214218750005 0.5546329734375 0.4584580265625 0.5568956390625 0.4563777640625 0.5564282890625 0.45155547343749997 0.5545703140625 0.44964460937500006 0.55150704375 0.44833713125 0.548829578125 0.4482834234375 0.54397565625 0.44962883906249995 0.541536125 0.45153022343749993 0.5411715234375001 0.4538156953125
2 0.5527032671875001 0.457077846875 0.5542040921875 0.4554081421875 0.551231578125 0.45186842031249996 0.5451162968750001 0.450998353125 0.5296967453125 0.45399561093749996 0.5125827953125001 0.45766671875 0.5087411000000001 0.45910245625 0.5072387390624999 0.46076425781249997 0.5073677875 0.46142815937500004 0.509383275 0.46240616093750003 0.5136688703125001 0.46089234062499995 0.5448858125 0.45447988749999996 0.547656978125 0.45462201249999995 0.5503729296875 0.45684183125000005 0.5518185390625 0.4572498203125 0.5527032671875001 0.457077846875
1 0.563937834375 0.43018895781250005 0.5631743828125 0.4286230921875 0.5585704578125 0.42608127187499995 0.5584429453124999 0.425425271875 0.5548422671875 0.4233774265625 0.5547147531250001 0.422721428125 0.5537655 0.42256145156249997 0.5493368453125 0.4186157890625 0.54732135625 0.4176377890625 0.546436628125 0.4178097625 0.5449342671874999 0.41947156249999995 0.5463336578125 0.42194729531249997 0.547272378125 0.42210932031250004 0.5484781937500001 0.4235891984375 0.549427446875 0.4237491765625 0.5516994984375 0.426047078125 0.5526487515625 0.42620705625 0.5601591265625 0.43194874375000003 0.560538503125 0.431538709375 0.5624354734375 0.43185075937499995 0.563937834375 0.43018895781250005
1 0.561711584375 0.40934511875 0.56233975 0.40785324218749996 0.5603242640625 0.4068752421875 0.5594395343749999 0.407047215625 0.5477559484375 0.415150059375 0.5459402718749999 0.41756175000000006 0.5446777046875 0.4181516625 0.544556428125 0.4198895 0.546582446875 0.4208654546875 0.5478990078125 0.4206095421875 0.5505348875 0.417693925 0.5598329203125 0.4114327609375 0.5613337453125 0.40976305625 0.5622184734375 0.40959108281249995 0.561711584375 0.40934511875
0 0.5381726515625 0.4212370109375 0.5424110265625 0.42425999843750006 0.5455111234375 0.42457605000000004 0.5483719984375 0.4237738859375 0.5517644890625 0.421432996875 0.5532183093749999 0.4185092859375 0.5509866156250001 0.4157442140625 0.5464937625 0.41427990000000003 0.5443510453125 0.41427808906249997 0.5405207390625 0.415153859375 0.5379802703125 0.41704205625 0.537055246875 0.419256015625 0.5381726515625 0.4212370109375
1 0.59058540625 0.6449355296875 0.5911813609375 0.6503069781249999 0.5922736734375 0.6559264375 0.594290696875 0.6569123421875 0.5951754265625 0.65674036875 0.5966762515624999 0.6550706625 0.596026303125 0.6493652156249999 0.5949985156250001 0.6440777078125001 0.5929724968750001 0.6431017546875 0.5920983 0.64327168125 0.59058540625 0.6449355296875
1 0.6153326515625 0.65933476875 0.616845546875 0.657670921875 0.6156397296875 0.6561910421875 0.595977325 0.65383675 0.5944749625 0.65549855 0.5956717828125 0.6569883796875 0.6144584562500001 0.6595046953125 0.6153326515625 0.65933476875
1 0.5994678515625 0.610613303125 0.6012913015625 0.6106033531249999 0.6027936625 0.608941553125 0.6026000875 0.6079456999999999 0.5884030171875 0.600756028125 0.5860726796875 0.6005200125 0.5845718546875001 0.6021897171874999 0.5852602484375 0.6034256796874999 0.5994678515625 0.610613303125
2 0.5896088328125 0.6022359078124999 0.5894813203125 0.6015799078125 0.5874537640625 0.6005960499999999 0.5814780640625 0.6003878359375 0.5788344109375 0.6009017109375 0.5754350796875001 0.6022514625000001 0.5593228375 0.6064086421875 0.54567274375 0.6090619515625 0.5441598484375 0.6107258 0.5442888984375001 0.611389703125 0.54631491875 0.61236565625 0.552983309375 0.6114139453125 0.5721815671875 0.6066569046875 0.57990841875 0.6041214765625 0.588097475 0.603907659375 0.5896088328125 0.6022359078124999
1 0.5857281671875 0.5776043359374999 0.5797341625 0.574996428125 0.5750734859375 0.5745243984374999 0.5735726609375 0.576194103125 0.5747679437500001 0.5776760296875 0.585496146875 0.5810779687500001 0.5900355453125 0.5832878390625 0.592299821875 0.5831839984375 0.593812715625 0.58152015 0.592671425 0.580372221875 0.5930492640625 0.5799542843750001 0.591657646875 0.5798802937499999 0.587119784375 0.577678328125 0.5857281671875 0.5776043359374999
1 0.5634699703125 0.5877626765625 0.5647970640625 0.587504715625 0.5759014625 0.5764222140624999 0.5760872625 0.5750163265625 0.57406124375 0.574040371875 0.572744684375 0.5742962859375 0.561638746875 0.585370884375 0.5614544828125 0.586784675 0.5634699703125 0.5877626765625
0 0.5853137328125 0.635978128125 0.588825021875 0.6359353765625 0.5929124828125001 0.6345831015625001 0.5948183265625 0.631735571875 0.5930910234375 0.6270105515625 0.589897196875 0.625818675 0.581807365625 0.6271615171875 0.5796950375 0.6299589609375 0.5810942515625 0.63355843125 0.5825647093749999 0.6353313640625 0.5853137328125 0.635978128125
0 0.5627974140625 0.5762052328125 0.5635837031250001 0.5782259843750001 0.5666700328125 0.5800457203125 0.570438934375 0.580034915625 0.572938471875 0.5808039953125 0.5763911625 0.580403534375 0.5803254171875001 0.5779819421875 0.581263190625 0.5763396609375 0.5811641562500001 0.5744806015624999 0.578387196875 0.5720593828125 0.571242346875 0.570897309375 0.5660656562499999 0.572494115625 0.56391115 0.5741186359375 0.5627974140625 0.5762052328125
2 0.5750104968749999 0.57420035 0.5699074578125 0.57381430625 0.56550488125 0.5746700812500001 0.5328395687499999 0.583078334375 0.53133874375 0.5847480375 0.5314662578125 0.5854040359375 0.53348174375 0.5863820390625001 0.537010125 0.585696190625 0.5661485921875 0.5779816890625 0.569666440625 0.5772978890625 0.5766019250000001 0.5776640328125 0.57810275 0.5759943265625 0.5779752375 0.575338328125 0.5750104968749999 0.57420035
1 0.5672326062499999 0.5506626140625 0.562131103125 0.550284475 0.5606287421875 0.5519462765625 0.5607577921875 0.5526101796875 0.5642924093749999 0.55431816875 0.5767549937500001 0.5525846765625 0.5877152156250001 0.5525129828125 0.5894741390625 0.5521710828125 0.5909765015625 0.55050928125 0.5908474515625 0.5498453796875 0.5888319640625 0.548867378125 0.5765551828125 0.5491949828125 0.5672326062499999 0.5506626140625
1 0.5461573265624999 0.5715738015625 0.547851725 0.57089995 0.560957603125 0.5559998703125 0.5611434046875 0.5545939828125 0.55912638125 0.553608078125 0.558241653125 0.5537800515625 0.544315571875 0.56918405625 0.5441297703125 0.5705899453125001 0.5461573265624999 0.5715738015625
0 0.5558399328125 0.5518272421875 0.5542546421875 0.5538496562499999 0.5542630953125001 0.5568172203125 0.555577309375 0.5582924328125001 0.5589705859375 0.559273290625 0.5635675625000001 0.5580680453125 0.568213359375 0.5539087109375 0.569212346875 0.552131496875 0.5674914546875 0.5486765734375 0.561609853125 0.547490409375 0.5584183046875 0.548447075 0.556651965625 0.549987940625 0.5558399328125 0.5518272421875