0 0.5978839109375 0.701963003125 0.5969850296875 0.6986064437499999 0.5952257203125 0.697031684375 0.589976578125 0.695717565625 0.580670925 0.6974240109375 0.5774740406250001 0.6986166984375 0.5742495828124999 0.700578034375 0.573972778125 0.704093384375 0.574812775 0.7058378234375 0.5785837484374999 0.708767846875 0.58119305 0.7091371125 0.5850953203125 0.7078476125 0.5912453359375001 0.7114581875 0.5935281578125 0.7119099671875 0.5984306968750001 0.7109794125 0.601279790625 0.7086482265625 0.6014122937499999 0.7044978171875 0.5978839109375 0.701963003125
1 0.58394405 0.41410560937499996 0.5819637109375 0.41219671562500004 0.5826005265624999 0.4116939734375 0.5786822093749999 0.410302853125 0.57209386875 0.4050637359375 0.5694832265625001 0.404617678125 0.5669152109375 0.40661364375 0.5669406796875001 0.408072715625 0.5722127640625 0.41187529375 0.572883625 0.41332310000000005 0.5774661609375 0.41519425156249995 0.5849039078125 0.43211003281249993 0.5882024343750001 0.43497916875 0.589503465625 0.43495645937500005 0.59207148125 0.43296049375 0.5920460140625 0.431501421875 0.58394405 0.41410560937499996
3 0.511579503125 0.66085159375 0.513364965625 0.6885819546875 0.513465734375 0.7319278109375 0.5184226734374999 0.792234509375 0.51917851875 0.7985510046875001 0.5211505468750001 0.79998378125 0.5237610515625 0.8004221593749999 0.5269744625 0.7984149265625 0.5268725890625 0.7925786421875001 0.5212616765625 0.7317917328125 0.521160909375 0.688445875 0.51908645 0.6441588968749999 0.5218408953125 0.6158576671875 0.5220359046875 0.59004388125 0.5166132218749999 0.50246773125 0.516324225 0.4859111140625 0.5181087015625 0.43961331875000004 0.517896109375 0.4274339140625 0.51485390625 0.40167663437499995 0.5182962375 0.3757984828125 0.5182630031250001 0.2993358046875 0.517167090625 0.27353686875 0.515184953125 0.272111953125 0.5125846921874999 0.2716733953125 0.509371146875 0.273672946875 0.5109939828125001 0.329659296875 0.5099224328124999 0.34282900625 0.5104918484375001 0.3754507640625 0.5070493843749999 0.4013212359375 0.5101189890625 0.428061290625 0.508817278125 0.5026038109375001 0.5142484046875 0.59066375625 0.5140449515625 0.615993746875 0.51129050625 0.644294975 0.511579503125 0.66085159375
1 0.5734282515625 0.36996597656249997 0.5721272203125001 0.3699886859375 0.56955920625 0.371984653125 0.5690667546875 0.380758025 0.566065803125 0.39493698125 0.566184834375 0.4017562203125 0.568820809375 0.40365366874999997 0.570111596875 0.4036311375 0.5726797453125 0.40164285 0.5725691609375 0.3953074109375 0.5755616671875 0.38064465625 0.57605411875 0.371871284375 0.5734282515625 0.36996597656249997
2 0.567417771875 0.397832415625 0.5550989421875 0.3995146375 0.5310657171875001 0.3999341390625 0.4790469046875 0.3974314734375 0.45305701093749995 0.397885128125 0.44397872656250004 0.3985275359375 0.44141070937500004 0.40052350312499996 0.44142773281250003 0.40149877656250005 0.44406370937500006 0.403396225 0.4791318890625 0.4023001640625 0.5311507015625 0.4048028296875 0.561670259375 0.40377848125 0.5675027546875 0.4027011046875 0.5700606609375 0.400712996875 0.5700436375 0.399737721875 0.567417771875 0.397832415625
0 0.583393909375 0.341492784375 0.5799987046874999 0.3389556453125 0.577233325 0.33845083593749997 0.5700386 0.33956735625 0.565859025 0.3425823875 0.56501855 0.3443331125 0.56531435625 0.347777015625 0.567036403125 0.3513266109375 0.577378425 0.358505121875 0.57963794375 0.35879599375 0.583883103125 0.35777705000000004 0.586616559375 0.3552788859375 0.5871097984375 0.353595675 0.586222425 0.34972424375 0.5838605 0.347676059375 0.5854559546875 0.3445601828125 0.583393909375 0.341492784375
1 0.5815296562500001 0.350343871875 0.578893546875 0.34843874375 0.577602759375 0.348461275 0.5750347437500001 0.35045724218749996 0.5719402296875 0.3592760328125 0.5693976843749999 0.3627310703125 0.5669248953125 0.36959554843750003 0.5593839015625 0.38433769687499997 0.55940936875 0.38579676875 0.5620352359375 0.3877020765625 0.5633362671875 0.38767936718749996 0.5665326515625 0.3846968609375 0.5803136078125 0.355235271875 0.5815296562500001 0.350343871875
1 0.5843861078125 0.32788660625 0.5892741046875 0.3102717359375 0.5892486359375 0.3088126640625 0.5866227703125 0.30690735625 0.5853217374999999 0.30693006562499997 0.5827537234375 0.3089260328125 0.5778827515625 0.327516178125 0.5773307875 0.33287993125000004 0.5748393093749999 0.339260790625 0.574295921875 0.34511601875000003 0.5769216546875 0.34701364687499997 0.578222684375 0.3469909375 0.580790834375 0.34500264999999997 0.581342665625 0.33963121875 0.583834278125 0.3332580375 0.5843861078125 0.32788660625
2 0.578154725 0.3430975234375 0.569696365625 0.34226959218749997 0.5365577203125 0.3423640859375 0.4605056828125 0.3402809203125 0.4345157890625 0.34073457500000004 0.4319580171875 0.3427303640625 0.43197490624999996 0.3436979578125 0.43460077343750003 0.345603265625 0.47553535937499997 0.34537269375 0.5359973109375 0.34724404062500003 0.5691257109375 0.3471497265625 0.574992253125 0.348022896875 0.5782397078125 0.3479662125 0.5808077234375 0.3459702453125 0.580790834375 0.34500264999999997 0.578154725 0.3430975234375
2 0.577642546875 0.7605202671875 0.5802105625 0.7585243 0.5801935390625 0.7575490265625 0.5775575625 0.7556515765625 0.5743101078125 0.7557082609375 0.5509732125 0.7590346390625 0.4880045625 0.762084903125 0.46331736562500003 0.7620241937500001 0.447046171875 0.7603647484375 0.4444780234375 0.7623530359374999 0.444495046875 0.7633283093750001 0.44713115468750003 0.7652334375 0.44973141875 0.7656719953125 0.4737986890625 0.767203040625 0.542625303125 0.7645344703125 0.577642546875 0.7605202671875
0 0.5836525453125 0.75552214375 0.5803233624999999 0.7532450296875 0.5745758078125001 0.7527308203125 0.5700358984375 0.7533016921875 0.5677045749999999 0.7553549796875 0.565274809375 0.7564651421875 0.5639897484375 0.7585769859375 0.565423921875 0.764420740625 0.5687444703125 0.7667901859375 0.5703023203125 0.769151990625 0.5727560984375 0.7705917203125 0.5749670765625 0.771037071875 0.5791402 0.770587828125 0.582391159375 0.7677964109375 0.582073140625 0.765428328125 0.583829690625 0.762148325 0.5836525453125 0.75552214375
1 0.576436184375 0.7283935703125 0.575559509375 0.7157418125 0.5729337765625 0.7138441859375 0.5716327453125001 0.7138668953125 0.569064596875 0.7158551828124999 0.5700347 0.7338594265625 0.5688017624999999 0.7377832328125 0.5689292375 0.7450862671875 0.5698041125 0.7582220000000001 0.5724400875 0.76011945 0.57374111875 0.760096740625 0.576299025 0.75810863125 0.57530511875 0.7381536609375 0.576538190625 0.734237534375 0.576436184375 0.7283935703125
0 0.5651525078125 0.6355656078125 0.5632757265625 0.636066946875 0.5605694406249999 0.637773425 0.5596351578125 0.6394336078125 0.560015790625 0.6424535390624999 0.5618079953125 0.6453259250000001 0.5639453125 0.6491832203125 0.570716825 0.6531747109375 0.574218053125 0.6535668140625 0.5776233093750001 0.6525702124999999 0.5800543765625 0.6491862562499999 0.5792081921875 0.6459132750000001 0.5802823296875 0.6393497499999999 0.578753528125 0.636303771875 0.5772297828124999 0.6353087078125 0.5741035734375 0.6346796078125 0.5704625609375 0.6356726421875 0.5651525078125 0.6355656078125
1 0.5593385718749999 0.7915203187500001 0.5593215484375 0.7905450453125 0.565706009375 0.784103915625 0.5726270765625 0.770832103125 0.5764604125 0.767354534375 0.5770735593749999 0.7649087453125001 0.5744375828125 0.7630112953125 0.5731365515625 0.7630340062500001 0.571852409375 0.764024309375 0.5711985703125 0.763551778125 0.5712155937500001 0.7645270515625 0.56737368125 0.76751314375 0.564882203125 0.773894003125 0.5591856281250001 0.7827582140625 0.55407673125 0.7877175624999999 0.5534738296875 0.7901631734375 0.5560996953124999 0.7920684812500001 0.5586847328125 0.7910477874999999 0.5593385718749999 0.7915203187500001
1 0.5756026796875 0.6436563484375 0.5729769484375 0.6417587203124999 0.5716759171875 0.6417814296875 0.5691077671875 0.6437697171875 0.5673823796875 0.6564668921875 0.5629954140625 0.665799871875 0.5580733718750001 0.68146419375 0.557485828125 0.685376734375 0.5601218046875001 0.687274184375 0.5614228359375 0.687251475 0.563980740625 0.685263365625 0.567645775 0.6715567609375 0.5732828343749999 0.6592829328125 0.5756026796875 0.6436563484375
1 0.5501846796875001 0.601727975 0.5476166640625 0.6037239421875 0.54901956875 0.6095375171875 0.5631902890625 0.6399784046875 0.5664886828125 0.6428398625 0.5677897140625 0.642817153125 0.5703578625 0.6408288640625 0.57033239375 0.6393697953124999 0.5561768984375 0.6103881578125 0.5541115765625 0.6036105734375 0.5514857125 0.6017052656249999 0.5501846796875001 0.601727975
2 0.574897771875 0.6402579937499999 0.5722617953125 0.6383605453125 0.5612438656250001 0.6400123796875 0.5391740890625 0.6413731796875 0.49370970156249994 0.6421667625 0.459263246875 0.6413085140625 0.44819424531249996 0.640034525 0.4456262296875 0.6420304921875 0.44564325312499997 0.643005765625 0.4482792296875 0.6449032171875 0.45087962656249997 0.6453494515625 0.467142375 0.6465251000000001 0.4937946859375 0.6470354546875 0.5535413499999999 0.6455009453125 0.5697531609375 0.6437584515625 0.5723467796875 0.643229234375 0.5749147953125 0.64123326875 0.574897771875 0.6402579937499999
0 0.597339828125 0.5797956734375 0.5938423328125 0.5784432984375 0.5915461265624999 0.5783988796874999 0.5900176890625 0.577135040625 0.5868478203125 0.5763530671875 0.5841450578125 0.5765001062499999 0.5823005593749999 0.5776768703124999 0.5774665703124999 0.5778380640624999 0.573689475 0.581015065625 0.5727600953125 0.58354319375 0.5745403921875 0.5869074109375 0.57811926875 0.5899867421875 0.5822431421875 0.5914126828125 0.5857567609375 0.5919274765625 0.592708034375 0.590953478125 0.594523540625 0.5898770812499999 0.5954997390625001 0.5882699390624999 0.59818883125 0.5873396093750001 0.59957614375 0.58580210625 0.59954140625 0.5826378671875 0.597339828125 0.5797956734375
2 0.5538479296875 0.700050753125 0.5050935953125 0.6984666765624999 0.4654174140625 0.6962325140625001 0.4452261015625 0.693665925 0.44266833125 0.6956617125 0.44268522031249996 0.69662930625 0.4453110859375 0.6985346140625001 0.46484675781250007 0.7011126484375 0.5129727234375 0.7036832656249999 0.55328751875 0.7049307109375 0.589663375 0.7047797109375 0.5922315234375 0.7027914234375 0.5922145000000001 0.7018161484375 0.5895783921875 0.699911021875 0.5538479296875 0.700050753125
1 0.5954784203125 0.665716821875 0.5922904796874999 0.669183125 0.5886525796875001 0.6838571453125 0.5876744578124999 0.7023793421875 0.59031056875 0.7042844703125 0.5916013546875 0.7042619390625 0.5941693703125 0.702265971875 0.5951559375000001 0.684227575 0.5994410296875 0.6690583109375 0.5994155609375 0.6675992421875 0.596779453125 0.6656941125 0.5954784203125 0.665716821875
1 0.602424278125 0.7284238921874999 0.600970303125 0.7196844953125 0.5975699046875 0.7109790734375 0.596813925 0.7046548984375 0.5941779484375 0.7027574484375 0.5928769171875 0.7027801593749999 0.5903190125 0.7047682671875 0.5910834359375 0.7115762390625 0.59379595 0.71785858125 0.59593794375 0.7290287375 0.5993298984375001 0.7372503625 0.600051696875 0.741616309375 0.60268780625 0.7435214390625 0.6039888375 0.7434987296875 0.6065466078124999 0.741502940625 0.6058162312500001 0.736645515625 0.602424278125 0.7284238921874999
1 0.588899203125 0.5864416921875 0.5888821796875 0.5854664171875 0.586246071875 0.5835612890624999 0.584955284375 0.5835838203125 0.5817503203125 0.5860748499999999 0.575425509375 0.595933278125 0.5660467421875001 0.6175211390625 0.5604964640625 0.6341796796875 0.5605219328125 0.6356387515625 0.5631477968749999 0.6375440593749999 0.564448828125 0.63752135 0.5670168453125 0.6355253828125 0.5719387515625 0.6198533796875 0.581298696875 0.597774221875 0.588899203125 0.5864416921875
1 0.58886515625 0.58449114375 0.5915012671875 0.586396271875 0.5940760625 0.5853757578125001 0.5947401453125 0.5858481109375 0.598539565625 0.5804276734375 0.6061994562499999 0.572497084375 0.6087760515625 0.57099259375 0.61448785 0.5635876343749999 0.619632459375 0.5600871749999999 0.62281195625 0.556137075 0.6317882359375 0.5496507046875 0.6324098265625 0.5476887125000001 0.6297738515625 0.5457912625 0.6284728203125 0.545813971875 0.621417496875 0.5508072984375 0.6194795171874999 0.5513250703125 0.61374045 0.557754934375 0.6086060843750001 0.5612552125 0.6047965515625 0.566683509375 0.600307446875 0.5701648421875001 0.596499578125 0.5751014828125001 0.594570178125 0.57611073125 0.5945872015625 0.5770860046874999 0.5888481328124999 0.5835158703125 0.58886515625 0.58449114375
2 0.5875046125 0.5811042328125 0.5595785375 0.581591684375 0.486780734375 0.5804272890625 0.4718190171875 0.5792289312500001 0.4425748875 0.5787638187499999 0.4288955125 0.5770591328125 0.42633760781249996 0.579047240625 0.42635463125 0.580022515625 0.42898049531250004 0.581927821875 0.44200423281249995 0.5836439515625 0.471904 0.584097621875 0.48686571875 0.5852959796875 0.5596635203125 0.5864603765624999 0.5875895953125 0.585972925 0.5901577437500001 0.5839846375 0.5901407203125 0.5830093625 0.5875046125 0.5811042328125
0 0.5694428765625 0.516786003125 0.5658366203125 0.51800888125 0.5615516140625 0.51850616875 0.5598556875 0.5193884343749999 0.5579032125000001 0.5220112343750001 0.5575721031249999 0.52535085625 0.5590893015625 0.527144928125 0.5595931328125 0.5301780703125 0.5610517374999999 0.5315506734375 0.5679819109375 0.534064515625 0.5738806984375 0.533262521875 0.576620990625 0.5311560046875 0.577682284375 0.529140246875 0.577299909375 0.526020484375 0.5783752578125 0.5236357625 0.5746487640625 0.5179702890625 0.5694428765625 0.516786003125
1 0.569823040625 0.535630165625 0.571124071875 0.53560745625 0.5736819765625001 0.5336193453125 0.573545921875 0.525824834375 0.5709200578125 0.5239195265625 0.5696190265625 0.5239422359375 0.5670510109375 0.5259382031250001 0.5671870640625001 0.5337327140625 0.569823040625 0.535630165625
1 0.580458546875 0.5120692250000001 0.5855333984375 0.505159328125 0.5938472609375001 0.4977089484375 0.59830231875 0.49227706875 0.609829590625 0.48281945625 0.61045118125 0.4808574640625 0.60781520625 0.47896001562499996 0.606514175 0.478982725 0.592410175 0.489937146875 0.5905148203125 0.49289694375000004 0.5796413874999999 0.5028270874999999 0.5752033515625 0.5092342421875 0.5700944531250001 0.5141935921874999 0.564389434375 0.5225740046875 0.5644064578125 0.523549278125 0.567042565625 0.5254544078125 0.5702729984375 0.524422446875 0.5753394046875 0.517028753125 0.580458546875 0.5120692250000001
2 0.5669660265625 0.5210695140625 0.5624090953125 0.520665109375 0.5448537609375 0.51999596875 0.5169276859374999 0.5204834203125001 0.49157640625 0.5199503578125 0.4837634390625 0.5191111625 0.45321827968750006 0.518668759375 0.43954914843750004 0.5169638953125 0.43698099843750005 0.5189521828125 0.43699802187500003 0.51992745625 0.43963413281249997 0.521832584375 0.4533032640625 0.5235374484374999 0.5170126703125 0.5253521109375 0.5449387437500001 0.524864659375 0.5631581609375 0.526006153125 0.5670510109375 0.5259382031250001 0.5696190265625 0.5239422359375 0.5696021375 0.5229746421875 0.5669660265625 0.5210695140625
0 0.5950670375 0.4560453703125 0.592339053125 0.45357340312499994 0.5901481625 0.45310465468750005 0.58025314375 0.4539226328125 0.5763127890625 0.45596559843750006 0.57493139375 0.4590162859375 0.5746978828125 0.46090236874999996 0.5763171984375 0.4632631 0.5784481734375 0.4644088796875 0.5813774453125 0.4678452234375 0.5841897765625 0.46927869375000003 0.5905236140625 0.470504746875 0.5944082093749999 0.46937687187500005 0.5961479859375001 0.4680713484375 0.5978034671875 0.4631108234375 0.59760376875 0.46106330624999997 0.5952692265625 0.45882260312499995 0.5950670375 0.4560453703125
1 0.5946893265625001 0.471392240625 0.591959790625 0.46413462499999997 0.589333925 0.46222931718750004 0.58803289375 0.462252028125 0.585464878125 0.4642479953125 0.585490346875 0.465707065625 0.588202859375 0.4719894078125 0.5923847078125 0.488478075 0.5964747906250001 0.4991226 0.59910065625 0.5010279078125001 0.6004016875 0.5010051984375 0.602969703125 0.49900923124999996 0.602944234375 0.49755015937499997 0.598871175 0.487880909375 0.5946893265625001 0.471392240625
1 0.5780775078125 0.41323243906249996 0.5755197359374999 0.41522822656249997 0.57727793125 0.4419834921875 0.5801944578125 0.4599537609375 0.5828305671875 0.461858890625 0.5841213546875 0.461836359375 0.5866893703125 0.45984039218749995 0.586621409375 0.4559469765625 0.583008553125 0.43506982968749996 0.582014646875 0.4151148578125 0.5793785375 0.4132097296875 0.5780775078125 0.41323243906249996
2 0.5678331375 0.4592016390625 0.536012415625 0.46024101718750005 0.5191127171875001 0.45956043125 0.44569498906250005 0.459866371875 0.43333366875 0.45911425 0.43077576406249996 0.4611023578125 0.4307927875 0.4620776328125 0.43341865156250003 0.4639829390625 0.44577997343750003 0.46473506093749994 0.546495403125 0.464928209375 0.5783075484375 0.46339735624999995 0.58608646875 0.462286003125 0.5886443734375 0.46029789374999996 0.58862735 0.4593226203125 0.5860014859375 0.45741731249999995 0.5678331375 0.4592016390625
0 0.5756489609375001 0.40325794375 0.5752231953125 0.40000066875 0.5687389640625 0.39426810625 0.5648697234375 0.392753221875 0.5602823453125 0.393540009375 0.5574486671875001 0.396754315625 0.556649859375 0.399718015625 0.556440321875 0.4018034046875 0.5585114812499999 0.405392996875 0.56157620625 0.4089575640625 0.5645507046875 0.41028834375 0.5660032187499999 0.4118991828125 0.5728103265625 0.4144074921875 0.5770894546875 0.414747609375 0.5797239734375 0.41362619218749996 0.5817484625 0.409258396875 0.5807464687499999 0.405865228125 0.5792774859375001 0.40448512656249996 0.5756489609375001 0.40325794375