1 0.5294140625 0.6698241765625 0.5250781250000001 0.6730769234375 0.51455078125 0.687472528125 0.511455078125 0.6944395609375 0.511455078125 0.6958388281250001 0.513935546875 0.6976923078125 0.515166015625 0.6976923078125 0.5176464843749999 0.6958388281250001 0.520126953125 0.6893333328125 0.524462890625 0.6823663 0.53560546875 0.6712161171875 0.53560546875 0.6698241765625 0.533125 0.6679633703125 0.531884765625 0.6679633703125 0.530654296875 0.6688937734375 0.530029296875 0.668432234375 0.5294140625 0.6698241765625
1 0.5287890625 0.7204542125 0.52755859375 0.7246373625 0.52755859375 0.7367106234375 0.5287890625 0.7450769234375 0.530654296875 0.75018315 0.533125 0.75204395625 0.5343652343749999 0.75204395625 0.536845703125 0.75018315 0.5337500000000001 0.736249084375 0.5337500000000001 0.7246373625 0.5349804687499999 0.7204542125 0.53560546875 0.7116263734375 0.538701171875 0.7055897437499999 0.538701171875 0.7041978015625 0.5362207031249999 0.702336996875 0.5349804687499999 0.702336996875 0.532509765625 0.7041978015625 0.5294140625 0.710703296875 0.5287890625 0.7204542125
1 0.521357421875 0.5169963375 0.5238378906250001 0.5272161171875 0.5294140625 0.5430109890625 0.530654296875 0.5523003656250001 0.533125 0.5541611718749999 0.5343652343749999 0.5541611718749999 0.536845703125 0.5523003656250001 0.536845703125 0.5471941390625 0.53560546875 0.54254945 0.5294140625 0.5248937734375 0.52755859375 0.5160732593749999 0.524462890625 0.51095970625 0.521357421875 0.5100293046875 0.5188867187499999 0.511890109375 0.5188867187499999 0.5132820515625001 0.521357421875 0.5169963375
0 0.5353125000000001 0.5597362640625 0.537607421875 0.5589010984375 0.53974609375 0.55654945 0.5420800781249999 0.556205128125 0.544072265625 0.5549963375 0.5458203125 0.551091575 0.544931640625 0.54950183125 0.542490234375 0.5479853484375 0.537744140625 0.54704761875 0.5335351562499999 0.5475604390625 0.52951171875 0.5490329671875 0.528154296875 0.5504249078125001 0.528076171875 0.55213919375 0.527001953125 0.5544249078125 0.5285546875 0.558117215625 0.5316015625 0.5595384609375 0.5353125000000001 0.5597362640625
2 0.46624999999999994 0.55323076875 0.47677734374999997 0.5541611718749999 0.526318359375 0.5536923078125 0.5294140625 0.5541611718749999 0.5294140625 0.5560146515625 0.531884765625 0.5578754578125 0.5349804687499999 0.5569450546875 0.538701171875 0.5523003656250001 0.538701171875 0.5513699640625 0.5362207031249999 0.5495164828125 0.47677734374999997 0.5495164828125 0.46624999999999994 0.5485860812500001 0.463779296875 0.5504468859375 0.463779296875 0.5513699640625 0.46624999999999994 0.55323076875
1 0.5250781250000001 0.5058534796874999 0.5250781250000001 0.50677655625 0.52755859375 0.5086373625 0.5349804687499999 0.5086373625 0.5492285156250001 0.50631501875 0.560986328125 0.50677655625 0.563466796875 0.5049230765625 0.563466796875 0.5039926734375 0.560986328125 0.50213186875 0.5492285156250001 0.5016703296875 0.5343652343749999 0.5039926734375 0.52755859375 0.5039926734375 0.5250781250000001 0.5058534796874999
1 0.49164062499999994 0.5207179484375 0.49349609375 0.5207179484375 0.521982421875 0.511890109375 0.5238378906250001 0.5091062265625 0.521357421875 0.507245421875 0.519501953125 0.507245421875 0.49102539062500006 0.5160732593749999 0.48916015625 0.5188571421875 0.49164062499999994 0.5207179484375
2 0.46563476562500006 0.594571428125 0.463154296875 0.596432234375 0.463154296875 0.5973626375000001 0.46563476562500006 0.5992161171875 0.46873046875 0.5992161171875 0.5089746093749999 0.59550183125 0.53560546875 0.594109890625 0.547373046875 0.594571428125 0.54984375 0.5927179484375 0.54984375 0.5917875453125 0.547373046875 0.589926740625 0.5349804687499999 0.5894652015624999 0.5015527343749999 0.59131868125 0.469345703125 0.594109890625 0.46563476562500006 0.594571428125
0 0.52267578125 0.514358975 0.530654296875 0.5106007328125 0.535361328125 0.5095531140625 0.538134765625 0.5044688640625 0.53673828125 0.50254945 0.533232421875 0.50131868125 0.525283203125 0.501435896875 0.521435546875 0.5031868125 0.519033203125 0.5059120874999999 0.516484375 0.5091428578125 0.516455078125 0.5112893765625001 0.5184765625 0.5138534796875 0.52267578125 0.514358975
0 0.541279296875 0.708725275 0.5503125 0.7068205125 0.5521777343750001 0.704476190625 0.55166015625 0.7028498171875001 0.549169921875 0.700300365625 0.540751953125 0.6996483515625 0.53759765625 0.69813919375 0.53416015625 0.6982857140625 0.530556640625 0.70013919375 0.5291796875 0.7015384609375 0.52900390625 0.7029890109375 0.5301171874999999 0.7096923078125 0.534375 0.7120512828125001 0.539560546875 0.7106373625 0.541279296875 0.708725275
1 0.5294140625 0.46497435937500003 0.540556640625 0.4784468859375 0.54365234375 0.4793772890625 0.5461328125 0.4775164828125 0.544892578125 0.47472527500000006 0.5349804687499999 0.4626520140625 0.5287890625 0.4575384609375 0.526318359375 0.4538241765625 0.52322265625 0.4528937734375 0.5207421875 0.45475457812500003 0.52322265625 0.45986813125000003 0.5294140625 0.46497435937500003
1 0.528173828125 0.43895970625 0.524462890625 0.444073259375 0.52322265625 0.4445347984375 0.51826171875 0.4533626375 0.51826171875 0.454293040625 0.5207421875 0.45614652031249997 0.5238378906250001 0.45521611718750005 0.528173828125 0.4473260078125 0.5374609375 0.43710622656250003 0.538701171875 0.43663736249999996 0.5430371093749999 0.43013919375 0.5430371093749999 0.429208790625 0.540556640625 0.42734798593749995 0.53931640625 0.42734798593749995 0.5374609375 0.42827838749999997 0.5337500000000001 0.4338534796875 0.528173828125 0.43895970625
0 0.5184765625 0.46011721562499996 0.520703125 0.46049084218749997 0.526953125 0.4595824171875 0.530859375 0.4575750921875 0.531591796875 0.4540293046875 0.5266796874999999 0.44919413906249994 0.5211328125 0.44818315000000003 0.517744140625 0.44961172187500004 0.51650390625 0.4509890109375 0.514423828125 0.45232234375 0.513994140625 0.4542417578125 0.517099609375 0.45912820468750004 0.5184765625 0.46011721562499996
2 0.4544921875 0.4575384609375 0.456962890625 0.4593992671875 0.46005859375 0.4593992671875 0.4996875 0.45614652031249997 0.5207421875 0.45614652031249997 0.52259765625 0.4575384609375 0.5256933593750001 0.4580073265625 0.528173828125 0.45614652031249997 0.52693359375 0.454293040625 0.52755859375 0.4538241765625 0.521982421875 0.45150183125 0.4996875 0.45150183125 0.456962890625 0.45475457812500003 0.4544921875 0.45661538437500004 0.4544921875 0.4575384609375
1 0.5188867187499999 0.414344321875 0.521357421875 0.4161978015625 0.52259765625 0.4161978015625 0.5250781250000001 0.414344321875 0.52259765625 0.4041245421875 0.52322265625 0.4008717953125 0.5207421875 0.3990109890625 0.519501953125 0.3990109890625 0.5170312499999999 0.4008717953125 0.51640625 0.40505494531249997 0.5188867187499999 0.414344321875
1 0.509599609375 0.36510622656249997 0.513310546875 0.3799706953125 0.515166015625 0.38322344375 0.5176464843749999 0.3850769234375 0.5188867187499999 0.3850769234375 0.521357421875 0.38322344375 0.521357421875 0.3818241765625 0.5188867187499999 0.3776483515625 0.515791015625 0.3646373625 0.515791015625 0.3576703296875 0.5170312499999999 0.3544175828125 0.51455078125 0.35256410312500003 0.513310546875 0.35256410312500003 0.51083984375 0.3544175828125 0.509599609375 0.35673992656250003 0.509599609375 0.36510622656249997
1 0.5362207031249999 0.37904029375000003 0.5337500000000001 0.38229304062499997 0.52755859375 0.3873992671875 0.52259765625 0.3939047625 0.521357421875 0.3943663 0.51826171875 0.40041025625 0.51826171875 0.40180219843750004 0.5207421875 0.403655678125 0.521982421875 0.403655678125 0.524462890625 0.40180219843750004 0.52755859375 0.3957655671875 0.5349804687499999 0.38786813124999997 0.548603515625 0.3753260078125 0.5516992187499999 0.3734652015625 0.55232421875 0.3711428578125 0.54984375 0.3692820515625 0.548603515625 0.3692820515625 0.546748046875 0.369750915625 0.5430371093749999 0.37392674062500003 0.5362207031249999 0.37904029375000003
0 0.51244140625 0.40264468906250006 0.5148828125 0.40442490781249996 0.516064453125 0.40652747187499993 0.5179296875 0.40745787499999997 0.5228125 0.4070549453125 0.5266015625 0.40527472500000006 0.5292285156250001 0.4024249078125 0.529326171875 0.40074725312500004 0.528447265625 0.3995164828125 0.5221289062500001 0.39668131875 0.519189453125 0.3964249078125 0.515361328125 0.39715018281250003 0.5120703125 0.400153846875 0.51244140625 0.40264468906250006
2 0.45386718750000005 0.40737728906250004 0.45386718750000005 0.408300365625 0.45634765625 0.410161171875 0.458203125 0.410161171875 0.469345703125 0.40783882812499994 0.48359375 0.40597802187500004 0.5077441406250001 0.4041245421875 0.524462890625 0.403655678125 0.52693359375 0.40180219843750004 0.52693359375 0.4008717953125 0.524462890625 0.3990109890625 0.515791015625 0.3990109890625 0.471826171875 0.40273260000000005 0.45634765625 0.4055164828125 0.45386718750000005 0.40737728906250004
1 0.51083984375 0.3544175828125 0.51083984375 0.3553479859375 0.513310546875 0.357208790625 0.515166015625 0.357208790625 0.5294140625 0.35349450625 0.559130859375 0.3493113546875 0.5616113281249999 0.34745054999999997 0.5616113281249999 0.346527471875 0.559130859375 0.3446666671875 0.557275390625 0.3446666671875 0.526318359375 0.3493113546875 0.513310546875 0.35256410312500003 0.51083984375 0.3544175828125
0 0.5076953125 0.35468131875000003 0.5066503906250001 0.357069596875 0.5091894531250001 0.3606446890625 0.514326171875 0.3613260078125 0.516982421875 0.3604395609375 0.521591796875 0.3553333328125 0.525263671875 0.354336996875 0.52677734375 0.3526739921875 0.527060546875 0.3512600734375 0.52564453125 0.3492674 0.51982421875 0.347018315625 0.513134765625 0.3470549453125 0.509560546875 0.34786080625000004 0.5079003906249999 0.3490769234375 0.507119140625 0.3529963375 0.5076953125 0.35468131875000003
2 0.44830078125000006 0.3502417578125 0.450771484375 0.3520952375 0.48296875000000006 0.3511721609375 0.51021484375 0.35256410312500003 0.51021484375 0.357208790625 0.5126953125 0.359069596875 0.513935546875 0.359069596875 0.51640625 0.357208790625 0.5176464843749999 0.3502417578125 0.515166015625 0.348380953125 0.498447265625 0.3469890109375 0.46687500000000004 0.346527471875 0.450771484375 0.34745054999999997 0.44830078125000006 0.3493113546875 0.44830078125000006 0.3502417578125
3 0.486064453125 0.3562783875 0.48544921875 0.3799706953125 0.486689453125 0.3943663 0.49040039062499996 0.43106227031250005 0.492255859375 0.43895970625 0.492255859375 0.44592674062500004 0.49349609375 0.4487179484375 0.49164062499999994 0.4668351640625 0.49659179687500005 0.48402197812500003 0.494736328125 0.48958974375000003 0.494736328125 0.4933113546875 0.49783203125000003 0.522109890625 0.49783203125000003 0.5471941390625 0.5015527343749999 0.5541611718749999 0.50216796875 0.5578754578125 0.502783203125 0.5718095234375 0.5046484375 0.5848205125 0.5046484375 0.588065934375 0.50216796875 0.5936410249999999 0.50216796875 0.5968937734375 0.5040234375 0.607113553125 0.5040234375 0.6191941390625 0.507119140625 0.6233699640625 0.505263671875 0.6275531140624999 0.5046484375 0.632659340625 0.5046484375 0.6382344328125 0.5077441406250001 0.651245421875 0.507119140625 0.6596043953125 0.505263671875 0.6665714281249999 0.5046484375 0.7004835171875 0.5077441406250001 0.7041978015625 0.5046484375 0.713025640625 0.5046484375 0.72231501875 0.5089746093749999 0.7325347984375 0.5089746093749999 0.7367106234375 0.50216796875 0.7678315015625 0.50216796875 0.7706227109375 0.5040234375 0.7720146515625 0.5065039062500001 0.7724761906250001 0.509599609375 0.7706227109375 0.511455078125 0.7571501828125 0.515791015625 0.742754578125 0.51640625 0.7367106234375 0.51640625 0.7316043953125 0.5120703125 0.721846153125 0.5120703125 0.7134871796875 0.515166015625 0.704659340625 0.515166015625 0.7028058609375 0.5120703125 0.6990842484375 0.5126953125 0.6665714281249999 0.515166015625 0.6554212453125 0.515166015625 0.651245421875 0.5120703125 0.6382344328125 0.5120703125 0.6331282046875 0.51455078125 0.6219780218750001 0.511455078125 0.6177948718749999 0.511455078125 0.607113553125 0.509599609375 0.5968937734375 0.509599609375 0.594109890625 0.5120703125 0.5885347984375 0.509599609375 0.5578754578125 0.5089746093749999 0.55323076875 0.505263671875 0.5462637359375 0.505263671875 0.521641025 0.50216796875 0.4933113546875 0.5040234375 0.4835531140625 0.499072265625 0.46636629999999996 0.500927734375 0.4487179484375 0.4996875 0.44592674062500004 0.4996875 0.43849816875 0.497216796875 0.42549450625 0.49288085937500004 0.3799706953125 0.49288085937500004 0.3493113546875 0.48916015625 0.3172600734375 0.4873046875 0.31586813125 0.48483398437499997 0.3153992671875 0.48173828125 0.3172600734375 0.48173828125 0.32097435937499996 0.486064453125 0.3562783875
2 0.463779296875 0.51049816875 0.463779296875 0.511428571875 0.46624999999999994 0.5132820515625001 0.46873046875 0.5132820515625001 0.5176464843749999 0.5081758234375 0.5176464843749999 0.5100293046875 0.520126953125 0.511890109375 0.521357421875 0.511890109375 0.530654296875 0.507706959375 0.531884765625 0.50631501875 0.531884765625 0.5053846156249999 0.5294140625 0.5035311359375 0.521982421875 0.5030622703125001 0.469345703125 0.5081758234375 0.46624999999999994 0.5086373625 0.463779296875 0.51049816875
0 0.53244140625 0.6012454218750001 0.5354882812499999 0.6010329671875 0.5393652343750001 0.59904761875 0.542734375 0.5990329671875 0.5454980468749999 0.596842490625 0.5512011718750001 0.5960805859375 0.554580078125 0.592117215625 0.554921875 0.5904542125 0.55373046875 0.588725275 0.54984375 0.5871355312500001 0.544228515625 0.586886446875 0.54171875 0.587882784375 0.5394921874999999 0.587641025 0.53771484375 0.5881904765625 0.5349707031250001 0.58986813125 0.5340625 0.59218315 0.5301855468750001 0.5936043953125 0.5282324218750001 0.596754578125 0.5296972656250001 0.5999413921875 0.53244140625 0.6012454218750001
1 0.5430371093749999 0.5927179484375 0.5455078125 0.594571428125 0.55603515625 0.5936410249999999 0.5789453124999999 0.594109890625 0.5938085937500001 0.596432234375 0.5956640625 0.596432234375 0.59814453125 0.594571428125 0.59814453125 0.5936410249999999 0.5956640625 0.5917875453125 0.5838964843750001 0.589926740625 0.55603515625 0.5889963375 0.5455078125 0.589926740625 0.5430371093749999 0.5917875453125 0.5430371093749999 0.5927179484375
1 0.513310546875 0.592249084375 0.532509765625 0.598754578125 0.5343652343749999 0.598754578125 0.53931640625 0.5968937734375 0.5455078125 0.594109890625 0.546748046875 0.5927179484375 0.546748046875 0.5917875453125 0.544267578125 0.589926740625 0.5430371093749999 0.589926740625 0.5343652343749999 0.5936410249999999 0.532509765625 0.5936410249999999 0.5188867187499999 0.5894652015624999 0.505263671875 0.58295970625 0.5015527343749999 0.5820293046875 0.499072265625 0.583890109375 0.5003124999999999 0.5862124546875 0.513310546875 0.592249084375
2 0.474921875 0.636842490625 0.482353515625 0.63777289375 0.5337500000000001 0.63777289375 0.53931640625 0.6396263734375001 0.5461328125 0.6387032968749999 0.5504687500000001 0.6400952375 0.55232421875 0.6400952375 0.554794921875 0.6382344328125 0.554794921875 0.6373040296875 0.55232421875 0.6354505500000001 0.546748046875 0.6340586078125 0.540556640625 0.634981684375 0.5349804687499999 0.6331282046875 0.482353515625 0.6331282046875 0.474921875 0.6321978015624999 0.47244140625000003 0.6340586078125 0.47244140625000003 0.634981684375 0.474921875 0.636842490625
0 0.534892578125 0.6394432234375 0.53845703125 0.641699634375 0.542802734375 0.6419413921875 0.5448632812499999 0.641428571875 0.547490234375 0.6435970703125 0.54951171875 0.6442124546875 0.5529296875 0.6436923078125 0.5544921875 0.6428571421875 0.55689453125 0.64018315 0.55703125 0.6381684984375 0.558818359375 0.6373626375 0.55982421875 0.6358534796875001 0.559697265625 0.6344542125 0.5577734375000001 0.63167765625 0.555673828125 0.630908425 0.55236328125 0.6310036625000001 0.550556640625 0.6291575093749999 0.5484375 0.6284835171875 0.54470703125 0.6291135531250001 0.54333984375 0.6307619046874999 0.5435449218749999 0.632542125 0.541015625 0.6326300359375 0.5391503906249999 0.633619046875 0.53708984375 0.6340073265624999 0.5355761718750001 0.6351868125 0.5342578125 0.6375384609375 0.534892578125 0.6394432234375
1 0.5541796875 0.6233699640625 0.5461328125 0.634981684375 0.5455078125 0.6373040296875 0.54798828125 0.6391648359375 0.5510839843750001 0.6382344328125 0.5541796875 0.632659340625 0.5708984375 0.6103663 0.571513671875 0.60804395625 0.56904296875 0.60618315 0.5678027343750001 0.60618315 0.565947265625 0.607113553125 0.560986328125 0.615472528125 0.5541796875 0.6233699640625
2 0.479873046875 0.6693553109375 0.48296875000000006 0.6698241765625 0.5238378906250001 0.6712161171875 0.530029296875 0.67167765625 0.5343652343749999 0.6735384609375 0.53560546875 0.6735384609375 0.538076171875 0.67167765625 0.536845703125 0.6693553109375 0.53126953125 0.6670329671874999 0.497216796875 0.666109890625 0.479873046875 0.6647106234375 0.47740234375 0.6665714281249999 0.47740234375 0.66750183125 0.479873046875 0.6693553109375
0 0.52833984375 0.677245421875 0.533935546875 0.677274725 0.53544921875 0.6763736265625 0.5362109375 0.674981684375 0.5414355468750001 0.67468131875 0.54392578125 0.6726300359375 0.543310546875 0.6693626375 0.5411718750000001 0.6667106234375 0.53916015625 0.6658315015625 0.530283203125 0.6651501828125 0.52697265625 0.6671282046875 0.5259765625 0.6690769234375 0.524892578125 0.671978021875 0.525068359375 0.67431501875 0.5263671875 0.6762417578125001 0.52833984375 0.677245421875
1 0.53126953125 0.6712161171875 0.5337500000000001 0.6730769234375 0.5795703125 0.6730769234375 0.582041015625 0.6712161171875 0.582041015625 0.6702857140625 0.5795703125 0.668432234375 0.54365234375 0.6679633703125 0.5337500000000001 0.668432234375 0.53126953125 0.6702857140625 0.53126953125 0.6712161171875
1 0.519501953125 0.5639120875 0.500927734375 0.577384615625 0.5003124999999999 0.57877655625 0.494736328125 0.58295970625 0.49412109375 0.5852820515625 0.49659179687500005 0.5871428578125 0.499072265625 0.5862124546875 0.4996875 0.5866739921875 0.503408203125 0.58249816875 0.521982421875 0.5690256406249999 0.5287890625 0.5620586078125 0.5349804687499999 0.55741391875 0.53560546875 0.555091575 0.533125 0.55323076875 0.531884765625 0.55323076875 0.530029296875 0.5536923078125 0.5294140625 0.555091575 0.519501953125 0.5639120875
1 0.530029296875 0.7339267406250001 0.531884765625 0.7408937734375 0.5343652343749999 0.742754578125 0.53560546875 0.742754578125 0.538076171875 0.7408937734375 0.5362207031249999 0.7339267406250001 0.53560546875 0.7158095234374999 0.5343652343749999 0.7120952375 0.5343652343749999 0.70745055 0.531884765625 0.7055897437499999 0.530654296875 0.7055897437499999 0.528173828125 0.70745055 0.530029296875 0.7246373625 0.530029296875 0.7339267406250001
1 0.5349804687499999 0.7418241765625 0.5343652343749999 0.7422857140625 0.5362207031249999 0.742754578125 0.5374609375 0.7441465203125001 0.56470703125 0.75250549375 0.573994140625 0.7562197796875 0.575234375 0.7562197796875 0.5777050781249999 0.7543662999999999 0.5764746093750001 0.75204395625 0.5628515625 0.746930403125 0.546748046875 0.7422857140625 0.540556640625 0.7399633703124999 0.538076171875 0.7381025640625001 0.5362207031249999 0.7381025640625001 0.5337500000000001 0.7399633703124999 0.5337500000000001 0.7408937734375 0.5349804687499999 0.7418241765625
0 0.5435546875 0.742336996875 0.542685546875 0.7375750921875001 0.541005859375 0.73641025625 0.538583984375 0.73618315 0.536181640625 0.734564103125 0.53291015625 0.73476923125 0.5263085937499999 0.7387399265625 0.526083984375 0.7420439562500001 0.52802734375 0.74404395625 0.5298828125 0.745663003125 0.5348437500000001 0.74658608125 0.540244140625 0.7451501828125 0.5435546875 0.742336996875
2 0.48296875000000006 0.7371794875 0.49535156249999995 0.73950183125 0.524462890625 0.742754578125 0.538701171875 0.742754578125 0.5411718750000001 0.7408937734375 0.5411718750000001 0.7399633703124999 0.538701171875 0.7381025640625001 0.520126953125 0.7376410250000001 0.5120703125 0.736249084375 0.499072265625 0.73531868125 0.48296875000000006 0.7325347984375 0.48049804687500003 0.734388278125 0.48049804687500003 0.73531868125 0.48296875000000006 0.7371794875
1 0.563466796875 0.6990842484375 0.5362207031249999 0.7028058609375 0.5337500000000001 0.704659340625 0.5337500000000001 0.7055897437499999 0.5362207031249999 0.70745055 0.538076171875 0.70745055 0.5541796875 0.704659340625 0.56408203125 0.7037289375 0.582041015625 0.6995531140625 0.58947265625 0.6995531140625 0.6105273437500001 0.6958388281250001 0.61486328125 0.6935164828125 0.61486328125 0.69258608125 0.6123828125 0.6907252749999999 0.6105273437500001 0.6907252749999999 0.588857421875 0.694908425 0.58080078125 0.694908425 0.563466796875 0.6990842484375
2 0.47677734374999997 0.70140659375 0.5188867187499999 0.7032674 0.52755859375 0.7041978015625 0.5374609375 0.7079120875 0.538701171875 0.7079120875 0.5411718750000001 0.7060512828125 0.53994140625 0.7037289375 0.538076171875 0.7028058609375 0.52755859375 0.6995531140625 0.5120703125 0.698161171875 0.47677734374999997 0.6967619046875 0.47430664062499994 0.6986227109375001 0.47430664062499994 0.6995531140625 0.47677734374999997 0.70140659375