1 0.5313274781249999 0.42393533593750005 0.5310639796875 0.42287849531250005 0.5277192015625001 0.42147620625000004 0.526320378125 0.421824971875 0.5244613625000001 0.423402175 0.5205444703125 0.43167084375 0.5138912484375 0.4529431578125 0.5127810328125 0.46050320312500004 0.5131752453125 0.462084303125 0.5165220984375 0.463494915625 0.5179209234375 0.4631461484375 0.520213775 0.4603294015625 0.5207441890625 0.45347076406250003 0.525073959375 0.437824753125 0.5313274781249999 0.42393533593750005
1 0.529654053125 0.42323002968749995 0.5310639796875 0.42287849531250005 0.5333589078125 0.42007006875 0.5329626203125 0.4184806484375 0.5288273421875 0.41390783750000004 0.5238202421875 0.4117974734375 0.5180115375 0.40651935625 0.50271355625 0.3991258703125 0.497431853125 0.39596143281249996 0.497168353125 0.39490459218749996 0.4872827875 0.3911998 0.483632809375 0.39155299375 0.4813399578125 0.3943697421875 0.48269708125 0.3968332984375 0.484948234375 0.39682887187500004 0.4941323125 0.40069972500000006 0.49703215156249997 0.40334432812500004 0.501078415625 0.40458055625 0.512330134375 0.41073781406250004 0.5189689609375 0.4163658078125 0.5231459390625 0.41812629687499997 0.526320378125 0.421824971875 0.529654053125 0.42323002968749995
2 0.5216943109375001 0.421290153125 0.49450310625 0.4291922203125 0.451441803125 0.439371759375 0.449146875 0.44218018593749997 0.449410375 0.443237025 0.45275722656250006 0.44464763749999997 0.49581852968750006 0.43446809843749995 0.5342780453125 0.4237565265625 0.5365618703125 0.42095086875 0.5362983703124999 0.419894028125 0.5329626203125 0.4184806484375 0.5216943109375001 0.421290153125
1 0.571159190625 0.5597131421875 0.5678255156249999 0.558308084375 0.5664155890625 0.5586596187499999 0.5641206609375 0.5614680453124999 0.565390971875 0.5785285640625 0.57210088125 0.6054405390625 0.5765775671875 0.614409540625 0.57991331875 0.6158229203125 0.5813232453125 0.6154713859375 0.5836160968749999 0.6126546375 0.5791394109375 0.6036856359375 0.5725602140625 0.5772979203124999 0.571686190625 0.5618268234375 0.571159190625 0.5597131421875
0 0.5323066015625 0.35937950937499996 0.5325121328125 0.35642027187499997 0.5311120265625 0.354824803125 0.5260401390625 0.35396803593750004 0.5222282640625 0.35556368125 0.5137419828125 0.3563360390625 0.509914715625 0.3590050265625 0.509781040625 0.36324566406250003 0.512450928125 0.3699339359375 0.5145954734375 0.371441021875 0.5152761171875 0.3740290484375 0.519593715625 0.3778669703125 0.5220096140625 0.3783341234375 0.5241494546875 0.37783595625 0.5270739156250001 0.3764173734375 0.5301991859374999 0.373675925 0.531211478125 0.371682271875 0.530769128125 0.36683395 0.5334272421875 0.3626444921875 0.5323066015625 0.35937950937499996
1 0.526094690625 0.3669564296875 0.5227478390625 0.3655458171875 0.5213379140625001 0.36589735156250003 0.5190561609375 0.36871133125 0.5182622484375 0.374513128125 0.519841171875 0.380845846875 0.522686134375 0.38629721875 0.537900715625 0.3993153515625 0.5416834796875001 0.3994947390625 0.54397840625 0.3966863140625 0.54371490625 0.3956294734375 0.5294611625 0.3834854765625 0.525431490625 0.373282484375 0.526094690625 0.3669564296875
1 0.5883184531250001 0.3256592859375 0.589070665625 0.3226698109375 0.5857258890625 0.32126752187499996 0.5836165515625 0.3217934390625 0.5473498984375 0.3442796703125 0.5348517625 0.35412219375 0.5219594140625 0.36238361874999997 0.5201135765625 0.363966375 0.5193613625 0.36695585 0.5227061390625 0.368358140625 0.524116065625 0.36800660625 0.556456065625 0.344811171875 0.5631003828125001 0.34147517031249996 0.5726062515625 0.33462377656250003 0.5883184531250001 0.3256592859375
2 0.5217487171874999 0.3585116875 0.4769611859375 0.3708010109375 0.4541721703125 0.37536041249999996 0.43529663437500005 0.3806234625 0.425887340625 0.3818557640625 0.4235924125 0.384664190625 0.4238559125 0.38572103125 0.427202765625 0.3871316421875 0.43590154375 0.3860764921875 0.45548759531250005 0.3806362921875 0.49939220000000006 0.3708121828125 0.50898708125 0.367297371875 0.5230641421875 0.3637875671875 0.52534589375 0.3609735875 0.5250844671875 0.3599250671875 0.5217487171874999 0.3585116875
1 0.5608810171874999 0.49446387812500003 0.5585881625 0.49728062656249994 0.5619095203125 0.5255943125 0.5616226 0.55144886875 0.562147525 0.5535542265625 0.5654943765625 0.5549648390625 0.5669043046875 0.5546133046875 0.5691860546874999 0.551799325 0.56872625 0.5199702484375 0.5656266921875 0.4955257234375 0.562279840625 0.49411511093750005 0.5608810171874999 0.49446387812500003
0 0.49778636875000004 0.310029821875 0.501922175 0.3111995296875 0.50652244375 0.31371185156250003 0.5123056359375 0.3124555578125 0.51944030625 0.30564735781249996 0.518661809375 0.3003967078125 0.5129568921875001 0.297284759375 0.5084287765625 0.2965752578125 0.5057905921875 0.2973921296875 0.502529190625 0.3003442984375 0.4992545671875 0.30154082656250003 0.496882871875 0.3040413546875 0.49610343749999997 0.3081513125 0.49778636875000004 0.310029821875
2 0.4078435296875 0.32750531562499996 0.399131575 0.3285549109375 0.396849825 0.3313688921875 0.3971133234375 0.33242573124999997 0.40044700000000005 0.3338307921875 0.40845954375 0.332955578125 0.50405949375 0.3085629828125 0.510254721875 0.3064526515625 0.5125496515625 0.30364422343749997 0.5122861515625 0.30258738281249997 0.5089392984375001 0.30117677187499997 0.4521951484375 0.3164472140625 0.4078435296875 0.32750531562499996
0 0.5002894578125 0.22306753124999998 0.4975459703125 0.2236985265625 0.493718396875 0.22315023906250003 0.4915270890625 0.2238203375 0.487401790625 0.22794249843749997 0.48736231874999997 0.23237178125 0.4875492046875 0.2347293609375 0.48992125 0.2371961953125 0.4897688265625 0.24055761874999998 0.492613046875 0.24335751249999998 0.4979395453125 0.24419499218750002 0.5030532421875 0.2420979890625 0.5048498609375 0.2386625 0.504698125 0.2338919796875 0.5069499609375 0.232093090625 0.5078984453125 0.2300799921875 0.5045101468750001 0.22391555625 0.5002894578125 0.22306753124999998
1 0.49021266875 0.2380339421875 0.469097078125 0.24329865 0.4668042265625 0.24611539843750002 0.46706772656249995 0.24717223906250002 0.47041250312500005 0.24857452812499997 0.49491664375 0.2419081125 0.5000710500000001 0.23557597187499998 0.49980755 0.23451913281249998 0.4964627734375 0.2331168421875 0.495052846875 0.2334683765625 0.49021266875 0.2380339421875
2 0.5545501421875 0.658014853125 0.50263299375 0.6687141750000001 0.5003512437500001 0.6715281562500001 0.50061266875 0.672576675 0.5039484187500001 0.6739900546875 0.526604646875 0.6688980718749999 0.5360271156249999 0.6676713249999999 0.5924681421875 0.654164684375 0.6007838109375 0.65152566875 0.6030787375 0.648717240625 0.6028152375 0.6476604 0.5994683859375 0.6462497890625001 0.5545501421875 0.658014853125
1 0.516647775 0.1821219703125 0.5152378484375 0.1824735046875 0.513392009375 0.1840562609375 0.5035630078125 0.21061053749999997 0.494262346875 0.23029785625 0.49452584687499995 0.2313546953125 0.4978727 0.2327653078125 0.5011284640625 0.23083101718750001 0.5021441765625 0.22889838281250002 0.5094113375 0.213068009375 0.5202470234375001 0.184592190625 0.519983525 0.18353535 0.516647775 0.1821219703125
2 0.5011284640625 0.23083101718750001 0.5008649640625 0.22977417656250002 0.4975181125 0.2283635640625 0.4778124484375 0.2332767390625 0.40904777656249997 0.254346159375 0.39676375468749997 0.2590882984375 0.394482003125 0.261902278125 0.394745503125 0.26295911875 0.398081253125 0.2643724984375 0.40090110624999997 0.2636694296875 0.4103632015625 0.25962203906250003 0.440801146875 0.24979676875 0.4791278734375 0.2385526171875 0.4988335359375 0.23363944375 0.5011284640625 0.23083101718750001
3 0.5321986437499999 0.60137965625 0.5484690359375 0.66961620625 0.552379096875 0.679292171875 0.5611873671875001 0.7236062203125 0.56523363125 0.7248424484375 0.5679095953125 0.7236095687499999 0.5696358234375001 0.7214997828125 0.5634584015625 0.68773749375 0.560694765625 0.6766531546875 0.5567847046875001 0.666977190625 0.5406470984375 0.5992732203125 0.5350385015625 0.582737509375 0.5110424859375 0.489521615625 0.493171475 0.3998255890625 0.48882891562499997 0.38240853124999996 0.48078906562499996 0.3591957609375 0.47005497187499995 0.3131167984375 0.46005991718750006 0.264042809375 0.45266157500000004 0.21937722656249997 0.4487153015625 0.2035495890625 0.44010675312499997 0.1810354609375 0.4376032 0.17998027968750002 0.4346616640625 0.1801479984375 0.431669396875 0.18313912968749999 0.4403975578125 0.20618028437499997 0.44408033125 0.2209510828125 0.45161146093750004 0.2661492453125 0.4616065171875 0.315223234375 0.47247132187499996 0.3618264578125 0.480513246875 0.38504755 0.48459023281249997 0.4013994453125 0.50259403125 0.4916280515625 0.526590046875 0.584843946875 0.5321986437499999 0.60137965625
1 0.5078818843749999 0.3059217265625 0.5111397249999999 0.3039957578125 0.5137905796875 0.29660843593749997 0.5170880437500001 0.291861821875 0.518723184375 0.286407134375 0.5233415640625 0.2779724046875 0.5230780640625 0.2769155640625 0.5274023437500001 0.27023355 0.530042096875 0.2628489953125 0.53290365 0.2593336046875 0.5329564515625 0.25651851406250004 0.5296116734375 0.2551162234375 0.5282017484375 0.25546775781250003 0.527053246875 0.2568678109375 0.526223121875 0.25651793437500003 0.52388856875 0.26214700468749996 0.52204065625 0.263721440625 0.520974215625 0.2684774875 0.5166610359375 0.275156734375 0.510668940625 0.29009467031249997 0.5073603734375001 0.294844053125 0.504284709375 0.303459828125 0.504548209375 0.30451666875 0.5078818843749999 0.3059217265625
0 0.5758552953125 0.5539548937500001 0.5767348 0.5514286609375 0.5757465421875 0.548316284375 0.57411671875 0.5468399625 0.5673115 0.546503753125 0.553894509375 0.550485384375 0.5513991609375 0.55230079375 0.5492815046875 0.5564350484375 0.5491078546875 0.5585289640625 0.5500189718749999 0.5600077 0.5592988953125 0.5646413171875 0.5616447609375 0.5650640609375001 0.5652274562499999 0.5692177953125 0.570321546875 0.570069028125 0.574096153125 0.5691279125 0.5761048796875 0.5677255140625 0.5781149390625 0.563679959375 0.576559796875 0.5598073578125 0.573197865625 0.5563498859375 0.5758552953125 0.5539548937500001
2 0.5416479484375001 0.564269196875 0.55629370625 0.56006075 0.5657578765625 0.556021678125 0.568039628125 0.5532076984375001 0.567776128125 0.5521508578125001 0.5644424515625001 0.5507458 0.5616226 0.55144886875 0.5542788703125 0.5549592546875 0.539622009375 0.55917046875 0.53355749375 0.5618050593749999 0.492857928125 0.5725182906249999 0.47851736875000006 0.57497125625 0.47622244062499997 0.5777796828125 0.47648594062500005 0.578836521875 0.47983279218749997 0.580247134375 0.4941733515625 0.57779416875 0.5355723296875 0.5669065578125 0.5416479484375001 0.564269196875
0 0.551159684375 0.475621328125 0.5466247875 0.4728982515625 0.5436548218749999 0.47304654218750003 0.5387867140625 0.47513534843749994 0.535313834375 0.47884735312500004 0.53560224375 0.48269990937499996 0.5353314484375 0.48572845156250005 0.5377280359375 0.4896652625 0.5396695453125 0.4908782546875 0.547638053125 0.49133985312500006 0.5496031125 0.49260000625 0.5520045953125 0.4928674609375 0.557244528125 0.4917024203125 0.5606585515625 0.4887475546875 0.5617033015625 0.48423556718749994 0.5611365546875 0.48238812500000006 0.5535917921875 0.47847093906250004 0.551159684375 0.475621328125
1 0.5443892953125 0.48232985937499995 0.54297936875 0.48268139374999997 0.54069554375 0.48548705468750003 0.5410897546875 0.48706815312499996 0.5475450687500001 0.4949869765625 0.5539586828124999 0.5057181234375 0.5658284874999999 0.517333965625 0.5696112515625 0.5175133546875 0.5719041046875 0.51469660625 0.5716406046875 0.513639765625 0.5640388656249999 0.5071293156250001 0.5486969859374999 0.4846146078125 0.5443892953125 0.48232985937499995
1 0.58225621875 0.43925662968749996 0.5822979187499999 0.436444309375 0.5789531421875 0.4350420171875 0.5775543171875 0.4353907828125 0.5755645890625 0.436443728125 0.5734135515625 0.43978196875000003 0.5618783281249999 0.45050694843750005 0.5429938859375001 0.4737063109375 0.53906381875 0.48196942500000006 0.5393273187500001 0.48302626562500006 0.5426741703125 0.4844368765625 0.5459299343749999 0.48250258593749995 0.5488331875 0.4761748734375 0.5712896953125 0.44928296874999996 0.58225621875 0.43925662968749996
2 0.545666434375 0.48144574531249995 0.52327370625 0.4875945671875 0.4644487421875 0.500573053125 0.45274452031249995 0.50461378125 0.45046277031250004 0.5074277609375 0.4507262703125 0.5084846015625 0.4540599453125 0.509889659375 0.47632196093749996 0.503216578125 0.5245891312500001 0.49287044843750005 0.5435953828125 0.48813165625000005 0.546981859375 0.48672162500000005 0.5492767875 0.483913196875 0.5490132875 0.4828563578125 0.545666434375 0.48144574531249995
0 0.540020428125 0.41420185781249996 0.53453028125 0.4141741625 0.528581475 0.4160904703125 0.5219426234375 0.42044158125 0.519082603125 0.4246725390625 0.5191768640625 0.42930712812499994 0.5215136390625 0.4316324984375 0.5238529562500001 0.432454621875 0.5328802359375 0.43091981874999996 0.535832353125 0.42781495312500006 0.5384961609375 0.4270535640625 0.541128878125 0.42522158125000004 0.5435647390625 0.42137038281250006 0.543401359375 0.4173098765625 0.540020428125 0.41420185781249996
1 0.5084868124999999 0.6622076546875 0.5062050625000001 0.6650216343750001 0.5064685609375 0.6660784734375 0.5098022359375001 0.6674835328125 0.5356329046875 0.666090225 0.5940504796875 0.6515250875 0.5963433328125001 0.6487083390625 0.5960819078124999 0.647659821875 0.5927350546875 0.6462492078125 0.5442954734375001 0.658883403125 0.5313669140624999 0.6609931546875 0.5084868124999999 0.6622076546875
1 0.6021047234375 0.6478375515625 0.60294595 0.6481846609375 0.60325115 0.6464291765625 0.6111363953125 0.6360573875 0.6144755609375 0.628498453125 0.6202097671875 0.6214649015625 0.629455553125 0.6045843515625 0.6426168890625 0.5884157734375 0.64758778125 0.5843744656250001 0.6467576546875 0.584024590625 0.6476405828125 0.581559375 0.6442937296875 0.5801487625 0.642184390625 0.5806746796875 0.6379129125 0.5845416046875 0.635184146875 0.5885895765625 0.633205521875 0.5896397531249999 0.6224587234375 0.6035269328124999 0.6132129374999999 0.6204074828125 0.6090721718750001 0.6247986671875 0.6041395656249999 0.6349999671875 0.5962543203124999 0.64537175625 0.5962126203125 0.6481840796875 0.5995594734374999 0.6495946921875 0.6021047234375 0.6478375515625
0 0.590931925 0.6428008328125 0.5850782796875 0.64727436875 0.5838346 0.64975881875 0.5846350078125 0.6544825125 0.5872168265625 0.657506928125 0.592422009375 0.6591347984375 0.5973929921875001 0.658593665625 0.6014568953125 0.6567318890625 0.6075081890625 0.6523416546874999 0.6094274375000001 0.6491142421875 0.6088006171875 0.64418816875 0.605770175 0.64087785625 0.603538346875 0.6401084828125 0.590931925 0.6428008328125
1 0.45391917968750006 0.2964038859375 0.45026712656249995 0.2967487578125 0.44798537656250004 0.2995627375 0.4500419125 0.3018519125 0.466975034375 0.3037907109375 0.48127389374999996 0.30415006718750004 0.50295269375 0.30715071250000003 0.5066047453125 0.3068058421875 0.5088975984374999 0.30398909375 0.506829959375 0.3017026890625 0.4791283453125 0.2985243125 0.46861224999999995 0.29834434375 0.45391917968750006 0.2964038859375