1 0.5629195171875 0.5222372078124999 0.563091725 0.52154651875 0.5615862953125 0.519686240625 0.5601874703124999 0.5193374734375 0.5586254640625 0.5196904875 0.5458211000000001 0.5176028625 0.5323546390625 0.514245296875 0.529947225 0.5140162921875 0.5277467359375 0.51494374375 0.527572453125 0.5156427546875 0.5290799578125001 0.5174947125 0.5449517593750001 0.5210896015625 0.5586796453125 0.5233986500000001 0.5617255421875 0.5230532171875 0.5629195171875 0.5222372078124999
0 0.520446328125 0.5100299390624999 0.5201872265625 0.5122988015625001 0.5202953515625001 0.5157906031249999 0.5217489125 0.5178589203125 0.5240879984375 0.5194497515625 0.5316465640625 0.52176741875 0.5340402578125001 0.5212947296875 0.5363272375 0.519169078125 0.5377235781249999 0.5135686578125 0.5349033828125 0.5087996171875 0.5314855671875 0.5072315109375001 0.5247996625 0.5075621171875 0.5219894109375 0.5085231515624999 0.520446328125 0.5100299390624999
2 0.530293396875 0.5185397234375 0.5325049890625 0.517615040625 0.53150715625 0.5136716015625 0.5296225921875 0.5113455609375 0.50175711875 0.5043979171874999 0.4984282578125 0.5039391734375 0.4909355640625 0.5042895921875 0.4889072828125 0.5045263531249999 0.48754109999999995 0.5060330515625 0.4890597078125 0.5078877765625001 0.4904474296875 0.508233775 0.5008877765624999 0.5078846593749999 0.5268992531250001 0.5143700484375 0.5281474078125 0.5172622015624999 0.52937195 0.51830998125 0.530293396875 0.5185397234375
1 0.539187925 0.4908112453125 0.54277853125 0.484308340625 0.5412710265625 0.482456384375 0.5403384765625 0.48222387343750006 0.5381379875000001 0.483151321875 0.5354361875 0.4880285046875 0.5320743640625001 0.49162742656249997 0.5295579484374999 0.49580836718750004 0.523757825 0.5032276328124999 0.5192891687500001 0.50729305625 0.5191148859375 0.5079920687499999 0.52063349375 0.50984679375 0.5231280500000001 0.5097262890625001 0.527583528125 0.50566641875 0.539187925 0.4908112453125
1 0.5778012828125 0.48231892812500005 0.5764135609375 0.48197293124999996 0.558770434375 0.48349605625000003 0.5445238484375 0.483267403125 0.5413036671875 0.4843118484375 0.541129384375 0.485010859375 0.542636890625 0.48686281718749996 0.5440246125 0.48720881406250005 0.5673258999999999 0.48673403281249994 0.576931940625 0.48580566875000003 0.57914560625 0.4848726671875 0.579317815625 0.484181975 0.5778012828125 0.48231892812500005
0 0.534467471875 0.4768267640625 0.5308870171875 0.476667684375 0.528208671875 0.47866040156249995 0.52686085625 0.48330948281249997 0.528924025 0.4869528515625 0.5349467515625 0.49027529531249997 0.5435964625 0.491574540625 0.5476155375 0.49016359375 0.5488737234375 0.4889481671875 0.5493755 0.4865099984375 0.5469065171875 0.4819876265625 0.54100744375 0.4779800625 0.534467471875 0.4768267640625
2 0.543569440625 0.487095328125 0.5457699296875 0.486167878125 0.5459442125 0.48546886562499997 0.5444367078125001 0.48361690937499996 0.5278917062499999 0.4787493109375 0.522610603125 0.4781750515625 0.4995926 0.473540878125 0.4976514609375 0.47342813125000005 0.49543987031250003 0.4743528125 0.49526558749999994 0.475051825 0.4967841953125 0.4769065484375 0.4986381921875 0.4773688015625 0.5020632218750001 0.47748913281250005 0.522198509375 0.48176695625 0.5274907140625 0.4823439859375 0.543569440625 0.487095328125
2 0.4589876765625 0.6205545765625 0.463833071875 0.6228763671875 0.48177897031250005 0.6280844109375 0.49211031875 0.6321452375 0.4975657046875 0.632020484375 0.5064787625 0.6338715265625 0.5149779703124999 0.6334096640625 0.51688646875 0.631666946875 0.5153810390625 0.62980666875 0.513993315625 0.6294606703125 0.5064134796875 0.6301605968749999 0.49796669531250004 0.6284258109375 0.49251338437500003 0.6285422406250001 0.4831125125 0.624722246875 0.46516868906250003 0.6195058828125 0.46032121875 0.6171924125 0.4528941265625 0.6153406296874999 0.4506825359375 0.6162653109375 0.45050825312500004 0.616964325 0.452026859375 0.61881905 0.4589876765625 0.6205545765625
0 0.5016306390625 0.5936302515625 0.50026893125 0.5955446546875 0.5009242484375 0.59882816875 0.500383484375 0.6019902453125 0.5015041 0.604116971875 0.503765690625 0.6059713265625 0.5080704890625001 0.6071506984374999 0.5140745984375 0.60610209375 0.5166521921875 0.603898640625 0.5177513890625 0.6016182640625 0.5159588890625 0.5972203640625 0.5121765390624999 0.5943239250000001 0.5080790375 0.5929752640625 0.504096115625 0.5926804828125001 0.5016306390625 0.5936302515625
1 0.508769721875 0.5989546156250001 0.48953402500000004 0.5989669703125 0.47804134375 0.597577615625 0.47582975312500003 0.598502296875 0.47565546875000003 0.5992013109375 0.4771740765625 0.6010560359375 0.48477545156249996 0.602208803125 0.5082815890625 0.602898796875 0.51150176875 0.6018543515625 0.511676053125 0.6011553390625 0.5101574453125 0.5993006140625 0.508769721875 0.5989546156250001
0 0.5182304171875 0.6292089437499999 0.5130435296875 0.62575018125 0.505018721875 0.6242620265625 0.50241409375 0.624682125 0.4995877859375 0.6264169796875 0.49370831718749997 0.6253576515625 0.49046924531249997 0.6261940921875 0.48607136406249996 0.627563625 0.4846614234375 0.629907946875 0.48677325937499993 0.6336871937499999 0.49021131249999994 0.6354106093749999 0.49784162656250003 0.6363054265625 0.5004253984375 0.6358270953125 0.50495965 0.6385928046875 0.507595540625 0.6391351000000001 0.5157302500000001 0.6382906734375 0.5190636750000001 0.6356569484375 0.51936704375 0.632311940625 0.5182304171875 0.6292089437499999
1 0.5320932140625 0.5152938140625001 0.530585709375 0.5134418578125 0.529653159375 0.513209346875 0.52745266875 0.514136796875 0.5244043781250001 0.5204036828125 0.520011465625 0.54000906875 0.519869825 0.5425635453125001 0.5213773296875 0.544415503125 0.5223098796875 0.5446480125 0.52451036875 0.5437205640625 0.5254126718750001 0.53617615625 0.52897095625 0.521904653125 0.531746721875 0.5166835171875 0.5320932140625 0.5152938140625001
2 0.474376746875 0.5944453703125 0.4850566609375 0.597108171875 0.48674747656250006 0.5982722046875 0.4890677484375 0.5988507140625 0.4956494328125 0.6001204796875 0.5047041343750001 0.59941704375 0.5061029578125 0.599765809375 0.5069699046875 0.602200525 0.5091158953125 0.6034780453125 0.5113295609375 0.6025450421875 0.51150176875 0.6018543515625 0.5097567734374999 0.59698215625 0.507610784375 0.595704634375 0.495597328125 0.596403996875 0.489004540625 0.5951314640625001 0.48732275312500006 0.59397851875 0.4757102890625 0.59108320625 0.47179744375 0.5889939265625 0.46633303125000003 0.5891075890625 0.464130465625 0.590043359375 0.4639582578125 0.59073405 0.4654636890625 0.592594328125 0.47185162500000005 0.5927020875 0.474376746875 0.5944453703125
1 0.5770328734375 0.463645240625 0.5714271390625 0.46040024687500003 0.5651940203125 0.45773245781250005 0.5608888671875001 0.45518296874999997 0.5447775015625 0.44857616250000004 0.5425770109375 0.44950361250000004 0.5424027265625 0.4502026234375 0.543910234375 0.4520545796875 0.5475421890625001 0.4533313625 0.5500673109374999 0.45507464375 0.5595664265625 0.4585479015625 0.5747778859375 0.4667776625 0.57616560625 0.46712366093749996 0.578366096875 0.46619621093749997 0.5785403812500001 0.4654971984375 0.5770328734375 0.463645240625
2 0.5270681328125 0.5473193109375 0.526571290625 0.54533926875 0.5198371828125 0.54070808125 0.5137762734375 0.5373496 0.5109897265625001 0.5366548359375 0.494204840625 0.534688453125 0.47990407343749997 0.5307516390625 0.4776924828125 0.5316763203125 0.4775181984375 0.5323753328125 0.47903680625 0.5342300578125 0.4938038484375 0.538283128125 0.51197645625 0.5405955078125 0.517203059375 0.543374740625 0.52393509375 0.54801425 0.5248676437500001 0.5482467609375 0.5270681328125 0.5473193109375
0 0.52992805 0.5423754859375001 0.5274479546874999 0.5405462 0.5239938468750001 0.5395966046875 0.5198094 0.5352387249999999 0.5149654921875 0.533951453125 0.51242601875 0.5342994078125 0.5083342296875 0.5331643046875 0.5052113796875 0.53448050625 0.50393851875 0.5373628218750001 0.5055554328125 0.54076234375 0.509966434375 0.5438332015625 0.5129609140625 0.547903228125 0.5161152312499999 0.550528175 0.5219173140625 0.5519924734375 0.5274200953125 0.551251978125 0.5305020375 0.5490593671874999 0.5314936390625 0.5466902921875 0.52992805 0.5423754859375001
1 0.5226890125 0.545113775 0.523555959375 0.5475484875000001 0.5515714625 0.5637790078125 0.5529702859375 0.5641277734375 0.5551728515625001 0.563192003125 0.555345059375 0.5625013125 0.5529921453125 0.5600673390625001 0.5433864234375 0.555082571875 0.5262883265625 0.5445350921875 0.5248895015625 0.544186325 0.5226890125 0.545113775
1 0.519436190625 0.54430275625 0.5216366796874999 0.54337530625 0.5218109625 0.5426762921875 0.5203034578125 0.5408243359375 0.5189046328125 0.5404755703124999 0.49830275156250003 0.5419946234374999 0.49767537031250003 0.542571825 0.4882741765625 0.544664965625 0.48377288125 0.5468749234375 0.4829601140625 0.5481483703125 0.48447872031249994 0.5500030953125 0.48540017031250005 0.5502328375000001 0.49248108906250004 0.547561190625 0.5003963140625001 0.54546879375 0.5110220484375 0.5444234328124999 0.519436190625 0.54430275625
2 0.4985066671875 0.570877896875 0.5059011171875001 0.5708742140624999 0.5133608515625 0.5745814609375001 0.515692225 0.5751627375 0.5229123921875 0.57585806875 0.5251128828125 0.5749306187500001 0.525287165625 0.5742316062499999 0.5237796593749999 0.5723796484375 0.5146943921875 0.5712192968750001 0.5063132109375 0.567282309375 0.5017813484375 0.56762848125 0.4898203171875 0.56613119375 0.4826872921875 0.5650863578124999 0.474881065625 0.5627688140625 0.4682011390625 0.5618457875 0.46600064999999996 0.5627732375 0.4658263671875 0.56347225 0.46733387187500003 0.56532420625 0.4740117234375 0.5662555546875 0.48181795000000005 0.5685730984374999 0.4985066671875 0.570877896875
0 0.50435465 0.564354453125 0.5011365 0.5671406640625001 0.5023060296875 0.5706319359375 0.5060584515625 0.5752091390625 0.513408915625 0.5784560375 0.5230885078124999 0.580259546875 0.5262038953125 0.5791624578125 0.5280555046875001 0.576512828125 0.5279161046875 0.574754490625 0.5256722875000001 0.57074788125 0.5217368375 0.5690330343750001 0.5183550968749999 0.5665635171875001 0.51260058125 0.5665164609375 0.5072863265625001 0.5643252578125 0.50435465 0.564354453125
1 0.5611876453125 0.580592809375 0.5560808265625 0.5793195359375 0.524245934375 0.5724959046875 0.5218405953125 0.5722585796875 0.5196269296875 0.5731915828124999 0.5194547203125001 0.573882275 0.520971253125 0.5757453203125 0.5232915265625 0.5763238281249999 0.5276400796875 0.5766655796875 0.560320378125 0.584071228125 0.5625319703125 0.5831465453125 0.562706253125 0.5824475328125 0.5611876453125 0.580592809375
1 0.51756808125 0.57156455625 0.516646634375 0.5713348140625001 0.5137944859375 0.5728422515625 0.510724653125 0.5772564421874999 0.49437071093749996 0.5953645390625 0.49194143749999997 0.5991959718750001 0.49344894375 0.6010479281250001 0.49438149375 0.6012804390625 0.497222540625 0.5997702328125001 0.50727536875 0.587118003125 0.5188252640625 0.5744677984375001 0.5190846140625001 0.5734276031250001 0.51756808125 0.57156455625
2 0.5644558859375 0.3736232359375 0.5744973156250001 0.3768604734375 0.5767089078125001 0.375935790625 0.576883190625 0.3752367796875 0.5753645828125 0.3733820546875 0.5648589515625 0.370020240625 0.5577564921875 0.3708391921875 0.54429003125 0.36748162500000003 0.5384228703125 0.36528515 0.5281241640625 0.3630797890625 0.5259104984375 0.3640127921875 0.5257382890625 0.3647034828125 0.527254821875 0.3665665296875 0.537089328125 0.3686473140625 0.5434227640625 0.37096004374999997 0.5573443984375 0.374431096875 0.5644558859375 0.3736232359375
0 0.5796528140625 0.37557376875 0.5787917640625 0.3726897421875 0.5770519265625 0.37001971562499997 0.573154734375 0.36753658749999996 0.56855040625 0.3665653765625 0.5580177453124999 0.36775768750000004 0.554107225 0.3668887515625 0.5500092750000001 0.36767015000000003 0.54809619375 0.3688637125 0.5480480890625 0.3730767046875 0.5511998515625 0.37689426406250004 0.5599298609375001 0.377966040625 0.562352821875 0.377659746875 0.5645344062500001 0.3792201484375 0.57164380625 0.381116465625 0.5764695953125 0.380490021875 0.5790619296874999 0.3785112140625 0.5796528140625 0.37557376875
1 0.5701161203125 0.3746632578125 0.5745847765625001 0.3705978359375 0.5833999109375 0.366882484375 0.5918685546875 0.3645568328125 0.5975072499999999 0.36374415937500004 0.5971281171875 0.3632783984375 0.5983960578125 0.3621184375 0.5968885515625 0.36026648125 0.5959560015625 0.3600339703125 0.5891476078125 0.3616598671875 0.5882150578124999 0.36142735625 0.5806678640625 0.3639827484375 0.5797464171875 0.3637530046875 0.5736851890625 0.36630765625 0.5729574875 0.36723992031249997 0.5708330390625 0.3678150953125 0.5662883421875 0.3722327921875 0.566116134375 0.372923484375 0.5676236390625 0.374775440625 0.5701161203125 0.3746632578125
1 0.5888640046875 0.37268195312499997 0.5807418531249999 0.3736179 0.5744431343749999 0.37315231249999997 0.5722315421874999 0.37407699375000003 0.572057259375 0.3747760046875 0.5735758671875 0.37663073125 0.575429865625 0.377092984375 0.5883758718750001 0.3766261328125 0.589937878125 0.37627311875 0.591304059375 0.37476642031249996 0.589785453125 0.37291169687500003 0.5888640046875 0.37268195312499997
2 0.5479950171875 0.3961329546875 0.551160696875 0.3972934796875 0.553653178125 0.3971812984375 0.5625332765625 0.4030900078125 0.5634658265625 0.40332251875 0.5656663156249999 0.40239506875000003 0.5651805765625 0.40041779687499995 0.55544396875 0.3939243 0.5532108375 0.39299628750000004 0.55118255625 0.39323304531250003 0.5449689046875 0.392426271875 0.5221342109375 0.38710417812500003 0.5158354921875 0.3866385921875 0.5136239 0.38756327343749997 0.5134496171875 0.388262284375 0.514968225 0.390117009375 0.5163559484375 0.3904630078125 0.5217221171875 0.390696084375 0.5441016375000001 0.3959046921875 0.5479950171875 0.3961329546875
0 0.5519394484375 0.3996089765625 0.5551382375 0.4041365328125 0.5615224140625 0.40657681874999996 0.569113753125 0.4054996875 0.57108203125 0.40119976093750004 0.5700863375 0.39913953593749996 0.5673446765625 0.397271553125 0.5631572109375 0.39259471874999996 0.55394895625 0.390272328125 0.5503302406249999 0.3908815296875 0.5478681421875 0.3935203671875 0.5483770296875 0.39583045 0.5519394484375 0.3996089765625
1 0.5821891359375 0.41723623437499996 0.5831216859375 0.4174687453125 0.58532425 0.41653297343749995 0.584836434375 0.4145640234375 0.5836098203125 0.41352456562500006 0.56340054375 0.3996115890625 0.561200053125 0.4005390390625 0.56169896875 0.40251075937499997 0.5821891359375 0.41723623437499996
1 0.5197520890625 0.61426171875 0.5169002609375 0.6098560234375 0.51707454375 0.6091570125 0.5151007625 0.6071888000000001 0.5113840609375 0.600340071875 0.5108306453125 0.6005733234374999 0.5091488562500001 0.599420378125 0.506937265625 0.600345059375 0.5069699046875 0.602200525 0.513507871875 0.6115911609375 0.519143853125 0.622613071875 0.52088885 0.62748526875 0.5230348390625 0.6287627890625 0.5252485046875 0.6278297859374999 0.5254207140625 0.62713909375 0.5217585125 0.6180853953125001 0.5209110296875 0.6175117 0.5197520890625 0.61426171875
1 0.5069564343749999 0.6180983125 0.5077063125 0.6071924828124999 0.5070896890625 0.6037064828125 0.5055821828125 0.6018545265624999 0.5046496328125001 0.6016220156250001 0.50244914375 0.602549465625 0.50218771875 0.6035979828125 0.5029675250000001 0.606382203125 0.5022287484375 0.6172908015624999 0.504472340625 0.63004785 0.5053392890625 0.6324825640625 0.5074852765625 0.633760084375 0.5096989421875 0.63282708125 0.5098711515625001 0.632136390625 0.5082132968749999 0.6269146890624999 0.5069564343749999 0.6180983125
3 0.5036524671875 0.5126398578125 0.5003556062500001 0.5258628421875 0.48496951875 0.5974576765624999 0.4807185703125 0.608595453125 0.4775504953125 0.6133563828125 0.47431891875 0.6302902953125 0.47220317500000003 0.63678969375 0.47049952812500007 0.639697184375 0.4699787515625 0.6417859 0.4719525328125 0.6437541125 0.473893671875 0.643866859375 0.4755518453125 0.643175428125 0.47768912812500003 0.6385287265625 0.4818008296875 0.6240239734374999 0.483038521875 0.6150870953124999 0.48620452187499996 0.6103344890625 0.490455471875 0.5991967125000001 0.49714080312500003 0.5664714640625 0.5092255609375 0.5140293875 0.5160914890625 0.49245080156250004 0.5236111250000001 0.46030480156250003 0.5266156734375 0.45217968124999997 0.5311283671875 0.43408025468749994 0.5349567859375 0.42468445624999995 0.549775984375 0.369220659375 0.5525191078125 0.362144059375 0.5569793765625 0.34624128125000003 0.556567603125 0.3439200546875 0.5597773203124999 0.331046578125 0.5586510234375 0.3296520609375 0.5568841671875 0.3288403015625 0.5542042265625 0.3296570484375 0.550907365625 0.3428800328125 0.551319140625 0.345201259375 0.5497568140625 0.35146740468750004 0.5442028890625 0.36783113125 0.5294708328125 0.4229454203125 0.5256424156249999 0.43234121875 0.5210425796875 0.450790153125 0.5180380312499999 0.45891527343750005 0.510605534375 0.49071176562499996 0.5036524671875 0.5126398578125
1 0.5438234109375 0.4464909546875 0.540625409375 0.43756183125000003 0.540268134375 0.43303563437500003 0.53829675 0.42514596875 0.5382314671875 0.4214350390625 0.5367260359375 0.4195747609375 0.5357934859375 0.41934224999999997 0.533590921875 0.4202780203125 0.533331571875 0.42131821875000003 0.535899796875 0.43674599843750006 0.539583540625 0.44765239531249995 0.5421433765625 0.45124282187500003 0.54196909375 0.4519418328125 0.5425225109375 0.45170858281250004 0.544202225 0.4528698484375 0.546413815625 0.4519451671875 0.54638325 0.45008138124999997 0.5438234109375 0.4464909546875
0 0.5423966499999999 0.4422814703125 0.538096903125 0.44316281562500004 0.53589728125 0.445221859375 0.5356821078125 0.4486860859375 0.5335546718749999 0.44988807656249996 0.5326944328125001 0.4525815875 0.533673375 0.456317021875 0.5354073921875 0.45863204375000005 0.538141371875 0.460436240625 0.5427890875 0.46189556718749997 0.5457925421875001 0.4613892921875 0.5495747343749999 0.45955688749999996 0.5507472 0.457833953125 0.5515471109375001 0.4506529265625 0.547109009375 0.4439071765625 0.5423966499999999 0.4422814703125
2 0.5370126234375 0.4540383046875 0.541947234375 0.45600226875 0.544147725 0.45507481875 0.5470432734374999 0.4513596421875 0.5473046984375001 0.4503111234375 0.5457971921875 0.4484591671875 0.5448646421875 0.44822665625 0.5426641515624999 0.44915410468749994 0.5405813703125 0.45159583437500006 0.5197638578125 0.4460342125 0.5097224265625 0.4427969765625 0.5053759484375 0.44244690468750003 0.5031622828125 0.44337990781250003 0.5029900734375 0.44407059843749996 0.50450660625 0.4459336453125 0.5121079828124999 0.44708641406250005 0.5184282421875 0.4494046984375 0.5370126234375 0.4540383046875
1 0.5289689078124999 0.4487005234375 0.52969453125 0.44777658125 0.5329167890625001 0.44672381406249995 0.53738336875 0.4426667125 0.5439653718749999 0.43802334375 0.5449739625000001 0.43790358281249997 0.5512750765625001 0.43244771406250004 0.5552118562499999 0.43046823749999996 0.5561117640625 0.4288452859375 0.5546042578125 0.4269933265625 0.5536717078125 0.4267608171875 0.5525759781249999 0.4272300875 0.5521968453125 0.426764325 0.5520246359375001 0.4274550171875 0.5480767546875 0.429431725 0.5417867421875 0.43489035937500004 0.5383922796875 0.43663381562500003 0.52916505 0.443941075 0.5259448703125 0.4449855203125 0.5250428859375 0.4466167953125 0.5265614937499999 0.4484715203125 0.5289689078124999 0.4487005234375
1 0.5645672546875 0.43650429375 0.5625955484375 0.434527759375 0.562388625 0.4333713078125 0.55687003125 0.42977680781250005 0.554669540625 0.43070425781250005 0.55449525625 0.43140327031250003 0.5599482484375 0.437199971875 0.5617803875 0.44172266093749996 0.5625709765625 0.45042278125 0.5640784812499999 0.45227473749999997 0.56501103125 0.4525072484375 0.5672115203125 0.4515797984375 0.5674708703125 0.4505396015625 0.566508075 0.442530171875 0.5645672546875 0.43650429375
0 0.5511162953125 0.418990703125 0.5477784828125001 0.4177165484375 0.5440576687500001 0.41816771093750005 0.5419715734375 0.4208119109375 0.541919721875 0.42466157187500003 0.5451880640625 0.43032900781250005 0.5468888515625 0.4318314046875 0.549725628125 0.4328922484375 0.5528890796875 0.43566973437499995 0.555308865625 0.43665312656250005 0.5578471015625001 0.43649932031249994 0.562205421875 0.43420067968750004 0.562911365625 0.431132821875 0.5581547796875 0.4224956921875 0.5535465953125 0.42101970624999996 0.5511162953125 0.418990703125
2 0.5336235640625 0.4221334859375 0.53518556875 0.421780471875 0.546885175 0.424326278125 0.550656378125 0.4289700359375 0.5515889281249999 0.42920254687500003 0.5546910796875 0.4325569546875 0.5569353140625 0.43348773749999997 0.559135803125 0.43256028906250005 0.5585497453125 0.4309380734375 0.5591031609375 0.43070482343750005 0.5581706109375 0.43047231249999995 0.55375885 0.42641131093749995 0.5499855734375 0.42177587499999997 0.5417130734375 0.419342075 0.5351202859375 0.4180695421875 0.53355828125 0.4184225578125 0.52528578125 0.4159887578125 0.514346515625 0.414366153125 0.512405378125 0.41425340625 0.5101937859375 0.4151780875 0.510019503125 0.4158771 0.5115381109375 0.417731825 0.5133921078125 0.418194078125 0.5248847890625 0.41958343124999997 0.5336235640625 0.4221334859375
1 0.560474428125 0.4014629796875 0.5626749171875 0.40053553124999997 0.5628492015625 0.39983651875000004 0.5613416953125 0.39798456249999997 0.5599539734375 0.39763856406250003 0.555507175 0.3976435515625 0.549849015625 0.396595209375 0.5401322171875 0.396028703125 0.5300599 0.3968408125 0.5271862125 0.39649555468750003 0.524985721875 0.397423003125 0.5248114375 0.398122015625 0.52631894375 0.39997397343749996 0.5301251828125 0.4005517421875 0.5416723625000001 0.399736125 0.560474428125 0.4014629796875
2 0.5584327015625 0.3443850765625 0.56446096875 0.3458880921875 0.5703260546875 0.3480928890625 0.57669005625 0.3522694046875 0.5780777796875001 0.352615403125 0.5802893703125 0.351690721875 0.579411321875 0.3492532390625 0.572125871875 0.34484698125 0.55929996875 0.340906659375 0.553931725 0.340681903125 0.54983349375 0.3392888671875 0.54130164375 0.337895265625 0.5377873953125001 0.3381327640625 0.5355869078125 0.3390602140625 0.5354126234375001 0.339759225 0.536920128125 0.3416111828125 0.5383189546875 0.34195995 0.543305990625 0.34172726249999996 0.5535196296875 0.344273809375 0.5584327015625 0.3443850765625
0 0.5581203953125 0.344218821875 0.5604421109375 0.3475819375 0.5654479921875 0.34930734375 0.568440659375 0.351918503125 0.57693835625 0.3558138328125 0.581463778125 0.35520972500000003 0.5842383359375 0.3511285046875 0.5830584328125 0.347678840625 0.57822313125 0.3431410078125 0.5710386062499999 0.3409784703125 0.5681646687499999 0.3394045453125 0.5640946812500001 0.33865495 0.5609280125 0.33891723749999997 0.5593019031249999 0.33981111875000003 0.5581203953125 0.344218821875
1 0.6126752843750001 0.36420255625000003 0.6128495671875 0.36350354375 0.6113420625 0.3616515859375 0.6045555296875 0.3592170484375 0.6010978578125 0.3572412546875 0.592910425 0.3544662703125 0.5894527515625 0.3524904765625 0.5794984624999999 0.348903734375 0.5758120078125 0.34983192343749997 0.575637725 0.3505309359375 0.5771563328125 0.3523856609375 0.5800300203125001 0.35273091875 0.5817097343750001 0.353892184375 0.5881171359375 0.35586096093749997 0.59157688125 0.357828434375 0.5997622406249999 0.3606117390625 0.6086207984375 0.3646677515625 0.6104747953125 0.3651300046875 0.6126752843750001 0.36420255625000003
1 0.5517389828125 0.3652729703125 0.5536585828125 0.3635330234375 0.5585279109375 0.3617860578125 0.561628309375 0.359235653125 0.576570275 0.350763446875 0.5774722578125 0.3491321703125 0.57595365 0.347277446875 0.5750322015625 0.347047703125 0.57392536875 0.34751420624999996 0.573546234375 0.34704844375 0.5733719515625 0.3477474546875 0.5629312843750001 0.35400970468750004 0.561369278125 0.3543627171875 0.554787275 0.3590060859375 0.5487260468749999 0.36156073593750004 0.5478240624999999 0.3631920125 0.5493315671875 0.36504396875 0.55135985 0.3648072109375 0.5517389828125 0.3652729703125
1 0.5116945828125 0.6307348578124999 0.5115203 0.6314338703125 0.51303890625 0.6332885953125 0.5155313875 0.6331764140625 0.5211808421875 0.6283005359375 0.521355125 0.6276015234375001 0.5198476203125 0.625749565625 0.5189150703125 0.6255170546875 0.5161611640625 0.62667775625 0.5116945828125 0.6307348578124999