3 0.5700604359375 0.5523363765625 0.5699305890625 0.571065615625 0.5716041374999999 0.618989771875 0.5713585812499999 0.645629421875 0.5777958625 0.6734960078125 0.5767683406249999 0.6998605359375001 0.582449534375 0.7397470109375 0.582555190625 0.798561534375 0.5853888671874999 0.823918503125 0.58659370625 0.8247491546875001 0.5881583046875 0.8249883062500001 0.5900749515625 0.8237548609375 0.5872297625 0.7983982953125001 0.5871256734375 0.7392985703125 0.5814429109375 0.6996972968749999 0.582481946875 0.673332365625 0.576044665625 0.64546578125 0.57627870625 0.61882653125 0.5746051578125 0.5709023765625 0.5749697796875 0.5588961546875 0.57473500625 0.5521731375 0.5723196421875001 0.5387950515625 0.5747650140625 0.5196911625 0.5711358328125 0.5048951609375 0.5690057421875 0.46634498124999996 0.5660903921875 0.438649196875 0.56267655 0.41945612812500005 0.56454945 0.39452238125 0.564957084375 0.3728541953125 0.561371215625 0.3484048609375 0.5601660765625 0.347565578125 0.5586014765625 0.3473264265625 0.5566966453125 0.3485681 0.55677831875 0.3509069171875 0.5602825140625 0.373017434375 0.560445859375 0.3776950671875 0.558001978125 0.41961936718750004 0.5614043093750001 0.4388128390625 0.56432990625 0.466802053125 0.5664497484375 0.5050588031250001 0.5700904453125 0.5198544015625 0.5676233109375 0.5386652609375 0.5700604359375 0.5523363765625
0 0.6017781484375 0.422411090625 0.592451440625 0.4210691046875 0.5900925109374999 0.4218513890625 0.5876860781250001 0.423914175 0.5852751281249999 0.42419710781250003 0.5835124406250001 0.4252177953125 0.5823291671875 0.42896603750000006 0.58408304375 0.431324228125 0.5888475468750001 0.4330761140625 0.59459084375 0.43248671562499996 0.599685209375 0.4331210546875 0.604871634375 0.43077973125 0.606485971875 0.4291420828125 0.6063237640625 0.4264777265625 0.6039627984375 0.4235704421875 0.6017781484375 0.422411090625
0 0.6043334265625 0.48964266093750003 0.6024674734375 0.49199764687499997 0.602788403125 0.494915684375 0.6066228828125 0.49743451875 0.61160976875 0.49763192968750003 0.61411108125 0.496965646875 0.6212593140625 0.49006257656249996 0.62148845 0.4880412578125 0.62017076875 0.48628997656250006 0.616910884375 0.48471020937500003 0.6134800984375001 0.48483865625 0.6043334265625 0.48964266093750003
0 0.6027137953125 0.6687288328125 0.6041917640625 0.67044859375 0.6075789640625 0.6717128453125001 0.612494115625 0.671506640625 0.61542631875 0.6706352125 0.61810064375 0.6683211265625 0.6187191484375 0.6629249234375 0.612045728125 0.6583363734375001 0.60730635625 0.6582944953125 0.60229149375 0.6602669156250001 0.6006565390625 0.661974409375 0.600249384375 0.66649050625 0.6027137953125 0.6687288328125
0 0.599204221875 0.5603051296875 0.5979518109375 0.5627337359375 0.59911408125 0.5659766687500001 0.6011860046875 0.5672090828125 0.6059182609375 0.5680375265625 0.6093770796875 0.5670612984375001 0.613364215625 0.563387959375 0.6145409203125001 0.559121496875 0.6110915203125 0.5550857062500001 0.6047900828125 0.5542170109375 0.6021993734375 0.5549641859375 0.60020170625 0.5568485234375 0.599204221875 0.5603051296875
0 0.601192328125 0.6046928359375 0.5970664390625 0.6050529359375 0.5937622359375 0.607155715625 0.58994666875 0.608809746875 0.5880660640625 0.6117355375 0.588502978125 0.6133533984375 0.59074103125 0.6157119625 0.59377245 0.617351553125 0.5958475703125 0.617685209375 0.59976748125 0.6170385125 0.6083404515625 0.6129717296875 0.609378265625 0.6093495390625 0.6084219125 0.60672155625 0.6066654421875 0.6052793859375 0.601192328125 0.6046928359375
0 0.609126459375 0.721309084375 0.6056375 0.7214222828125 0.601253 0.722629575 0.597792734375 0.7232342984375 0.5959308203125 0.7250447656250001 0.5958984390625 0.728078834375 0.597659971875 0.729996071875 0.60594134375 0.7314436890625 0.608115740625 0.7339600109375 0.6127970578124999 0.73498033125 0.6183712046875 0.73482888125 0.6210220171875 0.7334920328125001 0.6225897640625 0.7298599765625 0.620257434375 0.7261221703125 0.609126459375 0.721309084375
1 0.6143365562499999 0.490217915625 0.6138941578125 0.48877306249999997 0.6127210234375 0.48852024062500005 0.6083139937500001 0.48545110156250004 0.6067394484374999 0.48492715156250005 0.5835346 0.46876686718749994 0.5807036812499999 0.46593647968749996 0.5746913640625 0.46146309687500003 0.574269459375 0.4606051046875 0.5694722296875 0.45725580624999995 0.5690503234375 0.4563978140625 0.56708274375 0.45617273437500006 0.565569078125 0.4573921078125 0.566011778125 0.458845590625 0.57321741875 0.464150025 0.5776651359375 0.4683842546875 0.582060653125 0.47145379531250003 0.582482559375 0.4723117859375 0.6052754484375 0.4878988796875 0.6064600953125 0.4881512984375 0.6108556125 0.49122083749999995 0.612823190625 0.49144591875000004 0.6143365562499999 0.490217915625
1 0.605860596875 0.5604442390625 0.6073742640625001 0.5592248671875 0.6073537703125 0.55863800625 0.60575873125 0.5575271921875 0.594833478125 0.5576149203125 0.5695632093749999 0.5605452578125 0.5439319125 0.5643609265625 0.5423762937500001 0.5647090390625 0.5408629281249999 0.5659370421875 0.5408831203125 0.5665152734375 0.542478459375 0.56763471875 0.5440443265625 0.5675800375 0.555681084375 0.5654195796875 0.585595184375 0.5614457109375001 0.59493534375 0.56053196875 0.605860596875 0.5604442390625
1 0.66900466875 0.5576602625 0.6705180328125 0.5564322609375 0.6704975390625 0.5558453984375 0.6689025015625 0.5547345859374999 0.6653908171875 0.554857215625 0.6587794078125 0.5556756703125 0.6276089359375 0.5573431015625 0.619443175 0.558215834375 0.6073332765624999 0.55805114375 0.6058199109375 0.559279146875 0.6058404046875 0.5598660078125001 0.60743544375 0.560976821875 0.6199368078124999 0.5611278421875 0.6281025687499999 0.560255109375 0.6655029296875 0.5580676953125 0.66900466875 0.5576602625
1 0.65761209375 0.6004846359375 0.6560167531250001 0.59936519375 0.6532880015625 0.5994604828125001 0.6179048875 0.603625334375 0.6027884515624999 0.60649488125 0.6016242984375 0.606829321875 0.60011063125 0.60804869375 0.600131125 0.6086355546875 0.6017261640625 0.60974636875 0.6029005625 0.6097053578125 0.6207255578125 0.606162290625 0.6561189203125 0.6022908703125001 0.6576322859375 0.6010628671875 0.65761209375 0.6004846359375
1 0.603373703125 0.6120305046875 0.6033227703125 0.61057198125 0.6017159171875 0.6094529390625001 0.6009329828125 0.6094802796875001 0.59941961875 0.61070828125 0.59814970625 0.619237934375 0.5939241875 0.6322603484375 0.5910486890625 0.6393771265625 0.585536659375 0.649230071875 0.5855670984375 0.650101734375 0.5871739515625001 0.6512207765625 0.5890992749999999 0.6505659671874999 0.5946013609375 0.64042821875 0.601021309375 0.623233415625 0.603373703125 0.6120305046875
1 0.6455436125 0.63484730625 0.6443692125 0.6348883171875 0.6280030562500001 0.6468657484375 0.6112966671875 0.6603240031250001 0.6094427687499999 0.6630242 0.6094632609375 0.6636110609375 0.6110583 0.664721875 0.6129951390625 0.6640666625 0.6156117765625 0.66076089375 0.6273847359375 0.6512768875 0.646799684375 0.6371451109375 0.64713865 0.6359581203125 0.6455436125 0.63484730625
2 0.5959298765625001 0.3767497265625 0.6037144171875 0.3761840953125 0.6052392953125 0.374955690625 0.6052191031249999 0.374377459375 0.6036122500000001 0.3732584171875 0.6001120796875 0.373380646875 0.5752435234375 0.37659074375 0.55422591875 0.37849984999999997 0.534794371875 0.3809325046875 0.51646453125 0.381572596875 0.5149508640625 0.38279196875 0.5149713578124999 0.3833788296875 0.516566396875 0.38448964375 0.5352877031250001 0.38383588125 0.558600640625 0.380973896875 0.57922708125 0.3790870921875 0.5959298765625001 0.3767497265625
1 0.6127058390625 0.667006009375 0.61228363125 0.6661393875 0.6106885937500001 0.6650285734375 0.6099056609375 0.6650559140625 0.60838048125 0.6662756890625 0.608411221875 0.66715598125 0.61055239375 0.6723521234375001 0.6132468109375 0.6824974296875 0.6131883890625 0.7032720546875 0.6147949406250001 0.7043824671875 0.615566359375 0.704355528125 0.6170915390625 0.7031357546875 0.6173910874999999 0.7004898374999999 0.617139715625 0.6820676984375 0.6127058390625 0.667006009375
2 0.5828753359375 0.7294927437500001 0.6031205546875 0.7279130390625 0.6214503953125 0.727272946875 0.6284315109375 0.7261477968750001 0.629956690625 0.724928021875 0.629936196875 0.7243411609375 0.62832934375 0.7232221187500001 0.6267749921875 0.7232763984374999 0.621348228125 0.72434726875 0.6030183874999999 0.7249873609375 0.577717378125 0.72703740625 0.5466288796875001 0.7310522859375 0.5189498984375 0.7320188578125 0.51742471875 0.73323863125 0.5174452125 0.7338254937500001 0.5190520656250001 0.7349445359375 0.5381635734375 0.7345709359375 0.546731046875 0.7339779656250001 0.5828753359375 0.7294927437500001
2 0.597992934375 0.7933391015625 0.6135825109375 0.7927947015625 0.6213465578124999 0.7916422078124999 0.6389139593750001 0.7916163187499999 0.6404391390625 0.7903965453125 0.6404186453125 0.7898096828125001 0.6388117921875 0.7886906421875 0.6208647390625 0.7887384296875 0.613088878125 0.78988269375 0.5978907671875 0.7904134234375 0.5644025375 0.7930518015625 0.5449098109375 0.793732503125 0.5351282171875 0.792898928125 0.5336033375 0.7941273328125 0.5336235296875 0.7947055640625 0.5352303828125 0.79582460625 0.544620209375 0.7966632203125 0.564504403125 0.7959688484375 0.597992934375 0.7933391015625
0 0.5879777421875 0.38076890625000004 0.5927225390624999 0.38096612812499997 0.5987418578125 0.38200885156250003 0.6020570890625 0.380882103125 0.6052684687500001 0.3761211859375 0.6036350984375 0.37259227500000003 0.6012522453125 0.371699071875 0.597352409375 0.3719303046875 0.591969959375 0.37096903281250004 0.5877777609375 0.37108086406249996 0.5855878609375 0.3720819078125 0.5838070234375 0.37456353125 0.584769459375 0.37868616718750003 0.5879777421875 0.38076890625000004
1 0.6379787625 0.7536119890624999 0.639503640625 0.752383584375 0.6390612421874999 0.75093873125 0.6382680625 0.750672640625 0.6330082406249999 0.74530025625 0.632987746875 0.74471339375 0.6281485625000001 0.740492834375 0.6281283703125 0.739914603125 0.6245157859375 0.7368177234375 0.621664675 0.733409103125 0.6204697828125 0.732863253125 0.61641353125 0.7286153515625 0.6160323125 0.7289224546875 0.6144574656249999 0.7283898703125 0.6129441015625 0.7296178734375001 0.6133749875000001 0.7310631296875 0.6145698796875 0.73160898125 0.6194074953125 0.7361147421875 0.6250693328125 0.74177551875 0.625089525 0.7423537484375 0.6258827046875 0.7426198390625001 0.636002203125 0.7527996453125 0.636022696875 0.7533865078125 0.6364039171875 0.75307940625 0.6379787625 0.7536119890624999
1 0.64074893125 0.7880440578125001 0.635249175 0.787354746875 0.6219866374999999 0.787524096875 0.6173223140624999 0.7879807671875 0.6157974359375 0.789209171875 0.6158176281250001 0.789787403125 0.6174244812499999 0.790906446875 0.630275059375 0.7901639046875 0.6353513421875 0.7902804265625 0.6396763984375 0.791002115625 0.640850796875 0.7909611046875 0.6423644640624999 0.7897417328125 0.6423439703125 0.789154871875 0.64074893125 0.7880440578125001
1 0.602973703125 0.801944265625 0.6033446765625 0.8013437328125 0.6098744125 0.7981864640625 0.6109966109375 0.7969807624999999 0.614447115625 0.7951061765625 0.6144266218750001 0.7945193140625 0.6159402890625 0.7932999421875 0.6162805203125 0.7918191171875 0.6146854828125 0.7907083046875 0.6139025499999999 0.7907356453125 0.6131401109375 0.7913498484375 0.612738396875 0.7910700875 0.6120179109375 0.79255555 0.6063015484375 0.7965571406249999 0.5867338 0.8063133453125 0.5790206859375 0.8089243609375 0.5782886859375 0.810410225 0.5798840265625 0.8115296687500001 0.5806669578125 0.811502328125 0.586454446875 0.8095374937500001 0.602973703125 0.801944265625
2 0.574421828125 0.431627040625 0.6000326296875 0.42722450937499995 0.601557809375 0.4260047359375 0.601537315625 0.42541787343750004 0.5999304624999999 0.42429883281249997 0.5983761109375 0.42435311093749994 0.573940009375 0.42872326093749996 0.5548884140625 0.43114264999999996 0.5315344890625 0.4328309109375 0.5206079703125 0.4332124734375 0.510847171875 0.4329743921875 0.5093219906249999 0.434194165625 0.5093424843750001 0.4347810265625 0.5109490375 0.43589143906250005 0.5207101375 0.43613815 0.5553820484374999 0.43405465625 0.574421828125 0.431627040625
2 0.6197838124999999 0.48973390468750005 0.61783799375 0.4898018546875 0.5350345578125 0.49971841875 0.5327075171875 0.50009346875 0.531193853125 0.501312840625 0.531214346875 0.501899703125 0.5328093828125 0.5030105171875 0.5347552015625 0.5029425671875 0.583721196875 0.49655794062499997 0.6198859796875 0.49265958281250005 0.6214108578124999 0.4914311765625 0.621390665625 0.4908529453125 0.6197838124999999 0.48973390468750005
2 0.5335819671875 0.56969948125 0.554990071875 0.56807916875 0.5647114515625 0.566858325 0.6047986109375 0.5637043578125 0.6098556671875001 0.5629401859375001 0.611369334375 0.5617208140625001 0.6113488406250001 0.5611339515625 0.6097535 0.5600145078125001 0.60779616875 0.560082859375 0.600032121875 0.5612353515625 0.564609284375 0.5639326453125 0.5548879062500001 0.565153490625 0.5334798000000001 0.566773803125 0.52493281875 0.5679536359374999 0.515170453125 0.56800075625 0.5136570875 0.569228759375 0.5136772796875 0.569806990625 0.51527261875 0.570926434375 0.5250349859375001 0.5708793140624999 0.5335819671875 0.56969948125
2 0.6240904953124999 0.6130611484374999 0.6256156749999999 0.6118413734375 0.62559518125 0.6112545125 0.6239886296875 0.6101441015625 0.6037229140625 0.6111369421874999 0.6005517640625 0.6097873796875 0.5982144796875 0.609869 0.58735040625 0.6117086828125 0.5705864296875001 0.61229409375 0.5436394499999999 0.6117748015625 0.53265175 0.610404409375 0.531138084375 0.6116237828125 0.531158578125 0.61221064375 0.5327539171875 0.6133300875 0.5437416171875 0.6147004796875 0.5578072796875 0.6150820203125 0.570688596875 0.615219771875 0.5878440390625 0.614620690625 0.5998825125 0.6127399953125 0.6030536625 0.614089559375 0.6198176359375 0.6135041484375 0.6240904953124999 0.6130611484374999
2 0.5267107578125 0.6749861484374999 0.5267309499999999 0.67556438125 0.528337803125 0.6766834234375 0.5416105875 0.676807503125 0.5552338515625 0.6757441921875 0.573873484375 0.6727516125 0.6002352140625 0.6677352828124999 0.6041076234375 0.6667186875 0.6079495953125 0.6648304328125 0.61615634375 0.6651314234375 0.6281833031249999 0.66325113125 0.6343523109375 0.6609878250000001 0.6350840109375 0.65949333125 0.633477459375 0.65838291875 0.6327060390625 0.6584098578125 0.6277011828125 0.660338721875 0.6195440999999999 0.6617900875 0.6129339593750001 0.66231470625 0.607064796875 0.6619407265625 0.6024501390625 0.664149753125 0.598197475 0.665170984375 0.575707190625 0.6694731843749999 0.549684428125 0.673302525 0.5356594515624999 0.6740860765625001 0.5282356359375 0.6737577453125 0.5267107578125 0.6749861484374999
1 0.612491153125 0.727870959375 0.6117082218750001 0.7278983 0.5920485531249999 0.7350222578125 0.5851376 0.738486628125 0.5759108187499999 0.7423170171875 0.5747569125 0.7429448890625 0.5740249140625 0.744430753125 0.5756317671875 0.7455497953125 0.5764146984375 0.7455224546875 0.59754704375 0.7360054015624999 0.61335449375 0.7304762671875 0.61408649375 0.728990403125 0.612491153125 0.727870959375
0 0.6114420625 0.7869591109375 0.6084204015625 0.788239784375 0.6070860703125 0.7896429921875 0.6063928859375001 0.792570521875 0.60754141875 0.7947597515625 0.6128866093750001 0.7972949593750001 0.621502190625 0.79543874375 0.6245582828125 0.791512771875 0.624356471875 0.7883745515625 0.6231067890624999 0.7859296296875 0.6170643234375001 0.7838940171875 0.6131127640625 0.78528493125 0.6114420625 0.7869591109375
1 0.5998125328125 0.3760265640625 0.6004731078125001 0.37249531406249997 0.603028265625 0.3674289609375 0.605883271875 0.35972532031250004 0.614289725 0.3436276609375 0.61569224375 0.3388953453125 0.621483628125 0.3258182515625 0.6242774546875001 0.31636265625000004 0.6242467140625 0.3154823640625 0.6226401625 0.314371953125 0.6218572296875 0.31439929375000003 0.6199828375 0.31651262812500003 0.6179210109375 0.3244823578125 0.61321210625 0.3348861953125 0.61037759375 0.34317669687499996 0.6026916265625 0.3577888953125 0.600197346875 0.364598571875 0.5969101890624999 0.371150790625 0.5959093828124999 0.3761628640625 0.5975162359375 0.3772819078125 0.5982876546875 0.37725496875000003 0.5998125328125 0.3760265640625
1 0.5857808 0.43240553125 0.58757351875 0.42795337968749997 0.591305403125 0.412018959375 0.5942863625 0.39669833906249996 0.59546465625 0.38554506875 0.5964744421875 0.38112025781250003 0.5986890671875 0.3775260984375 0.598668875 0.3769478671875 0.5970735359375 0.3758284234375 0.5962906015625 0.3758557640625 0.5951482109375 0.37648323437500003 0.5929115234375 0.379775734375 0.591551259375 0.3853879390625 0.590373265625 0.3965498390625 0.58740351875 0.41186142812500004 0.5840109015625 0.4266174875 0.581846909375 0.43166154062500006 0.58187765 0.43254183125 0.5834726859375 0.4336526453125 0.5842556203125 0.4336253046875 0.5857808 0.43240553125
1 0.5715982921875 0.47357324062500006 0.5734829312499999 0.4717533359375 0.5817682937499999 0.451857934375 0.590217003125 0.4366401640625 0.597746278125 0.428764653125 0.5980868109374999 0.427292459375 0.5964917734374999 0.4261816453125 0.595708840625 0.4262089859375 0.5949461 0.4268145578125 0.5945443859374999 0.42653479687500007 0.5945648796875 0.427121659375 0.5911771234375001 0.43046299687499995 0.591197315625 0.43104122812499995 0.5870356046875 0.43499716875 0.5789476234375 0.44932097656250003 0.5691895812500001 0.4716094734375 0.5692200203125 0.47248113593749996 0.5708153609375 0.47360058125000004 0.5715982921875 0.47357324062500006
1 0.6600605078124999 0.446782240625 0.6604302140625 0.4464755421875 0.6596587953124999 0.4465024796875 0.65130919375 0.44211071718749995 0.6461602171874999 0.4402426453125 0.6319414546875 0.435476903125 0.6185463109375 0.4318489125 0.6094544625 0.4286495828125 0.5996119906249999 0.4260726859375 0.5984375921875 0.426113696875 0.5969239265625 0.42733306875 0.597746278125 0.428764653125 0.60799203125 0.431336109375 0.6162903984375 0.4342607171875 0.62968584375 0.4378973390625 0.64113516875 0.44159327812500004 0.64904206875 0.44453155625 0.65739166875 0.44892331875 0.659359246875 0.4491483984375 0.6608726125 0.44792039531250005 0.6600605078124999 0.446782240625
1 0.6741256375 0.48081988124999997 0.6741051437500001 0.4802330203125 0.672509803125 0.47911357656250003 0.6709439374999999 0.4791682578125 0.620886784375 0.4876475078125 0.6142446359375 0.48758566875 0.6127312703125 0.4888136703125 0.6127517640625 0.48940053125 0.614346803125 0.49051134531249996 0.62138041875 0.4905595140625 0.6279598203125001 0.489154603125 0.6442826625 0.48683050625 0.6582362125000001 0.48400156875 0.6726119703125 0.48203925312499996 0.6741256375 0.48081988124999997