1 0.53994140625 0.3181904765625 0.541796875 0.327479853125 0.548603515625 0.3493113546875 0.5492285156250001 0.3586007328125 0.5516992187499999 0.3604615390625 0.552939453125 0.3604615390625 0.555419921875 0.3586007328125 0.554794921875 0.34884981718749997 0.5424121093750001 0.3065787546875 0.53994140625 0.3047179484375 0.538701171875 0.3047179484375 0.5362207031249999 0.3065787546875 0.5362207031249999 0.308432234375 0.53994140625 0.3181904765625
2 0.469345703125 0.439890109375 0.49040039062499996 0.44128205156250006 0.544892578125 0.44128205156250006 0.5504687500000001 0.44082051250000004 0.552939453125 0.43895970625 0.552939453125 0.4380293046875 0.5504687500000001 0.43617582343750005 0.49040039062499996 0.43663736249999996 0.469345703125 0.43524542187500004 0.46687500000000004 0.43710622656250003 0.46687500000000004 0.4380293046875 0.469345703125 0.439890109375
1 0.554794921875 0.4380293046875 0.546748046875 0.441750915625 0.5455078125 0.444073259375 0.54798828125 0.44592674062500004 0.5492285156250001 0.44592674062500004 0.5603710937499999 0.44128205156250006 0.575849609375 0.43663736249999996 0.58947265625 0.43292307656249995 0.60185546875 0.43106227031250005 0.6130078125 0.42827838749999997 0.615478515625 0.42641758281250003 0.615478515625 0.42549450625 0.6130078125 0.4236337 0.6111425781250001 0.4236337 0.598759765625 0.42688644687500005 0.586376953125 0.4287399265625 0.554794921875 0.4380293046875
1 0.54365234375 0.45568498125 0.547373046875 0.46543589687500003 0.5510839843750001 0.47054945000000004 0.5541796875 0.47147985312499996 0.55666015625 0.469619046875 0.55666015625 0.4686886453125 0.55232421875 0.46219047656249995 0.54984375 0.45568498125 0.54984375 0.4496483515625 0.5516992187499999 0.444073259375 0.5492285156250001 0.4422124546875 0.54798828125 0.4422124546875 0.5455078125 0.444073259375 0.54365234375 0.44917948750000003 0.54365234375 0.45568498125
0 0.55888671875 0.68876923125 0.561357421875 0.6876263734375 0.56240234375 0.6861465203125 0.562646484375 0.683926740625 0.5616113281249999 0.6820293046875 0.561884765625 0.6781098906249999 0.5590136718750001 0.67513553125 0.5562207031249999 0.6734871796874999 0.548603515625 0.673706959375 0.54353515625 0.67658608125 0.5424218749999999 0.678117215625 0.542998046875 0.681435896875 0.546025390625 0.6830109890625 0.54748046875 0.6861904765625 0.549052734375 0.6873626374999999 0.5566992187500001 0.688974359375 0.55888671875 0.68876923125
1 0.526318359375 0.48123076875 0.538701171875 0.49377289375 0.5461328125 0.50631501875 0.54984375 0.5169963375 0.55232421875 0.5188571421875 0.553564453125 0.5188571421875 0.55603515625 0.5169963375 0.55603515625 0.5156043953125 0.5541796875 0.5095677656250001 0.548603515625 0.49841758281250004 0.54365234375 0.49098901093749997 0.5424121093750001 0.49052014687499995 0.53560546875 0.4826227109375 0.5337500000000001 0.48169963437499996 0.531884765625 0.478908425 0.526318359375 0.47472527500000006 0.5238378906250001 0.47426373593750004 0.521357421875 0.47612454218750005 0.521357421875 0.4775164828125 0.526318359375 0.48123076875
1 0.5510839843750001 0.6842197796875 0.553564453125 0.6860805859375 0.555419921875 0.6860805859375 0.5616113281249999 0.6842197796875 0.573994140625 0.6823663 0.584521484375 0.6795750921875 0.5931933593750001 0.67818315 0.61423828125 0.6786520140625 0.61671875 0.6767912093749999 0.61671875 0.67586080625 0.61423828125 0.674 0.592568359375 0.6735384609375 0.553564453125 0.681435896875 0.5510839843750001 0.683296703125 0.5510839843750001 0.6842197796875
2 0.469970703125 0.5160732593749999 0.458828125 0.5165347984374999 0.45634765625 0.5183956046875 0.45634765625 0.5193186812499999 0.458828125 0.5211794875 0.463779296875 0.5211794875 0.474921875 0.5197875453125 0.515791015625 0.5197875453125 0.52322265625 0.5188571421875 0.5541796875 0.5193186812499999 0.55666015625 0.5174652015625 0.55666015625 0.5165347984374999 0.5541796875 0.5146739921875 0.52259765625 0.5142124546875 0.515166015625 0.5151428578125 0.474921875 0.5151428578125 0.469970703125 0.5160732593749999
3 0.51455078125 0.368358975 0.5120703125 0.4180586078125 0.509599609375 0.44268131874999994 0.51083984375 0.46636629999999996 0.51021484375 0.521641025 0.511455078125 0.5406886453124999 0.51083984375 0.6990842484375 0.511455078125 0.7292820515625 0.51455078125 0.73113553125 0.5170312499999999 0.7306739921875 0.5188867187499999 0.7292820515625 0.5188867187499999 0.5406886453124999 0.5176464843749999 0.521641025 0.51826171875 0.46636629999999996 0.5170312499999999 0.44268131874999994 0.520126953125 0.40783882812499994 0.52259765625 0.3363076921875 0.52259765625 0.3051794875 0.521357421875 0.2796337 0.519501953125 0.2782417578125 0.5170312499999999 0.2777802203125 0.513935546875 0.2796337 0.515166015625 0.3051794875 0.51455078125 0.368358975
2 0.46873046875 0.3604615390625 0.4712109375 0.36231501875 0.536845703125 0.36185347968750003 0.55232421875 0.361391940625 0.554794921875 0.3595311359375 0.554794921875 0.3586007328125 0.55232421875 0.35673992656250003 0.5374609375 0.35673992656250003 0.4712109375 0.3576703296875 0.46873046875 0.3595311359375 0.46873046875 0.3604615390625
1 0.5430371093749999 0.367890109375 0.54365234375 0.3748571421875 0.5455078125 0.3799706953125 0.544267578125 0.384615384375 0.544267578125 0.3925128203125 0.544892578125 0.3957655671875 0.547373046875 0.397619046875 0.548603515625 0.397619046875 0.5510839843750001 0.3957655671875 0.5504687500000001 0.3850769234375 0.5516992187499999 0.37950183125 0.54984375 0.3748571421875 0.5492285156250001 0.368358975 0.5504687500000001 0.3641758234375 0.552939453125 0.3604615390625 0.552939453125 0.3595311359375 0.5504687500000001 0.3576703296875 0.5492285156250001 0.3576703296875 0.547373046875 0.3586007328125 0.544892578125 0.36231501875 0.5430371093749999 0.367890109375
1 0.530029296875 0.53650549375 0.521982421875 0.5406886453124999 0.502783203125 0.5541611718749999 0.50216796875 0.5560146515625 0.5046484375 0.5578754578125 0.507119140625 0.55741391875 0.5250781250000001 0.5448717953125 0.536845703125 0.5383663000000001 0.5424121093750001 0.532791209375 0.552939453125 0.5253626375 0.55666015625 0.520249084375 0.55666015625 0.5193186812499999 0.5541796875 0.5174652015625 0.552939453125 0.5174652015625 0.5510839843750001 0.5183956046875 0.548603515625 0.522109890625 0.530029296875 0.53650549375
1 0.5065039062500001 0.6456703296875 0.51640625 0.6544908421875 0.5170312499999999 0.655890109375 0.5256933593750001 0.661926740625 0.5294140625 0.666109890625 0.541796875 0.6753992671875 0.5424121093750001 0.6767912093749999 0.544267578125 0.677252746875 0.548603515625 0.6805054937499999 0.5516992187499999 0.6809743593750001 0.5541796875 0.679113553125 0.552939453125 0.677252746875 0.553564453125 0.6767912093749999 0.548603515625 0.6744688640625001 0.5430371093749999 0.6702857140625 0.5287890625 0.6582124546875 0.528173828125 0.6568131875 0.5188867187499999 0.65031501875 0.5089746093749999 0.6414871796875 0.5083593750000001 0.6400952375 0.505263671875 0.6396263734375001 0.502783203125 0.6414871796875 0.503408203125 0.6438095234375 0.5065039062500001 0.6456703296875
0 0.532587890625 0.5209670328125 0.537958984375 0.522754578125 0.5428808593750001 0.5215311359375 0.544072265625 0.5254871796875 0.548212890625 0.5282271062499999 0.552529296875 0.528542125 0.5562890625 0.5272161171875 0.5586328125 0.5249010984375 0.5606640625 0.519391940625 0.560302734375 0.5163956046875 0.557333984375 0.513655678125 0.555380859375 0.5127326 0.54666015625 0.5119633703125 0.543310546875 0.5111135531250001 0.5382421875000001 0.5121978015625 0.5341210937499999 0.514336996875 0.531533203125 0.5167326 0.531171875 0.5187619046874999 0.532587890625 0.5209670328125
2 0.5120703125 0.6006080593750001 0.48978515624999996 0.6006080593750001 0.47677734374999997 0.598754578125 0.47430664062499994 0.6006080593750001 0.47430664062499994 0.6015384609375001 0.47677734374999997 0.6033992671874999 0.48359375 0.604791209375 0.5120703125 0.605252746875 0.530029296875 0.6038608062499999 0.540556640625 0.6015384609375001 0.546748046875 0.6015384609375001 0.5504687500000001 0.5992161171875 0.5504687500000001 0.5982857140625 0.54798828125 0.596432234375 0.5461328125 0.596432234375 0.53931640625 0.5968937734375 0.5294140625 0.5992161171875 0.5120703125 0.6006080593750001
1 0.552939453125 0.5694871796875 0.544892578125 0.5968937734375 0.544892578125 0.5982857140625 0.547373046875 0.6001465203125 0.548603515625 0.6001465203125 0.5510839843750001 0.5982857140625 0.5603710937499999 0.564842490625 0.5616113281249999 0.555091575 0.559130859375 0.55323076875 0.557890625 0.55323076875 0.555419921875 0.555091575 0.554794921875 0.5569450546875 0.552939453125 0.5694871796875
1 0.5424121093750001 0.6173333328124999 0.5424121093750001 0.6396263734375001 0.544267578125 0.65031501875 0.546748046875 0.6521684984375 0.54798828125 0.6521684984375 0.5504687500000001 0.65031501875 0.548603515625 0.6391648359375 0.548603515625 0.6177948718749999 0.5504687500000001 0.6126886453125 0.5504687500000001 0.6038608062499999 0.54798828125 0.6020073265625 0.546748046875 0.6020073265625 0.544267578125 0.6038608062499999 0.544267578125 0.61222710625 0.5424121093750001 0.6173333328124999
0 0.5429296875 0.60950183125 0.54560546875 0.6121758234375 0.5486523437499999 0.6132893765625 0.550498046875 0.6133260078125 0.5548437500000001 0.610974359375 0.555712890625 0.609435896875 0.5554296875 0.6063516484375 0.55296875 0.602842490625 0.5536328125 0.6017216125 0.556025390625 0.6006739921875 0.5570410156250001 0.599435896875 0.5571484375 0.5967106234374999 0.5558496093749999 0.59504029375 0.5486328125 0.593428571875 0.5438769531250001 0.5936923078125 0.53853515625 0.5950109890624999 0.5354882812499999 0.597069596875 0.534501953125 0.598725275 0.534677734375 0.6004835171875 0.53623046875 0.6025054937500001 0.541748046875 0.6071648359374999 0.5429296875 0.60950183125
2 0.48049804687500003 0.6809743593750001 0.49164062499999994 0.6818974359375 0.555419921875 0.681435896875 0.557890625 0.6795750921875 0.557890625 0.6786520140625 0.555419921875 0.6767912093749999 0.49164062499999994 0.677252746875 0.48049804687500003 0.6763296703125 0.47801757812499995 0.67818315 0.47801757812499995 0.679113553125 0.48049804687500003 0.6809743593750001
0 0.544580078125 0.4495091578125 0.548837890625 0.45127472500000004 0.55392578125 0.4495604390625 0.556025390625 0.4454652015625 0.5594824218750001 0.44224908437500005 0.560498046875 0.437567765625 0.55947265625 0.43568498125 0.55498046875 0.43345787500000005 0.546005859375 0.4331501828125 0.540869140625 0.43588278437500005 0.539775390625 0.437611721875 0.539892578125 0.44090842500000005 0.5418164062499999 0.44279853437499994 0.542587890625 0.44660805937500003 0.544580078125 0.4495091578125
0 0.54984375 0.364798534375 0.5574414062499999 0.36381684999999997 0.559619140625 0.36204395625 0.56091796875 0.3595091578125 0.5606347656249999 0.3567326 0.55859375 0.35477655625 0.555830078125 0.3537289375 0.55005859375 0.3528937734375 0.5479296875 0.3532600734375 0.54552734375 0.354725275 0.542626953125 0.358109890625 0.5425488281249999 0.3598315015625 0.543798828125 0.36186080625 0.5469335937500001 0.363890109375 0.54984375 0.364798534375