1 0.526329365625 0.41326636875 0.525079365625 0.41389136875 0.52424603125 0.415446428125 0.5259126984375 0.4166889875 0.5267361109375 0.4166889875 0.5520535718749999 0.40548363125 0.553303571875 0.404866071875 0.5541269843750001 0.4033110125 0.5524702375 0.40206101250000004 0.5516369046875 0.40206101250000004 0.526329365625 0.41326636875
2 0.523005953125 0.45404017812499997 0.5296428578125 0.45217261875 0.5321329359375 0.45061755937500003 0.5329662703125 0.4484375 0.5329662703125 0.44749999999999995 0.5313095234375 0.446257440625 0.5304761906250001 0.446257440625 0.52881944375 0.44749999999999995 0.5279861109375 0.449367559375 0.52217261875 0.45093005937499997 0.515119046875 0.45123511875 0.5051587296875 0.45248511875 0.5035019843749999 0.45372767812500003 0.5035019843749999 0.45435267812499996 0.5051587296875 0.4555952375 0.506825396875 0.4555952375 0.5155357140625 0.45435267812499996 0.523005953125 0.45404017812499997
2 0.5225892859375 0.52811011875 0.525079365625 0.524375 0.525079365625 0.5237574406250001 0.52342261875 0.522507440625 0.5225892859375 0.522507440625 0.52134920625 0.523132440625 0.5188591265625 0.5265550593749999 0.51180555625 0.5268675593750001 0.49644841250000005 0.525625 0.4947916671875 0.5268675593750001 0.4947916671875 0.527492559375 0.49644841250000005 0.52873511875 0.49893849218749997 0.5290476187500001 0.5113888890625 0.5299776781250001 0.5205158734374999 0.52967261875 0.5225892859375 0.52811011875
1 0.536696428125 0.481741071875 0.538769840625 0.4758258921875 0.5371130953125001 0.47458333281250004 0.5362896828125 0.47458333281250004 0.534623015625 0.4758258921875 0.5333829359375 0.47956101249999994 0.5321329359375 0.481116071875 0.52549603125 0.48734374999999996 0.523005953125 0.488898809375 0.5225892859375 0.49045386874999997 0.52424603125 0.49169642812500003 0.526329365625 0.491383928125 0.5267361109375 0.49045386874999997 0.5317162703125 0.48671875 0.536696428125 0.481741071875
1 0.51180555625 0.6538541671875 0.5097222218749999 0.6535416671875 0.5080654765625 0.6547842265625 0.5084821421875 0.6563392859375 0.52342261875 0.6684821421875 0.525079365625 0.669724703125 0.5267361109375 0.6700372031249999 0.528402778125 0.6687946421875 0.528402778125 0.6678571421874999 0.5171924609375 0.6591443453125 0.516369046875 0.6579017859375 0.5122123015625 0.6547842265625 0.51180555625 0.6538541671875
1 0.5313095234375 0.639538690625 0.5300595234375 0.639538690625 0.521755953125 0.64420386875 0.5192658734375 0.646383928125 0.510972221875 0.6516741078125 0.51055555625 0.6529166671875 0.5122123015625 0.6541666671875 0.5134623015625001 0.6541666671875 0.5238392859375 0.647008928125 0.532549603125 0.642336309375 0.5321329359375 0.642023809375 0.5329662703125 0.6407812500000001 0.5313095234375 0.639538690625
0 0.506398809375 0.651696428125 0.503105159375 0.6533407734375001 0.50217261875 0.655290178125 0.50131944375 0.6571130953125001 0.501855159375 0.6605505953125 0.506101190625 0.6634077375 0.5094345234375 0.6634672625 0.514920634375 0.6616517859375 0.5180158734375 0.6595014875 0.51884920625 0.6581845234375 0.5185019843750001 0.651994046875 0.517321428125 0.6508630953125001 0.5134821421875 0.6492633921875 0.5086408734375001 0.6496875 0.506398809375 0.651696428125
2 0.502251984375 0.6575892859375 0.5084821421875 0.6591443453125 0.5093154765625 0.6585193453125 0.5097222218749999 0.6588318453124999 0.5097222218749999 0.6582068453125001 0.514295634375 0.6538541671875 0.51470238125 0.6522991078125 0.513045634375 0.6510491078125 0.5122123015625 0.6510491078125 0.5113888890625 0.6516741078125 0.510972221875 0.6513616078125 0.510972221875 0.6519866078125001 0.5072321421875 0.6557217265624999 0.5026686515625001 0.6544717265625 0.48981150781249994 0.6526041671875 0.48814484062499996 0.6526041671875 0.4864880953125 0.6538541671875 0.4864880953125 0.6544717265625 0.48814484062499996 0.6557217265624999 0.502251984375 0.6575892859375
1 0.52217261875 0.6345535718749999 0.5192658734375 0.6305133921875 0.5171924609375 0.6298883921875 0.5155357140625 0.631130953125 0.5155357140625 0.631755953125 0.51802579375 0.635491071875 0.5205158734374999 0.6373586312499999 0.5313095234375 0.64140625 0.5383630953125 0.642336309375 0.5400198406250001 0.64109375 0.5400198406250001 0.6404687499999999 0.5383630953125 0.639226190625 0.5317162703125 0.638288690625 0.52217261875 0.6345535718749999
1 0.5184424609375 0.6161904765624999 0.5167857140625001 0.6174404765625 0.5167857140625001 0.6183705359375 0.5184424609375 0.6233482140625 0.5188591265625 0.6302008921875 0.5205158734374999 0.6314434531249999 0.52134920625 0.6314434531249999 0.523005953125 0.6302008921875 0.5225892859375 0.6233482140625 0.5209325390624999 0.6174404765625 0.5192658734375 0.6161904765624999 0.5184424609375 0.6161904765624999
3 0.5113888890625 0.49854910781250006 0.508898809375 0.5085044640625 0.508898809375 0.523444940625 0.5084821421875 0.52936011875 0.506825396875 0.5374479171875 0.5059920640625 0.56048363125 0.5055753968750001 0.5639062499999999 0.5039186515625 0.568883928125 0.5047420640625 0.5794642859375 0.5030853171875 0.5950297625000001 0.5035019843749999 0.60561011875 0.501428571875 0.610587796875 0.501428571875 0.6295758921875 0.5005952375 0.6326860125 0.5010119046875 0.64420386875 0.499355159375 0.6532291671875 0.497271825 0.6600744046875 0.49437499999999995 0.6762648812500001 0.49437499999999995 0.678132440625 0.49644841250000005 0.6793750000000001 0.498105159375 0.6790625 0.499355159375 0.678132440625 0.502251984375 0.6603869046875 0.5043353171875 0.6535416671875 0.5059920640625 0.64451636875 0.5055753968750001 0.6329985125 0.5064087296875 0.6298883921875 0.5064087296875 0.6109002968749999 0.5084821421875 0.60592261875 0.5080654765625 0.5953422625 0.5097222218749999 0.5797767859375 0.508898809375 0.5691964281249999 0.51055555625 0.56421875 0.510972221875 0.5607961312499999 0.51180555625 0.5377604171875 0.5134623015625001 0.52967261875 0.51387896875 0.5237574406250001 0.51387896875 0.5088169640625 0.516369046875 0.4988541671875 0.5155357140625 0.4932514875 0.5176091265625 0.48671875 0.5167857140625001 0.48205357187500003 0.5184424609375 0.46835565468749996 0.5184424609375 0.4633779765625 0.5167857140625001 0.44501488125 0.5167857140625001 0.4247842265625 0.5176091265625 0.41762648750000003 0.51802579375 0.3958407734375 0.5167857140625001 0.3949032734375 0.515119046875 0.3945907734375 0.513045634375 0.3958407734375 0.51262896875 0.41762648750000003 0.51180555625 0.4247842265625 0.51180555625 0.44501488125 0.5134623015625001 0.4633779765625 0.513045634375 0.4727157734375 0.51180555625 0.481741071875 0.51180555625 0.484538690625 0.51262896875 0.48640625000000004 0.51055555625 0.49294642812499995 0.5113888890625 0.49854910781250006
2 0.5192658734375 0.419806546875 0.525079365625 0.418869046875 0.5259126984375 0.41824404687500005 0.526329365625 0.418556546875 0.526329365625 0.4179389875 0.5304761906250001 0.41357886875 0.5304761906250001 0.41295386875 0.52881944375 0.41171130937499995 0.5279861109375 0.41171130937499995 0.5271527781249999 0.412336309375 0.5267361109375 0.41202380937500005 0.5267361109375 0.41264136875 0.52342261875 0.416071428125 0.499355159375 0.41824404687500005 0.49768849218750005 0.41949404687499997 0.49768849218750005 0.42011160781249995 0.499355159375 0.4213616078125 0.501428571875 0.4213616078125 0.510972221875 0.42011160781249995 0.5192658734375 0.419806546875
0 0.5170436515625 0.41589285781249996 0.5163194437499999 0.41852678593750003 0.5188392859375 0.42200148750000005 0.5205654765625 0.42313988125 0.5245436515625 0.424040178125 0.52680555625 0.423571428125 0.5310317453125 0.421071428125 0.5340476187500001 0.4160119046875 0.5323015875 0.4113318453125 0.52842261875 0.40997023749999995 0.5235615078125 0.4108333328125 0.518303571875 0.41366071406250005 0.5170436515625 0.41589285781249996
1 0.5246626984375 0.3958407734375 0.52424603125 0.40984375 0.525079365625 0.41482142812499995 0.5267361109375 0.416071428125 0.52756944375 0.416071428125 0.529226190625 0.41482142812499995 0.528402778125 0.40953125 0.52881944375 0.3958407734375 0.5271527781249999 0.3945907734375 0.526329365625 0.3945907734375 0.5246626984375 0.3958407734375
0 0.5200595234375001 0.449352678125 0.5183134921875 0.45205357187499995 0.5192063484375 0.45469494062500004 0.52069444375 0.45595982187499995 0.5225099203125 0.4572991078125 0.5262797625 0.4579985125 0.5283730156249999 0.4574479171875 0.5305158734375001 0.455587796875 0.5333234124999999 0.45452380937500003 0.536299603125 0.451369046875 0.5365376984375 0.44784226250000003 0.5355654765625 0.446257440625 0.5315674609375 0.44459821406250005 0.5287400796874999 0.44456845312500004 0.5218849203125 0.44799107187500004 0.5200595234375001 0.449352678125
1 0.5462400796875 0.4406547625 0.538769840625 0.442834821875 0.5308928578125001 0.445944940625 0.5296428578125 0.446569940625 0.52881944375 0.448125 0.5304761906250001 0.449367559375 0.5313095234375 0.449367559375 0.5404365078125 0.445632440625 0.5483234125 0.443459821875 0.549146825 0.4419047625 0.5474900796875 0.4406547625 0.5462400796875 0.4406547625
1 0.528402778125 0.449367559375 0.52756944375 0.449367559375 0.5259126984375 0.45061755937500003 0.5259126984375 0.45154761875 0.5279861109375 0.45746279687499997 0.5321329359375 0.4664880953125 0.5337996031250001 0.4677306546875 0.534623015625 0.4677306546875 0.5362896828125 0.4664880953125 0.5362896828125 0.46555803593749995 0.5317162703125 0.4559077375 0.5300595234375 0.45061755937500003 0.528402778125 0.449367559375
2 0.502251984375 0.487961309375 0.5005952375 0.489211309375 0.5005952375 0.48982886875 0.502251984375 0.49107886875 0.5167857140625001 0.49107886875 0.526329365625 0.492008928125 0.5279861109375 0.49076636875 0.5279861109375 0.49014136875 0.526329365625 0.488898809375 0.52424603125 0.488586309375 0.5171924609375 0.487961309375 0.502251984375 0.487961309375
0 0.510873015625 0.4894494046875 0.51032738125 0.49095238124999996 0.510853175 0.4930729171875 0.51157738125 0.4950297625 0.51407738125 0.49625 0.5172619046875 0.4966145828125 0.525476190625 0.495476190625 0.53006944375 0.49347470312499997 0.5310813484375 0.488757440625 0.527619046875 0.4856994046875 0.524196428125 0.485431546875 0.5213194437500001 0.4843452375 0.5174603171875 0.4844791671875 0.512450396875 0.4875595234375 0.510873015625 0.4894494046875
2 0.5101388890624999 0.5670163687499999 0.5176091265625 0.5670163687499999 0.5188591265625 0.566398809375 0.52134920625 0.562038690625 0.52134920625 0.561101190625 0.5196825390625001 0.55985863125 0.5188591265625 0.55985863125 0.5176091265625 0.56048363125 0.5155357140625 0.5639062499999999 0.499355159375 0.56296875 0.49603174531249994 0.562038690625 0.4947916671875 0.562038690625 0.49312500000000004 0.56328125 0.49312500000000004 0.5639062499999999 0.4947916671875 0.565148809375 0.49893849218749997 0.5660863093749999 0.506825396875 0.566398809375 0.5101388890624999 0.5670163687499999
0 0.5122619046875 0.5677827375 0.5149404765625001 0.5700000000000001 0.5210317453125 0.5708556546875 0.5248313484375 0.5685714281250001 0.5250595234375 0.5626264875 0.5237599203125 0.5600446421874999 0.522023809375 0.5588616078124999 0.5191071421875 0.5582291671874999 0.5151091265625001 0.558787203125 0.51157738125 0.561696428125 0.5115079359375 0.5641741078125 0.5122619046875 0.5677827375
2 0.52342261875 0.6302008921875 0.52342261875 0.6295758921875 0.521755953125 0.6283333328125 0.5209325390624999 0.6283333328125 0.516369046875 0.6302008921875 0.5030853171875 0.6302008921875 0.4864880953125 0.6286458328125 0.4848313484375 0.6298883921875 0.4848313484375 0.6305133921875 0.4864880953125 0.631755953125 0.4927083328125 0.6326860125 0.5030853171875 0.6333110125 0.5171924609375 0.6333110125 0.52134920625 0.631755953125 0.52342261875 0.6302008921875
0 0.5252579359375 0.6261904765625 0.522847221875 0.6249032734375 0.5189186515624999 0.624851190625 0.5129067453125 0.628147321875 0.5084523812499999 0.62811011875 0.5056150796875001 0.6299404765625 0.5048412703125 0.6319419640625 0.50625 0.6347842265625 0.5093849203125 0.638102678125 0.5110813484375 0.63890625 0.5157936515625 0.639538690625 0.5211210312500001 0.6382217265625 0.5239980156249999 0.6359449406250001 0.5264880953125 0.6324255953125 0.5264583328125 0.628258928125 0.5252579359375 0.6261904765625
1 0.521755953125 0.48952380937499995 0.5200992062500001 0.488273809375 0.5192658734375 0.488273809375 0.5176091265625 0.48952380937499995 0.51595238125 0.5001041671875 0.51387896875 0.5053943453125 0.51595238125 0.5150446421875 0.5176091265625 0.516287203125 0.5184424609375 0.516287203125 0.5200992062500001 0.5150446421875 0.51802579375 0.5057068453125 0.5200992062500001 0.5004166671875 0.521755953125 0.49107886875 0.521755953125 0.48952380937499995
1 0.5093154765625 0.5804017859374999 0.5093154765625 0.5813318453125 0.5122123015625 0.5866220234374999 0.516369046875 0.5916071421875 0.5184424609375 0.5922247031250001 0.5200992062500001 0.5909821421875 0.5200992062500001 0.5903571421875 0.515119046875 0.5838244046875001 0.5134623015625001 0.5800892859375 0.510972221875 0.5791592265625 0.5093154765625 0.5804017859374999
1 0.526329365625 0.599694940625 0.52756944375 0.599694940625 0.529226190625 0.59845238125 0.528402778125 0.596897321875 0.5184424609375 0.593787203125 0.5171924609375 0.593787203125 0.5155357140625 0.5950297625000001 0.516369046875 0.596584821875 0.526329365625 0.599694940625
0 0.5095734125 0.5937202375 0.510704365625 0.5956696421875 0.51029761875 0.597507440625 0.51112103125 0.5999330359374999 0.5124900796875 0.6012500000000001 0.514126984375 0.6025818453125 0.5173015875 0.603258928125 0.5213591265625 0.6027827375 0.523303571875 0.601383928125 0.5248611109375 0.598757440625 0.5251686515625 0.591101190625 0.5241269843749999 0.5884375000000001 0.522549603125 0.5872544640624999 0.518730159375 0.5864360125 0.5142361109375 0.5874181546874999 0.51 0.5904985125 0.5095734125 0.5937202375
1 0.514295634375 0.5100595234374999 0.514295634375 0.5094419640625001 0.51387896875 0.5097470234375 0.5122123015625 0.5091294640624999 0.51055555625 0.5103720234375 0.510972221875 0.5119270828125 0.51387896875 0.5144196421875 0.5200992062500001 0.5246875 0.5209325390624999 0.525625 0.523005953125 0.526242559375 0.5246626984375 0.525 0.5246626984375 0.524375 0.5200992062500001 0.5181547625 0.5171924609375 0.5125520828125001 0.514295634375 0.5100595234374999
1 0.5192658734375 0.526242559375 0.5192658734375 0.5268675593750001 0.5209325390624999 0.52811011875 0.5371130953125001 0.530290178125 0.5445833328125 0.5318452375 0.5458333328125 0.5318452375 0.5474900796875 0.530602678125 0.5474900796875 0.5299776781250001 0.5445833328125 0.52842261875 0.5209325390624999 0.525 0.5192658734375 0.526242559375
0 0.5131845234375 0.5286607140624999 0.5140873015625 0.5310044640625 0.517678571875 0.533400296875 0.5216964281250001 0.5343303578125 0.5239186515625 0.5339955359374999 0.5270436515625 0.5324032734374999 0.5281349203125 0.530915178125 0.528769840625 0.5250297625 0.527678571875 0.5225669640625 0.523501984375 0.520446428125 0.5186111109375 0.521287203125 0.51368055625 0.526584821875 0.5131845234375 0.5286607140624999
2 0.5192658734375 0.59782738125 0.5200992062500001 0.5919196421875 0.5200992062500001 0.5897395828125 0.5184424609375 0.5884895828125 0.5176091265625 0.5884895828125 0.51595238125 0.5897395828125 0.5155357140625 0.5953422625 0.51387896875 0.596272321875 0.4885615078125 0.5953422625 0.48690476250000003 0.596584821875 0.48690476250000003 0.597209821875 0.4885615078125 0.59845238125 0.49188492031250003 0.5987648812499999 0.5059920640625 0.59938988125 0.5176091265625 0.59907738125 0.5192658734375 0.59782738125
1 0.538769840625 0.5766666671875 0.5188591265625 0.562351190625 0.5176091265625 0.562351190625 0.51595238125 0.56359375 0.516369046875 0.564836309375 0.5371130953125001 0.5797767859375 0.5379464281249999 0.5797767859375 0.5425099203125 0.5822693453125 0.5433432546875 0.5822693453125 0.545 0.5810267859375 0.5441666671875 0.5797767859375 0.5445833328125 0.5794642859375 0.54375 0.5794642859375 0.538769840625 0.5766666671875
1 0.5379464281249999 0.5514583328125 0.539603175 0.5499032734375 0.5400198406250001 0.5486532734375 0.5383630953125 0.5474107140625 0.5375297625 0.5474107140625 0.528402778125 0.5533258921875001 0.5205158734374999 0.557678571875 0.5196825390625001 0.557678571875 0.5171924609375 0.561101190625 0.5171924609375 0.5617261906250001 0.5188591265625 0.56296875 0.5209325390624999 0.562351190625 0.52342261875 0.5595461312500001 0.5271527781249999 0.557991071875 0.536696428125 0.5517708328125 0.5379464281249999 0.5514583328125