0 0.543447265625 0.42144322343749996 0.5464453125000001 0.41967765625000003 0.546875 0.41753846093749997 0.5501367187499999 0.41351648281250003 0.55021484375 0.4115311359375 0.5485156250000001 0.40915750937500006 0.5462109374999999 0.40835897499999996 0.5411328125 0.40437362656250003 0.5390039062499999 0.40383882812499994 0.535673828125 0.404117215625 0.53365234375 0.4053992671875 0.529833984375 0.40609523750000004 0.52763671875 0.40945055 0.527998046875 0.411069596875 0.530283203125 0.41391208749999997 0.533173828125 0.4158534796875 0.5343359375000001 0.41964102499999995 0.536640625 0.42145055 0.538837890625 0.4220146515625 0.543447265625 0.42144322343749996
1 0.5541796875 0.3195824171875 0.5541796875 0.3205128203125 0.5504687500000001 0.32422710625 0.54798828125 0.325619046875 0.5430371093749999 0.3330549453125 0.5430371093749999 0.3339853484375 0.5455078125 0.335838828125 0.548603515625 0.334908425 0.553564453125 0.32794139218749996 0.55603515625 0.32654945 0.5597558593749999 0.3219047625 0.5628515625 0.32004395625000004 0.565322265625 0.316798534375 0.570283203125 0.31307692343750004 0.5708984375 0.31122344375 0.5684179687500001 0.3093626375 0.5671875 0.3093626375 0.5622265625 0.312153846875 0.557275390625 0.31772161250000003 0.5541796875 0.3195824171875
3 0.4959765625 0.3047179484375 0.49412109375 0.3298021984375 0.49349609375 0.4157362640625 0.49040039062499996 0.4403516484375 0.49164062499999994 0.4993479859375 0.49040039062499996 0.5169963375 0.48978515624999996 0.5569450546875 0.488544921875 0.566703296875 0.49040039062499996 0.59131868125 0.4879296875 0.604791209375 0.488544921875 0.62523076875 0.486064453125 0.636380953125 0.486064453125 0.6582124546875 0.4873046875 0.677252746875 0.4873046875 0.73113553125 0.48916015625 0.766908425 0.48916015625 0.7892014656249999 0.492255859375 0.7910622703125 0.494736328125 0.79059340625 0.49659179687500005 0.7892014656249999 0.49659179687500005 0.7664395609375 0.494736328125 0.73113553125 0.494736328125 0.6767912093749999 0.49349609375 0.6577435890625 0.49349609375 0.636842490625 0.4959765625 0.6256923078125001 0.49535156249999995 0.604791209375 0.49783203125000003 0.59131868125 0.4959765625 0.57413186875 0.499072265625 0.4993479859375 0.49783203125000003 0.4403516484375 0.500927734375 0.4157362640625 0.5015527343749999 0.3298021984375 0.503408203125 0.3047179484375 0.503408203125 0.29031501875 0.5015527343749999 0.2684835171875 0.4996875 0.26709157499999997 0.497216796875 0.2666300359375 0.49412109375 0.2684835171875 0.4959765625 0.2907838828125 0.4959765625 0.3047179484375
1 0.5287890625 0.742754578125 0.53126953125 0.744608059375 0.5343652343749999 0.74367765625 0.546748046875 0.72277655625 0.5510839843750001 0.717201465625 0.5510839843750001 0.7162710624999999 0.548603515625 0.7144175828125 0.547373046875 0.7144175828125 0.544267578125 0.7167399265625 0.5287890625 0.7418241765625 0.5287890625 0.742754578125
0 0.545693359375 0.7444395609375001 0.54537109375 0.7430036624999999 0.543232421875 0.740981684375 0.541513671875 0.7402783875 0.535771484375 0.7401904765625 0.53251953125 0.7391282046875001 0.528544921875 0.7394139187500001 0.5266699218750001 0.7406959703125 0.525380859375 0.7433479859375 0.52599609375 0.7456923078125001 0.529072265625 0.74822710625 0.532880859375 0.7510109890625001 0.538671875 0.7512893765624999 0.54453125 0.7478315015625 0.545693359375 0.7444395609375001
2 0.44148437500000004 0.7455384609375 0.4458203125 0.746930403125 0.4712109375 0.749252746875 0.5065039062500001 0.749252746875 0.530029296875 0.7473992671875 0.533125 0.746930403125 0.53560546875 0.7450769234375 0.53560546875 0.7441465203125001 0.533125 0.7422857140625 0.5065039062500001 0.744608059375 0.471826171875 0.744608059375 0.44953125 0.742754578125 0.44148437500000004 0.7408937734375 0.439013671875 0.742754578125 0.439013671875 0.74367765625 0.44148437500000004 0.7455384609375
1 0.5461328125 0.344205128125 0.548603515625 0.3460586078125 0.54984375 0.3460586078125 0.55232421875 0.344205128125 0.55232421875 0.3428058609375 0.5510839843750001 0.33863003593749996 0.548603515625 0.33676923125 0.547373046875 0.33676923125 0.544892578125 0.33863003593749996 0.544892578125 0.340021978125 0.5461328125 0.344205128125
2 0.4712109375 0.3330549453125 0.45015625000000004 0.3339853484375 0.44767578124999996 0.335838828125 0.44767578124999996 0.33676923125 0.45015625000000004 0.33863003593749996 0.45510742187500003 0.33863003593749996 0.50587890625 0.334908425 0.538701171875 0.33537728906250003 0.5411718750000001 0.3335164828125 0.5411718750000001 0.33258608125 0.538701171875 0.33073260000000004 0.50587890625 0.33026373593749997 0.498447265625 0.3311941390625 0.482353515625 0.33166300312499997 0.4712109375 0.3330549453125
0 0.52748046875 0.3317802203125 0.529072265625 0.3351062265625 0.5341796875 0.33818315 0.535263671875 0.3409157515625 0.537763671875 0.34293772968749997 0.540654296875 0.343296703125 0.5446191406249999 0.3451062265625 0.5497167968750001 0.34418315 0.552451171875 0.3415750921875 0.553056640625 0.33890842499999996 0.5508984375 0.3350549453125 0.550283203125 0.331252746875 0.548681640625 0.3300805859375 0.54306640625 0.32822710625 0.539677734375 0.32850549375 0.53787109375 0.329296703125 0.535673828125 0.3278534796875 0.533857421875 0.32748717968749996 0.528671875 0.329457875 0.52748046875 0.3317802203125
1 0.515166015625 0.5982857140625 0.513935546875 0.602930403125 0.51640625 0.604791209375 0.519501953125 0.6038608062499999 0.5207421875 0.6020073265625 0.52259765625 0.596432234375 0.526318359375 0.590388278125 0.531884765625 0.5778534796875 0.5362207031249999 0.573201465625 0.5362207031249999 0.5722783875 0.5337500000000001 0.5704175828125 0.532509765625 0.5704175828125 0.528173828125 0.573201465625 0.526318359375 0.5759926734375 0.515166015625 0.5982857140625
2 0.44830078125000006 0.40923076875 0.44148437500000004 0.409699634375 0.439013671875 0.41155311406250006 0.439013671875 0.4124835171875 0.44148437500000004 0.414344321875 0.47306640624999996 0.4138754578125 0.520126953125 0.4148058609375 0.5362207031249999 0.4124835171875 0.538701171875 0.4106300359375 0.538701171875 0.409699634375 0.5362207031249999 0.40783882812499994 0.5343652343749999 0.40783882812499994 0.5287890625 0.40923076875 0.520126953125 0.410161171875 0.44830078125000006 0.40923076875
1 0.5541796875 0.63777289375 0.5461328125 0.6428791203124999 0.538076171875 0.6456703296875 0.538076171875 0.6466007328125001 0.5362207031249999 0.647523809375 0.53560546875 0.649846153125 0.538076171875 0.651706959375 0.540556640625 0.6507765562500001 0.5411718750000001 0.651245421875 0.5424121093750001 0.649384615625 0.552939453125 0.645201465625 0.557275390625 0.64195604375 0.56470703125 0.6391648359375 0.5671875 0.6373040296875 0.5708984375 0.636380953125 0.57337890625 0.634520146875 0.57337890625 0.63358974375 0.5708984375 0.6317362640625 0.56904296875 0.6317362640625 0.565322265625 0.632659340625 0.560986328125 0.6354505500000001 0.5541796875 0.63777289375
1 0.5349804687499999 0.7882710625 0.5374609375 0.79013186875 0.538701171875 0.79013186875 0.5411718750000001 0.7882710625 0.5411718750000001 0.7859487171875 0.5374609375 0.7617948718750001 0.5362207031249999 0.748791209375 0.536845703125 0.7455384609375 0.5343652343749999 0.74367765625 0.533125 0.74367765625 0.530029296875 0.7464688640625 0.53126953125 0.7617948718750001 0.5349804687499999 0.7882710625
1 0.526318359375 0.6679633703125 0.52755859375 0.6795750921875 0.5287890625 0.683296703125 0.5287890625 0.6888644687500001 0.53126953125 0.6907252749999999 0.532509765625 0.6907252749999999 0.5349804687499999 0.6888644687500001 0.5349804687499999 0.6828278390625 0.5337500000000001 0.679113553125 0.532509765625 0.66750183125 0.532509765625 0.6544908421875 0.5349804687499999 0.649846153125 0.532509765625 0.6479926734375 0.53126953125 0.6479926734375 0.5294140625 0.6489230765625 0.526318359375 0.653567765625 0.526318359375 0.6679633703125
0 0.543583984375 0.6528058609375 0.54439453125 0.6501025640625 0.5438671875 0.6477362640625 0.538447265625 0.641934065625 0.5349999999999999 0.6412307687500001 0.531396484375 0.6414652015625 0.52482421875 0.643706959375 0.5226953125 0.646 0.52216796875 0.647641025 0.5231640625 0.65113553125 0.52541015625 0.6529890109375 0.52904296875 0.654703296875 0.5343652343749999 0.6554652015625 0.5399511718750001 0.6548498171875 0.54173828125 0.65431501875 0.543583984375 0.6528058609375
2 0.4334375 0.6470622703125 0.4705859375 0.65031501875 0.5188867187499999 0.651706959375 0.5287890625 0.65031501875 0.53126953125 0.6484542125 0.53126953125 0.647523809375 0.5287890625 0.6456703296875 0.5188867187499999 0.6470622703125 0.494736328125 0.6466007328125001 0.463779296875 0.645201465625 0.4334375 0.6424175828124999 0.43095703125 0.6442783875 0.43095703125 0.645201465625 0.4334375 0.6470622703125
1 0.536845703125 0.5639120875 0.5349804687499999 0.566703296875 0.5349804687499999 0.5676337 0.5374609375 0.5694871796875 0.540556640625 0.5685567765624999 0.5424121093750001 0.56577289375 0.546748046875 0.5504468859375 0.54798828125 0.5402271062499999 0.5455078125 0.5383663000000001 0.544267578125 0.5383663000000001 0.541796875 0.5402271062499999 0.540556640625 0.5504468859375 0.536845703125 0.5639120875
0 0.5252050781250001 0.5769450546875 0.529345703125 0.57822710625 0.5330175781250001 0.57818315 0.53623046875 0.5773113546875 0.541337890625 0.5736483515625 0.5424121093750001 0.5721978015625 0.545888671875 0.5711282046874999 0.5481542968750001 0.5693260078125 0.54890625 0.5669670328125 0.54845703125 0.5646666671875 0.545791015625 0.5622637359375 0.54041015625 0.5621684984375 0.536376953125 0.5646886453125 0.52677734375 0.567641025 0.52388671875 0.5693260078125 0.5228613281250001 0.573655678125 0.5252050781250001 0.5769450546875
2 0.43591796875 0.5680952375 0.451396484375 0.5685567765624999 0.473681640625 0.5708791203125 0.511455078125 0.5727399265625001 0.531884765625 0.5727399265625001 0.536845703125 0.5722783875 0.53931640625 0.5704175828125 0.53931640625 0.5694871796875 0.536845703125 0.5676337 0.4996875 0.5676337 0.492255859375 0.566703296875 0.473681640625 0.5662344328125 0.45201171875 0.5639120875 0.43591796875 0.56345055 0.4334375 0.5653113546874999 0.4334375 0.5662344328125 0.43591796875 0.5680952375
1 0.49040039062499996 0.5086373625 0.48916015625 0.51095970625 0.49164062499999994 0.5128205125 0.49288085937500004 0.5128205125 0.532509765625 0.497025640625 0.5362207031249999 0.49516483593749994 0.53931640625 0.49238095312499996 0.53931640625 0.49145055 0.536845703125 0.48958974375000003 0.53560546875 0.48958974375000003 0.521982421875 0.496564103125 0.492255859375 0.507706959375 0.49040039062499996 0.5086373625
1 0.538076171875 0.4891282046875 0.53931640625 0.4891282046875 0.541796875 0.4872674 0.541796875 0.45986813125000003 0.5411718750000001 0.45614652031249997 0.538701171875 0.454293040625 0.5374609375 0.454293040625 0.5349804687499999 0.45614652031249997 0.53560546875 0.4872674 0.538076171875 0.4891282046875
0 0.55138671875 0.492205128125 0.549462890625 0.488 0.5419238281250001 0.4838974359375 0.537060546875 0.48243223437499994 0.53208984375 0.48424175781249995 0.529345703125 0.48988278437500005 0.52966796875 0.49224908437500003 0.5310644531250001 0.494798534375 0.5340625 0.4968498171875 0.53623046875 0.4973992671875 0.5435449218749999 0.49732600781249997 0.5478125 0.4964175828125 0.550302734375 0.4948717953125 0.55138671875 0.492205128125
2 0.44396484375 0.49191941406249995 0.451396484375 0.492842490625 0.5287890625 0.492842490625 0.5362207031249999 0.49238095312499996 0.538701171875 0.49052014687499995 0.538701171875 0.48958974375000003 0.5362207031249999 0.4877362640625 0.45201171875 0.48819780156250003 0.44396484375 0.4872674 0.44148437500000004 0.4891282046875 0.44148437500000004 0.49005860781250005 0.44396484375 0.49191941406249995
1 0.5046484375 0.4106300359375 0.513935546875 0.4124835171875 0.520126953125 0.4148058609375 0.538076171875 0.418520146875 0.53994140625 0.418520146875 0.5424121093750001 0.4166666671875 0.5424121093750001 0.4157362640625 0.53994140625 0.4138754578125 0.5207421875 0.410161171875 0.51640625 0.408300365625 0.5046484375 0.40597802187500004 0.50216796875 0.40783882812499994 0.50216796875 0.40876923125 0.5046484375 0.4106300359375
1 0.5504687500000001 0.4064468859375 0.5492285156250001 0.4064468859375 0.54365234375 0.41109157500000004 0.541796875 0.41155311406250006 0.5411718750000001 0.4138754578125 0.54365234375 0.4157362640625 0.546748046875 0.415274725 0.554794921875 0.40923076875 0.582041015625 0.3943663 0.58142578125 0.3939047625 0.582666015625 0.39204395625 0.580185546875 0.3901904765625 0.578330078125 0.3901904765625 0.56470703125 0.39854945 0.559130859375 0.4008717953125 0.5504687500000001 0.4064468859375