1 0.5323360453125 0.31627011718750003 0.5298139453124999 0.314079353125 0.528477546875 0.31398590312499997 0.5256645734375 0.3158036015625 0.52552495 0.31780030937500003 0.5287990546875 0.3285929640625 0.5300986203125 0.33873998125 0.5357884562499999 0.3627713703125 0.53576214375 0.37282567499999997 0.5382842453125 0.3750164375 0.53962064375 0.37510988749999996 0.5424336171874999 0.3732921890625 0.542494696875 0.3627406828125 0.5323360453125 0.31627011718750003
2 0.44391174375000003 0.4493739671875 0.44110929218750006 0.45119240156249996 0.44103975625 0.452186809375 0.4435618578125 0.4543775734375 0.4661442171875 0.45746352031250004 0.5248615953125 0.46156943906250003 0.530904896875 0.46149239375000006 0.5337073484375 0.459673959375 0.5337774359375 0.45867165937500004 0.5312547828125 0.4564887890625 0.46649410312499995 0.4524599171875 0.44391174375000003 0.4493739671875
1 0.5870111078125 0.45485201406250003 0.5992378890625 0.452693325 0.6020403375 0.450874890625 0.6021098734375 0.44988048281250004 0.599587775 0.4476897203125 0.5975779140624999 0.4475491765625 0.5839899390625 0.4501202484375 0.57050736875 0.45118392500000004 0.5357767734375 0.4588114671875 0.5268256124999999 0.4622143421875 0.5253142703125 0.46462269375 0.5278474453124999 0.4668063015625 0.52918384375 0.46689975156249997 0.5415402765625 0.4627357265625 0.5585688453125 0.458898409375 0.5735279875 0.4559235828125 0.5870111078125 0.45485201406250003
1 0.5295664328125 0.47095530625000004 0.5319857421874999 0.465089209375 0.5294636421875001 0.46289844531249996 0.52812724375 0.4628049953125 0.5253142703125 0.46462269375 0.5229302796875 0.46998369531249995 0.5224402171875 0.4769918984375 0.525714875 0.48777666093749994 0.52932834375 0.4935649765625 0.5325939921875 0.4948005328125 0.535406965625 0.4929828359375 0.5354770531249999 0.4919805359375 0.531294428125 0.4846535171875 0.529111690625 0.47745841406249995 0.5295664328125 0.47095530625000004
0 0.511351615625 0.7122344734375 0.5056733828125 0.7149541828125 0.5043584390625 0.7165197515624999 0.5047292875 0.7201382953125 0.5078727125 0.722063209375 0.509201103125 0.7255980265625 0.510806978125 0.7269792359375 0.518924940625 0.7292916546875 0.52129750625 0.7292355015624999 0.524045875 0.72819049375 0.52528329375 0.72667501875 0.52571358125 0.724302103125 0.5247410968749999 0.7221800453125 0.5253309859375 0.7179783640624999 0.522461334375 0.7145578296874999 0.519575978125 0.71257165625 0.511351615625 0.7122344734375
1 0.5297248156250001 0.53583166875 0.5245562296874999 0.5233997031250001 0.5197807515624999 0.515024028125 0.5184796734375 0.5144254828125 0.5117401796875 0.5054049046875 0.5098103765625 0.5042706906250001 0.5080107796875 0.50112325 0.5023278875 0.49619742499999997 0.49968985625 0.495513321875 0.49687688281250003 0.4973310203125 0.496772028125 0.4988305234375 0.5018378265625 0.5032056296875 0.5142359671875 0.51764996875 0.5212990375000001 0.5317212453125 0.524493084375 0.5435075703125001 0.52702570625 0.5456990703125 0.52836210625 0.5457925203125 0.53116455625 0.5439740859375 0.5312694125 0.5424745828125 0.5297248156250001 0.53583166875
1 0.5845159984375 0.7206894562499999 0.5845860859374999 0.71968715625 0.582053465625 0.7174956578125 0.558738078125 0.7153656515625 0.5161149890625001 0.7209344609375 0.513302015625 0.7227521593749999 0.5132324796875001 0.7237465671875001 0.515765103125 0.7259380671875 0.5177644390625 0.7260778734375 0.5245760875000001 0.724539790625 0.5380586546874999 0.7234761125 0.5496125265625 0.7212624375 0.559061653125 0.72041635 0.5817030265625001 0.7225071546875 0.5845159984375 0.7206894562499999
2 0.4956676796875 0.543506303125 0.5289902750000001 0.54633608125 0.531802696875 0.5445262750000001 0.531872784375 0.543523975 0.5293401625 0.5413324765625 0.49534410624999997 0.53845560625 0.487266146875 0.538897940625 0.44390157343750003 0.5358655953125 0.4384964125 0.5364948296875001 0.4264551 0.5361524531249999 0.4236421265625 0.5379701515625 0.42357259062499997 0.538964559375 0.4261052125 0.5411560578125 0.4314402859375 0.5415291234375 0.4435516875 0.5408691984375 0.48758972187499994 0.5439486375 0.4956676796875 0.543506303125
3 0.4703324015625 0.7715349765624999 0.4730399671875 0.7712246734375 0.475144159375 0.769864978125 0.48935097031249997 0.566698115625 0.489449434375 0.5460851515625 0.4942762375 0.4865854578125 0.49473456093749996 0.46097751875000004 0.5006949953125 0.42367584999999996 0.5087457375 0.3468033484375 0.5110906359375 0.313269728125 0.5116786109375 0.2856564515625 0.509784128125 0.2840171421875 0.507156621875 0.283333775 0.5036812609375 0.2850972234375 0.5030827640625 0.31270976250000004 0.4976604921875 0.380725053125 0.491243803125 0.43407830000000003 0.48672668906250005 0.460417553125 0.48627889062499996 0.4860262296875 0.4814415625 0.5455251875 0.48134309843749995 0.56613815 0.46874816093750005 0.736727334375 0.46713628749999997 0.7693050125 0.4703324015625 0.7715349765624999
2 0.45176536250000005 0.365944846875 0.44895238906249996 0.3677625453125 0.4488823015625 0.3687648453125 0.45141547656250003 0.37094845 0.52217416875 0.3753967453125 0.53888761875 0.3760658296875 0.54169006875 0.3742473953125 0.54176015625 0.37324509687499996 0.53923805625 0.3710543328125 0.5232223125 0.369934403125 0.45176536250000005 0.365944846875
1 0.5349618421875 0.413002209375 0.5351040828125 0.40144124843749995 0.5368499328125 0.3955280578125 0.53520048125 0.39038464687499996 0.5350270515625 0.38333797812500003 0.5366785703125 0.3789250265625 0.53962064375 0.37510988749999996 0.53969073125 0.3741075875 0.5371686312499999 0.371916825 0.53583223125 0.371823375 0.5337628078125001 0.3726858671875 0.5308102109374999 0.3765002703125 0.5283909 0.38236636874999996 0.5285290093749999 0.3899181328125 0.5301431390625 0.3955666390625 0.5284568562499999 0.4004767921875 0.5278619390625 0.40898450000000003 0.52829036875 0.4125356953125 0.53082354375 0.41471929999999996 0.5321494203125 0.41481201562500003 0.5349618421875 0.413002209375
1 0.515295378125 0.55996301875 0.5271985828125 0.55275363125 0.5315929859375 0.54752528125 0.5316630734375 0.54652298125 0.5291298984374999 0.5443393750000001 0.5277935 0.544245925 0.5257240750000001 0.5451084171875 0.522771478125 0.548922821875 0.5016726359375 0.5630312953125001 0.49268670625000005 0.5669313734375 0.47098393749999995 0.5799983453124999 0.470181375 0.5819486953124999 0.47271399843750006 0.5841401937499999 0.47541104218749997 0.5838291546875001 0.495707325 0.57167103125 0.50887739375 0.5655495015625001 0.515295378125 0.55996301875
1 0.5108394796875 0.7195583609375 0.5141398953125 0.720296715625 0.51695286875 0.7184790171875 0.5157566453125 0.71638096875 0.5164648749999999 0.7159308578125 0.511294221875 0.7130552546875 0.505611328125 0.7081294312499999 0.49116800625 0.69404964375 0.49061047343749997 0.6924958921875 0.48109277500000003 0.6847958078125 0.471077109375 0.6745389390625001 0.4705190265625 0.672993078125 0.467218609375 0.6722547249999999 0.46440563749999997 0.6740724234375 0.4649041546875 0.67662131875 0.468099715625 0.678859175 0.4781054109375 0.6891074171875 0.4786734640625 0.69066190625 0.48755247031250004 0.6978176921875 0.49124654999999995 0.7026044437500001 0.5038897234374999 0.7135446812499999 0.5044478046875 0.7150905421875 0.506412375 0.715727553125 0.5108394796875 0.7195583609375
0 0.535971915625 0.5469035921875001 0.5358082859375 0.5436484890625 0.5328157453125 0.5404731453125 0.530780715625 0.539331571875 0.5214417765625 0.5378458046875 0.5178964640625 0.5366779296875 0.512353440625 0.5374640703125 0.5077516609375 0.53945805 0.50478265 0.541843778125 0.5042404359375 0.5440026687499999 0.5056001328125 0.5464848921875001 0.51125303125 0.548815275 0.5166487 0.54786815 0.5176344734375 0.552219665625 0.521889753125 0.555483309375 0.5265171125 0.55614790625 0.530668290625 0.555002725 0.5333681593749999 0.5526854140624999 0.535971915625 0.5469035921875001
2 0.496598734375 0.6355914515625 0.5081172859375 0.633882871875 0.5147887578125 0.6343493859375 0.518972896875 0.6321279343749999 0.5190429859375 0.6311256359375 0.5165098109375 0.628942028125 0.5145104734375 0.6288022203125 0.5071307734375 0.628785815625 0.49628568125 0.630541490625 0.4774922859375 0.6307341625 0.4534791921875 0.629055003125 0.43960240937500006 0.6260781734374999 0.4368005109375 0.6278887156249999 0.4367304234375 0.628891015625 0.43925252343750004 0.631081778125 0.44649260156250004 0.6330948890625 0.47714239843749995 0.6357377671875 0.496598734375 0.6355914515625
1 0.5317707390625 0.583241771875 0.5304343406250001 0.583148321875 0.5276318890625 0.5849667562499999 0.52681880625 0.5869163703125 0.523874665625 0.6002878734375 0.51313930625 0.6292059734375 0.5130344515624999 0.630705478125 0.515567075 0.6328969765625 0.51689295 0.632989690625 0.5197059234375 0.6311719921875001 0.5322324234375 0.595844234375 0.5343033625 0.5854332703125 0.5317707390625 0.583241771875
1 0.5179580078125 0.64664154375 0.5186230109375 0.6371315390625 0.5160898359375 0.6349479328125 0.5147534375 0.6348544828125 0.5119410171875 0.6366642875 0.51131078125 0.645677090625 0.5089267890625 0.651038090625 0.5072474453125 0.6750538140625 0.5084416046875 0.6867082250000001 0.510974778125 0.6888918312500001 0.5123111765624999 0.68898528125 0.5151235984375 0.687175475 0.5139536859375 0.675023125 0.51556349375 0.652001809375 0.5179580078125 0.64664154375
0 0.5221935546875 0.635065446875 0.524850565625 0.6341171531249999 0.5260382046875 0.632859909375 0.5263592515625 0.629932134375 0.52508554375 0.6280348671875 0.517430584375 0.6257548234375 0.5122861000000001 0.625680590625 0.5064307765625 0.6266986765625 0.502992578125 0.6286867828125 0.5018050515625 0.6303960828124999 0.5018620125 0.6323034375 0.503382825 0.634598659375 0.5089772328125 0.6400337921875 0.5100744484375 0.6426404140625 0.5127562703125 0.6457226546875 0.5159555078125 0.647151834375 0.5179415640625 0.647330365625 0.522801371875 0.6451244390624999 0.523853796875 0.6435325828125 0.5237809718750001 0.6401886593749999 0.521393565625 0.63622290625 0.5221935546875 0.635065446875
2 0.43495542499999995 0.711737996875 0.4348853359375 0.7127402953125 0.437417959375 0.7149317953125001 0.4493549703125 0.7167657828125 0.518114325 0.72107426875 0.5209167765625 0.719255834375 0.5209863109375 0.718261428125 0.5184642109375 0.716070665625 0.44970485781249997 0.7117621765625 0.4377678453125 0.7099281890625 0.43495542499999995 0.711737996875
0 0.5266737734375 0.4528930703125 0.52093291875 0.4554497859375 0.5196241203125 0.45722991406249996 0.519502053125 0.4607901984375 0.5214326671875 0.4629713234375 0.521976996875 0.46713335625 0.5239051140625001 0.47040874375 0.528360065625 0.47263156562499997 0.5339715968750001 0.47116817656250004 0.5365425015625 0.466914684375 0.540509853125 0.4637105265625 0.541956871875 0.4587439875 0.54099380625 0.45663845 0.536321075 0.4539007640625 0.5266737734375 0.4528930703125
0 0.534764921875 0.3669744515625 0.5320659328125 0.3683718640625 0.5286856890625 0.37179948125 0.5284718171875 0.3736482421875 0.5296658703125 0.375928546875 0.532890828125 0.378350865625 0.5359581999999999 0.379548765625 0.5442189109375 0.3790636953125 0.5466990546875 0.377317890625 0.5482895375 0.3746850828125 0.548193534375 0.37167262968750003 0.5461416125 0.369411646875 0.5432425703125 0.3680748328125 0.5370864921875 0.36674025781249997 0.534764921875 0.3669744515625