1 0.555169978125 0.515476884375 0.5553950624999999 0.5145741187499999 0.553436671875 0.512175615625 0.552242753125 0.5118779375 0.5502096109375 0.5123223546875 0.5439433453125 0.5169889828125 0.5304023609375 0.5303669140625 0.52653518125 0.5356241515625 0.5261984390625 0.5369747453125 0.5281550578124999 0.5393803578125 0.5293489765625 0.539678034375 0.5322059343750001 0.53847258125 0.535355025 0.5335119734375 0.5448897406250001 0.523446378125 0.555169978125 0.515476884375
1 0.5541916687499999 0.5142740781249999 0.5553950624999999 0.5145741187499999 0.5582502484375 0.513375775 0.5585887609375 0.512018071875 0.5573056249999999 0.5069112703124999 0.5543783999999999 0.5033123234375 0.5521169546875 0.49700271718750005 0.5435526625 0.48529364062499997 0.540841046875 0.48078956406250006 0.5410661328125 0.4798867984375 0.5351017984374999 0.473129625 0.5322097078125 0.4719328796875 0.5293527499999999 0.47313833125000004 0.5293878828125 0.47554053124999995 0.53108605625 0.47643959999999996 0.5364552015624999 0.48304082656249997 0.5375803015625 0.4861980015625 0.540133878125 0.48875245312500004 0.54614459375 0.4979070796875 0.5488913421875 0.5048133531250001 0.5513332625 0.507815634375 0.552242753125 0.5118779375 0.5541916687499999 0.5142740781249999
2 0.548971084375 0.509620115625 0.525312978125 0.5046803734374999 0.48878270468749996 0.495096684375 0.48592752031249997 0.49629502812500004 0.485702434375 0.4971977953125 0.48765905312499996 0.49960340781249996 0.5241893265625001 0.50918709375 0.557465109375 0.51652479375 0.5603108203125 0.5153240859375 0.5605359046875 0.514421321875 0.5585887609375 0.512018071875 0.548971084375 0.509620115625
1 0.53075735625 0.63385655 0.5288084421875 0.631460409375 0.527605046875 0.6311603703124999 0.5247498625 0.6323587140625 0.518868165625 0.6457360984375 0.5131364765625 0.6687246421874999 0.5129146109375 0.6772841984375 0.5148617546875001 0.6796874468749999 0.5160651484375001 0.6799874875 0.51892210625 0.6787820359375 0.5191439718749999 0.6702224796875 0.5247640031249999 0.6476817640625 0.5303071874999999 0.63566208125 0.53075735625 0.63385655
0 0.5817859765625 0.46717713906249997 0.5831271140625 0.4650274796875 0.5827116046875 0.46326281874999997 0.5792330375 0.46058344843750004 0.5757208875 0.460258940625 0.5690162812499999 0.4574396515625 0.5650622671875001 0.4579185609375 0.5632616125000001 0.4610635421875 0.5625924625 0.46717853906249995 0.5636043875000001 0.46917495468750003 0.56307985 0.4713998609375 0.5647949703124999 0.4760254453125 0.56642825 0.4773462515625 0.568240465625 0.47782829062500004 0.5710129078125 0.47793061562499994 0.5744669640625 0.477115646875 0.5760289796875 0.4760176953125 0.5776391624999999 0.47218345 0.5813216406249999 0.47008903125 0.5817859765625 0.46717713906249997
1 0.5740675546875 0.47040201406250004 0.5721109359375001 0.4679964015625 0.5709075421875001 0.4676963625 0.568060059375 0.468904178125 0.5651360546875 0.4729620203125 0.56378731875 0.4783715078125 0.563745928125 0.48362373593749997 0.56999265 0.49954185625 0.5727713125 0.501193540625 0.5756264984375 0.49999519687499994 0.5758515828124999 0.49909243124999997 0.5699785078125 0.48421880625 0.5710318937500001 0.4749076859375 0.5740675546875 0.47040201406250004
1 0.6375120140625 0.46419631875 0.639277234375 0.46224299843749994 0.6373188437499999 0.4598444953125 0.6355184890625 0.459395615625 0.59917513125 0.461818178125 0.5858114046875 0.46423199375 0.57278441875 0.46529521249999994 0.57075898125 0.4657491 0.5689937609375 0.4677024203125 0.5709521515625 0.470100925 0.5721555453125 0.470400965625 0.60582419375 0.4658694171875 0.61216843125 0.46601665781249996 0.622078240625 0.46465945781249995 0.6375120140625 0.46419631875
2 0.5741777640625 0.4622902875 0.5355009203125001 0.453605953125 0.5165001265625 0.4479096375 0.5001663390625 0.44431283437499997 0.49258180312500005 0.4414704609375 0.4897266171875 0.44266880468750003 0.4895015328125 0.4435715703125 0.49145815156249995 0.4459771828125 0.49843625156250004 0.4486683546875 0.515376475 0.452416359375 0.5523997546875 0.46260618593749997 0.561039121875 0.4638013359375 0.5730541125 0.466797009375 0.5759015953125 0.46558919374999996 0.5761249078125 0.4646935375 0.5741777640625 0.4622902875
1 0.549168184375 0.5805211140625001 0.5463112265625 0.581726565625 0.537464134375 0.604414021875 0.5268837375000001 0.62380020625 0.5264353390625 0.62559863125 0.5283919578125 0.6280042421875 0.5295953531250001 0.6283042828125 0.5324428343750001 0.62709646875 0.5448554999999999 0.6029045703125 0.5523187218750001 0.5832244015625 0.550362103125 0.5808187921875 0.549168184375 0.5805211140625001
0 0.5755551640625 0.41611641875 0.578202884375 0.41865658906250003 0.5806624015625 0.42239563281250003 0.5855240390625001 0.42376633124999996 0.593629671875 0.42149118124999996 0.595147821875 0.417218725 0.5920962453125 0.41258458593749997 0.5889684125 0.41023427031250004 0.5866529046875 0.4097928546875 0.58301179375 0.4107121921875 0.58006449375 0.41030201093749996 0.577274884375 0.41123734375 0.5750399875000001 0.4140248953125 0.5755551640625 0.41611641875
2 0.5007717375 0.3932426578125 0.49378593281249994 0.3905420140625 0.4909384515625 0.3917498296875 0.490713365625 0.3926525953125 0.49266228125 0.3950487359375 0.4990511265625 0.397600540625 0.5808704 0.41752470781250006 0.5863848890625001 0.41841640625 0.589240075 0.41721806250000004 0.589465159375 0.416315296875 0.587508540625 0.413909684375 0.5386265375 0.40268091874999995 0.5007717375 0.3932426578125
0 0.6123015421875 0.3515271546875 0.6099811921875 0.350903325 0.6073166421875 0.34895542968750004 0.6053967203124999 0.34858244374999997 0.6006355953125 0.3500379609375 0.5988303078125 0.3533629921875 0.5980260671875001 0.35521615156249997 0.5988247 0.3580276703125 0.5973623609375001 0.360501975 0.5983832984374999 0.36375398593749997 0.6020614656250001 0.366520875 0.6067556015625 0.366989078125 0.6094866437500001 0.3651180078125 0.611284634375 0.36145894218749997 0.613702659375 0.361004784375 0.6152243875 0.3598665875 0.6151421796875 0.35385871562500004 0.6123015421875 0.3515271546875
1 0.5987084796875 0.358776371875 0.58068599375 0.35428286249999996 0.5778290359375 0.3554883140625 0.5776039515625 0.35639108125 0.5795623421875 0.358789584375 0.60070023125 0.3635841828125 0.6071227625 0.36087428906249996 0.6073478484375 0.35997152187500003 0.60538945625 0.35757301875 0.6041860625 0.3572729796875 0.5987084796875 0.358776371875
2 0.47883559218749994 0.701344165625 0.43542346875 0.6886025359375 0.4325759859375 0.68981035 0.4323526734375 0.6907060078125 0.43429981562500003 0.6931092578125 0.4534140390625 0.698350634375 0.461006278125 0.7012024796875 0.508952809375 0.713640109375 0.516277128125 0.7149830500000001 0.5191323140625 0.71378470625 0.5193573984375 0.7128819390625 0.5174007796875 0.7104763281250001 0.47883559218749994 0.701344165625
1 0.641042296875 0.3272008 0.639838903125 0.326900759375 0.6378134640625001 0.32735464687500004 0.619761959375 0.3434435234375 0.6048613171875 0.35456468124999996 0.6046362328125 0.355467446875 0.6065928515625 0.357873059375 0.6098216828125 0.3577192109375 0.6113618187500001 0.3566686578125 0.6231839625 0.3476415 0.6427643562500001 0.3305068140625 0.642989440625 0.3296040484375 0.641042296875 0.3272008
2 0.6098216828125 0.3577192109375 0.61004676875 0.3568164453125 0.60809015 0.354410834375 0.5912710578125 0.35021736406250004 0.5310061562499999 0.3385439625 0.51984834375 0.33719655937500004 0.5170008625 0.338404375 0.5167757765625 0.339307140625 0.5187229203125 0.34171039062499997 0.5211297078125 0.3423104703125 0.5298825046875 0.34305068437499997 0.5567581953125 0.3478413234375 0.5901474062500001 0.354724084375 0.6069664984375 0.3589175546875 0.6098216828125 0.3577192109375
3 0.4846952625 0.649666253125 0.469602484375 0.707656965625 0.46867023124999996 0.7165226203125 0.457543921875 0.7534781078125 0.4600975 0.7560325578125 0.462608240625 0.7561753390625 0.46475481093750004 0.755275984375 0.47363381718750003 0.7273339390625 0.4759945484375 0.7178655593750001 0.4769268015625 0.7089999046875 0.49190615156249995 0.6514641296875 0.49430827343750006 0.6367435218749999 0.513592603125 0.55681481875 0.5360815546875 0.48199633124999997 0.539791025 0.46711846250000005 0.543037628125 0.44638697499999996 0.5534201890625 0.4073282765625 0.5655602671875 0.3663067875 0.5778899703125 0.3296513375 0.5812609265625001 0.31613117343749997 0.583798915625 0.2956986765625 0.582335303125 0.2938992015625 0.58005141875 0.2928465484375 0.5765975015625 0.29390316250000004 0.57393838125 0.3147811265625 0.570792509375 0.3273985234375 0.558349378125 0.36450891093750004 0.5462093 0.40553039999999996 0.5357150828125 0.44503692656249993 0.5324667062499999 0.4657755234375 0.5289840953125 0.47974351562499995 0.5063817140625 0.5550169421875 0.487097384375 0.6349456453125 0.4846952625 0.649666253125
1 0.5848096203125001 0.4170647625 0.58803668125 0.4169180234375 0.5929956 0.4124086546875 0.5973832171875 0.41015028593749997 0.6008020015625 0.406691471875 0.6076634546874999 0.4021807921875 0.6078885390625001 0.40127802656249995 0.6138257671875 0.3979714640625 0.6187752109375 0.3934597328125 0.622340784375 0.391955290625 0.6235090453125001 0.38985313125 0.6215506546875 0.38745462656249996 0.6203472609375 0.3871545875 0.6189205531249999 0.38775020625 0.61843525 0.38715353750000003 0.6144195078125 0.3904635125 0.6123958421875 0.390910290625 0.6096856734375 0.3940701140625 0.6037579203125001 0.3973790390625 0.5932543703125 0.406244190625 0.588857278125 0.4085001984375 0.583085790625 0.41376585468749993 0.5828607046875 0.41466862187500003 0.5848096203125001 0.4170647625
0 0.5366044750000001 0.631395803125 0.5382799203124999 0.629842915625 0.5387828421874999 0.6270992 0.5381464640625 0.6253323234375 0.5331530375 0.62235075625 0.521446315625 0.6199755640625 0.518838165625 0.6203445671875001 0.5155850890625 0.622614 0.514614853125 0.6241237578125001 0.5147086703125 0.6256043546875001 0.519844275 0.632819325 0.521442584375 0.6340785624999999 0.52247730625 0.6386477578124999 0.5259748234375 0.64133185625 0.529196509375 0.6421351125 0.5312723953125 0.641882559375 0.534408834375 0.6396368984375 0.5347893171875 0.6360925265625 0.53364185 0.6321369921875 0.5366044750000001 0.631395803125
2 0.50669224375 0.6254630031249999 0.5194158484375 0.6281596875 0.5281668734375 0.6289070078125001 0.53101435625 0.62769919375 0.5312394406250001 0.626796428125 0.529290525 0.6244002859375 0.5268837375000001 0.62380020625 0.5199425421874999 0.6235041265625 0.5072094609375 0.62080508125 0.501583315625 0.6203612109375001 0.4666188359375 0.61212680625 0.4548289296875 0.6082283656249999 0.4519737453125 0.609426709375 0.45174865937500003 0.6103294765625 0.453705278125 0.6127350890625001 0.46549518437500004 0.6166335265625 0.5010566234375 0.625016771875 0.50669224375 0.6254630031249999
0 0.5493958078125 0.5624118874999999 0.5470700374999999 0.5585400828125 0.5447725203125 0.557461378125 0.5402667359375 0.5570854375 0.5361616703125 0.558493121875 0.534834653125 0.561514584375 0.533416553125 0.5636903578125 0.5336444171875 0.567620465625 0.5346212328125 0.5693136671875 0.5404410125 0.5728561296875 0.5414166687499999 0.5745943453125 0.5431191390625 0.5757587453124999 0.5475348125 0.5769805015625 0.551292015625 0.5761203109374999 0.553888003125 0.5731358765625 0.5542014953125001 0.5715152234375 0.5500862609375 0.565536196875 0.5493958078125 0.5624118874999999
1 0.5416046406249999 0.5647578906249999 0.5404012453125 0.5644578515625 0.5375555359375 0.5656585578125 0.5372187953124999 0.5670091515625 0.5389089390625 0.57556975625 0.5394402984375 0.586234884375 0.543728628125 0.599754503125 0.5465072921874999 0.6014061875000001 0.54936425 0.600200734375 0.549589334375 0.59929796875 0.5464707109375 0.5913400890625 0.54393490625 0.5682079984375 0.5416046406249999 0.5647578906249999
1 0.5874065171875 0.5474487546875 0.588565303125 0.54534423125 0.5866069109375001 0.5429457281250001 0.5854129921875 0.5426480515625001 0.5834915078125 0.5426446390625 0.5805323687499999 0.5443002828125 0.5675405171875 0.5477657015624999 0.54400998125 0.5576940718750001 0.5377360125 0.5623512296875 0.537510928125 0.56325399375 0.5394675453125 0.56565960625 0.5426963781249999 0.5655057578125 0.5474207359375 0.5618967953125 0.5751232796875 0.5506151828125 0.5874065171875 0.5474487546875
2 0.5429214625000001 0.5646029921875 0.5235821546875 0.56026438125 0.4740508796875 0.5464727421875 0.4636111578125 0.5448287125 0.46076367500000004 0.5460365281249999 0.460538590625 0.54693929375 0.46248750625 0.549335434375 0.48193847031250003 0.55322621875 0.522458503125 0.5647711015625 0.5386806359375 0.5688157328125001 0.5417978109375 0.5691097140625 0.544652996875 0.5679113703125 0.54487808125 0.5670086046875 0.5429214625000001 0.5646029921875
0 0.5656225234375001 0.5116199546875 0.561496421875 0.5093982578125 0.55624540625 0.508458996875 0.5494983671875 0.50907960625 0.5456471015625 0.511124390625 0.5438602890625 0.5146578875000001 0.5446890515625 0.5173485640625 0.5461223265624999 0.5189064140624999 0.553540253125 0.5213674859374999 0.55700950625 0.520208990625 0.559322084375 0.520702528125 0.5620403953124999 0.5203760921875 0.5654197937500001 0.518447715625 0.566924390625 0.5153195234375 0.5656225234375001 0.5116199546875
1 0.442442959375 0.6860414796875001 0.43959547656250003 0.68724929375 0.43937039218749996 0.688152059375 0.44131930781250006 0.6905482000000001 0.46134301874999994 0.699851884375 0.5112033328125001 0.7122834578125 0.514060290625 0.7110780046875 0.514283603125 0.710182346875 0.512326984375 0.7077767359375 0.4707598234375 0.6978885453125 0.4601715390625 0.6942972546874999 0.442442959375 0.6860414796875001
1 0.5187509640625 0.7127307390625 0.5192457421875 0.71332976875 0.5201794421875 0.7121280125 0.530279203125 0.707465846875 0.53582560625 0.7031029546875 0.542966228125 0.7000964328125 0.5567003828125 0.691070325 0.5730997703125 0.6841508390625 0.5784656984375001 0.683095275 0.5779803953125 0.6824986078124999 0.579633959375 0.680993115625 0.577677340625 0.6785875031249999 0.5758769874999999 0.678138625 0.5711080187500001 0.679343028125 0.5674290171874999 0.6813024078125001 0.5655170078125 0.6813013578125 0.5518516734375 0.687467965625 0.53811751875 0.6964940734375 0.5332368953125 0.6981463046874999 0.52543049375 0.7038634874999999 0.5153307328125 0.7085256531249999 0.514171946875 0.710630175 0.516128565625 0.7130357875 0.5187509640625 0.7127307390625
0 0.5123505359375 0.70445293125 0.5061461265625 0.7054806453125 0.504213 0.7068560328125 0.5029226 0.7107398078125 0.5036557953125 0.71405598125 0.5069257031250001 0.7173704046875 0.5108886 0.7189549390625001 0.514697353125 0.7191797390625 0.521017309375 0.7182940890625 0.5237573515625 0.7166291203124999 0.5252596890625 0.7126622828125 0.52430303125 0.70895063125 0.522929609375 0.70747565625 0.5123505359375 0.70445293125
1 0.547960378125 0.388254028125 0.545070059375 0.3870501734375 0.5422225765625 0.38825798749999996 0.5428546703125 0.390809025 0.5548377453125 0.399059290625 0.565468865625 0.40506225156250003 0.5806024796875 0.4160158046875 0.5834927984375 0.417219659375 0.58634975625 0.41601420625 0.5857081875000001 0.41346080625 0.5661072140625001 0.3999588625 0.5582547578125 0.395607584375 0.547960378125 0.388254028125