0 0.5558692671875 0.41061435625 0.552517028125 0.410366725 0.550307071875 0.41132142656250004 0.5464040609375 0.41141152812500004 0.5436934640625 0.4143968578125 0.5437978671875 0.4160610734375 0.5456212359375 0.41924262343749996 0.5481878328125 0.42162485624999996 0.5487468437499999 0.4255679203125 0.55075204375 0.42772703593749994 0.552846346875 0.42863281875 0.5575156578125 0.42879083125 0.560771865625 0.42750977343749996 0.5615351328125 0.42545364062499996 0.5654081015625 0.4219739546875 0.565797896875 0.4200152359375 0.5644829375 0.417391365625 0.562318771875 0.4162359390625 0.5579002640625 0.41148029062499997 0.5558692671875 0.41061435625
1 0.5822694875 0.33755613281249996 0.5849430250000001 0.3365630234375 0.5893699140625 0.3325373484375 0.5927381203125 0.3311771078125 0.5957030999999999 0.3283439015625 0.601217028125 0.325429796875 0.6021197125 0.3236865109375 0.5999479375 0.32144882343750003 0.5987254562500001 0.3212552015625 0.5933578234375 0.32324561875 0.5875633062500001 0.327994084375 0.5841951 0.32935432656249997 0.584048803125 0.3302780109375 0.5797779140625 0.3333815375 0.5770946734375 0.33437310937500003 0.571006409375 0.34097621875 0.5708601125 0.34189990312499996 0.5730233375 0.34412878125 0.5762452453125 0.34369222499999996 0.5822694875 0.33755613281249996
3 0.4781017171875 0.5890924375 0.4735286171875 0.6020789046874999 0.47092592499999997 0.62246769375 0.466708290625 0.6331470484375 0.46327548749999997 0.6548209171875 0.4615137609375 0.6739188890625 0.45304118750000005 0.7274126125 0.44925965312500005 0.7632191796875001 0.445754278125 0.785351253125 0.44853729531250003 0.7876857515625 0.4510753890625 0.787610590625 0.453137684375 0.7865206703125 0.4567167859375 0.7639231171875001 0.46042459375 0.7285820296875001 0.46896974062499996 0.6746301 0.47073261874999994 0.6555248546875 0.474019125 0.634774671875 0.478236759375 0.624095315625 0.48090232187500004 0.6032467859375 0.48548512343750005 0.5902618546875 0.486344165625 0.57290716875 0.5011788562499999 0.49915038906250003 0.5092233046875 0.440384875 0.516169459375 0.4164343546875 0.5303027453125 0.331219121875 0.5360904390625 0.3066079640625 0.53835516875 0.2923090296875 0.5399445453125 0.270343190625 0.5383102890625 0.26866779375 0.53592819375 0.2678208078125 0.532561140625 0.269173775 0.5308980375 0.2916050921875 0.528707034375 0.305438546875 0.5229193390625 0.33004970624999996 0.5087860515625 0.4152649390625 0.5018398984375 0.439215459375 0.49379545 0.49798097343750003 0.48978822343750006 0.5153067359375 0.4828954125 0.55487019375 0.480128834375 0.5643628171875 0.4781017171875 0.5890924375
1 0.5118979484375 0.72208443125 0.492575625 0.744551915625 0.49242932812499995 0.7454756015624999 0.49460225468749996 0.7477060140625 0.49782416406249996 0.747269459375 0.5134131140625 0.7284677921875 0.518597540625 0.7236152421875001 0.5187438375 0.7226915578125 0.5165709109375001 0.7204611437499999 0.515348428125 0.7202675203125 0.5118979484375 0.72208443125
0 0.4889499375 0.74552841875 0.4891925546875 0.7479526265625001 0.4918501875 0.750953178125 0.49519632187499996 0.754316265625 0.5009059796875001 0.7555038984375 0.50727104375 0.7529930015625 0.5089589609375 0.7498084171875 0.5088645703125 0.7483321765625 0.507057715625 0.7459882640625 0.5054607078125 0.7450195890625 0.4997696125 0.744028740625 0.49670579843749996 0.7424624234375 0.49271205937499996 0.7421206453125 0.49064763749999996 0.7430983953125 0.4889499375 0.74552841875
2 0.496810846875 0.7456924093749999 0.4699973671875 0.7438089828125001 0.43554470156249997 0.7383522171875 0.4136859234375 0.7330038703125 0.40598386875000003 0.729890271875 0.40323660781250004 0.7313488625 0.40309146250000005 0.7322652734374999 0.405253534375 0.734501425 0.4093424609375 0.7365656031250001 0.43420312499999997 0.7428665578125 0.46926703124999997 0.7484201359375 0.492931178125 0.7502819109375001 0.4960805125 0.7503035609375 0.4988363265625 0.74885378125 0.4989826234375 0.747930096875 0.496810846875 0.7456924093749999
1 0.5719732046875 0.346803025 0.571754334375 0.348184915625 0.57232875625 0.3525330203125 0.57449198125 0.3547618984375 0.575724165625 0.3549570578125 0.5784799796875 0.353507278125 0.5787000015625 0.352118115625 0.578124425 0.3477772828125 0.5759526515625 0.3455395953125 0.5747301671875 0.3453459734375 0.5719732046875 0.346803025
2 0.569080709375 0.3411409171875 0.56922700625 0.3402172328125 0.56706378125 0.3379883546875 0.5345282671875 0.3323580796875 0.5269985625 0.332112346875 0.5109355421874999 0.33004537031250003 0.4996464125 0.3296739046875 0.4785820796875 0.32728449843749996 0.475826265625 0.328734278125 0.47567996875 0.3296579625 0.47785174531249996 0.33189565 0.48277078125 0.3326747484375 0.53379793125 0.33696923125 0.566333446875 0.34259950625 0.569080709375 0.3411409171875
0 0.5790196578125 0.350916209375 0.5800405046875 0.3483640703125 0.5785022328125 0.344198809375 0.578488853125 0.340327253125 0.577081996875 0.3389115390625 0.57179465 0.3361878484375 0.5683841984375 0.33593099843749996 0.5664648718749999 0.3364322078125 0.5645088015625 0.33465365 0.56276178125 0.33400417187500003 0.5573000171875 0.3351446578125 0.5557511765625 0.337262759375 0.5568096578125 0.3408152296875 0.5614001125 0.34467362343749997 0.5620473859375 0.3475570640625 0.564213221875 0.34995783281250004 0.567028640625 0.350769075 0.5706832187499999 0.3531894265625 0.5758929359375 0.353075165625 0.5790196578125 0.350916209375
1 0.5264734078125 0.5783161578125 0.5266185531249999 0.5773997468750001 0.5244564796875 0.575163596875 0.5232242953124999 0.5749684375 0.5184787578125001 0.5770499296875 0.516196440625 0.579529015625 0.5016111015625 0.5999061953125 0.49965828593749995 0.604323725 0.5018203578125 0.6065598765625 0.5050422671875 0.606123321875 0.50656589375 0.6044783828125 0.5092859515625 0.599235515625 0.5139328625 0.593820678125 0.5214341234375001 0.582252296875 0.5264734078125 0.5783161578125
2 0.5545006421875 0.4173088921875 0.5546469390625 0.4163852078125 0.552475165625 0.41414751875 0.5506317390625 0.4138555484375 0.5448728875 0.41435999375000004 0.5361207 0.4139206390625 0.4649070015625 0.40169464218749995 0.458061109375 0.401087515625 0.45531499999999997 0.4025388296875 0.455168703125 0.40346251562499996 0.45733077499999997 0.405698665625 0.48878155312500005 0.410202825 0.535390365625 0.418531790625 0.5517448296875 0.41875867187500004 0.5545006421875 0.4173088921875
1 0.519120746875 0.6565756984375 0.5206455265625001 0.6549234875 0.53176230625 0.6524270875 0.536580415625 0.6498873875 0.5444027140625 0.6482857484375 0.5471596796875 0.6468286984375 0.5509916765625 0.646496225 0.5537486406250001 0.6450391734375 0.5538949375 0.6441154890624999 0.5517220125 0.6418850734375 0.5498785859375 0.6415931046875001 0.5460368859375 0.6419240390625001 0.541290196875 0.64401280625 0.5341625671875 0.6452473140625 0.5253650109375 0.64905044375 0.51692176875 0.6505537328125001 0.5167754718750001 0.6514774171875 0.5147869 0.6521018609375 0.513810490625 0.654310625 0.5159725640625 0.656546775 0.5185832296874999 0.6560134093750001 0.519120746875 0.6565756984375
1 0.49782416406249996 0.747269459375 0.496591978125 0.7470743 0.49307747500000004 0.7493582265625001 0.49189978593749994 0.7647687296875 0.49142349999999996 0.7916376921875 0.493595275 0.793875378125 0.494827459375 0.7940705375 0.49757472187499996 0.7926119500000001 0.49793988906250003 0.7903063734375 0.49805100781249995 0.7657429875 0.4988635296875 0.752638059375 0.49999593750000004 0.749507146875 0.49782416406249996 0.747269459375
1 0.507365034375 0.683074728125 0.5079586875000001 0.671351690625 0.5100045453125001 0.658434646875 0.513189546875 0.6542122781249999 0.5110263234375 0.6519833984375001 0.5097941375 0.651788240625 0.5078044140625 0.6524199546875 0.50399846875 0.656543978125 0.5017348921875 0.6708356390625 0.5011412390625 0.682558678125 0.5017785328125 0.686447040625 0.5009030531249999 0.691974603125 0.503074828125 0.694212290625 0.5043070140625 0.69440745 0.507054275 0.6929488593750001 0.5080034796875 0.68695581875 0.507365034375 0.683074728125
0 0.500806940625 0.650006940625 0.501247090625 0.65363295625 0.5031871640625 0.655826490625 0.5065268421875 0.6581000453125 0.5116947625 0.659693940625 0.5173412078124999 0.6599619828125001 0.5192008109375 0.6597122609375 0.5212718375 0.6585044328125 0.522502190625 0.6559482 0.52235035 0.6535160046875 0.5178779453125 0.6469028421874999 0.5145636421875001 0.6456621734375 0.5109466515625 0.6453278765625 0.504064546875 0.6465192578125001 0.501588896875 0.6484607453125 0.500806940625 0.650006940625
2 0.473716915625 0.6446576125 0.44318082812500004 0.638397159375 0.41347369843750004 0.6308589 0.41071673437499995 0.6323159515625 0.4105715890625 0.6332323640624999 0.4127433640625 0.6354700515625 0.4491392328125 0.6445448593750001 0.49690765625 0.653527190625 0.5069646015625 0.6537034984375001 0.5097215640625 0.6522464453125 0.5098678624999999 0.6513227609375 0.5076949359375 0.6490923453125 0.497637990625 0.6489160390625 0.473716915625 0.6446576125
1 0.54117775 0.5451939078125 0.5399455640624999 0.5449987484375 0.5371983015625 0.5464573374999999 0.5343591515624999 0.556408165625 0.52855501875 0.569192203125 0.5262629984375 0.5716697500000001 0.5261167015625 0.5725934374999999 0.528289628125 0.57482385 0.5315115359375 0.5743872953125 0.5337927031249999 0.5719154828125 0.5405103734375001 0.557382425 0.543349525 0.5474315953125 0.54117775 0.5451939078125
0 0.5400569281250001 0.5741228953124999 0.5399723359374999 0.57176845 0.5377014625000001 0.56896335625 0.5323705015625 0.5680220921875 0.5279672046874999 0.5698893921875 0.517965665625 0.57130989375 0.5148288546875001 0.5725278515625 0.5131293171875 0.5766649078125 0.51494063125 0.5802993390625 0.518852790625 0.5822236859375 0.522507746875 0.582757840625 0.525836865625 0.5823979109375 0.5314871125 0.579565040625 0.5327824453125001 0.578294 0.536404628125 0.5777791859375 0.5389389265625 0.5763465109375 0.5400569281250001 0.5741228953124999
2 0.5279698296875 0.57288694375 0.4910527953125 0.567039859375 0.4838156859375 0.56494675625 0.46543574374999996 0.5615585046875 0.444271634375 0.5558430265625 0.428354909375 0.5528523640625 0.42559794687499997 0.5543094171875 0.4254528015625 0.555225828125 0.427624575 0.5574635171875 0.4429300578125 0.5603573671875 0.46470540937499993 0.56616965625 0.501941090625 0.5739609203125 0.5222381828125 0.5771756640625 0.5272394953124999 0.5774980953125 0.5299867578125 0.57603950625 0.5301330546874999 0.5751158203125 0.5279698296875 0.57288694375
1 0.5402415265625 0.4954065015625 0.5390093421875 0.49521134218749996 0.5243780578125 0.49999166875 0.49309231875000004 0.506376403125 0.4911025953125 0.5070081171874999 0.48950524218749997 0.509118534375 0.4916770171875 0.5113562218750001 0.492909203125 0.51155138125 0.5347645046875 0.5021064203125001 0.5387439515625 0.500842990625 0.5422573015625 0.4985663390625 0.5424035984375 0.49764265312499995 0.5402415265625 0.4954065015625
1 0.539374509375 0.4929057671875 0.5415365828125001 0.49514191875 0.5427687671875 0.49533707812500005 0.5455257296875 0.493880025 0.5498340140625 0.46667859375000004 0.5497982609375 0.46288550624999997 0.547635034375 0.460656628125 0.54640285 0.46046146875 0.5436470375 0.4619112484375 0.539374509375 0.4929057671875
0 0.5363348078125 0.5021762 0.5384023078125 0.5030628265625 0.5456808078125001 0.504141071875 0.5500635296875 0.5039107375 0.5527806625 0.5027679640625 0.5542769203125 0.5002911250000001 0.5530267953125 0.495813634375 0.5461817546875001 0.4905543703125 0.5415804296875 0.48833448125 0.53635745625 0.4893487671875 0.532744125 0.494517253125 0.5326922203125 0.496917178125 0.5336787640625 0.49966796562500004 0.5363348078125 0.5021762
2 0.4483286609375 0.47848552031249997 0.4455716953125 0.4799425734375 0.44542539843749995 0.48086625781250003 0.44759717343750005 0.483103946875 0.4548354359375 0.485189775 0.5317257109375 0.4973679984375 0.539181690625 0.498079209375 0.5419386546875 0.49662215625000006 0.5420849515625 0.49569847187500005 0.5399120265625 0.49346805624999995 0.45617701093749996 0.480675434375 0.4483286609375 0.47848552031249997
1 0.5367319421875 0.41401744999999995 0.5327167390625 0.41148779375 0.5214004078125 0.40733205000000006 0.5186434421875 0.4087891 0.5184971453125 0.4097127875 0.520668921875 0.4119504734375 0.5296043109374999 0.4152519578125 0.535390365625 0.418531790625 0.5526390515624999 0.425043684375 0.5544921781250001 0.425337190625 0.5572382890625 0.423885875 0.5573845875 0.422962190625 0.5552225140625 0.42072603906249995 0.5367319421875 0.41401744999999995
1 0.6001165187499999 0.4079823921875 0.5995778515625 0.40742737656249994 0.6011026312500001 0.405775165625 0.5989297031249999 0.40354475 0.5970862765625 0.40325277968749995 0.5822372765625 0.4094077234375 0.576332128125 0.41083585312500004 0.5668496078125 0.41500765156249997 0.5656174218750001 0.41481249218749994 0.55934710625 0.41854619687500005 0.5574311078124999 0.4187124328125 0.556444996875 0.4209196609375 0.5586167718749999 0.42315735 0.56176495625 0.423186271875 0.570709959375 0.418452184375 0.6001165187499999 0.4079823921875