1 0.432197265625 0.5383663000000001 0.434677734375 0.5402271062499999 0.43653320312500005 0.5402271062499999 0.445205078125 0.537435896875 0.46005859375 0.5346520140625 0.46624999999999994 0.5337216125 0.47306640624999996 0.5341831499999999 0.475537109375 0.5323296703125 0.475537109375 0.5313992671875 0.47306640624999996 0.5295384609375 0.46563476562500006 0.5290769234375 0.44024414062500006 0.5337216125 0.4334375 0.53604395625 0.432197265625 0.5383663000000001
0 0.4771875 0.715018315625 0.480732421875 0.715025640625 0.483046875 0.7140952375 0.48767578125 0.7144908421875 0.49642578125 0.7114358968750001 0.4981640625 0.7096703296875 0.49853515625 0.70768498125 0.49784179687499996 0.706109890625 0.49413085937499995 0.7033333328125 0.49122070312500005 0.7024175828125 0.48865234375 0.7026080593749999 0.4869921875 0.703706959375 0.484775390625 0.7039926734375 0.479833984375 0.70618315 0.4764453125 0.7070549453125 0.47369140625000006 0.7106227109375001 0.47464843749999996 0.71367765625 0.4771875 0.715018315625
2 0.42291015625000006 0.412021978125 0.42291015625000006 0.41295238124999994 0.425390625 0.4148058609375 0.45634765625 0.4148058609375 0.468115234375 0.41341391875 0.47677734374999997 0.4161978015625 0.478642578125 0.4161978015625 0.48111328125 0.414344321875 0.48111328125 0.41341391875 0.478642578125 0.41155311406250006 0.469345703125 0.40876923125 0.46624999999999994 0.40876923125 0.45634765625 0.410161171875 0.425390625 0.410161171875 0.42291015625000006 0.412021978125
2 0.4210546875 0.5341831499999999 0.41857421875 0.53604395625 0.41857421875 0.536974359375 0.4210546875 0.5388278390625 0.444580078125 0.5383663000000001 0.46687500000000004 0.53604395625 0.47430664062499994 0.5341831499999999 0.48173828125 0.535113553125 0.48420898437500004 0.5332600734375 0.48420898437500004 0.5323296703125 0.48173828125 0.5304688640624999 0.473681640625 0.5295384609375 0.469345703125 0.5309377296875 0.451396484375 0.5332600734375 0.4210546875 0.5341831499999999
2 0.425390625 0.5973626375000001 0.4328125 0.5982857140625 0.488544921875 0.598754578125 0.49349609375 0.5982857140625 0.4959765625 0.596432234375 0.4959765625 0.59550183125 0.49349609375 0.5936410249999999 0.4334375 0.5936410249999999 0.425390625 0.5927179484375 0.42291015625000006 0.594571428125 0.42291015625000006 0.59550183125 0.425390625 0.5973626375000001
2 0.44891601562499994 0.6544908421875 0.438388671875 0.653567765625 0.43591796875 0.6554212453125 0.43591796875 0.6563516484374999 0.438388671875 0.6582124546875 0.44333984375 0.6591428578125 0.474921875 0.6577435890625 0.482353515625 0.6554212453125 0.48544921875 0.6554212453125 0.4879296875 0.653567765625 0.4879296875 0.6526373624999999 0.48544921875 0.6507765562500001 0.48173828125 0.6507765562500001 0.4705859375 0.653567765625 0.458203125 0.653567765625 0.44891601562499994 0.6544908421875
2 0.4544921875 0.7083736265625 0.43529296874999995 0.7079120875 0.4328125 0.7097728937500001 0.4328125 0.710703296875 0.43529296874999995 0.7125567765625 0.439013671875 0.713025640625 0.48978515624999996 0.7120952375 0.49412109375 0.7097728937500001 0.49412109375 0.708842490625 0.49164062499999994 0.706981684375 0.48978515624999996 0.706981684375 0.48049804687500003 0.7079120875 0.4712109375 0.70745055 0.4544921875 0.7083736265625
2 0.425390625 0.4724029296875 0.4291015625 0.4733333328125 0.486689453125 0.47472527500000006 0.48916015625 0.4728717953125 0.48916015625 0.4719413921875 0.486689453125 0.4700805859375 0.43591796875 0.469157509375 0.425390625 0.4677582421875 0.42291015625000006 0.469619046875 0.42291015625000006 0.47054945000000004 0.425390625 0.4724029296875
1 0.4879296875 0.7473992671875 0.48916015625 0.7473992671875 0.49164062499999994 0.7455384609375 0.49164062499999994 0.7083736265625 0.48916015625 0.706520146875 0.4879296875 0.706520146875 0.48544921875 0.7083736265625 0.48544921875 0.7455384609375 0.4879296875 0.7473992671875
1 0.48978515624999996 0.704659340625 0.4873046875 0.706520146875 0.4873046875 0.70745055 0.48978515624999996 0.7093040296875001 0.49164062499999994 0.7093040296875001 0.500927734375 0.706520146875 0.528173828125 0.7004835171875 0.531884765625 0.698161171875 0.531884765625 0.69723076875 0.5294140625 0.6953699640625 0.52755859375 0.6953699640625 0.5126953125 0.6995531140625 0.49412109375 0.7032674 0.48978515624999996 0.704659340625
1 0.4879296875 0.6572820515625 0.49164062499999994 0.6582124546875 0.5046484375 0.6582124546875 0.519501953125 0.66331868125 0.5207421875 0.66331868125 0.52322265625 0.6614652015625 0.521982421875 0.6591428578125 0.5077441406250001 0.6540293046875 0.50216796875 0.6530989015625 0.49288085937500004 0.653567765625 0.486689453125 0.6521684984375 0.48420898437500004 0.6540293046875 0.48420898437500004 0.65495970625 0.4879296875 0.6572820515625
1 0.473681640625 0.6721465203125 0.46749023437500004 0.68004395625 0.46749023437500004 0.6809743593750001 0.469970703125 0.6828278390625 0.47306640624999996 0.6818974359375 0.47430664062499994 0.6805054937499999 0.48544921875 0.6637875453125 0.4879296875 0.655890109375 0.48544921875 0.6540293046875 0.48420898437500004 0.6540293046875 0.48173828125 0.655890109375 0.479873046875 0.661926740625 0.473681640625 0.6721465203125
1 0.4959765625 0.6020073265625 0.5046484375 0.613619046875 0.5089746093749999 0.6168717953125 0.515791015625 0.623838828125 0.515791015625 0.6247619046875 0.51640625 0.624300365625 0.5188867187499999 0.62523076875 0.521357421875 0.6233699640625 0.5207421875 0.62104761875 0.5176464843749999 0.618725275 0.51455078125 0.6145494499999999 0.51021484375 0.6112967031250001 0.500927734375 0.5992161171875 0.4959765625 0.59504029375 0.4959765625 0.594109890625 0.49535156249999995 0.594571428125 0.49288085937500004 0.5936410249999999 0.49040039062499996 0.59550183125 0.49102539062500006 0.5978241765625001 0.4959765625 0.6020073265625
1 0.5077441406250001 0.5759926734375 0.507119140625 0.577384615625 0.502783203125 0.5801758234375 0.498447265625 0.5848205125 0.48978515624999996 0.59131868125 0.48916015625 0.5931794874999999 0.49164062499999994 0.59504029375 0.494736328125 0.594109890625 0.4996875 0.5908571421875 0.5040234375 0.5862124546875 0.520126953125 0.573201465625 0.5207421875 0.5708791203125 0.51826171875 0.5690256406249999 0.5170312499999999 0.5690256406249999 0.515166015625 0.5694871796875 0.51455078125 0.5708791203125 0.5077441406250001 0.5759926734375
0 0.46785156250000004 0.53495238125 0.471630859375 0.53704029375 0.474521484375 0.5376117218750001 0.477685546875 0.5371282046875 0.48092773437499997 0.5381978015625 0.483623046875 0.5372893765625 0.48663085937500006 0.5335604390625 0.48646484375 0.5308864468750001 0.4853515625 0.52945055 0.48337890625 0.5287032968750001 0.48063476562499996 0.528798534375 0.47761718750000004 0.5281025640625 0.470654296875 0.5282564109375001 0.46856445312500006 0.5288205125000001 0.467109375 0.5304102562499999 0.46663085937500004 0.5331794875 0.46785156250000004 0.53495238125
2 0.408671875 0.35581684999999996 0.41114257812500005 0.3576703296875 0.45634765625 0.357208790625 0.47306640624999996 0.3576703296875 0.4879296875 0.359069596875 0.49102539062500006 0.359069596875 0.49349609375 0.357208790625 0.49349609375 0.3562783875 0.49102539062500006 0.3544175828125 0.473681640625 0.35302564062499997 0.41795898437499995 0.35256410312500003 0.41114257812500005 0.35302564062499997 0.408671875 0.35488644687500004 0.408671875 0.35581684999999996
2 0.4210546875 0.308432234375 0.42352539062499994 0.310293040625 0.43095703125 0.3093626375 0.45944335937499997 0.3093626375 0.468115234375 0.31075457812499996 0.48296875000000006 0.31075457812499996 0.48544921875 0.3089010984375 0.48544921875 0.3079706953125 0.48296875000000006 0.306109890625 0.46873046875 0.306109890625 0.46005859375 0.3047179484375 0.43095703125 0.3047179484375 0.42352539062499994 0.30564835156250003 0.4210546875 0.30750183125 0.4210546875 0.308432234375
3 0.44396484375 0.325157509375 0.4458203125 0.34884981718749997 0.446435546875 0.38414652031249996 0.44891601562499994 0.3957655671875 0.44706054687499996 0.4106300359375 0.44830078125000006 0.4306007328125 0.44891601562499994 0.43524542187500004 0.45386718750000005 0.44639560468750006 0.45201171875 0.47101098906249994 0.45386718750000005 0.498886446875 0.451396484375 0.522109890625 0.45386718750000005 0.5337216125 0.45386718750000005 0.5885347984375 0.45510742187500003 0.5973626375000001 0.45573242187499996 0.634520146875 0.45944335937499997 0.6400952375 0.458203125 0.660065934375 0.4625390625 0.7032674 0.461298828125 0.7348571421875 0.463154296875 0.736249084375 0.46563476562500006 0.7367106234375 0.46873046875 0.7348571421875 0.469970703125 0.7032674 0.46563476562500006 0.660065934375 0.46687500000000004 0.6387032968749999 0.463154296875 0.6331282046875 0.4625390625 0.5973626375000001 0.461298828125 0.5885347984375 0.461298828125 0.5332600734375 0.458828125 0.521641025 0.461298828125 0.498886446875 0.45944335937499997 0.478908425 0.461298828125 0.4454652015625 0.45634765625 0.43431501875 0.4544921875 0.4161978015625 0.45634765625 0.395296703125 0.45386718750000005 0.38368498125 0.453251953125 0.34884981718749997 0.451396484375 0.325157509375 0.44767578124999996 0.30750183125 0.45015625000000004 0.28613919375 0.44830078125000006 0.28474725312500004 0.4458203125 0.2842783875 0.442724609375 0.28613919375 0.44024414062500006 0.3079706953125 0.44396484375 0.325157509375
0 0.477958984375 0.600754578125 0.47974609375000005 0.6011428578125 0.48935546875 0.60077655625 0.49461914062499995 0.6013626375000001 0.49664062500000006 0.6007692312499999 0.49930664062499996 0.598754578125 0.500595703125 0.5935824171874999 0.496962890625 0.5902637359375 0.49138671875 0.589018315625 0.488642578125 0.590065934375 0.48748046875 0.591838828125 0.483515625 0.5920146515625 0.480126953125 0.5921904765625 0.475986328125 0.5951062265625 0.47615234375000004 0.5990256406250001 0.477958984375 0.600754578125
0 0.492431640625 0.6619633703125001 0.49423828125 0.6595091578125001 0.494853515625 0.6571208796875 0.49430664062499996 0.654161171875 0.49330078125 0.6529377296875001 0.4878125 0.64977289375 0.479296875 0.6499047625000001 0.47681640625000005 0.65158974375 0.476513671875 0.6546593406250001 0.47720703125 0.65632234375 0.479560546875 0.6578754578125 0.48161132812499996 0.662293040625 0.486240234375 0.663926740625 0.48853515625000005 0.6639120875 0.492431640625 0.6619633703125001
1 0.46439453124999996 0.2982124546875 0.46624999999999994 0.306109890625 0.46873046875 0.3098315015625 0.471826171875 0.31075457812499996 0.47430664062499994 0.3089010984375 0.47244140625000003 0.30564835156250003 0.4705859375 0.2982124546875 0.4705859375 0.29449816875 0.47244140625000003 0.2884615390625 0.469970703125 0.2866007328125 0.46873046875 0.2866007328125 0.46624999999999994 0.2884615390625 0.46501953125 0.291245421875 0.46439453124999996 0.2982124546875
1 0.475537109375 0.31586813125 0.474921875 0.3163296703125 0.476162109375 0.3163296703125 0.478642578125 0.3181904765625 0.486064453125 0.3186520140625 0.499072265625 0.3219047625 0.505263671875 0.325157509375 0.5089746093749999 0.3288717953125 0.509599609375 0.32841025625000003 0.5120703125 0.329340659375 0.51455078125 0.327479853125 0.513935546875 0.325157509375 0.5120703125 0.32422710625 0.5120703125 0.323296703125 0.51021484375 0.3228351640625 0.5046484375 0.3186520140625 0.49164062499999994 0.3149377296875 0.48173828125 0.31400732656249997 0.479873046875 0.312615384375 0.47677734374999997 0.312153846875 0.47430664062499994 0.31400732656249997 0.47430664062499994 0.3149377296875 0.475537109375 0.31586813125
1 0.416103515625 0.35813919375 0.41857421875 0.35999267343749997 0.42971679687500003 0.359069596875 0.44333984375 0.359069596875 0.46192382812500005 0.3604615390625 0.473681640625 0.3604615390625 0.476162109375 0.3586007328125 0.476162109375 0.3576703296875 0.473681640625 0.35581684999999996 0.42971679687500003 0.3544175828125 0.41857421875 0.3553479859375 0.416103515625 0.357208790625 0.416103515625 0.35813919375
1 0.48296875000000006 0.37904029375000003 0.48544921875 0.384615384375 0.49164062499999994 0.3939047625 0.494736328125 0.39483516406249997 0.497216796875 0.392974359375 0.497216796875 0.39158241718750003 0.49164062499999994 0.38368498125 0.488544921875 0.3767179484375 0.48420898437500004 0.36185347968750003 0.48173828125 0.35999267343749997 0.48049804687500003 0.35999267343749997 0.47801757812499995 0.36185347968750003 0.47801757812499995 0.363245421875 0.48296875000000006 0.37904029375000003
1 0.478642578125 0.41155311406250006 0.47740234375 0.4138754578125 0.479873046875 0.4157362640625 0.48173828125 0.4157362640625 0.51021484375 0.40458608125 0.5188867187499999 0.3990109890625 0.5207421875 0.39854945 0.520126953125 0.3980879125 0.521357421875 0.39622710625 0.5188867187499999 0.3943663 0.5170312499999999 0.3943663 0.5065039062500001 0.4008717953125 0.49102539062500006 0.40737728906250004 0.478642578125 0.41155311406250006
1 0.46005859375 0.4180586078125 0.45201171875 0.42224175781250006 0.43962890625 0.42595604375 0.438388671875 0.42827838749999997 0.440869140625 0.43013919375 0.4458203125 0.429208790625 0.46501953125 0.42177289375000004 0.4712109375 0.4180586078125 0.47677734374999997 0.4166666671875 0.47925781250000005 0.4148058609375 0.47925781250000005 0.4138754578125 0.47677734374999997 0.412021978125 0.474921875 0.412021978125 0.46501953125 0.415274725 0.461298828125 0.4180586078125 0.46005859375 0.4180586078125
1 0.48359375 0.4733333328125 0.4873046875 0.47472527500000006 0.49102539062500006 0.4784468859375 0.49535156249999995 0.4891282046875 0.49659179687500005 0.49470329687500003 0.49659179687500005 0.5049230765625 0.49535156249999995 0.5132820515625001 0.492255859375 0.521641025 0.4873046875 0.5295384609375 0.4873046875 0.5304688640624999 0.48978515624999996 0.5323296703125 0.49102539062500006 0.5323296703125 0.49288085937500004 0.5313992671875 0.49659179687500005 0.5258241765625 0.500927734375 0.5160732593749999 0.502783203125 0.5053846156249999 0.502783203125 0.4942417578125 0.5015527343749999 0.4886666671875 0.4959765625 0.4751941390625 0.49412109375 0.47426373593750004 0.49164062499999994 0.47101098906249994 0.48483398437499997 0.469157509375 0.482353515625 0.47101098906249994 0.482353515625 0.4719413921875 0.48359375 0.4733333328125
1 0.42415039062500004 0.49052014687499995 0.42291015625000006 0.492842490625 0.425390625 0.49470329687500003 0.42662109375 0.49470329687500003 0.453251953125 0.48402197812500003 0.458828125 0.483091575 0.47677734374999997 0.4770549453125 0.48296875000000006 0.47612454218750005 0.48544921875 0.47426373593750004 0.48544921875 0.4733333328125 0.48296875000000006 0.47147985312499996 0.48111328125 0.47147985312499996 0.450771484375 0.479838828125 0.440869140625 0.48448351718750005 0.42415039062500004 0.49052014687499995
0 0.48211914062499994 0.3181904765625 0.48458984374999997 0.3153772890625 0.4840234375 0.31170695937500004 0.47918945312499994 0.3086739921875 0.47848632812499997 0.3060366296875 0.476806640625 0.3044395609375 0.475029296875 0.30377289375 0.465966796875 0.304981684375 0.462490234375 0.30813919375 0.46219726562499996 0.3098095234375 0.46318359375 0.3113260078125 0.465927734375 0.3132380953125 0.46857421875 0.313435896875 0.475048828125 0.318791209375 0.47706054687500005 0.3195604390625 0.478955078125 0.3194652015625 0.48211914062499994 0.3181904765625
0 0.472392578125 0.3620293046875 0.476142578125 0.3617435890625 0.47635742187499996 0.363663003125 0.47912109375 0.3663736265625 0.483271484375 0.36695970624999996 0.48565429687500006 0.3662783875 0.48824218750000004 0.36219047656250003 0.485927734375 0.3545567765625 0.48064453125 0.3518315015625 0.477001953125 0.3527619046875 0.47375 0.3520293046875 0.47021484375 0.3531501828125 0.468037109375 0.3553113546875 0.46807617187500006 0.3581978015625 0.46893554687499994 0.359706959375 0.472392578125 0.3620293046875
0 0.46095703125 0.41162637343749997 0.46584960937500003 0.4158315015625 0.47659179687500003 0.418981684375 0.47981445312500004 0.41835164843749995 0.48307617187499996 0.41850549375 0.48525390625 0.41744322343749996 0.48673828124999996 0.4155750921875 0.486884765625 0.41385347968749997 0.48336914062499997 0.41018315000000005 0.47384765624999997 0.40880586093750004 0.4694140625 0.40646886406249993 0.46650390625 0.40659340625 0.464443359375 0.4066300359375 0.46201171875 0.40755311406250005 0.4603125 0.40971428593750003 0.46095703125 0.41162637343749997
0 0.48147460937500003 0.47931868125 0.48509765624999995 0.47981685 0.489482421875 0.4768571421875 0.492236328125 0.47250549375000006 0.49226562500000004 0.47084249062500005 0.491083984375 0.469428571875 0.48666015625 0.46718681249999994 0.48262695312500004 0.46669597031250004 0.47999023437500005 0.46797069531249996 0.47794921874999996 0.46841025625 0.47525390625 0.4704175828125 0.47501953124999996 0.47405860781250003 0.48147460937500003 0.47931868125
1 0.478642578125 0.5337216125 0.48296875000000006 0.5346520140625 0.49349609375 0.5337216125 0.507119140625 0.5337216125 0.509599609375 0.53186080625 0.509599609375 0.5309377296875 0.507119140625 0.5290769234375 0.49349609375 0.5290769234375 0.486689453125 0.5300073265624999 0.478642578125 0.5290769234375 0.476162109375 0.5309377296875 0.476162109375 0.53186080625 0.478642578125 0.5337216125