0 0.43770707187499996 0.5423775156249999 0.433967175 0.54144635 0.43181563437500003 0.539754921875 0.42858659687499995 0.5395160484375 0.4267844328125 0.5384465390625001 0.4248463328125 0.5381979343750001 0.41949175156249996 0.5389233296875 0.41729469375 0.5404642421875 0.41681258750000005 0.5431629578125 0.4186447578125 0.547205653125 0.4220265296875 0.5504396234375 0.43021639531250006 0.5511629015625 0.43379579843749994 0.55003493125 0.4387960046875 0.546025284375 0.43909614531249996 0.5442379265625 0.43770707187499996 0.5423775156249999
1 0.3679782671875 0.6901981625 0.3712673109375 0.6898830031250001 0.42981718593749996 0.6718483625 0.43125287968750003 0.669470475 0.4287402375 0.6673809312500001 0.427432753125 0.667312409375 0.366901725 0.6857230140625 0.3654656265625 0.6881086187500001 0.3679782671875 0.6901981625
1 0.4310744296875 0.5978250796875 0.42600848124999996 0.5946189234375 0.413859246875 0.58907595 0.3958676625 0.582731521875 0.38291614375 0.5800871609375 0.3801984453125 0.5819103328125 0.3801470796875 0.5828904406250001 0.3826593171875 0.5849877 0.392373159375 0.5869671109375 0.4110240375 0.5933383531249999 0.421880971875 0.5983260718750001 0.42564973281249996 0.60146424375 0.42888741093749994 0.6021291921875 0.43160510937499996 0.600306021875 0.43040035468750004 0.598277284375 0.4310744296875 0.5978250796875
1 0.4381577140625 0.6001619 0.44682049375000005 0.597179965625 0.4522197125 0.5940269984375 0.4602080125 0.5915049859375 0.4682735625 0.5875089546875001 0.47508299374999996 0.5824642921875001 0.4751339546875 0.5814919015625 0.47262171718749996 0.579394640625 0.4706656390625 0.5792921265625 0.456501315625 0.5873795265624999 0.4485126109375 0.5899092546875 0.44310309999999997 0.5930616859375 0.441805909375 0.592993703125 0.43104895 0.598311275 0.429741465625 0.598242753125 0.4303744703125 0.598771196875 0.42896466093749996 0.600655171875 0.43147689843750003 0.6027524328125 0.4347659421875 0.6024372734375001 0.4381577140625 0.6001619
1 0.429375390625 0.542784375 0.426668390625 0.5446003687500001 0.4278373703125 0.5471147625 0.43230568593749996 0.5493145359375 0.4417117390625 0.5571668765625 0.4496410296875 0.5683777546875 0.45285322656250004 0.569528896875 0.4555606296875 0.5677051875 0.4556119953125 0.5667250796875 0.44771848125 0.555028546875 0.43705630937500006 0.5461275765625 0.429375390625 0.542784375
1 0.4126145515625 0.512955946875 0.411384315625 0.5114134031249999 0.408171715625 0.5102699765625001 0.405454421875 0.51208543125 0.40540305625000006 0.5130655390625 0.41082010625 0.5221791546875 0.4177313546875 0.5402085390625 0.42014126718749994 0.544258296875 0.42335346406249996 0.5454094406250001 0.42606086718749997 0.5435857296875 0.426111828125 0.5426133390625 0.42371261562500007 0.5385564031250001 0.4209105328125 0.52957983125 0.4126145515625 0.512955946875
1 0.4301451671875 0.5030793671875 0.43429856093749997 0.49887830781250003 0.438364409375 0.4961507296875 0.44167933593750003 0.4953416578125 0.44105662656250005 0.49481375312500003 0.4424664375 0.4929297765625 0.4399542 0.4908325171875 0.438646715625 0.4907639953125 0.43265026874999996 0.4929028640625 0.428496875 0.4971039234375 0.41696270625 0.5048416328124999 0.4134940875 0.5085833125 0.40603606093750005 0.5135939828125 0.4052748453125 0.5155119484374999 0.4077870828125 0.517609209375 0.41110200937499997 0.5168001375 0.4165012265625 0.51364716875 0.41996984531250003 0.509905490625 0.4301451671875 0.5030793671875
1 0.4420384890625 0.4884886203125 0.438877253125 0.48636508593750005 0.437049384375 0.4838161625 0.42677184375 0.46757595781249994 0.422039565625 0.458002959375 0.42080892812500004 0.456468134375 0.41759673125 0.455316990625 0.41488973125 0.457132984375 0.414838365625 0.45811309062500005 0.419673375 0.46572587343749994 0.42080128281249995 0.46922091562499996 0.4299250296875 0.48245999062499995 0.43288080625 0.48850395625000004 0.43604204218750003 0.490627490625 0.43661379062499994 0.49212778281249997 0.43985146875 0.49279273281249997 0.44256916718749995 0.4909695625 0.4420384890625 0.4884886203125
1 0.4312844953125 0.4315030359375 0.43190760937499995 0.43202322187500003 0.4457311265625 0.4180289015625 0.4457824921875 0.41704879375 0.45126884843750004 0.4124300609375 0.4513202140625 0.411449953125 0.4547119890625 0.409174578125 0.45548879375 0.40676215937500004 0.45297655625 0.40466489843750003 0.4516793671875 0.404596915625 0.4503205171875 0.4055085015625 0.44968710781250004 0.40498777500000005 0.44963574375000004 0.40596788281249996 0.4407165421875 0.4138426359375 0.44066558125000005 0.4148150265625 0.43101064375 0.4241215546875 0.430959278125 0.42510166250000003 0.42689302656250006 0.4278369578125 0.426116221875 0.43024937812499997 0.42861856718749997 0.43233838125 0.4312844953125 0.4315030359375
1 0.429695109375 0.4368135296875 0.43113080468750004 0.434435640625 0.42861856718749997 0.43233838125 0.427311084375 0.432269859375 0.4153078953125 0.4365470578125 0.412590196875 0.438370228125 0.4112930078125 0.4383022453125 0.4024662421875 0.44421624531250004 0.39711838906249997 0.44638910625 0.39775139375 0.44691755000000005 0.396341584375 0.4488015265625 0.398843528125 0.450898246875 0.4021325703125 0.4505830875 0.414325628125 0.44287990937500005 0.429695109375 0.4368135296875
1 0.49387524843749997 0.3862004671875 0.49659254375 0.3843850140625 0.495387790625 0.38235627656250004 0.4960618640625 0.38190407187500003 0.49413167031249994 0.3813076453125 0.49227791718749997 0.379252634375 0.489065721875 0.37810148906249996 0.475139984375 0.369029484375 0.46811795624999997 0.3657208140625 0.46309348281249996 0.36152629375 0.45599460937499997 0.3596839265625 0.453276909375 0.3615070984375 0.45322554375 0.3624872046875 0.4557381875 0.3645767484375 0.459598978125 0.3657618828125 0.4620857359375 0.3683453390625 0.4633932203125 0.3684138625 0.47608831562500004 0.37595104375 0.47731895468749996 0.3774858671875 0.486245696875 0.381877159375 0.4906371671875 0.3855432359375 0.49387524843749997 0.3862004671875
1 0.4350364421875 0.3723215359375 0.43701800312500005 0.37193785468749996 0.441768625 0.36875089375000003 0.44915969687499996 0.365214784375 0.4504671796875 0.36528330625 0.44983377031250005 0.3647625796875 0.45124398593750004 0.3628708859375 0.44873174843749997 0.3607736265625 0.447434559375 0.36070564374999997 0.43873559999999995 0.36418095 0.423186946875 0.37366613125 0.41512139687499994 0.3776621625 0.41381391250000005 0.377593640625 0.414447321875 0.378114365625 0.4130371078125 0.3800060578125 0.41553945312499996 0.3820950625 0.418838790625 0.3817804421875 0.428278378125 0.376386090625 0.4302599359375 0.37600240937499996 0.4350364421875 0.3723215359375
1 0.44367670937500003 0.307522640625 0.44510210937499994 0.3051442125 0.44260016718750006 0.3030474921875 0.441292684375 0.3029789703125 0.4306121640625 0.3068379578125 0.42722039062499995 0.30911333281250003 0.425923203125 0.30904535 0.42051409375000004 0.3121900609375 0.414517646875 0.31432893125 0.409767025 0.317515890625 0.4090054046875 0.3194415765625 0.4115176421875 0.32153883437499997 0.4128251265625 0.3216073578125 0.41889882343749996 0.3179944671875 0.44367670937500003 0.307522640625
0 0.42721332968750003 0.7236996859375 0.42675497656249994 0.727127071875 0.42913374531250004 0.729604265625 0.429493265625 0.7318053875 0.4323468609375 0.7338895828124999 0.43906856406249994 0.7344585328125001 0.44201018281250004 0.7342721984375 0.44608257656249994 0.7327986125 0.44852289375 0.7289798281250001 0.44479185625 0.7239399421875 0.44061449062499997 0.7232799171875001 0.438670875 0.72156069375 0.43624831718749996 0.7211009734375 0.431058090625 0.7214480515624999 0.42721332968750003 0.7236996859375
2 0.53033110625 0.3650500671875 0.5278184625 0.362960525 0.5239321921875 0.362261584375 0.49001456406250005 0.35999650625 0.4454936671875 0.3601163953125 0.42006953593749996 0.3582964421875 0.4173522421875 0.360111896875 0.41730087656250003 0.361092003125 0.4198131140625 0.36318926406249996 0.44523724531250003 0.3650092171875 0.49040673593750006 0.36492331875 0.51782271875 0.3663601296875 0.527562040625 0.3678533453125 0.5302797406249999 0.3660301765625 0.53033110625 0.3650500671875
3 0.46316429843750007 0.5725224078125 0.4631052875 0.5862552953125 0.466922253125 0.600686584375 0.46510141562499996 0.6354302484375001 0.46528048125000004 0.6570302734375 0.466203225 0.6894568546875 0.46941480625 0.7406533671875 0.47374410468750006 0.77032555625 0.4756233390625 0.771894371875 0.4782128265625 0.7725176125 0.48157871406249997 0.7707361515625 0.481706925 0.768289740625 0.477641184375 0.7459984921875 0.4750191859375 0.7085688593749999 0.47296190937500004 0.6353469296875 0.474782746875 0.6006032671875 0.47095508124999996 0.5861791562499999 0.47102479218750004 0.5724390890625 0.4719991140625 0.5538479109375001 0.4764604 0.5187550953125 0.47835808437500005 0.48254512812500006 0.47719766718749995 0.44224369374999994 0.4790181015625 0.407507746875 0.48134138281250005 0.3879967265625 0.47942912968750007 0.374648059375 0.4797110328125 0.3692690421875 0.4839314859375 0.33857459687499997 0.48707775 0.2911472140625 0.48708539531249995 0.2783944328125 0.4852065671875 0.2768178984375 0.48262737343750006 0.2761951984375 0.47926108125000005 0.277984378125 0.47613265312499997 0.337678346875 0.47187642343749997 0.36885844687499997 0.4715945203125 0.3742374640625 0.47351706875 0.3875866703125 0.4711834921875 0.40709715312499994 0.4693630578125 0.4418330984375 0.47052347499999997 0.482134534375 0.468625790625 0.5183445 0.4641899859375 0.5529511203124999 0.46316429843750007 0.5725224078125
1 0.43144360156249995 0.2661533796875 0.428725903125 0.2679765515625 0.4286490578125 0.2694428546875 0.43785759375 0.2934739546875 0.43993383281250004 0.30389055468750004 0.4424464765625 0.30598009843749996 0.4437539609375 0.3060486203125 0.44646095937499997 0.3042326265625 0.44444637968749995 0.2928364578125 0.43585066093749997 0.26932500625 0.4327407890625 0.2662213625 0.43144360156249995 0.2661533796875
2 0.5181807453125 0.43457900625 0.5259639890625001 0.43596970781250005 0.5286709875 0.43415371406250003 0.528722353125 0.43317360625 0.5262204109375 0.4310768859375 0.5184371671875 0.42968618437500006 0.4799230109375 0.42766774375 0.45177088750000005 0.4276704203125 0.44256224531250005 0.428658146875 0.40989084374999996 0.4274334421875 0.4071834390625 0.429257153125 0.407132075 0.43023726093750003 0.409634421875 0.4323262625 0.42399615468749996 0.43307892968750006 0.44295441718750006 0.43358495937499997 0.458067475 0.432411403125 0.47966658906250004 0.4325605640625 0.5181807453125 0.43457900625
2 0.5324543187499999 0.486850521875 0.5351720156249999 0.4850273515625 0.53522338125 0.4840472421875 0.532710740625 0.48195770156249995 0.5294471765625001 0.48178666562499994 0.5064740296875 0.483035821875 0.4829550171875 0.4822907734375 0.459245728125 0.48497942343749995 0.4309916828125 0.48692688124999994 0.42828427812500003 0.48875059218750005 0.4282329140625 0.48973069999999996 0.43073526093750003 0.491819703125 0.433350228125 0.491956746875 0.4826985953125 0.4871835953125 0.5062176078125 0.4879286453125 0.5324543187499999 0.486850521875
0 0.43790243125000006 0.5971536890625 0.4356842296875 0.5959462984375 0.43042123906249996 0.5951210375 0.42447898906250003 0.5962257765625 0.422483715625 0.5986439875 0.423346596875 0.6018775046875 0.43000042812499994 0.6072872484375 0.4338763671875 0.6083803140625 0.439776775 0.607876990625 0.44409724375000004 0.60659439375 0.448325978125 0.6041075078125 0.448902321875 0.601777446875 0.4470766234375 0.599778075 0.4427130609375 0.5977463000000001 0.43790243125000006 0.5971536890625
0 0.44421825937500004 0.666334840625 0.4435414640625 0.6634902671875 0.44168866875 0.662007959375 0.4372117484375 0.6611542484374999 0.434386575 0.6616794421875001 0.4313513453125 0.6612882156250001 0.42822154531249995 0.661913525 0.42317596562500004 0.6654100484375001 0.42221414375000005 0.6668222328125 0.4218318984375 0.670176221875 0.42305238906250003 0.6722986468750001 0.424753809375 0.6735176468749999 0.4283106015625 0.6745939875 0.43064076093750003 0.6744529953125 0.43684579375 0.6716827546874999 0.44155928125 0.670583265625 0.4429710390625 0.669450034375 0.44421825937500004 0.666334840625
2 0.533767321875 0.2994831703125 0.5338186874999999 0.29850306249999997 0.53130604375 0.29641351875 0.5273938874999999 0.2962084921875 0.499875578125 0.2967241796875 0.45522646875 0.299290478125 0.44006204374999996 0.30144414531249997 0.43734475 0.3032595984375 0.4372933859375 0.3042397046875 0.439805621875 0.306336965625 0.4417617015625 0.30643947968749996 0.4556289359375 0.3042178328125 0.48582917031250006 0.302364628125 0.531049621875 0.3013063421875 0.533767321875 0.2994831703125
2 0.52149128125 0.546133896875 0.5242085750000001 0.5443184421875 0.5242599390625 0.543338334375 0.521747703125 0.5412410734375 0.5034738125 0.5402833796875 0.4740244984375 0.5402180750000001 0.43726136562500006 0.5422148625000001 0.4111015 0.54182668125 0.4071535671875 0.542107309375 0.4044461640625 0.5439310203125001 0.404395203125 0.5449034109374999 0.4068971453125 0.54700013125 0.4167494921875 0.546533671875 0.43700494375 0.547107684375 0.48096968125000006 0.54499305 0.52149128125 0.546133896875
2 0.52248995625 0.602128434375 0.5252076546875 0.6003052624999999 0.52525901875 0.5993251546875 0.522746378125 0.5972356125 0.5188239265625 0.5970300453124999 0.49258721562499996 0.5981081671874999 0.46838383281249996 0.5978147828125 0.4342611484375 0.5994624203125001 0.412697809375 0.5988276031249999 0.40998051562500004 0.6006430546875 0.40992914999999996 0.6016231624999999 0.41244138750000003 0.6037204234375 0.434663615625 0.604389771875 0.4681274109375 0.6027076046875 0.4929896828125 0.603035521875 0.52248995625 0.602128434375
2 0.4726536109375 0.6662464046875 0.4857337453125 0.6664366359375 0.5074351859374999 0.6646332984375001 0.5101425890625 0.6628095890625 0.51019355 0.6618371984375 0.5076916078125 0.659740478125 0.5050766390625 0.6596034328125 0.4853415734375 0.6615098234375 0.46700602187499995 0.6615316953125 0.45186748281250005 0.66319145 0.43419082031249995 0.6632478546875 0.4152835203125 0.661769434375 0.4125765203125 0.663585428125 0.4125251546875 0.664565534375 0.4150270984375 0.66666225625 0.4345932875 0.66817520625 0.45226995 0.6681188015624999 0.4726536109375 0.6662464046875
2 0.5253238265625 0.72297559375 0.5228111859375 0.720886053125 0.518899028125 0.720681025 0.459060015625 0.725887184375 0.42185334374999994 0.7239372656249999 0.41913605 0.72575271875 0.41908468593750003 0.7267328265625 0.421596921875 0.7288300875 0.427439678125 0.7296238234375 0.4594521875 0.7308139984375 0.5140460796874999 0.7258204828125 0.5225547640625 0.7257788734374999 0.5252724609375 0.7239557015625 0.5253238265625 0.72297559375
0 0.4546329171875 0.29997905937499997 0.44866890000000004 0.2985444046875 0.4447874828125 0.299919659375 0.4416524609375 0.3002506296875 0.43739317499999997 0.3035175078125 0.43743902500000004 0.30756718906249997 0.4391819578125 0.3095699625 0.44105240312499994 0.3101245640625 0.44554458124999996 0.30970220937500004 0.44919770468750003 0.310319284375 0.4515976140625 0.309044375 0.454059 0.308763225 0.45802123593750005 0.3066338265625 0.4584991140625 0.3038188109375 0.4546329171875 0.29997905937499997
0 0.45571991093750003 0.35704615 0.45403257343750003 0.3563463734375 0.4511596375 0.3560100828125 0.4425207203125 0.358536690625 0.43902448906249997 0.3618203453125 0.43892300781250004 0.3633627421875 0.439829459375 0.3647799765625 0.44354236875 0.3672110125 0.45240090312500003 0.369161075 0.46319974375 0.3650142234375 0.46459385312499996 0.36264189375 0.46280271562499997 0.358013215625 0.4604339125 0.35692175000000004 0.45571991093750003 0.35704615
0 0.43254730468749997 0.4257265875 0.4280627390625 0.42679164375 0.422346284375 0.4310732953125 0.422111996875 0.43672565937499996 0.4226207609375 0.43824586718749997 0.42403594062499994 0.43941117500000004 0.42874964843749996 0.4402772953125 0.43138105156249995 0.43950978906250004 0.4356567375 0.43573302031249994 0.43929449062500003 0.434476553125 0.4416084359375 0.43070531562500003 0.4403013546875 0.4284622734375 0.43495515781250005 0.42587599374999996 0.43254730468749997 0.4257265875
0 0.44922681875 0.4835025078125 0.4468757015625 0.48325547343749997 0.4443615515625 0.48434640937499995 0.43969376718750003 0.484573834375 0.4378462296875 0.485158003125 0.435277075 0.4872985015625 0.43312686093749997 0.4909003328125 0.43405548437499997 0.49484924531249996 0.4365432703125 0.49721607343749996 0.4390509859375 0.49802075468749996 0.44351430000000003 0.4975581953125 0.447486903125 0.49464000312499995 0.45143391718750003 0.49339200468750005 0.45411892812500004 0.48923780624999996 0.453325134375 0.48547395 0.44922681875 0.4835025078125
1 0.43743542187499995 0.7262242171875 0.43442827968750003 0.7211603609374999 0.43011365625 0.71602798125 0.430165021875 0.7150478734375 0.4264065546875 0.7119102390625 0.42645792031249996 0.71093013125 0.4153780953125 0.6975885421875 0.41542945937500003 0.6966084359375 0.412294109375 0.6939909875 0.4123450703125 0.693018596875 0.4116607 0.6934702609375 0.40910739218750003 0.6923536484375 0.40638969375 0.6941768203125 0.40691007656249994 0.696657221875 0.410045428125 0.69927466875 0.40999406250000003 0.7002547765625 0.41373734375 0.7038791437499999 0.42103322343749994 0.7145692953125 0.427849790625 0.7217983968749999 0.4314644546875 0.7278768921875 0.43467705624999997 0.7290203187500001 0.43738405625 0.7272043265625 0.43743542187499995 0.7262242171875
1 0.4473288390625 0.724777109375 0.4588630078125 0.7170394015625 0.46084456874999996 0.7166557203125 0.464339071875 0.712420128125 0.4766603421875 0.7022705390625 0.47673718750000005 0.7008042359375 0.4742245453125 0.6987146937500001 0.4729170625 0.698646171875 0.4715689125 0.6995505796875 0.47093550312500004 0.699029853125 0.4702100640625 0.7004621640625001 0.46271626093749996 0.7059584890624999 0.457163353125 0.7120440640625 0.44293736875 0.7211110328125 0.43493347812499994 0.724127496875 0.4334977828125 0.7265053859374999 0.4359997265625 0.72860210625 0.43997354375000003 0.727827565625 0.4473288390625 0.724777109375
1 0.42925308125 0.6575952890625001 0.425913184375 0.6338640109375 0.422693446875 0.620446821875 0.42018120937500003 0.6183495625 0.418873725 0.618281040625 0.41616632343750004 0.62010475 0.41608947656249995 0.621571053125 0.4178146140625 0.6260801921875 0.4214368171875 0.6444247359374999 0.4232208609375 0.6602198125000001 0.42482808125 0.667175903125 0.427330428125 0.6692649078125 0.4286379109375 0.6693334296875 0.43135520625 0.667517975 0.43143245625000004 0.6660439546875 0.42925308125 0.6575952890625001