1 0.5202656265625001 0.28844964375000004 0.5243879265625 0.27879147656250003 0.5259877640624999 0.271120025 0.53200835 0.26010028281249997 0.5344667453125 0.2533537671875 0.534221509375 0.2518054109375 0.5311381140625 0.25018029375 0.5297596921875 0.25039861406249997 0.5272589375 0.25238189218749996 0.5254843250000001 0.25902010781249996 0.5185040375 0.2728316125 0.516893346875 0.2805047828125 0.5127819015624999 0.29016123125000004 0.5110886031249999 0.29731285 0.5113351296875 0.29886935625 0.514418525 0.300494471875 0.515796946875 0.3002761515625 0.5187471046875001 0.2966344984375 0.5202656265625001 0.28844964375000004
1 0.545994046875 0.31721295 0.5325745078125 0.3082113046875 0.5219022515625 0.298782884375 0.5182977015625 0.2982928734375 0.5158795515625 0.300797703125 0.5160421828125 0.301824509375 0.5219260718750001 0.3077843703125 0.52577585625 0.309822740625 0.5291762390625 0.31351948281249997 0.5369571234375 0.318109621875 0.54113475 0.32221789843750004 0.5417480734375 0.3215944765625 0.5446566921875 0.322186359375 0.5470869875 0.319687959375 0.545994046875 0.31721295
0 0.5095553546875 0.291566109375 0.5071869546875 0.2948065359375 0.5072000390625 0.2984717265625 0.50716859375 0.3041739109375 0.5101955499999999 0.306426140625 0.5180577484375 0.3068933921875 0.5227301859375 0.3082250625 0.525188875 0.30745137499999997 0.528354640625 0.30481977968749996 0.5292859484375 0.301848734375 0.5276255046875 0.296422871875 0.525699175 0.29395455312499996 0.5182010140625 0.2892528046875 0.5153406203124999 0.2892463953125 0.5095553546875 0.291566109375
2 0.5365094906250001 0.38651356406250004 0.5389384921875 0.3840070140625 0.538774571875 0.38297206093749997 0.535691178125 0.3813469421875 0.52710365625 0.3805852390625 0.4871945359375 0.3869062234375 0.46525365625 0.3909075984375 0.45990388906249996 0.392815834375 0.442864665625 0.3965754984375 0.440446515625 0.399080328125 0.44060914531249995 0.40010713437499995 0.443682978125 0.4017421203125 0.44781824375 0.40108715781250004 0.466755753125 0.39596591875 0.4880128484375 0.39207284375 0.527238184375 0.3858601609375 0.5365094906250001 0.38651356406250004
1 0.5311467546875 0.3794185953125 0.5207292953125 0.3715286640625 0.5130297265625 0.367451928125 0.51210070625 0.36601187031250004 0.5044824515624999 0.3624485375 0.503542578125 0.36101020156249997 0.5029413984375 0.361640053125 0.5000206359375 0.361041740625 0.4976011953125 0.363538421875 0.498694134375 0.36601343124999997 0.511020734375 0.3725400671875 0.522203290625 0.3808351 0.5283605171875 0.384095203125 0.529300390625 0.385533540625 0.529902859375 0.3849118359375 0.532822334375 0.385502 0.535241775 0.38300531875 0.534148834375 0.380530309375 0.5311467546875 0.3794185953125
1 0.504847471875 0.21779700468750002 0.502417178125 0.220295403125 0.503288703125 0.23022354374999998 0.48661493125 0.2630545828125 0.48677885156249995 0.2640895359375 0.48986353749999995 0.26572280312499996 0.493140246875 0.26414290625 0.49427343125 0.26237622968749996 0.510251275 0.2296470609375 0.5092984359375 0.21920551875 0.50622589375 0.217578684375 0.504847471875 0.21779700468750002
1 0.6140341640625 0.622113390625 0.611971959375 0.6224400109375 0.5706584265625 0.64223235625 0.56677925 0.64443395625 0.5658099828125 0.6472355875 0.5688946687499999 0.648868853125 0.5702622374999999 0.6486522515625001 0.5964880453125 0.6360195140625 0.603562615625 0.631724615625 0.6135566609375 0.62801988125 0.617282771875 0.6247816109375 0.61711885 0.62374665625 0.6140341640625 0.622113390625
2 0.5551321546875 0.651048621875 0.56459548125 0.6484888609375 0.567024484375 0.6459823124999999 0.5668605640625 0.6449473578125 0.56377716875 0.643322240625 0.5610311796875 0.6437571625 0.5536179140625 0.6459838718750001 0.5490453890625 0.648303640625 0.505082315625 0.6557929875 0.497517275 0.6569911734375 0.48058875937499995 0.657024271875 0.4781706109375 0.659529103125 0.47833324062499993 0.66055590625 0.481407071875 0.6621908921874999 0.4983355875 0.66215779375 0.5505583390625 0.653360240625 0.5551321546875 0.651048621875
0 0.5690344671875 0.566930596875 0.5660924046875 0.56542510625 0.5610098140625001 0.565929378125 0.5544270625000001 0.56216026875 0.55193780625 0.5618277578125 0.549507278125 0.562638753125 0.547383059375 0.5644705046875 0.544622165625 0.569026146875 0.5441265328125 0.5720785546875 0.5465072531249999 0.5755191140625 0.5456856578125 0.580728275 0.54668196875 0.5846303609375 0.5484224375 0.5859251875 0.551298496875 0.586522228125 0.5567328640625 0.5855696171875 0.5601098375 0.58244511875 0.561438859375 0.5778405921875 0.5676480078125 0.573490628125 0.5694442093750001 0.56909613125 0.5690344671875 0.566930596875
1 0.5656460625 0.6462006328125 0.564267640625 0.646418953125 0.5613187734375 0.6500687578125001 0.5587081328125 0.6647753765625 0.55753041875 0.6840333421875 0.5578582609375 0.68610325 0.56094165625 0.6877283671875001 0.5623092234375 0.6875117656249999 0.5647395171875 0.6850133656249999 0.56623210625 0.658822103125 0.568975984375 0.6493822546875 0.5687307484375 0.6478339 0.5656460625 0.6462006328125
1 0.55941660625 0.5756798437499999 0.5631318640625 0.572443290625 0.5779852062499999 0.5637336078125 0.58858171875 0.5594071703125 0.59833181875 0.5541622296875001 0.5993010859375001 0.5513605984375001 0.5962163984375 0.5497273328125 0.5948488296875001 0.549943934375 0.5883767296875 0.553617128125 0.5757884703125 0.5587853078125 0.564906475 0.565805075 0.5557601359375 0.5704364625 0.552973896875 0.5751130703125 0.55047314375 0.5770963499999999 0.5501876609374999 0.5797896796875001 0.553272346875 0.5814229453124999 0.5558544171875 0.57995306875 0.5566316609374999 0.5803646015624999 0.55941660625 0.5756798437499999
1 0.6312398984375001 0.6951310203125 0.6208073046875 0.7004924109374999 0.5856380328124999 0.7145416531250001 0.581922775 0.71777820625 0.582086696875 0.718813159375 0.5851592375 0.7204399968749999 0.5872322984375 0.7201116562500001 0.6341217078125 0.6999791671875 0.6365507109374999 0.69747261875 0.636386790625 0.696437665625 0.6333021046875 0.6948043984375001 0.6312398984375001 0.6951310203125
0 0.593913084375 0.71866925625 0.5942819921875 0.7146762453125 0.59368380625 0.712866353125 0.5914363234375 0.71160170625 0.586568403125 0.7110027078125001 0.5809523953125 0.7117919500000001 0.5750179921874999 0.712748575 0.5716841406250001 0.71452965625 0.5704583750000001 0.7166952640625001 0.57075881875 0.7203483562499999 0.57408580625 0.7256188625 0.57565730625 0.726689840625 0.5804261375 0.7279978890625001 0.5825276515625 0.7274979687500001 0.5864063609375 0.7250124203125 0.589255196875 0.7245946234375 0.591039725 0.7235685046875 0.593913084375 0.71866925625
1 0.5495856140625001 0.67840825 0.5459810640625 0.6779182375 0.5435520625 0.6804247859375 0.5437146921875 0.6814515921875001 0.5479736328125 0.68607326875 0.5527243359375 0.693799809375 0.5746323624999999 0.71628478125 0.5762560203125 0.717614815625 0.5798605703125 0.718104828125 0.58227871875 0.715599996875 0.5821147984375 0.71456504375 0.56378321875 0.696818203125 0.5495856140625001 0.67840825
1 0.5564292296875 0.3875938984375 0.5450957187500001 0.3872671171875 0.5342833625 0.38580523125 0.5318530671875 0.3883036296875 0.5336419375 0.39067676875 0.5409323500000001 0.392170196875 0.553041815625 0.392900359375 0.5614641234375 0.39261896093750004 0.5766050609375 0.390220871875 0.58202658125 0.38883590468749996 0.5844447296874999 0.386331075 0.5842821 0.3853042703125 0.58120826875 0.383669284375 0.5564292296875 0.3875938984375
0 0.5290806171875 0.3769807734375 0.5269011890625 0.3782532171875 0.52331078125 0.3828399984375 0.52591461875 0.390288396875 0.534484890625 0.3952964984375 0.5386393421875 0.395816365625 0.5437573109375 0.3939197828125 0.5451972171875 0.3922632453125 0.545906990625 0.3881744796875 0.5443692812500001 0.38436649843750004 0.5448682 0.3786654546875 0.54390356875 0.37693030781250003 0.536730025 0.375050809375 0.5290806171875 0.3769807734375
2 0.5447553328125 0.47419087187500003 0.5416706484375 0.4725576046875 0.508642784375 0.47778870468749995 0.477748878125 0.483216453125 0.45269521093750004 0.4898326796875 0.4395447296875 0.49138087500000005 0.43711572656250003 0.49388742499999994 0.437279646875 0.49492237812499995 0.44036304218750005 0.496547496875 0.4542081609375 0.49488927812499994 0.478567190625 0.4883830734375 0.5424889609375 0.47772422499999995 0.544919253125 0.475225825 0.5447553328125 0.47419087187500003
1 0.5000600140625 0.454788771875 0.4991188484375 0.45334228593750003 0.4985176703125 0.4539721390625 0.49559690468750006 0.45337382656249997 0.49317875625 0.45587865625 0.4934239921875 0.4574270125 0.49743769687499995 0.460500334375 0.5259285328125001 0.4755855453125 0.5307886515625 0.47957737187499994 0.5343118875 0.47955398125000004 0.5367408890625 0.4770474328125 0.5356370953125 0.47457414218749994 0.531868625 0.473049175 0.5270085046874999 0.4690573484375 0.5000600140625 0.454788771875
1 0.57401126875 0.489681184375 0.5716225109375 0.487946046875 0.5650158828125 0.48634432031249997 0.555937890625 0.482485903125 0.5451242421875 0.48101586875 0.540509359375 0.4785723984375 0.536904809375 0.4780823859375 0.5344745171875 0.48058078593750003 0.5346384375000001 0.481615740625 0.54087826875 0.48539739375 0.5576960765625001 0.4890908609375 0.572686059375 0.4946610234375 0.5750761078125 0.496404309375 0.57859805 0.49637277031249993 0.5810270531249999 0.49386622031250005 0.5793220812500001 0.4920227828125 0.579923259375 0.4913929296875 0.57401126875 0.489681184375
0 0.5417312515625 0.46710976562499995 0.5391436078125 0.46636680156250004 0.53635778125 0.4670419359375 0.5336433546875 0.4688000921875 0.5310053140625 0.4727264578125 0.52779895 0.475523203125 0.5280535734375 0.4796597109375 0.5362165671875 0.4863111625 0.54365840625 0.48784743593749996 0.5496613328125 0.48507556406249996 0.55098384375 0.48232658281249996 0.550042209375 0.48059614531249994 0.5477135890625 0.47931093750000003 0.5489204625 0.47730703906249994 0.5485446890625 0.47289734218749996 0.5457181453125 0.469803065625 0.5417312515625 0.46710976562499995
2 0.5592007625 0.5698915203125 0.5561269328125 0.568256534375 0.5106228078124999 0.5749373984374999 0.48884584999999997 0.5799737281249999 0.455725815625 0.58469314375 0.45330637500000004 0.587189825 0.45347029531249994 0.5882247781250001 0.456544128125 0.5898597640625 0.46350670000000005 0.5892832828125 0.4896641609375 0.585140346875 0.5114411203125 0.58010401875 0.55694524375 0.5734231546874999 0.559364684375 0.570926475 0.5592007625 0.5698915203125
2 0.53454846875 0.7215725296875 0.4776001234375 0.731653178125 0.47516982968750004 0.734151578125 0.47533375 0.73518653125 0.4784184359375 0.7368197984375 0.5038812593750001 0.7327868828125 0.53606141875 0.7266291296875 0.5842302187499999 0.7189999421875 0.586659221875 0.7164933921875 0.5864965921875 0.7154665875 0.5834119062500001 0.7138333218749999 0.53454846875 0.7215725296875
1 0.547962825 0.579089496875 0.5206427859375 0.589239075 0.5182246359375 0.5917439046874999 0.518387265625 0.592770709375 0.5214610984375 0.5944056953125 0.52353415625 0.5940773546875 0.5280971203125 0.5917674546875 0.5515379828125 0.5838194750000001 0.55395613125 0.5813146453125 0.553792209375 0.5802796906250001 0.5507196703125 0.5786528546875 0.547962825 0.579089496875
0 0.5810833343749999 0.644198353125 0.577924021875 0.6406889765625 0.57538266875 0.6397465453125 0.5708559640625 0.6400374671875 0.567489784375 0.6373293953125 0.564106065625 0.637531175 0.55707420625 0.6413932703125 0.5525450375000001 0.6425115984375 0.5508468125 0.6435908765625 0.549177275 0.6492768375 0.5528521109375 0.652879990625 0.5604415 0.6559800921875001 0.565531190625 0.65629335625 0.57201895625 0.6547562203124999 0.573940240625 0.65339935625 0.5746785859375 0.6515281421875 0.5792156171875 0.6497569859375 0.5808676687500001 0.6481754453125 0.5810833343749999 0.644198353125
1 0.49824084218750003 0.216195278125 0.498403471875 0.21722208125 0.5014881578125 0.21885534843749999 0.504764865625 0.217275453125 0.5084390546875001 0.2092838109375 0.5149392578125 0.20136250000000003 0.5147753374999999 0.20032754531250002 0.5224208703125 0.19064598906250002 0.5250431875 0.1849344265625 0.529727709375 0.1788962421875 0.5300023375 0.17620463125000002 0.5269285046875 0.17456964375 0.5255500843750001 0.1747879640625 0.5243355828125 0.17604124062499998 0.5235704828125 0.1756361375 0.5237331125 0.17666294375 0.5190390265625 0.18271099531249999 0.5164167109375 0.1884225578125 0.51278276875 0.1921725140625 0.512946690625 0.19320746718749998 0.5087820296875 0.198102396875 0.50894595 0.19913735 0.50244445625 0.2070505125 0.49824084218750003 0.216195278125
2 0.5074001499999999 0.2205670953125 0.509829153125 0.21806054531250002 0.5096665234375 0.2170337421875 0.5065818375 0.21540047499999998 0.5038358453125 0.21583539687500003 0.4998645 0.21752531249999998 0.46622331250000004 0.22337983437500003 0.43299257343750003 0.23182581562500001 0.42963325937499997 0.2328841609375 0.42721510937499996 0.23538899062500002 0.4273790296875 0.23642394531250002 0.43045157187500005 0.23805078124999998 0.4338922015625 0.2375058390625 0.46773626406249996 0.22843643593750002 0.5013774515625 0.2225819140625 0.5074001499999999 0.2205670953125
3 0.5242867125 0.68347611875 0.52601761875 0.7033259671875001 0.529618709375 0.72606235625 0.53770755 0.7682119546874999 0.5414760203125 0.7697369203125 0.5441394046875 0.7687804468749999 0.5459672296875 0.76690375 0.5378783874999999 0.7247541515625 0.5342772984375 0.7020177624999999 0.5325463921875 0.6821679140625 0.5161775640624999 0.5788192046875 0.507244478125 0.5134965765625 0.5054084359375 0.4841318375 0.49785031249999995 0.4408372671875 0.4959022703125 0.41519094531249995 0.4897355359375 0.380681259375 0.48744668906250005 0.34396182343750004 0.48234907343750005 0.3029256609375 0.4776749265625 0.24222470937499999 0.4661727375 0.1873751625 0.46385315 0.1861469984375 0.46102584375 0.18606851875 0.45791305781249997 0.1886833671875 0.46941524687499997 0.2435329140625 0.4741002484375 0.304232146875 0.47918700937500003 0.34527002812499996 0.48147585781249996 0.3819894640625 0.487642590625 0.41649915000000004 0.48959063281250004 0.442145471875 0.49706615000000004 0.484918490625 0.49890348281249997 0.514291378125 0.5022190906249999 0.5397210984374999 0.5242867125 0.68347611875
0 0.51036121875 0.2134819984375 0.5067759125 0.21072509374999998 0.50040419375 0.21060652968750002 0.4979488484375 0.211471578125 0.49506774375000007 0.2147765015625 0.49467489843749995 0.2181968984375 0.49485155000000003 0.2203659359375 0.49669345624999994 0.222371465625 0.502157040625 0.22441319843750002 0.505918471875 0.22786062343750002 0.5098195328124999 0.22923928437500002 0.5124026578125 0.2291810109375 0.5161545828125 0.227651153125 0.5194734734375 0.22415993906249998 0.5193564296875001 0.219416884375 0.5181377609375 0.2162183109375 0.5148211 0.21410385625 0.51036121875 0.2134819984375
2 0.5094074515625 0.304470896875 0.5195654171874999 0.3018011171875 0.5219835671874999 0.2992962875 0.521819646875 0.2982613328125 0.5187471046875001 0.2966344984375 0.515306475 0.297179440625 0.5085891390625 0.299304278125 0.4534456234375 0.3075035171875 0.439847028125 0.31071823906249996 0.4204601171875 0.31749785468749997 0.41804067656250005 0.3199945359375 0.418204596875 0.3210294890625 0.4212784296875 0.322664475 0.423351490625 0.322336134375 0.4366222421875 0.3170515046875 0.45426393593750003 0.3126701375 0.5094074515625 0.304470896875