2 0.5030102609375 0.3411779734375 0.5046519468749999 0.34022616875 0.504033784375 0.3390053703125 0.5044469874999999 0.3387677609375 0.5002422265625001 0.335664859375 0.49763995781250003 0.335056996875 0.4823194796875 0.33518580937500003 0.45535713749999995 0.336760146875 0.45418728281250004 0.3369048515625 0.452546625 0.3378483015625 0.45247686875 0.338416425 0.45384054999999995 0.3397287625 0.45497552499999994 0.3398681203125 0.47888649375 0.338215946875 0.49767052500000003 0.337935715625 0.5022536109375 0.34108506875 0.5030102609375 0.3411779734375
0 0.4654443546875 0.680060159375 0.46537982031249997 0.6823335515625 0.4716168515625 0.6874669328125 0.47639785312500005 0.6896483421874999 0.48093845156250004 0.6891881703125 0.4827631453125 0.688309721875 0.4861449734375 0.6832124890625 0.4838754640625 0.6790666187500001 0.4745880953125 0.6750428281249999 0.4702115671875 0.6760065453124999 0.46775673749999996 0.6779694828125 0.4654443546875 0.680060159375
2 0.4774186875 0.686669740625 0.47906037343749996 0.6857179359375001 0.47837676562500003 0.6819024828125 0.47701410781250003 0.680581790625 0.4747891390625 0.6800287359375 0.46841475 0.6789577140625 0.46303685000000006 0.67915394375 0.434028240625 0.675592134375 0.4212445859375 0.6737341546875 0.41532838125 0.6721511828125 0.41367659375 0.6730932671875001 0.4136068375 0.673661390625 0.4149816484375 0.67497509375 0.42052963125 0.6765213328125 0.46268909062499997 0.681986209375 0.470326840625 0.6820589734375 0.47406408125 0.6828061921875 0.4750944203125 0.6837977359375 0.4752882515625 0.685254778125 0.47666203593749995 0.6865768359375 0.4774186875 0.686669740625
1 0.5026805421875 0.6584691609375 0.4920665125 0.6545793 0.47837156875 0.6477245328125 0.476699315625 0.64579761875 0.475942665625 0.6457047140625 0.47430097968749996 0.64665651875 0.4741276140625 0.648068475 0.47476952656250004 0.6490038453125 0.490240334375 0.6569416953125 0.49790864843750005 0.659893178125 0.5071251421875 0.6627464062499999 0.5082601171875 0.6628857640625 0.5099018015625 0.661933959375 0.50997053125 0.6613741906249999 0.508607875 0.6600534984374999 0.5026805421875 0.6584691609375
1 0.48754774218749997 0.6072108765625 0.4877211078125 0.6057989234375001 0.48635845 0.60447823125 0.4856018 0.6043853265625 0.48396011406249995 0.60533713125 0.4763854796875 0.6296796359375 0.4727222359375 0.6438760546875 0.4725139921875 0.6455720703125001 0.47388880312500004 0.6468857734375 0.4746343265625 0.6469773125 0.47628611249999997 0.6460352281249999 0.47687268281249995 0.6443856640625001 0.48080280000000003 0.6279237375 0.48538493125000004 0.612406903125 0.48754774218749997 0.6072108765625
0 0.46677026250000003 0.6401006640625 0.46514516875 0.6432170890625 0.46610276875 0.6465488625 0.4692276265625 0.6480520015625 0.47166869218749996 0.6512606140625 0.473493165625 0.6523157421875 0.4790893515625 0.652273525 0.4823083140625 0.6489626890625 0.482111928125 0.6442148140625 0.4797012515625 0.6415866203125 0.47642779218750003 0.6400058703125 0.47129207187500005 0.63878163125 0.468712853125 0.6389059406250001 0.46677026250000003 0.6401006640625
2 0.4748382578125 0.648444075 0.4766611515625 0.6492361078125 0.4783018109375 0.64829265625 0.47806197343749995 0.6471183109374999 0.4736184 0.6428327109375 0.47255215625 0.642133584375 0.471049984375 0.641949140625 0.4645022296875 0.642290075 0.4584364109375 0.64183363125 0.410694090625 0.6351065765625 0.40904127656249994 0.6360570156249999 0.40897152031250006 0.6366251375 0.41034633125 0.6379388421875001 0.4374395640625 0.6415538171875 0.4490533671875 0.6435565015625 0.46453279687500004 0.6451687921875 0.471081578125 0.644819503125 0.4748382578125 0.648444075
1 0.5038067890625 0.618111996875 0.49062537031250003 0.6133302125 0.48360907031249994 0.611323821875 0.4822342578125 0.61001011875 0.48038864062500003 0.6094951609375 0.4787479796875 0.6104386109375 0.4786782234375 0.611006734375 0.47935398906250004 0.611666396875 0.4789418125 0.611895653125 0.481404565625 0.6136397625 0.4898992875 0.616116025 0.5030468531250001 0.6211735171874999 0.504181828125 0.621312875 0.5058224890624999 0.620369425 0.5058922453125 0.6198013 0.5038067890625 0.618111996875
1 0.47759236875 0.5792827171875 0.4757401078125 0.6037511515625 0.4754926734375 0.6088940109375 0.47685635625 0.6102063484375 0.47761300625 0.610299253125 0.4792536671875 0.6093558031249999 0.48139505624999995 0.5826245921875 0.48136448906249996 0.579745875 0.47998967812500004 0.5784321718750001 0.47924415624999994 0.5783406328125 0.47759236875 0.5792827171875
0 0.48467519843750007 0.607884340625 0.481737678125 0.6056833421875 0.47973982812499993 0.6048443859375 0.475759296875 0.60497473125 0.4733446109375 0.6041269984375 0.46816960312499994 0.6046025625 0.4645036375 0.6053906234374999 0.46271431406249997 0.608096771875 0.46295289687499996 0.6100172671874999 0.46558856718749997 0.61302079375 0.469076121875 0.6142377203125 0.4738585984375 0.6137394015625001 0.4756341453125 0.615009021875 0.47922642031249996 0.6159250171874999 0.48206156250000004 0.6158321328125 0.4841808484375 0.6148541625 0.48580151562499996 0.6107619093750001 0.48467519843750007 0.607884340625
2 0.48240433749999995 0.6117525890625 0.481787203125 0.6105234359375 0.48220040624999994 0.6102858265625 0.4783380640625 0.6075217937499999 0.471033659375 0.6077698234375 0.4669989765625 0.60640939375 0.42373839375 0.600529453125 0.4173988859375 0.5991743703125 0.415758225 0.6001178203124999 0.41568846875 0.6006859437500001 0.4170511265625 0.6020066359375 0.4233916609375 0.6033533640625001 0.4583963328125 0.6079397421875 0.46627289375 0.6091952078125 0.47031870312499996 0.610557003125 0.47685635625 0.6102063484375 0.4796287046875 0.6125566796874999 0.4807636796875 0.6126960375 0.48240433749999995 0.6117525890625
1 0.48303578593749996 0.5630066 0.48227913593749994 0.5629136953125 0.4810855328125 0.5633438281250001 0.47929423125000004 0.5654221609375 0.4564212 0.561748671875 0.45476838906249994 0.5626991109375 0.45469965781250005 0.5632588796875 0.4560734421875 0.5645809374999999 0.4804607984375 0.56843188125 0.48165337499999994 0.568010103125 0.48434083906250003 0.564888428125 0.48440957031250004 0.5643286578125 0.48303578593749996 0.5630066
1 0.49485550156249997 0.58513388125 0.49215619843749997 0.5790609984375 0.4892137703125 0.574968196875 0.48611341562500004 0.5691259343749999 0.48375755624999994 0.5633835671874999 0.48193568906250006 0.5625831812500001 0.48029400312500004 0.5635349859375001 0.4802252734375 0.56409475625 0.481688253125 0.5677260421875 0.48538404531249996 0.5750661734375 0.489275928125 0.5807172781250001 0.49569374843749997 0.59385321875 0.49634576406250003 0.5947983109375 0.49815752968749993 0.595588975 0.49980931562500003 0.5946468921875 0.49987907343750004 0.5940787671875001 0.49485550156249997 0.58513388125
0 0.469517203125 0.5631785640625 0.47071975781250003 0.566447125 0.47343362187500004 0.568077896875 0.47931496874999996 0.5723364953125001 0.48340007500000004 0.573194275 0.486972846875 0.5730732265625 0.489094184375 0.5720785484375 0.49057116250000005 0.5698004875 0.49140194218750005 0.5643221796875 0.48928396249999995 0.561517909375 0.48721295312499996 0.5602628953125001 0.48070914218749994 0.5591420609375 0.47466289687499996 0.5590781328125 0.4704964578125 0.561458484375 0.469517203125 0.5631785640625
1 0.47902549375000003 0.6860019984375 0.47916398281249994 0.6848741046875 0.4778013234375 0.6835534125 0.47704467343749996 0.6834605078125 0.4753918625 0.684410946875 0.47488617499999997 0.6854937546875 0.4689946765625 0.702291540625 0.4652465515625 0.711015953125 0.4651070375 0.7121522 0.46647072187500005 0.7134645359375 0.46722737031249995 0.713557440625 0.46887915781249995 0.712615359375 0.46938586875 0.711524196875 0.47527634062499996 0.6947347640625 0.47902549375000003 0.6860019984375
1 0.47101701875 0.6795655765624999 0.4688279546875 0.6787201046875 0.46219100312499994 0.6767518109374999 0.450854178125 0.672493340625 0.42759498125000006 0.66561760625 0.4259543203125 0.6665610562500001 0.4258845640625 0.66712918125 0.42834834375 0.6688649375 0.435398496875 0.670595621875 0.44235616875000006 0.6731715015625 0.45012911874999995 0.6752707984375 0.46954643906250004 0.6822514953125001 0.47067028593750004 0.6823894875 0.47232207343750005 0.6814474046875 0.47239182968750004 0.68087928125 0.47101701875 0.6795655765624999
2 0.47800059531250005 0.7286614015625 0.47981133593749997 0.729460421875 0.4814519953125 0.728516971875 0.4809147171875 0.726729415625 0.476404671875 0.7198575140625 0.47420448125 0.719010675 0.46420430156250003 0.7195043937500001 0.45050073125 0.718975184375 0.4231643765625 0.7173402890625 0.41532269375 0.7158007625 0.41367090781250004 0.716742846875 0.41360115000000003 0.7173109703125 0.414974934375 0.718633028125 0.42281764375 0.7201641999999999 0.46080619218749996 0.72225046875 0.47382287031250003 0.722118646875 0.47800059531250005 0.7286614015625
0 0.47630354218750004 0.7156216953125 0.473786671875 0.715974159375 0.47018274687500006 0.7183726953125 0.46871942187500004 0.72035560625 0.46870752031249996 0.7220163671875001 0.4739859796875 0.7298052484374999 0.47880241406249996 0.731974046875 0.48246680937499997 0.732118671875 0.48466761875 0.731396653125 0.4865821890625 0.7294182640625 0.48705510937499996 0.7267624984375 0.48498155625 0.7234124343749999 0.4850970671875 0.7209078437499999 0.4841556609375 0.7193759734375 0.47630354218750004 0.7156216953125
1 0.47995413593749997 0.7251697484374999 0.4785904515625 0.7238574109375 0.4778338015625 0.72376450625 0.4690926703125 0.7264227484375 0.45849048281250004 0.7317274453125 0.45733175625 0.731873515625 0.44529386562499995 0.7395800718750001 0.4451892296875 0.740432259375 0.4465529140625 0.7417445953125 0.4481000671875 0.7416546984375 0.4617457890625 0.7332720453125 0.4706602875 0.7292018484375 0.47902309218749994 0.726497153125 0.47995413593749997 0.7251697484374999
0 0.4919051703125 0.341103509375 0.498294496875 0.34472057968750003 0.5033853828125 0.34493010625 0.5075042265625 0.341373571875 0.5072837859375 0.3382934453125 0.5049145296875001 0.3344999984375 0.4992339515625 0.33118196875 0.494106846875 0.331451396875 0.4909191921875 0.332391475 0.488781534375 0.3352668703125 0.488817303125 0.3374592890625 0.4919051703125 0.341103509375
1 0.49839465 0.74323354375 0.4997234546875 0.74482994375 0.5004801046875 0.7449228484375 0.5032873296875 0.74698911875 0.5039282171874999 0.74793284375 0.5057849625 0.74844916875 0.5074266484375001 0.7474973640625 0.5068084859375 0.746276565625 0.5072216890625 0.7460389546874999 0.5019168296875 0.7425126359374999 0.4985025703125 0.7392269328125 0.497402475 0.7388035140625 0.4908385671875 0.7331126718750001 0.48765301718750004 0.7309999484375 0.48355186406249995 0.7270532171874999 0.4780736375 0.7249388531250001 0.47642082500000005 0.725889290625 0.4773475546875 0.7277246640625 0.4813483859375 0.729360803125 0.4833752109375 0.731619596875 0.484464178125 0.73204165 0.4875450953125 0.735006559375 0.4886340640625 0.7354286125 0.4917149796875 0.738393521875 0.49281610000000003 0.7388085859375 0.49520909843750005 0.741120821875 0.49839465 0.74323354375
1 0.4926090109375 0.516223559375 0.49418093750000003 0.5158398796875 0.49788658750000003 0.5137167359375 0.4990453140625 0.5135706640625 0.49871299531249996 0.5132415171875 0.49959803125 0.5121968078125 0.498234346875 0.5108844703125001 0.4970993734375 0.5107451140625 0.49261229531249995 0.513069134375 0.49144346875 0.513205484375 0.484856525 0.5169932609375001 0.47725036718749997 0.5197908609375 0.47759381406249996 0.520121375 0.47669765000000003 0.5211647187499999 0.47807246093750005 0.522478421875 0.47998783593749994 0.5224252546875 0.48084809531249995 0.521674328125 0.488454253125 0.518876728125 0.4926090109375 0.516223559375
0 0.4868579234375 0.517527346875 0.4801405703125 0.5170417890625 0.47586755781249995 0.515414634375 0.47163457500000006 0.5158532109375 0.4680750859375 0.5189017375 0.4679119890625 0.521425928125 0.4705464765625 0.5245310796875 0.472754246875 0.5256841546875 0.48128952031249994 0.52691025 0.48410313125000004 0.528188596875 0.48881521250000004 0.5274356953125 0.4909712609375 0.5250544390624999 0.4916830671875 0.52293685 0.490433396875 0.51940808125 0.4868579234375 0.517527346875
2 0.4761808375 0.5222461593750001 0.48665966562499996 0.5241094875 0.488311453125 0.523167403125 0.48838120937499996 0.5225992781250001 0.48700742343750003 0.5212772203125 0.4761492453125 0.5193757953125 0.4707015859375 0.52014015 0.45046138906250005 0.5199532421875 0.427743 0.5211836359375 0.42657314843750005 0.521328340625 0.4249324875 0.5222717921875 0.42486273125 0.522839915625 0.42622641562499997 0.5241522515625 0.4273613890625 0.5242916078125 0.44856648125 0.5228754046875 0.4707321515625 0.5230188671875 0.4761808375 0.5222461593750001
1 0.480491609375 0.4840100734375 0.4822098671875 0.48565428906249997 0.5087743765625 0.4998306921875 0.5095199 0.49992223124999996 0.5111727109374999 0.4989717921875 0.5105894296875 0.49746693124999997 0.49015618437499997 0.4863416296875 0.48221315468750003 0.482499865625 0.48056136718750003 0.4834419484375 0.480491609375 0.4840100734375
1 0.4835573984375 0.48093484999999997 0.484077496875 0.476698984375 0.485549103125 0.47400470937500006 0.4863133515625 0.467780409375 0.48821257500000004 0.46169546562499997 0.488385940625 0.46028351093750003 0.4870121546875 0.458961453125 0.48626663125 0.4588699140625 0.4846138203125 0.459820353125 0.48402725 0.4614699171875 0.48257610937499995 0.4670331890625 0.48181186093750006 0.4732574890625 0.48034025468749997 0.4759517640625 0.4797504 0.48075575312499996 0.48093969062499997 0.48348840156249995 0.48200490937499996 0.4841958828125 0.4827615578125 0.4842887875 0.48440324375 0.4833369828125 0.4835573984375 0.48093484999999997
0 0.47446455312499997 0.485169725 0.4737354015625 0.48917638593749996 0.4786835734375 0.49422784374999995 0.4822544625 0.4952260203125 0.48684042656250004 0.4936604453125 0.48910109999999996 0.4892312203125 0.48827995937499996 0.4871798296875 0.48868475624999996 0.48231919375 0.4872808953125 0.4802301796875 0.48236179375 0.47834560000000004 0.477701090625 0.47923202187499997 0.475875140625 0.480856621875 0.47446455312499997 0.485169725
2 0.43136359375 0.485440946875 0.437911346875 0.48510001249999996 0.4477381625 0.48601824843749997 0.45918290937500006 0.48627010937500004 0.48182723125000004 0.48877061718750003 0.48346891718749996 0.48781881250000003 0.48450685312499997 0.4824931515625 0.4831441953125 0.48117245937500003 0.48238754687499996 0.4810795546875 0.4807347328125 0.48202999375 0.480421853125 0.484578196875 0.47953784375 0.4856145515625 0.45915131875000004 0.48339974531249996 0.44770759687500006 0.48313953125 0.43788078124999996 0.48222129375 0.43020815468749996 0.4824325921875 0.4285563671875 0.48337467656250005 0.428486609375 0.4839428 0.429861421875 0.48525650468750003 0.43136359375 0.485440946875
1 0.4490870671875 0.4408120078125 0.44743528125000004 0.4417540921875 0.4473655234375 0.44232221718750003 0.4494509796875 0.44401151875 0.46116510312500003 0.44832479843749995 0.473451384375 0.45414157031249996 0.47420803593749994 0.45423447499999997 0.47584972187499996 0.4532826703125 0.4752775640625 0.45177917812499996 0.4702463953125 0.449151496875 0.4622695125 0.4455854375 0.4490870671875 0.4408120078125
1 0.480995625 0.4550678875 0.482911 0.4550147203125 0.490965240625 0.45169545 0.4984789140625 0.4497430484375 0.50172638125 0.44813185625 0.5064633953125 0.4469919015625 0.508138934375 0.44576438906250004 0.5093087875 0.445619684375 0.5097917468750001 0.4448139515625 0.509860478125 0.4442541828125 0.5084866921875 0.442932125 0.50773004375 0.4428392203125 0.5065713171875 0.44298529062499997 0.504884653125 0.4442114359375 0.5024863171875 0.4450703359375 0.49974556249999996 0.4455903671875 0.4964869671875 0.44720019375 0.48898442031249995 0.44915395937499997 0.48093018125000003 0.45247323125000005 0.48017353281249997 0.45238032656250005 0.480516978125 0.4527108421875 0.47962184218750004 0.4537458296875 0.480995625 0.4550678875
0 0.467772775 0.4502555734375 0.46709727343749996 0.452445465625 0.46839973125 0.4552683359375 0.471270559375 0.45681661093750003 0.4737865 0.45821954218750005 0.483997878125 0.459685359375 0.48886645 0.459129765625 0.4906851453125 0.45820817812500003 0.4918040828125 0.45645436406249995 0.49130671875000004 0.45259393281250004 0.48940055468750004 0.4501803390625 0.48581506250000006 0.4488411390625 0.48193199531250003 0.449373565625 0.47655076406249997 0.44794108593750004 0.470164715625 0.4489888140625 0.467772775 0.4502555734375
2 0.48870313125 0.4545725265625 0.487328321875 0.453258825 0.47572564531249995 0.45125750625 0.46767469375 0.4514223515625 0.44334268125 0.4501563421875 0.441702021875 0.4510997921875 0.4416322640625 0.45166791718750005 0.4429959484375 0.45298025312499995 0.44526589687499996 0.45325896875 0.4673279609375 0.4542462625 0.4753778875 0.45408977031250003 0.4869805625 0.4560910890625 0.48863337500000004 0.45514065156249994 0.48870313125 0.4545725265625
1 0.5014694359375 0.422259546875 0.4998176484375 0.42320162968749997 0.49974789218750004 0.4237697546875 0.501122703125 0.42508345625 0.5062923609375 0.42658324375 0.52197675 0.42965394375 0.531768684375 0.4308562421875 0.533420471875 0.4299141578125 0.533490228125 0.42934603281249994 0.5321154171875 0.42803233125 0.51670574375 0.42585191718750004 0.5014694359375 0.422259546875
1 0.5013724703125 0.39811998593750003 0.49811483125 0.41839599843749997 0.497628584375 0.4223561578125 0.4989912421875 0.42367685 0.49974789218750004 0.4237697546875 0.5014007046875 0.42281931562499997 0.5041958484375 0.40621803281249996 0.5051334625 0.398581778125 0.503769778125 0.397269440625 0.503013128125 0.3971765359375 0.5013724703125 0.39811998593750003
0 0.486427178125 0.41819064062500005 0.48594873125 0.4205234578125 0.48668661249999995 0.42214906875 0.4948031140625 0.42752170312500004 0.501946859375 0.42895009218749997 0.5060773953125 0.42686215625 0.5068964312500001 0.42295134062499995 0.5051318328125001 0.4193847875 0.5032461968749999 0.4179998828125 0.4945597046875 0.41524565312500006 0.49122020624999996 0.41503067031249996 0.48858409687500004 0.4158942984375 0.486427178125 0.41819064062500005
2 0.5000607718750001 0.42122155 0.49126860937499994 0.4181320765625 0.4618399828125 0.41164373281250005 0.4536189515625 0.4100661078125 0.443070365625 0.4087709046875 0.44142970625 0.40971435468750006 0.44135995 0.41028247812499996 0.44272363437499995 0.4115948140625 0.45327221875 0.4128900171875 0.4857051890625 0.4197472515625 0.49605665468750004 0.4227398390625 0.5014661484375 0.42541397031250006 0.502211671875 0.42550550937500004 0.503863459375 0.4245634265625 0.5032812015625 0.4230502125 0.5000607718750001 0.42122155
1 0.518210315625 0.3855412046875 0.5149704484375001 0.3808351921875 0.515039178125 0.3802754234375 0.51127136875 0.376649484375 0.5086375109375 0.373171259375 0.5087072671875 0.372603134375 0.5082940640625 0.37284074375 0.5068616484375 0.37208817656250004 0.5052098609375 0.37303026093749997 0.5051401046875 0.37359838437500004 0.5077729390625 0.377084965625 0.5077042078125 0.377644734375 0.5114720171875 0.38127067187499997 0.5153300453125 0.387197484375 0.5218353234374999 0.3934578171875 0.5236470890625 0.3942484828125 0.52528775 0.3933050328125 0.525060065625 0.3921236984375 0.518210315625 0.3855412046875
1 0.5187380828125 0.356313590625 0.517544478125 0.3567437234375 0.5133515578125001 0.3628353796875 0.5071396499999999 0.369824034375 0.506587959375 0.3711895375 0.5079617437499999 0.372511596875 0.509911996875 0.3721743671875 0.5166068640625 0.3643799796875 0.5207649078125 0.358572384375 0.5208685171874999 0.35772855312499996 0.5194947328125 0.3564064953125 0.5187380828125 0.356313590625
0 0.49756163593749997 0.3749746203125 0.4984546890625 0.37938400156249996 0.5011501734375 0.381716415625 0.5060425921875 0.382622434375 0.5115247218750001 0.380013515625 0.5138012640625 0.376374946875 0.5145349765625 0.370859278125 0.51232325 0.36845056875000004 0.5069649859375 0.36719900625 0.503073325 0.3686293328125 0.498630453125 0.3723411390625 0.49756163593749997 0.3749746203125
2 0.47468364375 0.3724454203125 0.5063754031250001 0.3760483359375 0.5075801328125 0.37561956875 0.5103252015625 0.3719367578125 0.5104288109375 0.3710929265625 0.509055025 0.36977086875 0.508309503125 0.3696793296875 0.507104771875 0.370108096875 0.5044294609375 0.373222784375 0.48373436718749996 0.3703934015625 0.46215423906249997 0.3686087265625 0.4507105171875 0.3683485125 0.44906883124999997 0.3693003171875 0.44899907343749995 0.3698684421875 0.4503627578125 0.3711807796875 0.4522543828125 0.37141304062499997 0.4621848046875 0.3714874453125 0.47468364375 0.3724454203125
1 0.483320209375 0.351964821875 0.4874390625 0.34960407031249996 0.48792202187499994 0.3487983359375 0.4920307734375 0.3464278625 0.495014653125 0.343927753125 0.502428003125 0.3396647578125 0.502944815625 0.3385833171875 0.50157103125 0.337261259375 0.5008255078125 0.33716972031250003 0.4943083203125 0.340389371875 0.49382536093749996 0.34119510625 0.4892922796875 0.3438018234375 0.48882147031249995 0.34460056875 0.48470159218750003 0.34696967500000003 0.4821309171875 0.3492321765625 0.48011090625 0.350137528125 0.479559215625 0.35150303125 0.48092187343750004 0.352823721875 0.48283724843750003 0.35277055625 0.483320209375 0.351964821875
1 0.5005823859375 0.3391498 0.500512628125 0.33971792343749996 0.502976409375 0.34145367968749996 0.531154296875 0.34865348749999997 0.532667596875 0.3488392984375 0.5343092828125 0.34788749375 0.5343790390625001 0.34731936874999997 0.53301535625 0.34600703125 0.5147873281249999 0.34175898125000004 0.5022230453125001 0.33820635 0.5005823859375 0.3391498
1 0.45321076875 0.5131076515624999 0.4552952 0.514805309375 0.47467866562500005 0.522061715625 0.47580251249999994 0.52219970625 0.47745430000000005 0.5212576234374999 0.47752405624999994 0.5206894984375 0.4761492453125 0.5193757953125 0.4549211859375 0.5115960765625001 0.4532795 0.51254788125 0.45321076875 0.5131076515624999
2 0.47967255625 0.5654686140625 0.48683847187499996 0.5663484765625 0.4884801578125 0.565396671875 0.4885488890625 0.564836903125 0.48718623125000005 0.5635162109375 0.47964199062499996 0.5625898953124999 0.46783004375 0.5622929484375 0.45459933281250003 0.5609482859375 0.4393935921875 0.560234634375 0.4288450078125 0.55893943125 0.427193221875 0.5598815140625 0.4271234640625 0.5604496390625 0.42849724843750003 0.561771696875 0.43942415781250005 0.563113353125 0.44894240312499994 0.5634170125 0.47279248125000006 0.5654804 0.47967255625 0.5654686140625
3 0.46763773124999997 0.3862265 0.46631419375 0.400133509375 0.46675467812500004 0.4059290421875 0.4663371625 0.40932943125000004 0.462136640625 0.42173829218750003 0.4626281546875 0.433281540625 0.46210702968749995 0.43752576249999997 0.46032357187499995 0.44275988593750004 0.46040516875000004 0.45138631875 0.45772883125 0.454509359375 0.45606944687500006 0.46176864999999995 0.4535641453125 0.485300346875 0.45413983125 0.4931224140625 0.450673946875 0.51509444375 0.45087459374999994 0.5197156328125 0.4532531765625 0.5251809265625 0.4468970953125 0.5769470531249999 0.44535244687500003 0.5833638765625 0.44643053125 0.5932575609375 0.44511027968750005 0.60401014375 0.44317946406250003 0.607224725 0.4422767296875 0.6145769171875 0.4439557953125 0.6196679781250001 0.44137063750000005 0.6437580796875 0.4422821703125 0.6582278640625 0.444001140625 0.669065271875 0.44426394687500004 0.679435540625 0.44187087812500003 0.6957978484375 0.4421761609375 0.69956685 0.4412155078125 0.716681725 0.43894148906249997 0.7290387859374999 0.43939812500000003 0.7408660984375001 0.4404173375 0.7418562734374999 0.4418957578125 0.7423261453125 0.4439157671875 0.7414207953124999 0.4441240125 0.7397247765625 0.44345913125 0.7295934828124999 0.445744278125 0.7172377875 0.44669380312499996 0.700121546875 0.446388521875 0.6963525453125 0.4488164671875 0.679706175 0.4485299109375 0.6696213359375001 0.4467998140625 0.6587825609375 0.4459342859375 0.6440300796875 0.44854319531250003 0.61965455 0.44687525624999996 0.6145648578125 0.44767438281249994 0.6080564953125001 0.4495930453125 0.604848903125 0.45098202656249997 0.5935365499999999 0.44990496718750006 0.5836345109375001 0.451425865625 0.577503115625 0.45785170468749997 0.525168865625 0.4554619921875 0.5197022046875001 0.45522646875 0.515365078125 0.4560255953125 0.508856715625 0.45730234375 0.5047137546875 0.45865747343749996 0.493677109375 0.4580817875 0.48585504375 0.4605633375 0.46260877499999997 0.4621428640625 0.4559078890625 0.4648181765625 0.45279320156249997 0.4645632125 0.44557872343750005 0.4666246734375 0.43808046093749997 0.46714579843750004 0.4338362375 0.466654284375 0.4222929890625 0.4708199265625 0.410168190625 0.47127231875 0.40648373906249996 0.4708429625 0.400689571875 0.47216650156249995 0.3867825625 0.4752626140625 0.3771130609375 0.4761696609375 0.3665980875 0.478516965625 0.3599914734375 0.48103410625 0.34565433125 0.48129164375 0.3405211921875 0.48036922656250003 0.3355230375 0.4806897046875 0.3266576296875 0.4828353359375 0.31543818125 0.48155660781250004 0.3009233109375 0.48541368125 0.288183934375 0.48439446875 0.2871937578125 0.48291604687499995 0.2867238859375 0.4808960375 0.28762923749999997 0.477248234375 0.2986642421875 0.47831769375000005 0.314883484375 0.4761720609375 0.32610293281249997 0.47581670625 0.33525240312500004 0.47672902187500005 0.3402408375 0.4765164640625 0.345099634375 0.4748178890625 0.355805765625 0.4716868984375 0.365759328125 0.47074497187500003 0.3765583640625 0.46763773124999997 0.3862265
2 0.50792046875 0.310478525 0.5086771203125 0.3105714296875 0.51031880625 0.309619625 0.5097466484375001 0.3081161296875 0.5019082546875 0.30342217968749996 0.494568971875 0.3039542703125 0.48984637031249995 0.301941165625 0.46656013593749995 0.2985052875 0.45973766562499996 0.2979559375 0.45809700624999994 0.2988993859375 0.45802725000000005 0.2994675109375 0.459390934375 0.300779846875 0.47488149062499996 0.30239350468750004 0.4808315484375 0.30370076875 0.48874298749999995 0.304672171875 0.49347568906249994 0.306694996875 0.49497786250000003 0.306879440625 0.5008048703125 0.306153184375 0.50792046875 0.310478525
0 0.51015885625 0.3024592171875 0.49725051093749995 0.3001449296875 0.49066110625 0.3023889125 0.48905477968750005 0.30397263125 0.4887251609375 0.305645265625 0.48981051875 0.3082124984375 0.4916656953125 0.30966150937500003 0.4973682640625 0.3101327171875 0.49927 0.311570484375 0.5072265953125 0.31456584374999996 0.5098708390625 0.314279903125 0.5123850937500001 0.312476915625 0.5140211484375 0.308259340625 0.5121806265625 0.304115259375 0.51015885625 0.3024592171875
1 0.5251705640625 0.27899594687499996 0.524425040625 0.2789044078125 0.5232213359375 0.2793248203125 0.52009794375 0.282961178125 0.5038203421875 0.3065234375 0.5037157078125001 0.30737562343749997 0.505079390625 0.3086879609375 0.505836040625 0.308780865625 0.5079247812500001 0.30731574375 0.523352225 0.2845141328125 0.525993684375 0.281675153125 0.526545375 0.28030965 0.5251705640625 0.27899594687499996
1 0.514504128125 0.3098451734375 0.5111452109375 0.30914440625 0.508337984375 0.307078134375 0.5075924625 0.3069865953125 0.50593965 0.307937034375 0.505836040625 0.308780865625 0.5074734140625 0.31099184062499996 0.5137780453125 0.3126309859375 0.5317518234375 0.3188577515625 0.5375745203125 0.3212942734375 0.53870949375 0.32143363125 0.540350153125 0.3204901828125 0.540419909375 0.3199220578125 0.5383344546875 0.3182327546875 0.514504128125 0.3098451734375