0 0.5270533656249999 0.42682248906250003 0.5238029953125001 0.427175134375 0.5212179171875 0.42951616875000004 0.521198184375 0.4324377265625 0.5244161765625 0.4350521234375 0.533573984375 0.43670109999999995 0.5388898375 0.43589525625 0.5415563328124999 0.43395842343749996 0.5420463671875 0.43067695937500006 0.5394475109375 0.42799502812499995 0.5318867140625 0.426022121875 0.5288668890625 0.42608689999999994 0.5270533656249999 0.42682248906250003
1 0.5771248 0.44106007968750005 0.5785603671875 0.44009702656250005 0.5785877015625001 0.43957546875000003 0.5772610671875 0.43845996249999997 0.5624314109374999 0.43638298906250006 0.544214753125 0.4325672296875 0.5414965875 0.4313787953125 0.543696253125 0.4291483109375 0.5430786515625 0.427816159375 0.5400121999999999 0.4266171640625 0.5365435984375 0.42643538281250004 0.5344259328125001 0.4271011953125 0.5340917171874999 0.4268221828125 0.5340643828125 0.427343740625 0.5333549484375 0.42756805781249996 0.5329493656250001 0.4288465859375 0.5335802328125 0.429925628125 0.53456961875 0.43101576875000003 0.5376087359375 0.43273632187500005 0.5427112546874999 0.43482650781250004 0.56883363125 0.44010256718749996 0.5771248 0.44106007968750005
1 0.5373424515624999 0.4311610859375 0.5377309343750001 0.4304046515625 0.5398763343749999 0.42920961249999995 0.544329934375 0.423713196875 0.5479754 0.42052019375 0.548002734375 0.4199986359375 0.5531520999999999 0.41453868437499997 0.557618965625 0.40878915937500004 0.5576462984375 0.4082676015625 0.556319665625 0.40715209531249996 0.5556238984374999 0.40711563125000005 0.5538263796875 0.40832890468749994 0.5497104312500001 0.4138430140625 0.5453115000000001 0.41829631406249995 0.545284165625 0.41881787187499997 0.5416387 0.42201087656249997 0.5382966812500001 0.42626576250000003 0.53682355 0.4277498390625 0.5346785515625 0.4289372078125 0.5342623328125 0.43022287031250006 0.5355996000000001 0.43133124375 0.5373424515624999 0.4311610859375
1 0.537073865625 0.3832318828125 0.536794315625 0.38190975625 0.5259974374999999 0.3625931796875 0.5079349875 0.335866228125 0.50237846875 0.329322215625 0.5024058015625 0.3288006578125 0.5020442515625 0.329043203125 0.500680053125 0.32844871875 0.499244084375 0.32941944375 0.4995240359375 0.33073389999999997 0.5050907875 0.33727845 0.5050634546875 0.33780000781249997 0.5060562734375 0.338628834375 0.5176847812500001 0.3553894234375 0.526984009375 0.37019747812500003 0.530739978125 0.3782084078125 0.5339262171875 0.3835822203125 0.535628065625 0.3841944015625 0.537073865625 0.3832318828125
0 0.504310978125 0.8065443453125001 0.5071293796874999 0.808560971875 0.509935503125 0.8088541640625 0.511883028125 0.8083024921874999 0.5152215015625 0.80763913125 0.52220913125 0.8093897234374999 0.5263390390625 0.8090908625000001 0.53015380625 0.8061913015625001 0.53072518125 0.8040985203125001 0.530113134375 0.8012899828125001 0.5270100296875 0.799419946875 0.5180252140625 0.7993643890625 0.51341335 0.7980920921875 0.5082428984375 0.79945161875 0.5039716078125 0.8034270734375 0.504310978125 0.8065443453125001
1 0.5282308718750001 0.53199753125 0.5289266375 0.5320339953125 0.5303728375000001 0.5310638078125 0.5334618375 0.5249805765625 0.53723615 0.5126727625 0.5378019 0.508533871875 0.53765039375 0.4981122765625 0.536486959375 0.4938827640625 0.5357564406249999 0.4878531640625 0.534204121875 0.48438775625 0.5328770859375 0.4832799203125 0.53218131875 0.48324345781250005 0.5307355203124999 0.48420597499999996 0.5306945203125 0.48498831249999996 0.53256435625 0.489247153125 0.533004690625 0.49396175937500003 0.534178359375 0.498191809375 0.5343332984375 0.5083520906250001 0.5337914484375 0.5122307390625 0.530419684375 0.5235136703125 0.5269448359375 0.530107359375 0.5269042374999999 0.530882025 0.5282308718750001 0.53199753125
1 0.593925221875 0.5247575828125 0.5939521531249999 0.5242436968749999 0.5926255203124999 0.5231281906249999 0.5915818703125 0.5230734953125 0.5565010609375001 0.5295720640625 0.530304503125 0.5323677 0.5288587062500001 0.5333302203125 0.528831371875 0.5338517765625 0.5301686390625 0.5349601484375001 0.5312020578125 0.5350143078125 0.5451751609375 0.5336623390625 0.5637216484375001 0.5309887703125 0.5802286359375 0.527685325 0.592489253125 0.5257283078125 0.593925221875 0.5247575828125
1 0.528510821875 0.5333119875000001 0.5247998375 0.531294728125 0.5181078343750001 0.5262524859375 0.5100443609374999 0.521146059375 0.50934859375 0.5211095953125 0.502305275 0.5163104359374999 0.4921408359375 0.511355396875 0.4887269015625 0.5101305 0.4872909328125 0.511101225 0.48791876875 0.5124339124999999 0.5001192750000001 0.51828014375 0.5071625953125001 0.5230793015625 0.5078583609375 0.523115765625 0.5145811328125001 0.5273751343749999 0.52562905625 0.5352452296875 0.5273548046875 0.5355971687500001 0.5287907734374999 0.53462644375 0.528149271875 0.533554534375 0.528510821875 0.5333119875000001
1 0.527030309375 0.5881868203125 0.5228854562499999 0.58093999375 0.5228066703125 0.5759828406249999 0.5170337453125 0.560059809375 0.5126469078125 0.5509698359375 0.5109446546874999 0.550365325 0.5094988578125 0.55132784375 0.50945785625 0.5521101796875 0.5132411593749999 0.5595995515625 0.51901711875 0.5752689390625 0.51941341875 0.581019528125 0.5241758765625 0.5895985046875001 0.52717399375 0.5921013937499999 0.5288758453125 0.592713575 0.5303118140625 0.5917428499999999 0.5303391468750001 0.5912212921875 0.527030309375 0.5881868203125
1 0.52917446875 0.60678843125 0.5318060296875 0.5965126875 0.532010228125 0.5926163468750001 0.5306733625 0.591500303125 0.529977596875 0.591463840625 0.5285416281249999 0.5924345640625 0.5283374296875001 0.59633090625 0.525729765625 0.6063464062499999 0.519687853125 0.62218093125 0.5183857390625 0.6270580234375001 0.5148395234375001 0.635209253125 0.514798925 0.63598391875 0.516125559375 0.6370994249999999 0.516821325 0.6371358890625001 0.518645775 0.6354087296875 0.52917446875 0.60678843125
3 0.483612215625 0.63434949375 0.4846077765625 0.6617509765625 0.4801399984375 0.7203762984375001 0.480170475 0.746419728125 0.4808923328125 0.7657312859375 0.47949027656250004 0.792484125 0.476944296875 0.8079788734375001 0.47525527187499994 0.8268948953124999 0.476257921875 0.8277319265624999 0.47762555625 0.8280650968750001 0.4794196390625 0.827113140625 0.48109843124999996 0.80819658125 0.4836546421875 0.7927023703125 0.48507036562500006 0.7656887515624999 0.4843382765625 0.746376659375 0.48431803125000006 0.7203337640624999 0.4887619109375 0.661968684375 0.4877663515625 0.6345672015625 0.4888229359375 0.6012896421875 0.4885066625 0.5806995578125 0.48902826718750003 0.550778015625 0.49124638750000005 0.4753683296875 0.49136865781249994 0.43994984375 0.495180428125 0.400302375 0.49279731718750003 0.379603971875 0.49285158281249997 0.378568525 0.4985291328125 0.36949070625 0.4986927328125 0.36636903125 0.49842144218750006 0.351772615625 0.49741839062500004 0.3509432546875 0.49605075625 0.3506100828125 0.49426730625 0.35155490624999997 0.49440233125 0.3687514390625 0.48871454999999997 0.3778287234375 0.48863295156250003 0.37938572656249997 0.49102629374999995 0.400084665625 0.4872145234375 0.439732134375 0.487092253125 0.475150621875 0.48487413281249997 0.55056030625 0.4843525265625 0.5804818484375 0.48465856875 0.601071396875 0.483612215625 0.63434949375
2 0.527197196875 0.3860983234375 0.5321154328125 0.3850486 0.5380222484375 0.385104359375 0.5394582171875 0.38413363437500003 0.5394855515625 0.3836120765625 0.538158515625 0.3825042421875 0.53538568125 0.3823589234375 0.5319034140625 0.3824379203125 0.5252427296875 0.383650128125 0.5064197234375001 0.384747925 0.47997398281250003 0.3854462328125 0.4650490609375 0.3851870421875 0.46361349531249996 0.3861500953125 0.46358616250000007 0.38667165312499996 0.464913196875 0.387779490625 0.46942544843749995 0.3880159671875 0.494452321875 0.3877662890625 0.527197196875 0.3860983234375
2 0.5187720640625 0.43409489843750004 0.5257942984375 0.43264014375000004 0.5324242156250001 0.432210809375 0.534542284375 0.43153732656250005 0.5353059828125 0.43027756562499997 0.5339691171875 0.42916152343749997 0.5329357 0.4291073640625 0.5308073984375 0.42978031093749997 0.5241877140625 0.43021018125 0.5150747453125 0.43181686093750005 0.4704470984375 0.43469254375000005 0.45854802968749997 0.43640701406250004 0.45710182968749996 0.4373772015625 0.45707489843750004 0.437891090625 0.4584117640625 0.4390071328125 0.4594554140625 0.439061828125 0.47240196875 0.43713306718749995 0.5187720640625 0.43409489843750004
2 0.5314722875 0.483460103125 0.5369632875 0.48479385468749997 0.53839925625 0.48382312968749996 0.5384261890625 0.48330924218750004 0.5370995546875 0.48219373593750003 0.53126026875 0.480849421875 0.5228704 0.4819710078125 0.5148587796874999 0.482335621875 0.46484946718750003 0.48179132343750003 0.4537000296875 0.48251447968749994 0.45225423124999997 0.483477 0.45222689843749997 0.4839985578125 0.453564165625 0.485106928125 0.4549454671875 0.4851793203125 0.468543353125 0.4843306765625 0.5188907171875 0.4848849984375 0.5314722875 0.483460103125
2 0.5049410015625 0.5388448546875 0.520588621875 0.5386266203125001 0.5318025578125 0.5368685531249999 0.533238125 0.5359054999999999 0.5332654578125 0.5353839421875 0.5319384234375 0.5342761046875 0.530894771875 0.534221409375 0.5203770046875 0.536008271875 0.48558199531249996 0.537053496875 0.46500287343749996 0.538574559375 0.4530897359375 0.540557478125 0.45164353593750006 0.541527665625 0.4516166046875 0.5420415546874999 0.45295346875 0.543157596875 0.4539971203125 0.5432122921875 0.46521449062500003 0.5411929093750001 0.48335539531249994 0.53979786875 0.5049410015625 0.5388448546875
2 0.5293326609375 0.590653246875 0.526907709375 0.590526159375 0.513685040625 0.590871478125 0.45374680468750006 0.5877302484375 0.45230060468750005 0.5887004359375 0.452273671875 0.589214325 0.4536105375 0.5903303671875 0.46294879218749996 0.5910812578125 0.5138966578125 0.593489828125 0.529196796875 0.5932456953125 0.5306323609375 0.5922826390625 0.5306596953125 0.59176108125 0.5293326609375 0.590653246875
2 0.522057296875 0.6431401125 0.530471065625 0.6417582859375 0.5380938015625001 0.6421577765625 0.5395400015625 0.6411875874999999 0.5395669328125 0.6406736984375 0.5382300671875 0.6395576562499999 0.5302594484375 0.6391399343749999 0.5218559125 0.6405222984375001 0.507937075 0.6408388234375 0.45524675937500003 0.638592740625 0.443524153125 0.6369400953125 0.44207835468749995 0.6379026140625 0.44205102187499995 0.638424171875 0.44338788593749995 0.6395402140625001 0.4551104921875 0.6411928578125 0.4970440890625 0.6431290109375001 0.507801209375 0.643431271875 0.522057296875 0.6431401125
2 0.44288652656250005 0.69550465 0.45048192968749995 0.6964256984375 0.500174528125 0.696161221875 0.516477315625 0.6967541203125001 0.5209520000000001 0.69751161875 0.52649766875 0.6978022562499999 0.5310676203125 0.6967419718750001 0.5325035890625001 0.6957712484374999 0.5325305203124999 0.695257359375 0.5312038859375 0.694141853125 0.5301602359375 0.6940871578125 0.52593816875 0.6951656734375 0.521088265625 0.6949115 0.5166131796875 0.694161671875 0.5003103921875 0.6935687734375 0.4502703125 0.6938073484375 0.44714959531250004 0.6936438 0.4416445234375 0.6925784968750001 0.44020895781249997 0.6935415500000001 0.44018162343749995 0.6940631078124999 0.441508659375 0.6951709453125 0.44288652656250005 0.69550465
2 0.4618390375 0.7514503328125001 0.4833669453125 0.7517940765625 0.50144295 0.7514416140625 0.5164631375 0.749883025 0.5207091046875 0.7485442671875 0.5259205546875 0.74855589375 0.527356121875 0.7475928390625 0.5273834546875 0.74707128125 0.52605641875 0.7459634453125 0.5232835859375 0.745818128125 0.520497084375 0.7459335874999999 0.5162613515625 0.7472728828124999 0.501241565625 0.7488238015625 0.4716887734375 0.7490977796875 0.45400468437499997 0.7484324906250001 0.44987748125 0.7477008953125 0.44843168437500003 0.7486634125 0.44840435 0.7491849703125 0.4497416171875 0.75029334375 0.451457134375 0.75064474375 0.4618390375 0.7514503328125001
2 0.5237067109375 0.8039152828124999 0.5237340453125 0.803393725 0.522407009375 0.8022858890625001 0.5154800390625 0.8019228625 0.5109506859375 0.8022084796875 0.497100184375 0.801221109375 0.4828577625 0.8012514906250001 0.46067165625 0.8003502609375 0.454791771875 0.7997806140625 0.4486319359375 0.7978965109375 0.4471959671875 0.7988672359375 0.44716903593749996 0.7993811234375 0.44849566875 0.8004966296875 0.45395973749999996 0.80234426875 0.46018750624999993 0.802932146875 0.482721496875 0.8038516093749999 0.4969643203125 0.8038135578125001 0.510814821875 0.8048009281249999 0.5153441734374999 0.8045153109375001 0.52227114375 0.8048783374999999 0.5237067109375 0.8039152828124999
1 0.6370806484375 0.390811090625 0.615215090625 0.3904496484375 0.5545810890625 0.38727195625 0.545256503125 0.386260284375 0.540112984375 0.3849524359375 0.538667184375 0.385914953125 0.53863985 0.3864365109375 0.53997711875 0.387544884375 0.544772353125 0.38884217187500003 0.5544448234375 0.389872075 0.615078825 0.39304976875 0.6338099984375 0.39350843750000003 0.63694438125 0.3934112078125 0.6383905828125 0.3924410203125 0.638417515625 0.39192713281249997 0.6370806484375 0.390811090625
0 0.5468309312499999 0.38499686718750004 0.540907084375 0.38037174218750003 0.5329105203125 0.3784913640625 0.5309507906250001 0.37868860937500004 0.5292901234375 0.379639865625 0.5254677562500001 0.380139428125 0.5234690718749999 0.382841909375 0.5234677921875 0.3858028890625 0.52504255 0.387469771875 0.5298185625 0.38835073593749997 0.5319687515625 0.3896093859375 0.53527525 0.38975190937500004 0.5398965421875 0.39104008125 0.543291546875 0.3908642171875 0.54612394375 0.3890898984375 0.547225003125 0.38667878125 0.5468309312499999 0.38499686718750004
0 0.53687175 0.5327426390625 0.531298675 0.529451065625 0.5278553265625 0.5295705578125001 0.5249076359375 0.5306081859375 0.5227488234375001 0.5314718078125 0.5211508640625 0.5333800390625 0.5210760234375 0.5355911343749999 0.522058940625 0.537196234375 0.5236546359375 0.5380720375 0.5264780078125 0.5384276625 0.531674878125 0.54204561875 0.535125390625 0.5425725484374999 0.537641696875 0.54193531875 0.53945394375 0.5398537328125 0.5401000109375 0.5371188203124999 0.53687175 0.5327426390625
0 0.5244417218749999 0.5872666718749999 0.5221644015625 0.5874549640625 0.5192898328125 0.5874889 0.517088815625 0.5891578671875 0.5164569234374999 0.5926010984375 0.5186420843749999 0.5953459515625 0.5268976234375 0.597570615625 0.532600240625 0.5972157390625 0.5347779109374999 0.5963838703125 0.536316196875 0.59326501875 0.53397766875 0.5893354000000001 0.5311620078125 0.588049565625 0.527783446875 0.5883032 0.5244417218749999 0.5872666718749999
0 0.5300218859375 0.6458263734374999 0.5325246359375 0.646426690625 0.5350060796875 0.647433515625 0.5394058171875 0.647271853125 0.5442028046875 0.64266251875 0.5442370828125 0.6408338515625001 0.542593553125 0.638717284375 0.5369239703125 0.6355052531250001 0.5296199921875 0.635483946875 0.526603859375 0.6368487015625 0.525285740625 0.6390946234375 0.5251275125 0.6405476265625001 0.5263919875 0.6434365046875 0.5300218859375 0.6458263734374999
0 0.52270131875 0.692519525 0.5189055921875 0.6956431249999999 0.5191618640625 0.6991713578125001 0.5217116421875 0.7010277765625 0.528000071875 0.70084973125 0.5328503375 0.6993349859375 0.5351502406249999 0.7000861828125 0.5423996234375 0.7003661234375 0.546337390625 0.6994265296875 0.5482696406249999 0.697012828125 0.5468170828125001 0.693014275 0.5445268640625 0.6916867578125 0.5416346812499999 0.691273690625 0.539385428125 0.691709565625 0.5327290171875 0.6900993890625 0.527762071875 0.6907081703125 0.52567484375 0.6919677859375 0.52270131875 0.692519525
0 0.52195158125 0.7528317609374999 0.52871136875 0.7538397625 0.5324164703125 0.7522496203125 0.5336032937499999 0.748789325 0.5332356046875 0.7460166671875 0.5321682015625 0.7446532515625 0.5247772171875 0.74178939375 0.5204592265625 0.74313206875 0.5167964046875 0.7431323843750001 0.515101240625 0.7439587765625 0.513637571875 0.7472199765624999 0.5142107765625 0.7492035390625 0.52195158125 0.7528317609374999
1 0.558530221875 0.47108043750000006 0.5578344562499999 0.471043975 0.5440597046875 0.475267403125 0.53659431875 0.478521709375 0.5313012687499999 0.48006708593749997 0.53053716875 0.48133451562499996 0.5318744375 0.4824428890625 0.5325702031249999 0.482479353125 0.5389240046875 0.48046657656249997 0.5463893890625 0.47721227187500004 0.5590931578125 0.4734557046875 0.5598572578125001 0.4721882734375 0.558530221875 0.47108043750000006
0 0.534266975 0.47731530156249996 0.5316077124999999 0.4769605875 0.5282431125 0.4781224953125 0.5262344156250001 0.4784709953125 0.523698559375 0.48006857812500003 0.5227889828125 0.4837202953125 0.523913865625 0.48614039531250003 0.526847378125 0.4887014265625 0.5295420484375 0.4901424328125 0.531861865625 0.4903178453125 0.5406745296875 0.48621891718750004 0.541874325 0.48348995156249996 0.54037828125 0.48110423750000003 0.5369027375 0.480076078125 0.534266975 0.47731530156249996
1 0.5551252812499999 0.8342109546875 0.55657148125 0.833240765625 0.5559299796875 0.8321688578125 0.5562915296875001 0.8319263093749999 0.5482178249999999 0.826819346875 0.5399021359375 0.8198692359375 0.538592203125 0.8182393046875 0.531616815625 0.812143921875 0.52509824375 0.803988209375 0.5251255765625 0.8034666515625 0.5247640265625 0.8037091999999999 0.523410059375 0.8031152515625 0.521963859375 0.8040854390625001 0.5222438109375 0.8053998953124999 0.5278105640625 0.8119444453125 0.5284281656250001 0.813276596875 0.5330977671875 0.81716686875 0.5357104359375 0.8201725484375 0.543047375 0.8260253843750001 0.5443573078124999 0.8276553140624999 0.5487367265625 0.8302305953125 0.5534097640625 0.833859553125 0.5551252812499999 0.8342109546875
1 0.5313235984375 0.811082575 0.53175308125 0.8095438046875 0.5315004640625001 0.8077077906250001 0.526827428125 0.8040788328125 0.5272842437499999 0.8020185046874999 0.534056675 0.7922135796875 0.5538279546875 0.7661696250000001 0.563427484375 0.7554745734375 0.56345481875 0.7549530156250001 0.562117953125 0.753836971875 0.5614324171875 0.7538010453124999 0.5596246671875 0.7550137796875 0.550021703125 0.765970146875 0.5242177906250001 0.8008195078125 0.523369059375 0.8038975875000001 0.522284409375 0.8046252296875 0.522093878125 0.80826079375 0.5240620109374999 0.8104482078125 0.5240350796875 0.8109620953125001 0.526391696875 0.8123930749999999 0.5298876296875 0.8120533 0.5313235984375 0.811082575
1 0.5287678984374999 0.773708659375 0.5282763328125 0.7697758546875 0.5293242578124999 0.7497802546875 0.5335569578125 0.7486946046875 0.5364250578124999 0.747022140625 0.53711059375 0.74705806875 0.5367862062500001 0.7467872640625 0.5374990734375 0.746301634375 0.5372195265624999 0.7449795078125 0.5355582734375 0.7435926609375 0.5355856078125 0.743071103125 0.5304694203125 0.7412416953125 0.5294223359375 0.741448315625 0.5290334515625 0.7422124203125 0.526878221875 0.743399253125 0.526042753125 0.7462242234375001 0.5248179625 0.769594609375 0.5252993 0.773526878125 0.5247546359374999 0.7839196828125 0.526091903125 0.7850280546875 0.52678766875 0.7850645187499999 0.5282232359375 0.7841014640624999 0.5287678984374999 0.773708659375
1 0.5624393421875 0.73458778125 0.5786155468749999 0.7307440109375001 0.579740796875 0.729241703125 0.5784035296875001 0.7281333296875 0.5773701124999999 0.7280791718749999 0.5618798421875 0.7319511984375 0.5349983703125 0.7409637499999999 0.526083753125 0.7454418875 0.5253879875 0.7454054234374999 0.5257222031250001 0.745684434375 0.524972171875 0.7466834171875 0.5263090375 0.747799459375 0.5280518890625 0.7476293015625 0.5369771390625 0.7431440312500001 0.5493603578124999 0.7388476749999999 0.5624393421875 0.73458778125
1 0.516242640625 0.6746070328125 0.5106622203125 0.6683232609374999 0.5050236984375001 0.66334391875 0.5036458328125 0.6630102140624999 0.502210265625 0.6639732671874999 0.502169265625 0.6647556046875 0.5074834 0.6694641406249999 0.5127296046875001 0.675468903125 0.5174026406250001 0.679097859375 0.5339767203125 0.6942871703125 0.5349691375 0.6951236671875 0.536347003125 0.6954573734375 0.537782971875 0.6944866484375 0.5378235703125 0.69371198125 0.516242640625 0.6746070328125
1 0.5821083390624999 0.703839246875 0.5692707171875 0.7036894453125 0.5555291453125 0.700623515625 0.5456719921875 0.6964613749999999 0.54334230625 0.69451650625 0.5416267890625 0.6941651046875 0.5401805875 0.6951352921875 0.5408220890625001 0.6962072015625 0.5404605390625 0.6964497484375001 0.5414905234375 0.6967652234374999 0.5438202078125001 0.6987100921875 0.5550449953125 0.7032054015625 0.5687865671875 0.70627133125 0.5819720734375 0.7064393640625 0.5834178703124999 0.705476846875 0.5834452046874999 0.7049552890624999 0.5821083390624999 0.703839246875
1 0.54614675 0.6740899703125 0.5515639703125 0.6834877484375 0.553265821875 0.684099928125 0.5547116203125 0.6831374109375 0.554738953125 0.682615853125 0.54932173125 0.6732180750000001 0.544989159375 0.66309265625 0.5426520578125 0.654633096875 0.5413582031249999 0.6462359 0.541548734375 0.6426003359375 0.5465622359375 0.6397328328125 0.5474348671875 0.6363945125 0.5454155 0.634988896875 0.5419844656249999 0.63428609375 0.53949158125 0.63545523125 0.5398257984375 0.6357342421875 0.5391026984375 0.6362193359375 0.538564284375 0.63983666875 0.5367671671875 0.6410422703124999 0.5367398328124999 0.6415638265625 0.5380664671875001 0.6426793328125 0.5378759359374999 0.646314896875 0.5391697890625 0.6547120921875 0.5418005109374999 0.6642253296875 0.54614675 0.6740899703125
1 0.5884424078125 0.6229154484375 0.587746640625 0.6228789859375 0.5661855546875 0.6298246 0.5524479671875 0.633534678125 0.5359140484375 0.6373520109374999 0.53379598125 0.6380254937500001 0.53303228125 0.6392852515625 0.534369146875 0.6404012953125 0.535402565625 0.6404554546875 0.5649889390625 0.632884446875 0.5890053421875 0.625290715625 0.5897690421874999 0.6240309546875 0.5884424078125 0.6229154484375