0 0.6065417109375 0.71228428125 0.60793118125 0.7154744156249999 0.6135109578125 0.7196155921875 0.61945193125 0.721076346875 0.629164815625 0.7206101296874999 0.6310240015625 0.7192708125 0.6324853593750001 0.71621266875 0.6317653390625 0.7128834656249999 0.6286914484375 0.71013621875 0.6279979906250001 0.7069651453125 0.6226899703125001 0.704510065625 0.6162434015625 0.7049384828124999 0.608821796875 0.7086769281249999 0.6065417109375 0.71228428125
0 0.6535738421875 0.3690144453125 0.646753278125 0.36793426406249996 0.640234803125 0.3697347109375 0.6372006906250001 0.37177001249999997 0.6362855234375 0.37371608749999996 0.6367724781249999 0.3770591984375 0.639571928125 0.380166490625 0.643990759375 0.38362858437499997 0.6460447125 0.3863310890625 0.651067203125 0.3886928328125 0.654274434375 0.3888957484375 0.6579609078125 0.38726906250000004 0.659581359375 0.385830159375 0.6604654531249999 0.3833687078125 0.6596731515625 0.38053205 0.6572361515625 0.3784886640625 0.6581186640625 0.3733974390625 0.6572463453124999 0.37120095000000003 0.6535738421875 0.3690144453125
1 0.6470218437499999 0.37987773125 0.6481639015625 0.386015478125 0.646576984375 0.41629566249999994 0.6494039875000001 0.418655546875 0.6508752859375 0.4187326546875 0.65392189375 0.41668059218750003 0.6555379375 0.3858446515625 0.6543667531249999 0.38026266249999996 0.6515392953125 0.3779114625 0.650067996875 0.3778343546875 0.6470218437499999 0.37987773125
0 0.6443016578125 0.4783311640625 0.6387348562499999 0.48147891718749997 0.63736725625 0.4851863359375 0.635131315625 0.487951365625 0.6359288390625 0.493348328125 0.6373515000000001 0.498786759375 0.6413171890625 0.5018071421875 0.64684668125 0.5018095812500001 0.6508264625 0.49968451875 0.6522621671875 0.496450878125 0.6511121328125 0.4931252640625 0.6536231765625 0.49020920781250005 0.6543040359375001 0.48697083750000003 0.6532530046875 0.48153446562499996 0.6506800015625 0.47876122343749994 0.6482428828125 0.47805009062500003 0.6443016578125 0.4783311640625
1 0.67788035 0.45161714374999995 0.6764090515625 0.4515400359375 0.6725923328125 0.45410031562500003 0.659208953125 0.4705180359375 0.65459345 0.4741336078125 0.6545356531250001 0.4752364421875 0.64597029375 0.48417432812500005 0.6443256046875 0.4874057234375 0.6471530624999999 0.4897569234375 0.6508833140625 0.48884655468749993 0.677476225 0.45932829999999997 0.6806957687499999 0.45397642187500004 0.67788035 0.45161714374999995
1 0.6475943890625 0.49530066250000004 0.64706659375 0.4914068328125 0.6442391375 0.48905563281250003 0.6427678375 0.4889785265625 0.6397216859375 0.49102190312499994 0.6402781515625 0.49436865625 0.6385761203125 0.4986942015625 0.6272325453125001 0.51852770625 0.6271460765625 0.520177615625 0.62996149375 0.52253689375 0.6314327937499999 0.5226140015625 0.6344909859375 0.520562546875 0.63947035625 0.5097822859375001 0.6450469062499999 0.5017936265625 0.6475943890625 0.49530066250000004
2 0.6289220078125 0.598673790625 0.618548034375 0.5997845546875 0.5884098718749999 0.5987536578125 0.5429440046875 0.5947164515625001 0.5027199421875 0.5892995156249999 0.49967379218749997 0.5913428921875 0.49961599375 0.5924457265624999 0.5024314125 0.5948050031250001 0.5163049046875 0.5971865234375 0.5529138546875 0.60131684375 0.607213015625 0.60526840625 0.625662209375 0.6045721375 0.628633478125 0.6041792781249999 0.6316916703125 0.6021278234375 0.6317494671875 0.601024990625 0.6289220078125 0.598673790625
1 0.631844465625 0.61317705 0.63747835625 0.6040942406250001 0.634651353125 0.6017343578125 0.6331800546874999 0.6016572499999999 0.6309211015625 0.602644725 0.624528228125 0.61224504375 0.6232675234375 0.622114328125 0.6288435921875 0.6422859765625 0.632343109375 0.6457782609375 0.633814409375 0.64585536875 0.6368721468749999 0.6438125984374999 0.63695906875 0.64215400625 0.6311518109375001 0.6263936953125 0.6309412171875 0.616447303125 0.631844465625 0.61317705
1 0.6653499703125 0.564141653125 0.6638786718749999 0.5640645453124999 0.6608320640625001 0.56611660625 0.6581000609375 0.5759087828125 0.6541104046874999 0.58176888125 0.63915171875 0.60031576875 0.638237340625 0.60357673125 0.6410643421875 0.605936615625 0.6425356421874999 0.606013721875 0.6455822484375 0.6039616624999999 0.6654162984374999 0.5768407890625 0.6681769734375 0.5665015359375001 0.6653499703125 0.564141653125
2 0.6046730796875 0.7100355781250001 0.5936270453125 0.71000525625 0.546614996875 0.707541459375 0.5165803875 0.7043129718750001 0.5056494921875 0.7020856671875 0.50259175625 0.7041284359375 0.502533959375 0.7052312703125 0.5053609625 0.7075911546875 0.50970593125 0.7089160203125 0.5463264671875 0.7130469484375 0.60511440625 0.715579315625 0.6169888046875001 0.7139898984374999 0.6200354109374999 0.7119378390625 0.620092753125 0.7108436890625 0.6172773359375 0.7084844125 0.6046730796875 0.7100355781250001
2 0.6473390453125 0.37382516718750003 0.6445120421875 0.37146528437500004 0.6341376140625 0.37258473125 0.60990173125 0.3713145828125 0.57687876875 0.3690266390625 0.55418906875 0.36618307968749997 0.5218668375 0.36448914375 0.5166944124999999 0.364766646875 0.5136478062500001 0.36681870625 0.513590009375 0.3679215421875 0.5164058828125 0.370272134375 0.5539005390625 0.37168856875 0.5765902390625001 0.374532125 0.6096132015625 0.376820071875 0.6338490828125 0.3780902203125 0.6442235125 0.37697077343749996 0.6472812484375 0.374928003125 0.6473390453125 0.37382516718750003
1 0.61743013125 0.7195336375 0.6220747609374999 0.7153623062500001 0.622132559375 0.7142594718749999 0.6193055546874999 0.7118995890625001 0.61783425625 0.71182248125 0.6125171125 0.7148614109375 0.6101430203125 0.7180458734374999 0.6081520015625 0.7278855921875 0.6076613859375 0.76539828125 0.608160509375 0.769839184375 0.6109875125 0.7721990671875 0.6124588125 0.772276175 0.61550541875 0.7702241140625 0.6147092328125 0.7574867281250001 0.6154969109375 0.7282705218750001 0.61743013125 0.7195336375
1 0.6586927203124999 0.705134290625 0.6602504875 0.7035614875 0.6723556203125 0.69756941875 0.673815334375 0.6976459187499999 0.6791898187500001 0.6935128390624999 0.6800468546875 0.691346028125 0.677219853125 0.6889861421875 0.675748553125 0.6889090359375001 0.655280125 0.6999834140625001 0.6455028734375 0.7038944625 0.6275532562499999 0.70902295 0.6237365375 0.7115832281250001 0.6222768234375 0.711506728125 0.6229780093749999 0.712092053125 0.6213911171875 0.7142206140625 0.6242181203125 0.7165805 0.6279197 0.71621720625 0.63173641875 0.7136569265625 0.6586927203124999 0.705134290625
0 0.6184037203125 0.6005432578125001 0.6183414625 0.6032828859375 0.62234323125 0.6067231234375 0.628264803125 0.6092190640624999 0.633639434375 0.6110681015625 0.641198621875 0.6106892875 0.6477582625 0.608325003125 0.6495005593750001 0.6058911140625 0.6494189609375 0.6039015078125 0.64597190625 0.6005164640625 0.6422893125 0.599409171875 0.635159128125 0.5958136875 0.629800265625 0.5954370578125 0.6223186609375 0.5969954640624999 0.6205517406250001 0.5979042359375 0.6184037203125 0.6005432578125001
1 0.6441285390625 0.3366670890625 0.6413015343749999 0.3343072046875 0.6398302359375 0.334230096875 0.6367836296875 0.336282159375 0.63873345625 0.3551578984375 0.6406576671875001 0.3607793515625 0.6422530906249999 0.3724527625 0.6450685093749999 0.37481203750000003 0.6465398062500001 0.3748891453125 0.6495979984375 0.37283769218749996 0.6496844671875001 0.37118778125 0.6455505703125 0.3516490015625 0.6447141296875001 0.339458084375 0.6441285390625 0.3366670890625
2 0.64415266875 0.49070554218750007 0.647210859375 0.48865408906249996 0.6472682015625 0.4875599390625 0.6444411984375 0.48520005624999996 0.6356249921875 0.4847380171875 0.592169803125 0.48467235468750003 0.5576464156250001 0.4828630609375 0.545100409375 0.4833027078125 0.518634246875 0.482472959375 0.5155765109375 0.48451572968749995 0.5155187140625 0.485618565625 0.5183457171875 0.48797844843749993 0.545553321875 0.48884705312500004 0.5580993265624999 0.48840740625 0.591881271875 0.4901778421875 0.64415266875 0.49070554218750007
3 0.56957813125 0.5083311171875 0.5684612109375 0.5436079640625 0.5638944953125 0.5604790375 0.560691559375 0.5934435421875001 0.5581732015624999 0.5993807484375 0.558931225 0.6551838531249999 0.5572865109375 0.686566871875 0.5537000453124999 0.712884803125 0.5568904390625 0.7362403046875 0.5549863203125 0.772573053125 0.5585431796875 0.7749711859375 0.5615144484375 0.7745783265624999 0.5638025265625 0.773035090625 0.56510944375 0.7620623640625 0.5653522421875 0.7295000109374999 0.562516253125 0.7133468421875 0.5661027187500001 0.687028909375 0.5677761046875001 0.6550988140625 0.5669602828125 0.6003985453125 0.5694790953125 0.5944526546875 0.5726815765625 0.561496834375 0.5772487468749999 0.5446170765625 0.578382753125 0.508792546875 0.5806045046875 0.494550175 0.5817214234375 0.459273328125 0.5811443875 0.44213268125000005 0.5833374921875001 0.4002857625 0.5811368156250001 0.37201009687500003 0.5843679421875 0.366658825 0.58630971875 0.34357228906250004 0.5932339203125 0.295904128125 0.5952827593750001 0.256809953125 0.597319534375 0.24587547656250003 0.5994261703125 0.2056784671875 0.599928371875 0.168166384375 0.5978021 0.166400509375 0.5949002125 0.16569114375 0.5911121640625 0.167704346875 0.5905808359375 0.2057721890625 0.5844468390625 0.29488633124999997 0.5774935109375 0.34311025 0.5756095328125 0.3650939515625 0.57237840625 0.370445225 0.574521284375 0.39982372499999996 0.572299509375 0.44221771875 0.5726538890625 0.4775716734375 0.571788296875 0.4940881375 0.56957813125 0.5083311171875
2 0.65630098125 0.25890191875 0.6540998265625 0.2587865609375 0.6459385921874999 0.260013290625 0.5260514625 0.25649057656249996 0.52300485625 0.2585426375 0.5229470593750001 0.259645471875 0.5257624765625 0.2620047484375 0.5382511390625 0.26265925156250003 0.64637991875 0.26555702812500004 0.6560124515625 0.26440740625000003 0.6590701859375 0.2623646359375 0.659127984375 0.26126180312499997 0.65630098125 0.25890191875
0 0.6535462109375 0.2540554515625 0.6470807109375001 0.26038661875 0.646861803125 0.26212537187499996 0.6491807734374999 0.26819418437500003 0.65126108125 0.270837115625 0.653365596875 0.2745697640625 0.6585085281249999 0.276406659375 0.6636382937499999 0.27561317343749997 0.666796071875 0.2725481515625 0.666075921875 0.26811307812499996 0.663159584375 0.2639112125 0.6648318265625 0.259932409375 0.6645933703125 0.256724228125 0.6634470265625 0.255323184375 0.65925956875 0.252987784375 0.656591371875 0.2529176109375 0.6535462109375 0.2540554515625
1 0.6966030046875 0.2207153515625 0.6966608015625 0.21961251874999999 0.6938453828125 0.217253240625 0.692374084375 0.2171761328125 0.69011513125 0.21816361093749997 0.6776058734375 0.23186683593750002 0.6578300765625 0.2578761921875 0.6545989484375 0.263227465625 0.654512025 0.26488605781249996 0.657339484375 0.2672372578125 0.6588107828124999 0.267314365625 0.661856934375 0.2652709890625 0.6659335140625 0.257752296875 0.6825480203125001 0.2359833046875 0.6966030046875 0.2207153515625
1 0.6614819359374999 0.2724263859375 0.6617417953125 0.2674679734375 0.658925921875 0.26511738125 0.6574546234375 0.26504027343750003 0.6543968859375 0.26708304374999997 0.6541656984374999 0.2714943796875 0.647772825 0.28109470000000003 0.6451388734375 0.2892375734375 0.6410622953125 0.296756265625 0.6400901203125 0.3011200625 0.6429175781249999 0.3034712625 0.6443888765625 0.30354837031250004 0.6474466125 0.3015056 0.6542436109375 0.2841941234375 0.6614819359374999 0.2724263859375