1 0.5122924125 0.49515111875000006 0.5092596765625 0.49628015156250005 0.5085724421875 0.5052604859375001 0.5059663765625 0.5165485953125 0.5055275499999999 0.5214740796874999 0.507748375 0.5238159921875 0.509064275 0.524119790625 0.5120970125000001 0.5229907593750001 0.5152514187499999 0.5063486390625 0.515839184375 0.4977991515625 0.513608315625 0.49545491875 0.5122924125 0.49515111875000006
0 0.5278410515624999 0.49787507968750006 0.52536846875 0.494469684375 0.5211877625 0.4925968765625 0.518023690625 0.49227831093749996 0.5154750703125 0.490852115625 0.50886746875 0.4899130890625 0.5052302953125001 0.4890314921875 0.499159046875 0.4889772953125 0.4940285078125 0.49108117812499996 0.49343028125000005 0.492297509375 0.49399375 0.493935634375 0.49952022500000004 0.49813683906249995 0.5091819984375 0.5014286484375 0.51946389375 0.503271803125 0.523349834375 0.50312169375 0.527151134375 0.5016883640625001 0.5279618359375 0.5005141046875 0.5278410515624999 0.49787507968750006
0 0.526297709375 0.4545606125 0.5270184703125 0.45143865156249996 0.5255537625 0.44696735312499997 0.52063386875 0.44041373906250003 0.5164578296875 0.43819990625000005 0.5091955718750001 0.4370259609375 0.503072253125 0.43646404531250005 0.50062534375 0.43707205 0.4996505875 0.4384527921875 0.49940430156250004 0.442773434375 0.500509025 0.4439919484375 0.50689533125 0.4479518140625 0.50919470625 0.4487619328125 0.5124772937500001 0.453883315625 0.5165630453125 0.45648822187500004 0.519613759375 0.45688534062499997 0.524657584375 0.45575283437499997 0.526297709375 0.4545606125
2 0.4777042625 0.6599549328125 0.46303892187500006 0.6574837703124999 0.4222660546875 0.6480706125 0.4192333171875 0.64919964375 0.4190328515625 0.6500679593750001 0.42126372187500005 0.65241219375 0.46268951718749995 0.6619760921875 0.4832814390625 0.6658155140625001 0.4863141765625 0.66468648125 0.4865146421875 0.6638181640624999 0.48428377187500005 0.6614739328125 0.4777042625 0.6599549328125
2 0.49427677187499997 0.6061823000000001 0.4791489234375 0.6026897609375 0.46833028906249996 0.60156746875 0.43149508281250004 0.593063390625 0.42846234531249994 0.5941924234375 0.42826340937499996 0.5950541109375 0.43049427968750004 0.59739834375 0.4673294859375 0.605902421875 0.47814659062500003 0.6070313406250001 0.4932744390625 0.6105238796875 0.4963071765625 0.609394846875 0.4965076421875 0.60852653125 0.49427677187499997 0.6061823000000001
2 0.505433146875 0.5488762484375 0.5014854421875 0.5479648484374999 0.459910709375 0.5420249546875 0.44148808281249996 0.53777175625 0.4384553453125 0.5389007890624999 0.4382548796875 0.53976910625 0.44048575 0.5421133375 0.4595613046875 0.5465172765624999 0.48110762031250004 0.5492016515625 0.5044308140625 0.553217828125 0.5074635515625 0.5520887953125 0.5076640171875 0.5512204796875 0.505433146875 0.5488762484375
2 0.5233730875 0.498163103125 0.5211406875 0.4958254984375 0.5185088828125 0.4952178984375 0.4624077 0.4831805171875 0.4515805515625 0.48204927968750005 0.448557859375 0.48318062968750003 0.44835739218750004 0.48404894687500005 0.45057821875000004 0.486390859375 0.462069871875 0.4876685296875 0.474665384375 0.490122625 0.5167541531250001 0.4998395828125 0.520139884375 0.50016045 0.523172621875 0.49903141875 0.5233730875 0.498163103125
2 0.5203286874999999 0.44535611406250003 0.520529153125 0.4444877984375 0.5170833781249999 0.44140229375000006 0.513336140625 0.439622578125 0.5080725328125 0.43840737812499997 0.45860238906250006 0.4306446859375 0.4552166578125 0.4303238171875 0.4521854515625 0.43144622187500004 0.451984984375 0.4323145390625 0.45421585625 0.43465877031250005 0.456847659375 0.4352663703125 0.4710605390625 0.43671847656249996 0.5070702 0.4427489578125 0.51101790625 0.4436603578125 0.5172974796875 0.44647851875000005 0.5203286874999999 0.44535611406250003
3 0.453784646875 0.6315746984375 0.449741009375 0.6580720953125 0.45023437343749995 0.676924775 0.44594027187499996 0.7015281703125 0.44761768281250003 0.70329081875 0.45015001874999994 0.7043292609375 0.4538356828125 0.7033509703124999 0.45727997968749995 0.685407371875 0.458230784375 0.6783101015625 0.45773741875 0.6594574234375 0.46167001250000006 0.633395178125 0.462379446875 0.6093326015625 0.46942702187499996 0.5698237171875 0.4731348890625 0.5537631843749999 0.4889570609375 0.5062195015625 0.49515483125 0.4733704171875 0.49695396406250003 0.438584246875 0.502516028125 0.4174711828125 0.5002578890625 0.40323786874999995 0.4985905234375 0.401477540625 0.49605818749999997 0.400439096875 0.49237252343750004 0.4014173890625 0.49197159062500007 0.403154021875 0.4945211484375 0.4160792265625 0.4890585515625 0.436761446875 0.48800975781249994 0.4653186640625 0.484368584375 0.4900728 0.47740325468749994 0.517264078125 0.465239478125 0.551940384375 0.455633778125 0.5995508453125 0.4539957390625 0.615628446875 0.453784646875 0.6315746984375
1 0.5071636171875 0.55338795625 0.504931215625 0.5510503531250001 0.5036153140625 0.550746553125 0.4997206671875 0.5525842140624999 0.4928154328125 0.5615043953125001 0.4858486234375 0.5676665703125 0.4768119875 0.573811675 0.47661152187500005 0.574679990625 0.4788423921875 0.5770242234375 0.482327590625 0.576914246875 0.48879399687499997 0.57291955 0.49929394374999997 0.5634608671875 0.5068621515625 0.5546937453125 0.5071636171875 0.55338795625
1 0.551894815625 0.54863458125 0.5505889578125001 0.5483331 0.522930759375 0.5510866937500001 0.5071005125 0.5506365765625 0.504067775 0.5517656093750001 0.5038688390625 0.552627296875 0.506099709375 0.5549715296875 0.5080785859375 0.5554283890625 0.5246596984375 0.55560503125 0.5340099046875 0.55410530625 0.5523093828125 0.5528424890625 0.5541256859375 0.5509788125 0.551894815625 0.54863458125
0 0.5125295875 0.55122671875 0.504956665625 0.5460364140625 0.49915215625 0.5446893562499999 0.49565549999999997 0.5452155875 0.491117728125 0.5442936281249999 0.48883020781250003 0.545036175 0.483252771875 0.5447678453125 0.481228978125 0.5467511796875 0.48108984687499995 0.5495536125 0.4818558234375 0.550910353125 0.4880842328125 0.553995965625 0.493103346875 0.5557202343750001 0.5004434515625 0.556465325 0.5063694078125 0.5586153859375 0.5123297671875 0.558462459375 0.51523281875 0.5562911453125 0.5153032046875 0.554198934375 0.5125295875 0.55122671875
0 0.49414323437499996 0.6030027390625 0.49195608125 0.602302309375 0.48507777343749997 0.601894228125 0.479047103125 0.6038182265625001 0.47812398749999996 0.606579296875 0.4785832796875 0.60825620625 0.4826247296875 0.61073219375 0.489343790625 0.61856690625 0.49505044062500003 0.6200170421875 0.49731705000000004 0.6199608515625 0.5019836359375 0.6183083890625001 0.5038679375 0.616104346875 0.5027340078125 0.6110252140625 0.498564121875 0.6059433390625 0.49414323437499996 0.6030027390625
0 0.49438260156249997 0.6708010546875001 0.4928987875 0.6667791546874999 0.49023649062499997 0.6649287609375001 0.4873774453125 0.6603100953125 0.48259313125 0.6575229703125001 0.47892064375 0.65638188125 0.476615659375 0.6561918343750001 0.4747605453125 0.6568945765625 0.47036730625 0.6624500609374999 0.46945200312499996 0.6663230171875 0.46981386875000003 0.6690177015625001 0.4713762703125 0.6704535859375 0.4756871703125 0.672174928125 0.47988494687500005 0.6747987156249999 0.4838706359375 0.6757747375000001 0.4899175953125 0.6760257953125001 0.491898115625 0.6751006640625 0.49438260156249997 0.6708010546875001
1 0.5433777359375 0.44153143124999994 0.5164819796875 0.4440072421875 0.514665675 0.44587091875 0.516896546875 0.44821514999999995 0.5182124484374999 0.44851894999999997 0.5587060515625 0.44415565468749996 0.5608753484375 0.44374187656249997 0.5626916515625 0.4418782015625 0.56046078125 0.43953397031249997 0.5591448796875 0.4392301703125 0.5433777359375 0.44153143124999994
1 0.5420532671875 0.4622544140625 0.5286901937499999 0.454142509375 0.5228130828124999 0.449581090625 0.51906584375 0.44780137499999995 0.51603310625 0.44893040624999997 0.515832640625 0.44979872343749994 0.5168470765625 0.4514083109375 0.523378646875 0.45611384375 0.53077365625 0.46010411875 0.5354358640625 0.46392426875000004 0.543483803125 0.4680652828125 0.5447997046874999 0.4683690828125 0.5478309109375 0.4672466796875 0.5464534359375001 0.46418487031250005 0.5420532671875 0.4622544140625
1 0.5167935781249999 0.49664410312499996 0.5190244484375001 0.498988334375 0.5344143375 0.504370565625 0.5376990703125 0.5051289046874999 0.54073180625 0.5039998734375 0.540932271875 0.50313155625 0.5386998734375 0.500793953125 0.5200252515625 0.49465338125 0.5169925140625 0.4957824140625 0.5167935781249999 0.49664410312499996
1 0.546491821875 0.6200662875 0.5442609515625 0.61772205625 0.5409762203125 0.6169637171875 0.5355121453125 0.6166168328125 0.49883798125 0.61043991875 0.49545378125 0.610112421875 0.49242104375 0.6112414546875 0.492220578125 0.6121097718749999 0.49445144843750005 0.6144540046875 0.49773618124999996 0.61521234375 0.5032002531249999 0.615559228125 0.54325861875 0.6220636359375 0.54629135625 0.6209346046875 0.546491821875 0.6200662875
1 0.485513840625 0.6681531171875 0.4832814390625 0.6658155140625001 0.4819655375 0.6655117140625 0.479796240625 0.6659254906250001 0.46834343125 0.6765325921875001 0.4649612890625 0.6821539453125001 0.46047375781250005 0.686605503125 0.4601738234375 0.6879046625 0.46240469375000004 0.69024889375 0.4637205953125 0.6905526937500001 0.467606728125 0.6887060859374999 0.47759263750000003 0.6754703390625 0.4853133734375 0.6690214328125 0.485513840625 0.6681531171875
1 0.49639251875 0.6720400453125001 0.4852603140625 0.6662723734375 0.48222910781249995 0.6673947765625 0.48304307812499997 0.66987268125 0.49164294531249997 0.6746019109375 0.5039521578125 0.68429970625 0.51797820625 0.6925646703125 0.5192941078125 0.6928684703125 0.5223268453125 0.6917394375 0.5215113453125 0.6892681609375 0.509255190625 0.6823194265625 0.496855025 0.6730614203124999 0.49639251875 0.6720400453125001
1 0.525154540625 0.5954868140625 0.5270718421875 0.5931856640625 0.524840971875 0.5908414328125 0.5235250687499999 0.5905376328124999 0.5213457265625 0.5909490890625 0.5140259265625 0.5956613640625 0.4971706171875 0.608679590625 0.49347490625 0.6096555625 0.4923215765625 0.6116723000000001 0.49455244687500005 0.61401653125 0.49793664687500006 0.614344028125 0.49889104062499995 0.6131889796875 0.5025867500000001 0.61221300625 0.5179256921875 0.5997592968750001 0.525154540625 0.5954868140625