1 0.49385093125 0.478545878125 0.49385093125 0.47790046718749996 0.49212215312499996 0.476594090625 0.4908178046875 0.476594090625 0.48952380937499995 0.477247278125 0.4778260875 0.478219284375 0.46526915156250004 0.478219284375 0.463105590625 0.478545878125 0.4613768109375 0.4798444796875 0.4613768109375 0.4804976671875 0.463105590625 0.48179626718749996 0.4778260875 0.48147745000000003 0.49038302343750007 0.4804976671875 0.4929813671875 0.47952566093750004 0.49385093125 0.478545878125
0 0.45389233906250004 0.4771228609375 0.45416149062500005 0.47917573906250005 0.4550207046875 0.48222395 0.45674948281249994 0.483724728125 0.45915113906249994 0.484611196875 0.4662939953125 0.4849922234375 0.46829192500000005 0.484051321875 0.46983436875000006 0.4816796265625 0.46983436875000006 0.47644634531249996 0.4663147 0.4728693625 0.46297101406249996 0.47223950156249994 0.45717391249999995 0.4739968890625 0.454917184375 0.47545878750000004 0.45389233906250004 0.4771228609375
2 0.46439958593749997 0.48244945625 0.466138715625 0.4811508546875 0.46439958593749997 0.47790046718749996 0.462236025 0.476267496875 0.4362525875 0.476267496875 0.43322981406250005 0.476594090625 0.42672877812500004 0.478545878125 0.425 0.47919906718750005 0.42413043437500003 0.4808242609375 0.42586956562499995 0.4821228609375 0.4271635609375 0.4821228609375 0.4362525875 0.47952566093750004 0.46050724687500005 0.47952566093750004 0.462236025 0.48179626718749996 0.4635403734375 0.48244945625 0.46439958593749997 0.48244945625
1 0.466138715625 0.45610419843749994 0.46786749531250005 0.4495956453125 0.466138715625 0.4482970453125 0.46526915156250004 0.4482970453125 0.4635403734375 0.4495956453125 0.462236025 0.45447900468749997 0.46007246406249996 0.45838258125 0.45877846718750004 0.462612753125 0.455310559375 0.47041213125 0.4522774328125 0.47496889531250003 0.4522774328125 0.47562208437500003 0.4540165625 0.476920684375 0.45618012500000005 0.476267496875 0.4592028984375 0.47171850624999995 0.466138715625 0.45610419843749994
1 0.498178053125 0.44016329687500005 0.49688405781249995 0.44016329687500005 0.48172877812500003 0.44537325 0.46917184218749997 0.4482970453125 0.46657349843749996 0.44992223906250006 0.46657349843749996 0.45057542812499995 0.468302278125 0.45187402812500005 0.4695962734375 0.45187402812500005 0.489948240625 0.44634525625 0.498178053125 0.44342146250000003 0.499917184375 0.44211508593750004 0.499917184375 0.4414696734375 0.498178053125 0.44016329687500005
0 0.458933746875 0.444836703125 0.45575569375 0.44548211562500006 0.45384057968749997 0.44782270625000004 0.4536749484375 0.45220839843749994 0.45628364374999997 0.4549611203125 0.4622981359375 0.4565629859375 0.47017598281249995 0.455808709375 0.47339544531250005 0.453685846875 0.47423395468749996 0.452340590625 0.4741407875 0.45008553593749995 0.4709834375 0.446648521875 0.4649275359375 0.444416796875 0.458933746875 0.444836703125
2 0.46917184218749997 0.45187402812500005 0.470900621875 0.45057542812499995 0.470900621875 0.44992223906250006 0.46917184218749997 0.44862363906249997 0.45358178125000004 0.44797045156250004 0.448819875 0.44862363906249997 0.42759834375 0.4495956453125 0.42586956562499995 0.44992223906250006 0.42413043437500003 0.4512208390625 0.42413043437500003 0.45187402812500005 0.42586956562499995 0.45317262812500003 0.42759834375 0.45317262812500003 0.43063147031250004 0.452527215625 0.44924430624999995 0.45187402812500005 0.4540165625 0.4512208390625 0.46917184218749997 0.45187402812500005
2 0.42413043437500003 0.5878382578125 0.4288923390625 0.588818040625 0.44578675 0.589463453125 0.45574534218749996 0.5907698296875 0.46050724687500005 0.589463453125 0.468737059375 0.5891368578125 0.4760973078125 0.5868662515625 0.4773913046875 0.5849144640625 0.47566252656249997 0.5836080875 0.47436852968750004 0.5836080875 0.46786749531250005 0.5858864703125 0.46007246406249996 0.5862130640625 0.455310559375 0.5875116640625 0.4462215328125 0.5862130640625 0.429327121875 0.5855598750000001 0.4245652171875 0.58458786875 0.4176397515625 0.58458786875 0.415900621875 0.5858864703125 0.415900621875 0.5865396578125 0.4176397515625 0.5878382578125 0.42413043437500003 0.5878382578125
0 0.455672878125 0.5547978234375 0.4548964796875 0.556780715625 0.4561904765625 0.5595256609375 0.45640786718750004 0.562426128125 0.4578571421875 0.564051321875 0.460248446875 0.565186625 0.46428571406249997 0.5652799374999999 0.469327121875 0.5630404359375001 0.47110766093749995 0.560536546875 0.47157349843749996 0.5582892687500001 0.4690372671875 0.5548133749999999 0.46508281562500003 0.5530948671875 0.4611904765625 0.5528071546875 0.45762939999999996 0.5534214625 0.455672878125 0.5547978234375
1 0.463105590625 0.5579160187500001 0.4462215328125 0.5621461890624999 0.4358281578125 0.563444790625 0.43408902656250004 0.564743390625 0.43408902656250004 0.565396578125 0.4358281578125 0.566695178125 0.4427536234375 0.5660419906249999 0.4635403734375 0.5614930015625 0.466138715625 0.5598678078125 0.466138715625 0.55921461875 0.46439958593749997 0.5579160187500001 0.463105590625 0.5579160187500001
0 0.47803312656249997 0.58245723125 0.4727225671875 0.5805521 0.46535196718750005 0.5810031109375 0.46315735 0.5819440124999999 0.4610559 0.5840902015625 0.45566252656249995 0.5844479 0.45300207031250006 0.5858942453125 0.44944099375 0.5880637640625 0.44871635625 0.590435459375 0.45139751562499997 0.5932970453124999 0.4547929609375 0.5940590984375 0.4616873703125 0.5931726281249999 0.46385093125 0.5921850703125 0.46843685312499994 0.5936236390625 0.470869565625 0.59352255 0.4778260875 0.590995334375 0.4801759828125 0.5879471234375 0.4797101453125 0.5849377921875 0.47803312656249997 0.58245723125
1 0.46526915156250004 0.47919906718750005 0.4635403734375 0.47790046718749996 0.4626708078125 0.47790046718749996 0.46094202968750003 0.47919906718750005 0.45963768125 0.48538102656250004 0.46007246406249996 0.503592534375 0.46050724687500005 0.5058709171875 0.462236025 0.5071695171874999 0.463105590625 0.5071695171874999 0.46483436874999995 0.5058709171875 0.4639751546875 0.4990357703125 0.4639751546875 0.48569984374999997 0.46526915156250004 0.4804976671875 0.46526915156250004 0.47919906718750005
2 0.431925465625 0.5614930015625 0.44188405781249995 0.5614930015625 0.4436231890625 0.5621461890624999 0.44578675 0.5621461890624999 0.45184265 0.5618195953125 0.45963768125 0.55921461875 0.46094202968750003 0.55921461875 0.462236025 0.5611664078125 0.46439958593749997 0.5618195953125 0.466138715625 0.5605132187499999 0.466138715625 0.5598678078125 0.4635403734375 0.5559642296875 0.4613768109375 0.5553110421875 0.4509834375 0.55856143125 0.44491718437500005 0.558888025 0.44318840625 0.5582426125 0.4323602484375 0.5582426125 0.428467909375 0.55726283125 0.4236956515625 0.55856143125 0.42196687343750006 0.5598678078125 0.42196687343750006 0.5605132187499999 0.4236956515625 0.5618195953125 0.429327121875 0.5605132187499999 0.431925465625 0.5614930015625
1 0.49341614843750004 0.4239035765625 0.48778467968749994 0.4222783828125 0.48172877812500003 0.42129859999999997 0.4773913046875 0.42000000000000004 0.4618012421875 0.4177216171875 0.46007246406249996 0.4190202171875 0.46007246406249996 0.41967340625 0.4618012421875 0.42097200625 0.46526915156250004 0.42129859999999997 0.46786749531250005 0.4222783828125 0.4769668734375 0.4232503890625 0.49212215312499996 0.42715396562499997 0.49341614843750004 0.42715396562499997 0.49514492812500005 0.42585536562500004 0.49514492812500005 0.4252021765625 0.49341614843750004 0.4239035765625
2 0.46786749531250005 0.50847589375 0.4669979296875 0.5068429234375 0.46007246406249996 0.5042457234375 0.4540165625 0.502620528125 0.45141821875000004 0.502620528125 0.4362525875 0.5045723171875001 0.4228364390625 0.5042457234375 0.4210973078125 0.5055443234375 0.4210973078125 0.5061975109375 0.4228364390625 0.5074961124999999 0.4366873703125 0.50782270625 0.45314699843749995 0.5058709171875 0.4583436859375 0.5071695171874999 0.46526915156250004 0.5097744953125 0.466138715625 0.5097744953125 0.46786749531250005 0.50847589375
0 0.46929606562500004 0.5034992218750001 0.4667184265625 0.502433903125 0.4634782609375 0.5023561437499999 0.45885093125000004 0.499440125 0.45431677031250006 0.49937014062499996 0.4521635609375 0.50023328125 0.44832298125000003 0.5001321921875 0.44586956562499996 0.5019751171875 0.4453830234375 0.504790046875 0.44754658437500006 0.507426128125 0.452091096875 0.5091601859375 0.455610765625 0.51208398125 0.4589544515625 0.5137014 0.4643685296875 0.5137169515625 0.4690372671875 0.5118584765625 0.47126294062499996 0.5092535 0.47161490625 0.5069517890624999 0.46929606562500004 0.5034992218750001
1 0.4635403734375 0.5074961124999999 0.46483436874999995 0.5094479 0.4929813671875 0.5175816484375 0.4942857140625 0.5175816484375 0.4960144921875 0.516275271875 0.4960144921875 0.5156298593749999 0.49341614843750004 0.514004665625 0.4838923390625 0.5117262828125 0.46657349843749996 0.5061975109375 0.46526915156250004 0.5061975109375 0.4635403734375 0.5074961124999999
1 0.46050724687500005 0.5074961124999999 0.462236025 0.5061975109375 0.462236025 0.5055443234375 0.46050724687500005 0.5042457234375 0.4592028984375 0.5042457234375 0.441449275 0.5101010890625 0.44102484531249997 0.5107465 0.43322981406250005 0.5146500781250001 0.4297619046875 0.5175816484375 0.429327121875 0.5188802484374999 0.431066253125 0.5201788484375001 0.431925465625 0.5201788484375001 0.43755693593749995 0.516275271875 0.44404761875 0.5126982890625 0.45314699843749995 0.5094479 0.46050724687500005 0.5074961124999999
2 0.4479503109375 0.5354665625 0.45444099375 0.53384136875 0.4618012421875 0.5354665625 0.4639751546875 0.5354665625 0.4704658390625 0.5344945562500001 0.47219461718750005 0.5331959562499999 0.47219461718750005 0.5325427687500001 0.4704658390625 0.5312441671875 0.462236025 0.5322161734375 0.4540165625 0.5305909796875 0.450113871875 0.5318895796875001 0.4392857140625 0.5331959562499999 0.43279503124999996 0.53384136875 0.42543478281249997 0.533514775 0.41936852968749994 0.5341679625 0.4176397515625 0.5354665625 0.4176397515625 0.5361197515625 0.41936852968749994 0.5374183515625 0.42543478281249997 0.5367729390625 0.43279503124999996 0.5370995328125 0.4479503109375 0.5354665625
0 0.4516563140625 0.5284447906249999 0.44944099375 0.531601865625 0.451231884375 0.534416796875 0.45552795 0.5376205281249999 0.4626915109375 0.5388646968749999 0.47158385156250004 0.53832815 0.474078675 0.5366796265625 0.4751242234375 0.5339424578124999 0.4746169765625 0.532426128125 0.47177018593750003 0.52939346875 0.46793995781250003 0.52874805625 0.4644306421875 0.5273172625 0.45936852968749997 0.528538103125 0.454223603125 0.52777605 0.4516563140625 0.5284447906249999
1 0.5051035203125 0.5302643859375 0.500341615625 0.5302643859375 0.470900621875 0.5312441671875 0.468737059375 0.5315629859375 0.4669979296875 0.5328693624999999 0.4669979296875 0.533514775 0.468737059375 0.5348211515625 0.470900621875 0.5348211515625 0.4747929609375 0.5341679625 0.5051035203125 0.533514775 0.5068426500000001 0.5322161734375 0.5068426500000001 0.5315629859375 0.5051035203125 0.5302643859375
1 0.46483436874999995 0.5318895796875001 0.4639751546875 0.5318895796875001 0.4618012421875 0.53384136875 0.46007246406249996 0.5383981343750001 0.44967908906250004 0.5579160187500001 0.44838509374999996 0.5618195953125 0.450113871875 0.5631181953125 0.4509834375 0.5631181953125 0.45314699843749995 0.5611664078125 0.4592028984375 0.5478304828125 0.46657349843749996 0.5341679625 0.46657349843749996 0.5331959562499999 0.46483436874999995 0.5318895796875001
2 0.4626708078125 0.3474650078125 0.47219461718750005 0.3481104203125 0.47393374687499995 0.3468118203125 0.47393374687499995 0.34615863125 0.47219461718750005 0.34486003125 0.462236025 0.34420684218750003 0.45618012500000005 0.346485225 0.4436231890625 0.346485225 0.43799171875000004 0.3458398140625 0.428467909375 0.34615863125 0.42672877812500004 0.3474650078125 0.42672877812500004 0.3481104203125 0.428467909375 0.349416796875 0.43755693593749995 0.34909020156250004 0.4436231890625 0.3497356140625 0.45660455468750005 0.3497356140625 0.4626708078125 0.3474650078125
0 0.4764389234375 0.3458475890625 0.475051759375 0.34349922187500004 0.47293995781250003 0.34153188125 0.46897515468749995 0.34020217656249996 0.46472049687499994 0.34035769843749997 0.4557349890625 0.3437169515625 0.4521118015625 0.3438102640625 0.4486853 0.345396578125 0.44726708125 0.3468662515625 0.4481469984375 0.350583203125 0.4517494828125 0.3532503890625 0.4596480328125 0.3522783828125 0.46170807500000005 0.35147745 0.463964803125 0.3523716953125 0.47062111875 0.352480559375 0.474720496875 0.3508709171875 0.47656314687499995 0.34856143125 0.4764389234375 0.3458475890625
1 0.46786749531250005 0.3471384140625 0.470900621875 0.3425816484375 0.4778260875 0.337379471875 0.484751553125 0.33347589375000003 0.48952380937499995 0.33152410625 0.4890890265625 0.3311975109375 0.489948240625 0.3298989109375 0.4882194609375 0.32860031093750003 0.48734989687499997 0.32860031093750003 0.48172877812500003 0.33152410625 0.48085921249999997 0.33152410625 0.4747929609375 0.3354276828125 0.47393374687499995 0.3354276828125 0.46917184218749997 0.339004665625 0.468737059375 0.3399844484375 0.4669979296875 0.3409564546875 0.4639751546875 0.3458398140625 0.4639751546875 0.346485225 0.465703934375 0.3477838265625 0.46786749531250005 0.3471384140625
1 0.4838923390625 0.3412830484375 0.4769668734375 0.343888025 0.471335403125 0.34486003125 0.4695962734375 0.34615863125 0.4695962734375 0.3468118203125 0.471335403125 0.3481104203125 0.4730641828125 0.3481104203125 0.484327121875 0.34486003125 0.48562111874999997 0.34420684218750003 0.4864906828125 0.3425816484375 0.484751553125 0.3412830484375 0.4838923390625 0.3412830484375
2 0.45314699843749995 0.37087869375000004 0.45618012500000005 0.3712052875 0.4583436859375 0.370559875 0.46743271249999996 0.3738102640625 0.468302278125 0.3738102640625 0.47003105625 0.3725116640625 0.46917184218749997 0.37087869375000004 0.4592028984375 0.36730171093749997 0.45703933750000003 0.36697511718750003 0.455310559375 0.3676283046875 0.44967908906250004 0.36828149374999997 0.428467909375 0.3686080875 0.4228364390625 0.36958009375 0.4210973078125 0.37087869375000004 0.4210973078125 0.37153188125000003 0.4228364390625 0.37283048281250003 0.42413043437500003 0.37283048281250003 0.4288923390625 0.37185847656250004 0.44967908906250004 0.37153188125000003 0.45314699843749995 0.37087869375000004
0 0.45737059999999996 0.3730715390625 0.461169771875 0.3763530328125 0.4673084890625 0.3770995328125 0.473737059375 0.37448678125 0.47452380937500005 0.3702721625 0.4731987578125 0.368678071875 0.47038302343750005 0.36763608125 0.4656832296875 0.364440125 0.457091096875 0.364416796875 0.45404761875000005 0.36574650000000003 0.45246376875000005 0.3686080875 0.4534161484375 0.370528771875 0.45737059999999996 0.3730715390625
1 0.48778467968749994 0.3819440125 0.48865424375 0.3819440125 0.49038302343750007 0.3806376359375 0.48952380937499995 0.37901244218749996 0.4882194609375 0.3783670296875 0.46743271249999996 0.370559875 0.465703934375 0.37185847656250004 0.46657349843749996 0.3734836703125 0.48778467968749994 0.3819440125
1 0.4760973078125 0.5689735609375 0.47262940000000003 0.565723171875 0.47262940000000003 0.565069984375 0.4704658390625 0.5637713843750001 0.465703934375 0.55856143125 0.46526915156250004 0.558888025 0.4635403734375 0.5582426125 0.4618012421875 0.5595412125 0.462236025 0.5611664078125 0.47003105625 0.5679937796875 0.4773913046875 0.576454121875 0.4799896484375 0.5803576984375 0.482153209375 0.5810108859375 0.4838923390625 0.5797045093750001 0.4838923390625 0.5790590984375 0.47869565156249994 0.57189735625 0.4778260875 0.5715785375 0.4760973078125 0.5689735609375
1 0.465703934375 0.5751555203125001 0.4639751546875 0.565396578125 0.4626708078125 0.5624650078125 0.46094202968750003 0.5611664078125 0.46007246406249996 0.5611664078125 0.4583436859375 0.5624650078125 0.4583436859375 0.563444790625 0.45963768125 0.565723171875 0.4613768109375 0.5754821156250001 0.466138715625 0.5862130640625 0.46743271249999996 0.5881648515625 0.4695962734375 0.588818040625 0.471335403125 0.5875116640625 0.471335403125 0.5868662515625 0.468737059375 0.58263608125 0.465703934375 0.5751555203125001
3 0.439720496875 0.48310264375 0.439720496875 0.49545878749999994 0.44188405781249995 0.5618195953125 0.4405900625 0.57255054375 0.43885093125 0.577433903125 0.439720496875 0.5930404359375 0.4392857140625 0.5992223953125 0.4384265015625 0.602153965625 0.4384265015625 0.6041057546874999 0.4405900625 0.6054043546875 0.44231884062500004 0.6050777609375 0.4436231890625 0.6041057546874999 0.44448240156249996 0.5995489890625 0.44491718437500005 0.5858864703125 0.44404761875 0.577752721875 0.44578675 0.5728771390625 0.4470807453125 0.5621461890624999 0.44578675 0.5318895796875001 0.44491718437500005 0.48310264375 0.4462215328125 0.462612753125 0.44578675 0.43268273749999997 0.4466459625 0.4248755828125 0.4466459625 0.407962675 0.4479503109375 0.3988569203125 0.448819875 0.3468118203125 0.44967908906250004 0.3399844484375 0.450113871875 0.3250155515625 0.44924430624999995 0.3230637640625 0.44924430624999995 0.3110342140625 0.4479503109375 0.3100544328125 0.4462215328125 0.3097278375 0.44404761875 0.3110342140625 0.44404761875 0.32339035781250003 0.44491718437500005 0.325342146875 0.44491718437500005 0.3311975109375 0.4436231890625 0.3468118203125 0.4427536234375 0.3985303265625 0.441449275 0.40763608125 0.441449275 0.4248755828125 0.4405900625 0.43268273749999997 0.44102484531249997 0.46228615937499995 0.439720496875 0.48310264375
1 0.46050724687500005 0.41609642343750003 0.45574534218749996 0.40894245781249994 0.45444099375 0.40503887968749996 0.4509834375 0.3985303265625 0.450113871875 0.3952799375 0.44838509374999996 0.3939735609375 0.447515528125 0.3939735609375 0.44578675 0.3952799375 0.44578675 0.39625194375 0.45141821875000004 0.409261275 0.45703933750000003 0.4180482109375 0.46007246406249996 0.4206454125 0.46007246406249996 0.42129859999999997 0.46050724687500005 0.42097200625 0.462236025 0.42162519375 0.4639751546875 0.42032659375000003 0.4635403734375 0.41869362343749994 0.46050724687500005 0.41609642343750003
0 0.4583333328125 0.412706065625 0.45475155312500004 0.414424571875 0.453271221875 0.41671850624999995 0.45384057968749997 0.41981337500000004 0.45223602500000004 0.42133748125 0.45207039375 0.4238958015625 0.4537474125 0.42696734062499997 0.455776396875 0.42862363906249995 0.45857142812499996 0.429611196875 0.46297101406249996 0.42987558281249993 0.46549689375 0.42877138437499995 0.4684161484375 0.42632970468750003 0.46906832343750005 0.42455676562500005 0.4681987578125 0.4180637640625 0.4628260875 0.41310264375 0.4583333328125 0.412706065625
2 0.45618012500000005 0.42423017031250004 0.46094202968750003 0.4248755828125 0.4626708078125 0.4235769828125 0.46439958593749997 0.41967340625 0.46439958593749997 0.41869362343749994 0.4626708078125 0.4173950234375 0.4618012421875 0.4173950234375 0.46007246406249996 0.41869362343749994 0.45877846718750004 0.42129859999999997 0.4392857140625 0.42097200625 0.4297619046875 0.42032659375000003 0.42586956562499995 0.42097200625 0.42413043437500003 0.4222783828125 0.42413043437500003 0.42292379531249996 0.42586956562499995 0.42423017031250004 0.43279503124999996 0.4235769828125 0.43885093125 0.42423017031250004 0.45618012500000005 0.42423017031250004
1 0.4479503109375 0.42129859999999997 0.44838509374999996 0.42032659375000003 0.4509834375 0.41869362343749994 0.4540165625 0.41414463437500004 0.45877846718750004 0.40861586250000004 0.45963768125 0.40828926875000005 0.4639751546875 0.402107309375 0.4669979296875 0.39950233281249997 0.46743271249999996 0.3978771390625 0.465703934375 0.3965785375 0.46483436874999995 0.3965785375 0.4639751546875 0.3972317265625 0.4635403734375 0.3969051328125 0.4635403734375 0.39755054375 0.46050724687500005 0.4001555203125 0.45618012500000005 0.40633748125 0.45358178125000004 0.40861586250000004 0.4470807453125 0.41706842968749996 0.44448240156249996 0.41869362343749994 0.44404761875 0.42032659375000003 0.44578675 0.42162519375 0.4479503109375 0.42129859999999997
1 0.476532090625 0.40276049843750006 0.47436852968750004 0.40145412187499996 0.47393374687499995 0.400482115625 0.468302278125 0.3985303265625 0.46657349843749996 0.3998289265625 0.46657349843749996 0.400482115625 0.47262940000000003 0.40438569218750003 0.47522774375 0.407962675 0.4778260875 0.41544323437499997 0.47955486562500005 0.41674183437499995 0.48042443125 0.41674183437499995 0.482153209375 0.41544323437499997 0.482153209375 0.41447122812500004 0.47955486562500005 0.40763608125 0.476532090625 0.40276049843750006
0 0.46089026874999994 0.390303265625 0.457681159375 0.38991446406249997 0.4545134578125 0.3911275265625 0.45326087031249995 0.393911353125 0.4540579703125 0.3973094875 0.4581677015625 0.4015785375 0.4599896484375 0.402527215625 0.462712215625 0.4028382578125 0.46609730781250003 0.40458786875 0.46843685312499994 0.4049222390625 0.47063147031249997 0.4042301703125 0.4739544515625 0.40125194375 0.47390269218750003 0.398398134375 0.4678364390625 0.3918429234375 0.463467909375 0.391555209375 0.46089026874999994 0.390303265625
2 0.4462215328125 0.3969051328125 0.447515528125 0.39625194375 0.4583436859375 0.39592535 0.4626708078125 0.3991835140625 0.4635403734375 0.3991835140625 0.4669979296875 0.40145412187499996 0.46917184218749997 0.401780715625 0.470900621875 0.400482115625 0.47003105625 0.3991835140625 0.4704658390625 0.3988569203125 0.4695962734375 0.3988569203125 0.46483436874999995 0.39625194375 0.46050724687500005 0.3930015546875 0.45271221562499997 0.3926749609375 0.4466459625 0.3930015546875 0.44535196718750003 0.39365474375 0.43755693593749995 0.39332815 0.42759834375 0.39430015625000003 0.42586956562499995 0.39462674999999997 0.42413043437500003 0.39592535 0.42413043437500003 0.3965785375 0.42586956562499995 0.3978771390625 0.42759834375 0.3978771390625 0.43799171875000004 0.3965785375 0.4462215328125 0.3969051328125
1 0.46526915156250004 0.37283048281250003 0.4669979296875 0.37153188125000003 0.4669979296875 0.37087869375000004 0.46526915156250004 0.36958009375 0.4639751546875 0.36958009375 0.46007246406249996 0.370559875 0.4548757765625 0.37087869375000004 0.4462215328125 0.3725116640625 0.43755693593749995 0.375435459375 0.4349585921875 0.375762053125 0.43322981406250005 0.377060653125 0.43322981406250005 0.377713840625 0.4349585921875 0.37901244218749996 0.4384265015625 0.378685846875 0.44838509374999996 0.375435459375 0.46526915156250004 0.37283048281250003
2 0.4509834375 0.3230637640625 0.45660455468750005 0.3230637640625 0.462236025 0.3237169515625 0.468737059375 0.325995334375 0.47003105625 0.325995334375 0.47177018593750003 0.324696734375 0.4704658390625 0.32274494531250003 0.463105590625 0.3204665625 0.4509834375 0.319813375 0.4462215328125 0.3207931578125 0.44231884062500004 0.3204665625 0.434523809375 0.321111975 0.4314906828125 0.3220917578125 0.4297619046875 0.32339035781250003 0.4297619046875 0.3240435453125 0.4314906828125 0.325342146875 0.43279503124999996 0.325342146875 0.43712215312499997 0.3240435453125 0.4466459625 0.3240435453125 0.4509834375 0.3230637640625
0 0.45067287812499995 0.322986003125 0.4534472046875 0.325435459375 0.4582194609375 0.325855365625 0.46141821875 0.3274961125 0.4697308484375 0.32905909843750003 0.47357142812499997 0.32753499218750004 0.475113871875 0.32333592499999997 0.47332298125000005 0.320559875 0.4680848859375 0.31762830468750003 0.4613043484375 0.3173017109375 0.458436853125 0.316547434375 0.45469979218749995 0.316780715625 0.451977225 0.31770606562500003 0.45074534218749995 0.3188491453125 0.45067287812499995 0.322986003125
1 0.5029399578125 0.32860031093750003 0.5029399578125 0.3279471234375 0.5012111796875 0.32664852187500004 0.494720496875 0.325995334375 0.4912525875 0.3250155515625 0.48345755625000003 0.324370140625 0.4799896484375 0.32339035781250003 0.4704658390625 0.3224183515625 0.46743271249999996 0.3240435453125 0.46743271249999996 0.324696734375 0.46917184218749997 0.325995334375 0.47177018593750003 0.325668740625 0.47349896406249997 0.326321928125 0.47955486562500005 0.32664852187500004 0.48302277499999996 0.32762052812500003 0.4908178046875 0.3282737171875 0.4994824015625 0.3298989109375 0.5012111796875 0.3298989109375 0.5029399578125 0.32860031093750003
1 0.44967908906250004 0.3429082421875 0.4509834375 0.3409564546875 0.4548757765625 0.338351478125 0.45703933750000003 0.3354276828125 0.468302278125 0.324696734375 0.468737059375 0.3230637640625 0.4669979296875 0.3217651640625 0.466138715625 0.3217651640625 0.46526915156250004 0.3224183515625 0.46483436874999995 0.3220917578125 0.46483436874999995 0.32274494531250003 0.45703933750000003 0.3305443234375 0.45574534218749996 0.3311975109375 0.4509834375 0.3367262828125 0.4462215328125 0.340303265625 0.44578675 0.3419362359375 0.447515528125 0.34323483593750004 0.44924430624999995 0.3425816484375 0.44967908906250004 0.3429082421875
1 0.47262940000000003 0.5852332812500001 0.47262940000000003 0.5858864703125 0.47436852968750004 0.5871850703125 0.476532090625 0.5865396578125 0.48042443125 0.5810108859375 0.48042443125 0.5803576984375 0.47869565156249994 0.5790590984375 0.4778260875 0.5790590984375 0.47566252656249997 0.5806842921875 0.47262940000000003 0.5852332812500001