1 0.4721118796875 0.8064717921875 0.469380503125 0.8049030890625 0.4681299734375 0.8050566343750001 0.46586908125 0.8072383109375 0.467249178125 0.8184783046874999 0.469752065625 0.8233959484375 0.4763691609375 0.84635440625 0.47909963125 0.847915721875 0.4803501609375 0.8477621765625001 0.4826119609375 0.8455878859375 0.48238164218749996 0.8437120921875 0.476960684375 0.82536695 0.47349197812500005 0.8177117859375 0.4721118796875 0.8064717921875
1 0.451030846875 0.7586772296875 0.4497803171875 0.7588307750000001 0.447519425 0.7610124515625001 0.447691709375 0.7624156046875 0.4580478125 0.779682515625 0.46556722656250005 0.79444161875 0.46966794843750004 0.8072441390625 0.47239932500000004 0.8088128421875 0.4736498546875 0.808659296875 0.4759107484375 0.8064776203124999 0.4717529 0.7932098421875 0.453762225 0.7602459328125 0.451030846875 0.7586772296875
0 0.49541038281249994 0.8003651749999999 0.4942461734375 0.79902384375 0.48930410625 0.796789534375 0.48701954687500004 0.796987584375 0.48277364531250005 0.79912063125 0.4804836578125 0.7987046453125 0.4777348734375 0.79919208125 0.47582828125 0.7977469984375001 0.47281999687500004 0.7977490484375 0.4709549375 0.7988401296875 0.4685484 0.8017893234375 0.4658273421875 0.8022583609374999 0.464187325 0.803554196875 0.463341725 0.8073312375 0.4640041359375 0.8089815609375 0.462520965625 0.812694453125 0.464702959375 0.8162196937499999 0.46724454218749994 0.8172194875000001 0.47260723125000004 0.8164485859375 0.4744436578125 0.8153685171875 0.476441040625 0.8124245828125 0.48359792187500006 0.8104738499999999 0.48558451406250003 0.8092329125 0.48840609375 0.8095011671875 0.49373822343749996 0.8080743390625 0.4958638796875 0.8047098500000001 0.49541038281249994 0.8003651749999999
2 0.5422054984375 0.7992896843749999 0.5507770703125 0.7968129203125 0.5530379640625 0.7946312437499999 0.5529237109375 0.7937007328125001 0.55020218125 0.7921308203125 0.5477011218750001 0.7924379109374999 0.5410102671875 0.794683753125 0.5317040984375 0.7963061734375 0.4797658203125 0.8017313546875 0.466947325 0.8056816124999999 0.4646756765625 0.8078571125 0.46479083593750004 0.8087950109375001 0.46752221406250005 0.8103637125 0.48096105156249996 0.8063372875000001 0.4996992984375 0.8040365203125001 0.5166719875 0.802904571875 0.5422054984375 0.7992896843749999
1 0.473441128125 0.7502208671874999 0.4744042140625 0.7477262734375001 0.4716737421875 0.7461649546875 0.47042321249999997 0.7463185015625 0.450800528125 0.756801434375 0.42981396875 0.7665147890624999 0.401953515625 0.7770646546875 0.3983840578125 0.7789272359375 0.397420975 0.7814218312500001 0.40015144375 0.78298315 0.402022315625 0.782753434375 0.406785175 0.7802720515625 0.429815796875 0.7717395218750001 0.4526268546875 0.761337375 0.473441128125 0.7502208671874999
0 0.4896706421875 0.755409640625 0.49303342031249997 0.7547943421875 0.4951390796875 0.7535462796875 0.49715733125000006 0.7502024781250001 0.497254225 0.7451305421875001 0.494635184375 0.7432556875 0.49233974375 0.7433651171875 0.48992312968749996 0.7450111828125 0.487653078125 0.745327390625 0.4871644078125 0.7437082109375 0.485905871875 0.7427382859375 0.47632537499999994 0.7406612046875 0.4718317734375 0.7418351484375 0.46713627031250005 0.7450279109375 0.46453986093750005 0.7450468546875 0.46281110937500003 0.745701403125 0.45965650468749997 0.7477679234375 0.45725669687500003 0.751016146875 0.4580655953125 0.754754959375 0.463589628125 0.7581472125000001 0.46878452812500004 0.7577192562499999 0.472828821875 0.7560607453125 0.4742531953125 0.757160234375 0.476408828125 0.7575402421875 0.4863472765625 0.7548806546875 0.4896706421875 0.755409640625
2 0.547274659375 0.7373546 0.5361547468750001 0.739671990625 0.496759196875 0.7440293890625 0.491882084375 0.7455802609375 0.483148071875 0.7466526625000001 0.4755976171875 0.7471074718749999 0.469124496875 0.745998196875 0.4668537578125 0.7481810828125 0.46839173125 0.7503685859375 0.47554231874999997 0.7518669484375 0.4837229609375 0.7513347609375 0.4930871609375 0.7501849828125 0.4979642734375 0.7486341109375 0.5367296374999999 0.7443540890625 0.5478495484375 0.7420367 0.5501202890625 0.739853815625 0.5500060375 0.738923303125 0.547274659375 0.7373546
1 0.4780069359375 0.6945245828125 0.47477037656250004 0.6939699453125 0.4725094828125 0.696151621875 0.47262464218750005 0.69708951875 0.47927187499999996 0.7048266796875 0.49001617187499996 0.7149168953125 0.5063393046875 0.734299759375 0.5077621203125 0.7355493671875 0.5109986796875 0.7361040046875 0.5132694203125 0.73392111875 0.5131551671875 0.7329906078125 0.47942975 0.6957741890625 0.4780069359375 0.6945245828125
1 0.47872619843750003 0.679705934375 0.490106565625 0.664043040625 0.50399874375 0.6480792328125 0.5068907328125001 0.645827565625 0.5072236296875 0.643410346875 0.5044922515625 0.6418416437500001 0.50325156875 0.6419939796875 0.501427978125 0.6426901593750001 0.49486486249999995 0.65110480625 0.488623890625 0.6570960593749999 0.469534284375 0.6822588671875 0.4677785734375 0.683426478125 0.46070135156249997 0.6980737484375 0.460816509375 0.6990116453125 0.46354788750000003 0.7005803484375 0.46655412656250006 0.6992591921875 0.47367862968749996 0.6850783859375 0.47872619843750003 0.679705934375
0 0.48255574531249995 0.6867995453125 0.4806741984375 0.6836047375 0.47620025000000005 0.6807057453125 0.4742323546875 0.6801452640625001 0.4685627453125 0.68045159375 0.46280976406249996 0.68357929375 0.46204142812500004 0.68521788125 0.4626625890625 0.6891371687500001 0.46005316562500004 0.69173645625 0.459724509375 0.6957348859375 0.45796268125 0.6981551374999999 0.45917205 0.7020621734375 0.46305896406249997 0.7045759656249999 0.465120790625 0.7050874328125001 0.4739841 0.70425403125 0.476542834375 0.7030327984375 0.48101801875000005 0.7026857171875001 0.48265544218749995 0.7014501703125 0.48595703281249997 0.6965919515625 0.4845709484375 0.6924667328125 0.48123309843750006 0.6906801375 0.48255574531249995 0.6867995453125
2 0.5394245734374999 0.68888751875 0.5416953140625 0.6867046328125 0.5415801546875 0.6857667359375 0.5388496843749999 0.6842054171874999 0.535728284375 0.684588678125 0.5252858390624999 0.68729515625 0.4790851796875 0.6929678828125 0.469893265625 0.695520815625 0.461034246875 0.6956565296874999 0.45877335312499995 0.6978382062499999 0.4588885125 0.6987761031249999 0.4616091375 0.7003386296875 0.467346753125 0.7005861765625 0.47966006875 0.697649984375 0.5264909171875 0.6918998796875 0.5394245734374999 0.68888751875
1 0.469984565625 0.644654346875 0.467263034375 0.6430844359375001 0.4660125046875 0.64323798125 0.4245454890625 0.666867971875 0.41638636562500003 0.6726224734375 0.41043101093749995 0.67573004375 0.40946792656250003 0.6782246390625 0.41218945625 0.6797945515625 0.4134399875 0.6796410046875 0.421151053125 0.675365825 0.4293200234375 0.6696101125 0.46726576875000003 0.6483165546875 0.46902147968749996 0.64714894375 0.469984565625 0.644654346875
1 0.4417673546875 0.6058170656249999 0.43853079531250005 0.6052624296875 0.43625914843749997 0.607437928125 0.4371776875 0.6097089875 0.459009946875 0.6326883375000001 0.4663579828125 0.6460516734375 0.46907860625 0.6476142 0.47032913593750003 0.6474606546875 0.47260078281249995 0.645285153125 0.472427590625 0.6438746156249999 0.46513849531250007 0.63099130625 0.445578803125 0.611053803125 0.4417673546875 0.6058170656249999
0 0.460041428125 0.6425543265625 0.4591639984375 0.644281275 0.45922841875 0.6488761249999999 0.46462859375 0.6520736890625 0.46707353749999997 0.6525306203125 0.4696657828125 0.65329180625 0.4729126109375 0.65238339375 0.4777334640625 0.652083825 0.4835062921875 0.647896703125 0.48437659218749995 0.6461931203125 0.484238303125 0.642461925 0.481832696875 0.6384993671875 0.4778042765625 0.6371124109374999 0.47288781562500004 0.6369589437500001 0.47016985 0.63826719375 0.46734035 0.6386670875 0.460041428125 0.6425543265625
2 0.5422917953125 0.6348240984375 0.539570265625 0.6332541875000001 0.535818678125 0.6337148234375001 0.522885928125 0.6367345703125 0.4723133375 0.6429441031249999 0.4609532609375 0.6433869078125001 0.4586914609375 0.6455612000000001 0.45880662031249997 0.646499096875 0.46152815 0.648069009375 0.472888228125 0.647626203125 0.524081159375 0.6413405015625 0.5401451546875 0.6379362875 0.5424069546875 0.635761996875 0.5422917953125 0.6348240984375
1 0.46735616249999995 0.5974427015625 0.4699607046875 0.5928499828125 0.4760303125 0.590672925 0.48675837499999997 0.5850827640625 0.4889621421875 0.58243583125 0.4942391234375 0.5789317890625 0.49468717812499996 0.5774524671875 0.5003550890625 0.5720038484375001 0.51085283125 0.5645378921875001 0.5101646109375 0.564142628125 0.511185728125 0.5621206734374999 0.5084543515625 0.560551971875 0.5065834812500001 0.5607816859375 0.49563858906249997 0.569734346875 0.49382484375 0.5704293171875 0.4933767890625 0.5719086390625 0.4831192125 0.5812491796875 0.47420489374999997 0.5861443703125 0.4675149453125 0.5883975968749999 0.46456583125 0.5901840093749999 0.46162839062499994 0.5971939468749999 0.46434992187499996 0.5987638578125 0.46560045156249996 0.5986103125 0.46735616249999995 0.5974427015625
1 0.4677569375 0.595496915625 0.46502556093749997 0.5939282125 0.4637750328125 0.5940817578125 0.4620193203125 0.59524936875 0.45947280937499996 0.6003147296875 0.44822110468750004 0.627363778125 0.44602190156250004 0.6404675625 0.4461941875 0.641870715625 0.44892556250000004 0.6434394171875 0.45017609218750004 0.6432858703125001 0.4524369859375 0.6411041953125001 0.45457906562500006 0.6275351546875 0.46787119062500004 0.5964274265625 0.4677569375 0.595496915625
0 0.46472510156249996 0.5883878171875 0.46019299374999995 0.5907134296875001 0.458393159375 0.5951848546875 0.45887734687500004 0.6002679 0.46204957812499997 0.6037989921875 0.4677553078125 0.6048450671875 0.471650596875 0.6035196984375 0.473088621875 0.6024510640625 0.475553640625 0.6031529109375 0.481404259375 0.6023670765625 0.4861227 0.598954103125 0.48722154218749997 0.597402371875 0.48892501875 0.5914135234375 0.48869093125 0.58999546875 0.48642017812500005 0.586968390625 0.48092479218750006 0.5829954015625 0.47918790468749994 0.5824440359375 0.4738651390625 0.5824004296874999 0.46920360624999996 0.584404596875 0.46472510156249996 0.5883878171875
2 0.5370579296875 0.5869878234375 0.5369427703125 0.5860499265625 0.5342113921875 0.5844812234375001 0.530412525 0.5844753953125 0.514623390625 0.58498975 0.49028237812500003 0.58797845 0.47246176406249996 0.592542890625 0.46190416093750003 0.594311471875 0.4596334203125 0.5964943578125 0.4597476734375 0.59742486875 0.46247904999999995 0.598993571875 0.467471321875 0.5983805984375 0.49085726718749995 0.5926605515625 0.51519828125 0.58967185 0.53166488125 0.5895465828125 0.5347862812499999 0.5891633234375 0.5370579296875 0.5869878234375
1 0.4841732 0.569238046875 0.47482563281249995 0.5447182703125 0.47209425625 0.5431495671875 0.4708535734375 0.5433019046875 0.4685828328125 0.545484790625 0.46881315 0.547360584375 0.47798752499999997 0.570469821875 0.4887462328125 0.5910156796875 0.491546409375 0.5982731640625001 0.49233994374999995 0.5996075328125 0.495070415625 0.60116885 0.4963110984375 0.6010165140625 0.49858274375 0.5988410125 0.49664216562499996 0.5933745625 0.4841732 0.569238046875
1 0.41992383125000005 0.5414742234375 0.3989799875 0.5411971890625 0.3967092484375 0.543380075 0.3968235015625 0.5443105859374999 0.399554878125 0.5458792890625 0.43072342656249996 0.546804959375 0.4550770203125 0.54904716875 0.45694789062499996 0.5488174546875 0.45921863281249997 0.5466345703125 0.4591034734375 0.545696671875 0.45637300156249994 0.5441353546875 0.4525161015625 0.5436568859375 0.41992383125000005 0.5414742234375
0 0.45981354375 0.5422811078125 0.4545300359375 0.54215021875 0.45290894687499994 0.542948971875 0.4518073828125 0.5444785484375 0.45233558125 0.551385303125 0.45371355625 0.553165159375 0.45597165312500004 0.5543796750000001 0.4578916171875 0.5546311968750001 0.463240321875 0.5535021875 0.464972190625 0.5525474015625 0.4667012609375 0.55498880625 0.47181490000000004 0.5558527046874999 0.4773786734375 0.554847215625 0.4806483234375 0.553066425 0.48196210781250004 0.55155576875 0.48168260625 0.547407121875 0.4772692328125 0.54141969375 0.47051036718750006 0.5373319703125 0.46582606249999997 0.53792961875 0.46357217031250003 0.5400054890625 0.4631128359375 0.5417185812499999 0.45981354375 0.5422811078125
2 0.5338546359375 0.5350940765625001 0.5337394765625 0.5341561796875001 0.5310090078124999 0.5325948625 0.5291381359375 0.5328245765624999 0.514496046875 0.5374710125 0.48532520156250003 0.5424770484375 0.45450213125000005 0.54436506875 0.45223048437499996 0.54654056875 0.45234564375 0.5474784671874999 0.4550770203125 0.54904716875 0.47778642031249996 0.5481553828125 0.5088852625 0.5433848890624999 0.515691278125 0.5420769453125 0.531583896875 0.5372769625 0.5338546359375 0.5350940765625001
1 0.493484721875 0.495372615625 0.485933359375 0.49582004062499996 0.4665158171875 0.49250698593750003 0.46424416874999996 0.49468248593749997 0.4657821453125 0.49686999062500004 0.48270938125 0.5004963124999999 0.48963055625 0.500126265625 0.49542529999999996 0.5008390671875 0.5154042296875 0.4983859625 0.5176651234375 0.4962042875 0.5175499640625 0.495266390625 0.514829340625 0.49370386406250005 0.496100940625 0.49600342187499996 0.493484721875 0.495372615625
1 0.4595973765625 0.49810915156249996 0.4618681171875 0.495926265625 0.46270436718749997 0.48727025 0.46785634218750005 0.48282951875 0.4683142453125 0.4813489875 0.47556558125 0.4733296046875 0.489792484375 0.4601733125 0.5072568546875 0.447579040625 0.5065784796874999 0.44718256875 0.507598690625 0.44515322812499997 0.50486821875 0.4435919109375 0.5029973484375 0.443821625 0.4902958375 0.45393451249999994 0.48615422812500003 0.45634711250000004 0.4816788140625 0.4611695453125 0.4730046625 0.46793932031249996 0.4725575125 0.469426028125 0.46529633125 0.477446621875 0.4567944640625 0.48561955 0.45539499843750003 0.49481699062500006 0.455625315625 0.4966927859375 0.45834684687499994 0.498262696875 0.4595973765625 0.49810915156249996
0 0.472317865625 0.490999971875 0.46843917656249995 0.48570402343749997 0.4627779421875 0.4821711921875 0.4599063484375 0.481984040625 0.4557983265625 0.4829607125 0.454296559375 0.4839172328125 0.45273410312499995 0.48731002031250004 0.452965853125 0.48895325156249997 0.44805681406250003 0.49301182499999996 0.44814546093749996 0.4976411828125 0.4488529671875 0.49892614375 0.4518428109375 0.500890403125 0.4575524203125 0.50213090625 0.46041489531249996 0.504523103125 0.4651453046875 0.5047893718750001 0.4673701453125 0.5041863546875 0.47148158906250004 0.5007954359375 0.4731364203125 0.497503753125 0.4734254078125 0.494484721875 0.472317865625 0.490999971875
1 0.4551552296875 0.451592475 0.4524247578125 0.4500311578125 0.4511742296875 0.450184703125 0.42169930625 0.47851924375 0.42181446562499997 0.4794571421875 0.413657171875 0.4904363765625 0.413324275 0.49285359531250006 0.4160458046875 0.4944235078125 0.4184317046875 0.49317851875 0.419110078125 0.4935749921875 0.41899491875 0.4926370953125 0.42930779531249996 0.4785370765625 0.4547553609375 0.453545646875 0.4551552296875 0.451592475
1 0.47126558437500005 0.44343737812499995 0.47307932812500003 0.4427424078125 0.47296416875 0.44180451249999997 0.47687636875 0.437523503125 0.4820836421875 0.4283232953125 0.48490318749999994 0.4151433421875 0.4860723359375 0.40407010468750004 0.485727765625 0.4012638 0.4830062328125 0.39969388906250003 0.48175570468749995 0.399847434375 0.4794849640625 0.40203032031249997 0.479668925 0.408656996875 0.47623177187500004 0.4271452375 0.4688198234375 0.43898499218750003 0.45735899687500003 0.44894554218750005 0.455546159375 0.44964789843749997 0.45521326249999994 0.45206511718750003 0.45793479374999996 0.453635028125 0.46099816093749996 0.452779128125 0.463211775 0.45013098593749995 0.47126558437500005 0.44343737812499995
0 0.473546696875 0.44679302343750005 0.4708445 0.4438339125 0.4668469375 0.44155859687500004 0.458822421875 0.44173427656250003 0.45386441718750004 0.44539406093749995 0.44872520156249995 0.4470895578125 0.4451331515625 0.45112885625 0.444800078125 0.45574252656249997 0.44641436093750003 0.45806309218749997 0.44818868125 0.4590821328125 0.45551704375 0.4597490609375 0.45985323749999996 0.4581071828125 0.46500604375 0.457092184375 0.47043989531249997 0.45486575 0.4739377421875 0.451280303125 0.47432049843749996 0.44983898437500003 0.473546696875 0.44679302343750005
2 0.47835904375 0.44447048437500003 0.4474896140625 0.4511093875 0.44521887343750005 0.4532922734375 0.4453340328125 0.4542301703125 0.4480645046875 0.4557914890625 0.451185903125 0.45540822812500004 0.478933934375 0.449152584375 0.5220703203125 0.444328371875 0.5243419671875 0.442152871875 0.5242268078125 0.441214975 0.52149543125 0.43964627187499994 0.47835904375 0.44447048437500003
1 0.46698495468749995 0.393107715625 0.46182039843749995 0.3923175359375 0.45954875156249997 0.39449303750000003 0.45966391093750003 0.39543093281249997 0.4610867265625 0.396680540625 0.466939503125 0.397865984375 0.5037080828125 0.392871603125 0.5118896328125 0.3923468015625 0.51512619375 0.39290143906249997 0.5173870875000001 0.39071976249999996 0.515858959375 0.3885310484375 0.511935084375 0.38758853437499996 0.46698495468749995 0.393107715625
1 0.4276879296875 0.42407256562500006 0.437955353125 0.414730815625 0.439769096875 0.41403584687499995 0.451725259375 0.40306243906250006 0.45212512968749996 0.40110926718749995 0.44939375156250005 0.3995405640625 0.44752288125 0.399770278125 0.41600480156249997 0.4269313796875 0.40556509218750003 0.43486997812499995 0.404324409375 0.4350223140625 0.40500187656250003 0.4354114015625 0.40398166562500004 0.43744074218750006 0.40671304375000006 0.43900944375 0.40977641093750006 0.4381535421875 0.41492929375000004 0.4337201984375 0.41617982187499997 0.43356665312500003 0.42587509062500006 0.4247749203125 0.4276879296875 0.42407256562500006
0 0.473398278125 0.3914506828125 0.47144543906249997 0.3896289625 0.46743400468749996 0.3876477078125 0.46531879375 0.38735269375 0.45981475156249996 0.388193425 0.45522277187500004 0.3911710734375 0.44850056250000003 0.3934057734375 0.44473914218750005 0.39907758125 0.4442096828125 0.4023360375 0.4458643734375 0.4053113203125 0.44926245312499996 0.407832659375 0.45129136875000003 0.408483103125 0.457776734375 0.40651736875 0.4597806953125 0.4049294671875 0.46188865312500005 0.4051654 0.46876981406249996 0.4038182453125 0.4740481234375 0.39885974687500003 0.473398278125 0.3914506828125
2 0.46727239843749996 0.395448765625 0.5065518859375 0.390146084375 0.5235727609375 0.3894879875 0.5258435 0.38730510156250003 0.525728340625 0.3863672046875 0.522997871875 0.3848058875 0.5191980953125 0.38479267500000003 0.5065973374999999 0.385387815625 0.48848927656249996 0.38761120625 0.46607716874999994 0.390842834375 0.45875612343750005 0.39316605312499997 0.45511969687500003 0.3945645859375 0.44701769999999996 0.40078434375 0.44576716875000005 0.40093788906250005 0.44644554375 0.4013343625 0.44542442656250003 0.4033563171875 0.44815580468749994 0.4049250203125 0.449406334375 0.404771475 0.45875795156250004 0.398390784375 0.46727239843749996 0.395448765625
1 0.47147446562499995 0.7290752484375 0.46219660781250005 0.7102516390625 0.4592330828125 0.701582409375 0.451553059375 0.6906436796875 0.44961248125 0.6851772265625 0.44688201093749996 0.683615909375 0.44563148124999996 0.6837694546875001 0.44336968125 0.685943746875 0.44536738593749997 0.6918754546875 0.45310544375 0.703286825 0.45601093437499995 0.711483415625 0.46438100625 0.7280421421875001 0.46620642500000004 0.732570696875 0.4688969140625 0.749354521875 0.471628290625 0.7509232234375001 0.47287881875000004 0.7507696765625 0.47513971406250005 0.7485880015624999 0.47147446562499995 0.7290752484375
1 0.49341001249999994 0.376077334375 0.48079484531250005 0.3662168328125 0.48068059218750003 0.36528632031249997 0.4744252109375 0.36082192968750004 0.47431005156249995 0.35988403281250003 0.4681225484375 0.355891075 0.46800738906249995 0.354953178125 0.45965172499999996 0.3488500921875 0.4595365671875 0.3479121953125 0.45896441250000003 0.3484622140625 0.45635804062499996 0.34783019843749996 0.4540873 0.350013084375 0.45500493437499995 0.3522767578125 0.4563027421875 0.3525896765625 0.46335075000000003 0.3583810515625 0.463465909375 0.3593189484375 0.48308090000000004 0.374496975 0.48887747187499997 0.380434509375 0.48944068749999997 0.3798930859375 0.49205690625000004 0.380523890625 0.49432764531249995 0.3783410046875 0.49341001249999994 0.376077334375
1 0.4439606078125 0.334614584375 0.44384635625 0.333684071875 0.419983534375 0.319972153125 0.41674788281249997 0.31942490156250003 0.4144762359375 0.32160040156249997 0.415326896875 0.323400028125 0.437145653125 0.3359311203125 0.45607333125 0.35072126875 0.45618758281250005 0.3516517796875 0.45676064531250005 0.351109146875 0.459367015625 0.35174116093749996 0.4616377546875 0.3495582765625 0.46072996875000005 0.34729339375 0.4552100890625 0.3436907328125 0.4439606078125 0.334614584375
0 0.4629599171875 0.344208459375 0.4589745109375 0.34284620625 0.45810122187499996 0.33915278125000003 0.456859925 0.3377534484375 0.4539725328125 0.3371934203125 0.44763655468749997 0.3390733453125 0.44586356406250005 0.3423795375 0.446517928125 0.344615565625 0.4443858203125 0.34670646562499996 0.443887446875 0.3503809 0.4462365421875 0.355429871875 0.44540897343749997 0.35813271874999997 0.448065421875 0.36161469375 0.450291921875 0.362083453125 0.455239890625 0.3611910578125 0.4602697953125 0.35770985624999996 0.46616462968750005 0.355411828125 0.46840446093750004 0.350616509375 0.46822816562499997 0.34893648437499997 0.4629599171875 0.344208459375
2 0.4938148421875 0.3432310828125 0.5034664875 0.344422353125 0.5053373578125 0.34419263906249997 0.5076080984375 0.34200975312500004 0.5074938453125 0.3410792421875 0.5047624671875 0.33951054062499997 0.49386029374999996 0.3384728140625 0.4801340109375 0.340158190625 0.4660551375 0.34426320312500003 0.46067284375 0.3468281375 0.4476713078125 0.34936906562500003 0.4454005671875 0.35155195156249996 0.4455157265625 0.3524898484375 0.4482471046875 0.3540585515625 0.45198884531249994 0.3535991234375 0.46248841562500004 0.3513579015625 0.4696943 0.34809678593750004 0.48132924062500004 0.344764121875 0.4938148421875 0.3432310828125
3 0.486939671875 0.5246923734375 0.49264402343749997 0.576279028125 0.493189696875 0.6013997734375 0.49853506875000003 0.6397244796875 0.49972534062499996 0.675223490625 0.5027149468750001 0.6995718875 0.5009736453125 0.7111951421875 0.5076856265624999 0.7555215484375 0.5069546890625001 0.765116671875 0.50761369375 0.7859505796875 0.509453521875 0.800934778125 0.5127026625 0.8067203234375 0.5106033015625 0.8102989781250001 0.51021510625 0.8174756750000001 0.5105605843750001 0.8202893640625 0.5139123031249999 0.8217818984375 0.516355328125 0.8210021671875 0.5180539140625 0.8193693 0.5178788937500001 0.812734028125 0.5203682781250001 0.8072034125 0.516889725 0.7995494562500001 0.5145757578125 0.7703654125 0.515169109375 0.7546026921875 0.5085241015624999 0.7107403328124999 0.510265403125 0.699117078125 0.5072186703125 0.674303425 0.5060283984375 0.6388044140625 0.500741059375 0.6009523484375 0.500137353125 0.5753589625 0.494491034375 0.52424495 0.49542712812499995 0.5060638015625 0.49323999374999994 0.48304117968750004 0.493398778125 0.47399607499999996 0.489201359375 0.4398108359375 0.485998575 0.4292744046875 0.4895963390625 0.40696579374999997 0.4846351125 0.3923648546875 0.48553833593749995 0.3841728859375 0.4807687609375 0.35053766406250003 0.4802086765625 0.3149612765625 0.4781547671875 0.31378166093750004 0.47560642968750005 0.3136222875 0.472715346875 0.3158813421875 0.47327543125 0.3514577296875 0.4779878796875 0.38462769375 0.47748635312500004 0.3960912265625 0.482045884375 0.40742060156250004 0.4784472125 0.42972182812500004 0.48176515468750003 0.44119615625 0.4859054484375 0.47491613906249996 0.4857466640625 0.48396124374999994 0.48787667187499995 0.506518609375 0.486939671875 0.5246923734375
2 0.45715161562500006 0.49365676562500005 0.45487996875 0.495832265625 0.45499512812500004 0.4967701625 0.4577265046875 0.49833886562499996 0.46339624375 0.4981149796875 0.5014261078125 0.49297322968749996 0.5202687609375001 0.49160418281249996 0.5225404078125 0.48942868281249996 0.5224252484374999 0.48849078593749995 0.519693871875 0.4869220828125 0.5127736031250001 0.4872995140625 0.45715161562500006 0.49365676562500005