1 0.562993771875 0.5115405515625 0.5626387828125 0.5100029234375001 0.5599986078125 0.5079103093749999 0.5603226609374999 0.5062159125 0.5699277109375 0.49480941093749997 0.5742387703125 0.4916489984375 0.5780771328125 0.4864411125 0.5890730703125 0.47796118906249996 0.589849659375 0.475079753125 0.586648153125 0.47365375312499997 0.5852792921875001 0.473969778125 0.5784659265625 0.4787819328125 0.57258153125 0.4844707078125 0.5712126703125 0.484786734375 0.566812975 0.49066123125 0.562501915625 0.49382164375000004 0.5547182625 0.5037250796875 0.5509019281249999 0.5121755703125 0.55321805 0.5159625812499999 0.5564284671874999 0.517378 0.5602888546875 0.5154127203125001 0.562993771875 0.5115405515625
2 0.5618931296875 0.5161163828124999 0.5641581546875 0.5134368578124999 0.563920871875 0.5124090765625 0.5607085875 0.5109855640625 0.5429457359375001 0.5150864421875 0.5377075734375001 0.5173783296875001 0.5207433375 0.521840375 0.5027633625 0.5281479828125 0.500510984375 0.5308331125 0.5007482671875 0.53186089375 0.5039479046875 0.5332788015625 0.5073646671875001 0.5324899796875 0.5226177015625 0.5268119375 0.5388921171875001 0.5225091484375 0.544130278125 0.5202172593750001 0.5618931296875 0.5161163828124999
1 0.5713924734375 0.4388002125 0.5745827328125 0.43698112031249997 0.57377520625 0.43663053281249997 0.574669503125 0.4342589421875 0.571459084375 0.432843521875 0.5700902234375 0.4331595484375 0.564538790625 0.43714334375 0.5584372703125 0.445038846875 0.556507078125 0.44602148750000004 0.5481513109375 0.45659402499999996 0.5400018921874999 0.46496232343750005 0.5397974140625 0.4671746578125 0.5430097 0.46859816875 0.5450576015624999 0.4681253734375 0.56506445 0.44566544375 0.5669946453125 0.4446828046875 0.5713924734375 0.4388002125
1 0.5420605703125 0.464487040625 0.526756440625 0.463698546875 0.5134781859374999 0.4591946546875 0.5046835296875 0.45852291406249995 0.5024311515625 0.46120804375 0.5043922828125 0.4634574265625 0.5103315125 0.4642513734375 0.519836146875 0.46799836875 0.5295471265625 0.46954112343750004 0.5359388921875 0.46914803125000004 0.5426748703125 0.4702950546875 0.54404373125 0.46997902812500003 0.5463068875 0.467291409375 0.5443457546875 0.4650420265625 0.5420605703125 0.464487040625
0 0.5393052734375 0.46155154375 0.537018690625 0.46423604531249996 0.535153175 0.46584306093750005 0.53468929375 0.46781693906250005 0.5358483781250001 0.47121471562500006 0.5388159234375001 0.4728566890625 0.5472719828125 0.4726518984375 0.5504697453125 0.47342240625 0.5537629140625 0.47249163593750004 0.5555988265625 0.47100226718749993 0.5565538765625 0.4655991109375 0.5535227921875 0.46240336875 0.5448061515625 0.460102559375 0.5393052734375 0.46155154375
2 0.51102784375 0.47975794687500006 0.520718665625 0.47806618749999996 0.531173428125 0.4734873890625 0.545412590625 0.46966300156249996 0.54766496875 0.4669778703125 0.5473099796875001 0.4654402453125 0.54524191875 0.462678528125 0.542029634375 0.46125501562500004 0.5406607734375 0.4615710421875 0.5384083937499999 0.46425617187499996 0.5381912718749999 0.4664629015625 0.52930984375 0.46851334062500005 0.5188443031250001 0.47309462812499997 0.5091642609375 0.474783896875 0.500067578125 0.47904915781249996 0.497804421875 0.48173677656249997 0.4980398359375 0.48275646562499996 0.501252121875 0.4841799765625 0.5033000234375 0.48370718124999995 0.51102784375 0.47975794687500006
1 0.5484168859375 0.4203222484375 0.5468107421874999 0.41961049375000004 0.5473828546874999 0.418941390625 0.5415524234375 0.41866786874999995 0.53795134375 0.4249035359375 0.5392334328125 0.4273096890625 0.5424349421875 0.42873568906250004 0.5465415234375001 0.427787609375 0.5482325671875 0.42576909531249996 0.5529004843750001 0.4241544015625 0.574532634375 0.4180776625 0.5767957921875 0.4153900453125 0.576560378125 0.4143703546875 0.5733480921874999 0.41294684375 0.5484168859375 0.4203222484375
1 0.580637021875 0.3977533296875 0.5820058828125 0.3974373046875 0.5811983546875 0.39708671562500003 0.5820926515625 0.394715125 0.5788911453125001 0.393289125 0.577522284375 0.3936051515625 0.5450667328125001 0.41515438125 0.544614196875 0.4163414203125 0.539622228125 0.419650509375 0.5404208453125 0.42001167656250005 0.5395354578125 0.42237268749999995 0.542736965625 0.4237986875 0.546034153125 0.4224919296875 0.5464885578125 0.42131298125 0.55623334375 0.4136589296875 0.5801952625 0.39893788125 0.580637021875 0.3977533296875
0 0.5492239484375 0.4180645625 0.5473996390625 0.41645699687500004 0.5389425765625 0.416755784375 0.5303708421875 0.41818065625 0.5269053765625 0.4202337671875 0.52446993125 0.424683034375 0.5249991171875 0.42766364218749997 0.52793921875 0.4296784890625 0.5312620046875 0.4299086859375 0.5360609796875 0.4278290046875 0.53875316875 0.4292617765625 0.542796525 0.4289249828125 0.5447673921875 0.4280693390625 0.5473171140625 0.425639478125 0.5495030734374999 0.420847178125 0.5492239484375 0.4180645625
2 0.5461317015625 0.4197672625 0.542921284375 0.4183518421875 0.5313021375 0.4210343328125 0.5276480921875 0.42079537343749995 0.5098852390624999 0.4248962515625 0.48028798437500003 0.43389444218750006 0.47802295937499995 0.43657396718749997 0.47826024218749996 0.43760174999999996 0.481472528125 0.43902526093749994 0.48488929062499997 0.4382364390625 0.5117488234375001 0.42987030156249995 0.52815359375 0.42608296250000005 0.5318076390625001 0.42632192187499995 0.5441058265625001 0.4234826625 0.5463689828125 0.42079504375 0.5461317015625 0.4197672625
1 0.5179344671874999 0.3787210390625 0.5180320140625 0.375996371875 0.514819728125 0.374572859375 0.5123192890625 0.37623269375 0.511522540625 0.37587961875000003 0.511198490625 0.3775740140625 0.5084607671875 0.3782060671875 0.49416864218749995 0.375555828125 0.4870776765625 0.372871178125 0.4835432078125 0.37315015625000003 0.4812781828125 0.3758296796875 0.4831216078125 0.3775692171875 0.4825494953125 0.37823832031250004 0.48391835624999996 0.37792229375 0.491818715625 0.38096562500000003 0.502337221875 0.382858965625 0.50827645 0.3836529140625 0.514430934375 0.3822320390625 0.5155625125000001 0.38088823125000004 0.5163592609375 0.3812413046875 0.5179344671874999 0.3787210390625
1 0.5494398875 0.365497603125 0.540105925 0.36873508125 0.524390975 0.3723631625 0.52212781875 0.37505078125 0.5223651 0.3760785625 0.5255755171875001 0.3774939828125 0.541969509375 0.37370913125 0.5547202359375001 0.36968283125 0.556985259375 0.36700330625 0.556747978125 0.3659755234375 0.5535356921875 0.3645520125 0.5494398875 0.365497603125
0 0.5306043890625001 0.371738475 0.5272012484374999 0.369881675 0.524898103125 0.3695439375 0.5181209109375 0.3709721890625 0.5142984390625001 0.3710363609375 0.5073147625 0.37486494062500003 0.50566655 0.377265678125 0.503018109375 0.3807923671875 0.50268430625 0.38431317656249997 0.5048140078125 0.386063340625 0.5096513875 0.386608746875 0.5182803015624999 0.3838579578125 0.519912146875 0.382714046875 0.5208064515624999 0.3809817625 0.5253108281250001 0.380035609375 0.5296941890625 0.3779751640625 0.5312268687499999 0.3765984234375 0.5317669203125 0.374905303125 0.5306043890625001 0.371738475
2 0.52574905625 0.372049625 0.5156183453125001 0.374934028125 0.5111656828125 0.3743338984375 0.506262353125 0.3749289015625 0.480177540625 0.3804055125 0.47084357812500005 0.38364299062499996 0.46858042031249997 0.3863306078125 0.46881770312500004 0.387358390625 0.47202812187500004 0.388773809375 0.4813639515625 0.3855444234375 0.507446896875 0.38005972187500003 0.5154448046875 0.3803783859375 0.5269336 0.3771804453125 0.5291986234375 0.37450091875 0.5289613421875 0.3734731375 0.52574905625 0.372049625
1 0.5421320203125 0.31205926875 0.54350088125 0.3117432421875 0.542704134375 0.311390165625 0.5435984296874999 0.30901857499999996 0.5403861453125 0.3075950640625 0.5390172843750001 0.3079110890625 0.5300711140625001 0.3159263125 0.5287022546875 0.31624233749999997 0.5240671453125 0.321097146875 0.522698284375 0.3214131734375 0.514460225 0.3324955578125 0.51481708125 0.3340412765625 0.5180275 0.335456696875 0.5206367359375 0.3343172875 0.529562746875 0.32306755468750004 0.53512495625 0.3190812703125 0.5421320203125 0.31205926875
0 0.5152776125 0.32826641562500003 0.5070417218750001 0.32853971249999997 0.50376855 0.3309831609375 0.499721896875 0.331994121875 0.498077703125 0.33401886875 0.49934646406249994 0.339317775 0.502295325 0.3408788203125 0.50549035 0.34089983749999997 0.5121524140625 0.3386287046875 0.5162343078125 0.340081603125 0.51849521875 0.3418099984375 0.5230486140624999 0.34176460937500003 0.5276864875 0.3395772140625 0.5311685953125 0.3352357953125 0.5315726890625 0.33300295 0.5267954671874999 0.327653096875 0.5231658375 0.32604464218749996 0.51804794375 0.326595415625 0.5152776125 0.32826641562500003
1 0.6124281 0.594711378125 0.5850793546874999 0.6258901921875 0.5793328265625 0.635323321875 0.579687815625 0.63686095 0.5829001015624999 0.6382844609375 0.585400540625 0.6366246265625 0.5861972875 0.6369777015625 0.5896806609375 0.6302321890625 0.616792121875 0.5980255921875 0.6170092453125 0.5958188640625 0.613796959375 0.5943953515625 0.6124281 0.594711378125
2 0.5217683140625 0.332973478125 0.5198071828125 0.3307240953125 0.5131889125 0.33008691562500003 0.50578514375 0.33234175625 0.503499959375 0.33178676875 0.49859662968749996 0.332381771875 0.48276210312499995 0.33549191562499997 0.46317785312500004 0.3410958609375 0.460925475 0.3437809890625 0.46116088906249997 0.34480067812500004 0.4643623953125 0.34622667812499996 0.49214903281250005 0.338729065625 0.5033156421875 0.33723361406249996 0.5056116046875 0.3377861125 0.5136855046875 0.3353850875 0.518147075 0.33597463437499997 0.519515934375 0.3356586078125 0.5217683140625 0.332973478125
1 0.54675875 0.2915305375 0.542059896875 0.28991320625 0.5211841749999999 0.2898739984375 0.5072470375 0.2887613875 0.5064395125 0.28841079999999997 0.507690665625 0.287584928125 0.5068920484375 0.2872237609375 0.5077882125000001 0.2848602609375 0.5045759265624999 0.2834367484375 0.5025280265625 0.28390954375 0.496189225 0.29077726406250004 0.49425903125000004 0.2917599046875 0.49506842500000003 0.2921185859375 0.494172259375 0.2944820828125 0.49737376875 0.295908084375 0.5062659734375 0.2938551578125 0.5231654671875 0.2953578921875 0.542684975 0.2957187328125 0.544732875 0.2952459375 0.5469960328125001 0.2925583203125 0.54675875 0.2915305375
1 0.5045759265624999 0.2834367484375 0.5032070671875 0.283752775 0.49425903125000004 0.2917599046875 0.46780745156250003 0.30813829843749996 0.4670308625 0.31101973437499997 0.470243146875 0.3124432453125 0.4716120078125 0.3121272203125 0.49931474062500003 0.29492295625 0.5021392328125 0.2915687234375 0.507690665625 0.287584928125 0.5068920484375 0.2872237609375 0.5077882125000001 0.2848602609375 0.5045759265624999 0.2834367484375
0 0.5142931734375 0.2801875 0.506569765625 0.2806152546875 0.5038008703125 0.2822433015625 0.5008316203125001 0.2823150703125 0.4988209453125 0.2831458078125 0.49551845937500005 0.2859540375 0.49461784375000006 0.2886424796875 0.49025289218749996 0.29181533437499996 0.4893209703125 0.296335165625 0.491510459375 0.2983443 0.4980836046875 0.299179425 0.5017594671875 0.2971033125 0.5076872578125 0.29101241093749997 0.5129709953125 0.2904915421875 0.5155634171875 0.289279296875 0.5166435453125 0.2878109828125 0.517655225 0.28314487499999996 0.516856884375 0.2817522234375 0.5142931734375 0.2801875
2 0.46683816250000004 0.30079265624999996 0.4769707421875 0.2979163484375 0.48208041718750005 0.295117103125 0.4856148875 0.2948381265625 0.48947340781250004 0.29286475312500004 0.509856275 0.287621978125 0.51211943125 0.2849343609375 0.5118840171875 0.2839146703125 0.50867173125 0.2824911578125 0.49842144531250004 0.2848576234375 0.48760982343750003 0.287890703125 0.48374052343749996 0.2898665640625 0.4794074390625 0.28978437343749996 0.47578619843750003 0.29278552812499997 0.46496380000000004 0.2958210953125 0.4520085984375 0.3020597296875 0.449743571875 0.304739253125 0.44998085468750004 0.3057670375 0.4531931421875 0.30719054843750004 0.4552410421875 0.3067177546875 0.46683816250000004 0.30079265624999996
3 0.4923635359375 0.405159159375 0.4974056 0.420753528125 0.502836459375 0.428688715625 0.5120755203125 0.4687074875 0.5138012390625 0.46993718125 0.5194557343749999 0.49133147031249996 0.5204667390625 0.501906646875 0.51980785625 0.505297928125 0.5228887890625 0.5186429125 0.5312481984375 0.536165034375 0.53447964375 0.5532599796875 0.5384220671875 0.5609932578125 0.537321425 0.565569090625 0.5374273546875 0.5785183453125 0.53588495625 0.5842787296874999 0.53860903125 0.5960779953124999 0.5403549062499999 0.6005422 0.5446321609375 0.60657859375 0.5434358390625 0.6138871859374999 0.544586578125 0.6282148109375 0.552116434375 0.642143740625 0.5499817640625 0.6453387140625 0.55020726875 0.6588059078125 0.555993115625 0.668278725 0.5575635859375 0.67817919375 0.5598707968750001 0.6819767859375 0.563424425 0.69736924375 0.562776321875 0.700758034375 0.5636058765625 0.7043512265625 0.5662662078125 0.7096783531249999 0.5698217046875 0.725078903125 0.5750462187500001 0.7352183328125 0.5769426078125 0.7434325 0.5792587296875 0.7472195109374999 0.5807007140625 0.7566126234375 0.5846557828125001 0.7643515062499999 0.586927321875 0.7773378109375 0.5890061609374999 0.7800970390625 0.590782975 0.7877932671875 0.593187734375 0.7888661906250001 0.5960431625 0.788743984375 0.5989853609375 0.785899596875 0.5972085468749999 0.7782033687500001 0.5951297078125 0.775444140625 0.592847390625 0.7624603249999999 0.5889031 0.754718953125 0.587461115625 0.745325840625 0.58514499375 0.7415388296875001 0.583130896875 0.73281481875 0.578024090625 0.7231852328125 0.57446859375 0.7077846828125 0.5717974828125 0.7024600453125001 0.570967928125 0.698866853125 0.5716268109375 0.6954755734375 0.56795360625 0.6795651765625 0.5656374859375 0.6757781671875 0.5640759265625 0.665867115625 0.5580527953125001 0.65536651875 0.5582061765625 0.64668765 0.5607933843749999 0.6423056359375 0.5527889625 0.6263211421875 0.55175593125 0.6125033609375 0.5530610499999999 0.6057151953125001 0.5468006375 0.5941868125 0.5443138453125 0.5834153296875 0.5455429703125 0.5793468546875 0.5461498875 0.5570440234375 0.5425624546875001 0.5508483734375 0.539332878125 0.53376151875 0.5309715984375 0.51623130625 0.528010240625 0.5034042578125 0.5283990359375 0.495745078125 0.5270967859375 0.490104415625 0.5279910812499999 0.48773282343749996 0.5252003953125 0.4818902484375 0.5217663421875 0.467015728125 0.5200406234375 0.4657860359375 0.5110388453125 0.426795046875 0.5054884109375 0.4183419203125 0.500565921875 0.40326549062500006 0.4974338921875 0.38345396875 0.49805996874999997 0.376822571875 0.49064881875 0.350966565625 0.493162903125 0.3368754109375 0.48577378125 0.31426200937500004 0.4811978984375 0.2850492828125 0.4769206453125 0.2790128890625 0.4772226703125 0.2740758890625 0.4748197796875 0.27301105625 0.4719643515625 0.2731332640625 0.469020284375 0.275969559375 0.4683632703125 0.2793689328125 0.4731150890625 0.287460890625 0.4758593234375 0.3024946671875 0.4760426421875 0.30948474375 0.48145985312499995 0.3298512515625 0.4848428109375 0.33825923750000003 0.48221992968749994 0.3518299640625 0.4897380078125 0.37819830468750004 0.48911193124999996 0.3848297015625 0.4923635359375 0.405159159375
1 0.5808193937499999 0.635517140625 0.5810566765625 0.6365449234375 0.601877434375 0.6549833484375001 0.6154642265625 0.6702160687500001 0.619118271875 0.6704550296875 0.621383296875 0.66777550625 0.6211460140625 0.6667477234375 0.60950770625 0.6537587796875 0.5867384625 0.6330765765625 0.58308441875 0.632837615625 0.5808193937499999 0.635517140625
2 0.579572753125 0.6768826859375 0.570573621875 0.67842328125 0.5479923390625 0.680388890625 0.5457291828125 0.6830765078125001 0.5459664656250001 0.684104290625 0.5491768828125 0.6855197093750001 0.5793884359375 0.68232953125 0.5889924875 0.6833599515625 0.600363575 0.6796521656250001 0.60262673125 0.6769645484375 0.6023894484375 0.675936765625 0.5991790328125 0.6745213484375 0.589166028125 0.6779155953125 0.579572753125 0.6768826859375
0 0.6007641593749999 0.672535809375 0.5905850109374999 0.6750137125 0.5887021 0.6760536296875 0.5856395890625 0.6768032859375 0.583664859375 0.6791174468750001 0.5836377359375 0.6822946812499999 0.5865067140625 0.6854767046875 0.5893372875 0.6860336390625 0.5956009921875001 0.6845449296874999 0.601418509375 0.686483634375 0.6051708312499999 0.6849354140624999 0.6061872859374999 0.682748721875 0.60551519375 0.67521513125 0.603999140625 0.6730249515625 0.6007641593749999 0.672535809375
1 0.6009694921875 0.6697862578125 0.59960063125 0.670102284375 0.597346384375 0.6727793203125 0.5977013734375001 0.674316946875 0.5941870640625 0.6778304359375 0.5967404671875001 0.6826452296875 0.6008690765625 0.6849397546875 0.6059787515624999 0.682140509375 0.6069907546875 0.6802787640625 0.60616306875 0.6766936640625001 0.6044373515625 0.6754639703125 0.604179909375 0.6712016765625 0.6009694921875 0.6697862578125
2 0.5398685640625 0.610926046875 0.546819796875 0.6098582484375 0.5649174796875001 0.6040604859375 0.56741791875 0.6024006515625 0.5760620624999999 0.5993224296874999 0.5798136546875 0.5968367234375 0.580579465625 0.593957775 0.5773798265625001 0.5925398687500001 0.576010965625 0.5928558953125 0.5741984796875 0.5943483796875 0.565554334375 0.5974266 0.5630538953124999 0.5990864359375 0.5449562125 0.6048841984375 0.5380049812500001 0.605951996875 0.5274198640625001 0.610015346875 0.5251674859375 0.612700475 0.5254029 0.6137201640625001 0.5286044078125001 0.615146165625 0.5320211703125 0.61435734375 0.5398685640625 0.610926046875
1 0.54707985625 0.54548371875 0.5460458265625 0.5441028609375 0.5388245078125 0.5409027625 0.5270018828125 0.5333606640624999 0.5264424171875 0.5340353703125 0.5234674125 0.5336396406249999 0.5212150359375001 0.53632476875 0.5224863484375 0.5387334109374999 0.5255790578124999 0.539638984375 0.5332622953125 0.5448890453125 0.5462164984375 0.551087334375 0.547250528125 0.5524681921875 0.562372209375 0.5587116234375 0.5660243859375 0.558942490625 0.56827863125 0.5562654546875 0.567125025 0.5543666578125 0.54707985625 0.54548371875
1 0.6154990046875 0.5394139359375 0.6234641078125 0.5364924828125 0.6257291328125001 0.533812959375 0.62549185 0.5327851765625 0.6222795640625 0.5313616640625 0.619552621875 0.5319912296875 0.6143144609375 0.5342831171875 0.6020162734375 0.5371223781250001 0.584155871875 0.543947921875 0.564602559375 0.5527838890625 0.562339403125 0.55547150625 0.5625766859375 0.5564992875 0.565788971875 0.5579228015625 0.567836871875 0.5574500062500001 0.5860194562500001 0.548921971875 0.6038798578125 0.542096428125 0.6154990046875 0.5394139359375
0 0.55716704375 0.5561797640624999 0.5565502546875 0.5583764734375001 0.5591823984375 0.561860375 0.5641797265624999 0.562164275 0.5668211796875 0.5631314093750001 0.571236175 0.56268324375 0.5788085125 0.5599291859375 0.5810646109375 0.555981628125 0.5789959640625 0.5520863390625 0.5772882140625 0.551278703125 0.57388106875 0.5510765078125 0.571417228125 0.5487641765625 0.56951863125 0.5481625593749999 0.56695494375 0.5485157578125001 0.5623903671875 0.55106981875 0.55716704375 0.5561797640624999
2 0.5308447593750001 0.5686924531249999 0.5326553781250001 0.5671918765624999 0.5375587078125 0.5665968734375 0.5425506765625 0.563287784375 0.54700146875 0.5638798203125 0.5661439609375 0.5594604265625 0.5680722859375 0.5584696953125 0.5716733656249999 0.552234028125 0.5714360843749999 0.5512062453125 0.5682256671875 0.5497908265625 0.56685680625 0.550106853125 0.5649266109375 0.5510894937499999 0.562911515625 0.5548024046875 0.5465067453125 0.55858974375 0.54204330625 0.5579921031249999 0.5362564578125 0.560956209375 0.526006171875 0.563322675 0.522826690625 0.565139278125 0.5205616656250001 0.567818803125 0.5207989484375 0.568846584375 0.524011234375 0.5702700968750001 0.5308447593750001 0.5686924531249999
1 0.6344187812500001 0.7523172687499999 0.618650865625 0.7494707234375 0.61383430625 0.747343546875 0.6124654453125 0.7476595734375 0.6102130671875 0.750344703125 0.6106857640625 0.752392175 0.6124096140625 0.7536137765625 0.6184665484375 0.7549175671875 0.6401844703124999 0.7585555734375 0.6488614203124999 0.7587174671875 0.6622245765625 0.7604910890625 0.6642724796875 0.76001829375 0.6665375046875 0.7573387687500001 0.664576371875 0.755089384375 0.6344187812500001 0.7523172687499999
1 0.61968225 0.7103199984375 0.6164826125 0.7089020921875 0.6151137515625 0.70921811875 0.6124069671875 0.71308219375 0.60956883125 0.72886774375 0.6035638609375 0.7464755015625 0.603939009375 0.7512476390625 0.6071512953125 0.7526711515625 0.6085201546875 0.752355125 0.6107725328125 0.749669996875 0.61095685 0.74422315 0.616197878125 0.7295024328124999 0.620037240625 0.7118576265625001 0.61968225 0.7103199984375
0 0.6124921375 0.7444312937500001 0.60953351875 0.7440573546875 0.604540803125 0.74515034375 0.6027362140625 0.7460869390625 0.6014675375 0.7478204125000001 0.6008128171875 0.750639615625 0.602548190625 0.7540748265625 0.605910675 0.757083246875 0.6085358859375 0.7578325031250001 0.6127483828125 0.7568514484375 0.61789526875 0.75313153125 0.6206163171875 0.7522305578124999 0.624280221875 0.7478897890625 0.623881396875 0.7460639359375 0.62187313125 0.7442004953125 0.61630395625 0.742894909375 0.6124921375 0.7444312937500001
2 0.5606217390625 0.7569264890625 0.5583585828125 0.7596141078125 0.558593996875 0.760633796875 0.5618062828125 0.762057309375 0.6098782359375 0.7520415875 0.6144575140625 0.75314098125 0.6158263749999999 0.7528249546875 0.618080621875 0.7501479171875001 0.616237196875 0.7484083796875 0.616809309375 0.7477392765624999 0.6100625546875 0.7465947421875 0.5606217390625 0.7569264890625
1 0.661171609375 0.690478384375 0.6579701015625 0.6890523843749999 0.6552323796875 0.6896844375 0.6364556578125 0.69563896875 0.62201201875 0.7016756921875 0.6155334828125001 0.7047909609375 0.6132703265624999 0.707478578125 0.613507609375 0.7085063625 0.6167180265625001 0.70992178125 0.618765928125 0.7094489859374999 0.638319240625 0.7006130171875 0.65915464375 0.6941832046874999 0.6614070234375 0.6914980749999999 0.661171609375 0.690478384375
0 0.6031664953125 0.7107744578124999 0.6035805562500001 0.712912184375 0.6060073203125 0.715309790625 0.6087727921874999 0.7158306125 0.611076665625 0.7171058343750001 0.6162644125 0.7171526703125 0.6210264453125001 0.714322871875 0.62417111875 0.710093453125 0.6242627546875 0.7058187625000001 0.6222993156250001 0.702870934375 0.6183881578125 0.7018133468750001 0.6157355109375 0.7020762703125001 0.6097060890625 0.7061533703125 0.6065474359375 0.7070275125000001 0.6042960546875 0.7089793359375001 0.6031664953125 0.7107744578124999
2 0.62159041875 0.7060947546875 0.6213550046874999 0.705075065625 0.6181427187499999 0.703651553125 0.611901465625 0.7077946046875 0.6048306593749999 0.708344465625 0.60257828125 0.711029596875 0.595152484375 0.7100418296875 0.568377853125 0.715677696875 0.5543558140625 0.7172953578125 0.5520926562499999 0.719982975 0.5523299390624999 0.72101075625 0.55554035625 0.7224261750000001 0.5695623953125 0.720808515625 0.5956472078124999 0.71533190625 0.60604800625 0.7167154015625 0.6074168671875 0.7163993750000001 0.6102413578125 0.7130451437499999 0.6144548703125 0.7126093984375 0.616955309375 0.7109495625 0.62159041875 0.7060947546875
1 0.6421329296875 0.651630946875 0.642898740625 0.6487519984375 0.639697234375 0.6473259984374999 0.6383283734375 0.647642025 0.60857960625 0.665327178125 0.6081359796875 0.6665036375 0.6025737671875 0.6704899203125 0.6010004296875 0.6730182796874999 0.5964520890625 0.6751509125 0.5941870640625 0.6778304359375 0.5944243453125 0.6788582187500001 0.59763663125 0.6802817296875 0.6042328734375 0.6776763046875 0.6136226703125 0.6684846249999999 0.6421329296875 0.651630946875
1 0.6143426765625 0.7402023062499999 0.6157115359375 0.7398862796875 0.6182987453125001 0.735504265625 0.6183123921875 0.7230729484375 0.6201568156249999 0.7123755640625 0.6144347109375 0.7093748875 0.6092922296875 0.7089340140625 0.609056815625 0.7079143250000001 0.6059622375 0.7070006578125 0.6024277671875 0.7072796359375 0.5981167109375 0.7104400484375 0.5995366671875 0.71659055625 0.604796853125 0.7175412734375 0.6061657140625 0.717225246875 0.60841809375 0.7145401171875 0.6128815328125 0.7151377578125 0.6114460609375 0.721410475 0.6117672453125 0.732144909375 0.6107861781249999 0.737238678125 0.61114116875 0.73877630625 0.6143426765625 0.7402023062499999
1 0.5677839078125 0.550975378125 0.566415046875 0.5512914046875 0.564150021875 0.553970928125 0.5673148578125 0.5770225640625 0.5677556171875 0.5882749359375 0.57080374375 0.5983798046875 0.5740141609375 0.599795225 0.575383021875 0.5994791984375001 0.5776372671875001 0.5968021625000001 0.574589140625 0.58669729375 0.57169539375 0.5554766328125 0.570983546875 0.552393284375 0.5677839078125 0.550975378125
0 0.5762183203125 0.60290058125 0.581422734375 0.6025770328125 0.5840260734375 0.6011662125 0.5876152296875 0.5952231171875 0.5874416046875 0.5936350953125 0.586000434375 0.592211846875 0.5741725718749999 0.5912856765625001 0.5717352124999999 0.59189100625 0.5701740734375 0.5930953125 0.5678613421875001 0.5963058218749999 0.5684386906250001 0.6007244109375 0.573303396875 0.603010953125 0.5762183203125 0.60290058125
1 0.6350403171875 0.595977790625 0.6228288984375 0.5960948734375 0.5848056234375 0.5935276328125 0.5795454343750001 0.5925769171875 0.5791904453125001 0.5910392890625 0.5766679796874999 0.5894565203125001 0.5743827968749999 0.5889015328125 0.571645075 0.5895335859374999 0.5690269296875 0.5906835765625 0.5667726828124999 0.5933606124999999 0.5672472468749999 0.595416178125 0.568971096875 0.5966377781250001 0.573541465625 0.597747753125 0.62264458125 0.60154171875 0.637831003125 0.6018203671875 0.6391998640625001 0.601504340625 0.6414522421875 0.5988192109375 0.6394911109375 0.596569828125 0.6350403171875 0.595977790625
2 0.5903906390625 0.6333074453124999 0.587180221875 0.631892025 0.568607975 0.635634221875 0.5607624484375 0.6390736109375 0.5314981546875 0.6463668265625 0.529234996875 0.64905444375 0.5294704109375 0.6500741328124999 0.5326826984374999 0.6514976453125 0.551814409375 0.6470807421875 0.5673028578125 0.6424223875 0.5704823375 0.6406057828125 0.588364765625 0.63702284375 0.590627921875 0.6343352265625 0.5903906390625 0.6333074453124999
0 0.5804555812500001 0.6293188562500001 0.5782887 0.63104659375 0.5778274109375 0.6333267421875 0.5761544765625 0.6355712265625 0.5777257312499999 0.6391807140625 0.5785130203125 0.641607334375 0.5817681375 0.6434130687499999 0.5838603078125 0.6432795421875 0.590835953125 0.640842246875 0.5968432531250001 0.6375544734374999 0.598452803125 0.6348387468750001 0.59763661875 0.6315493359375 0.5963967921875 0.6303097546875 0.5932138265625 0.6291607703125 0.5900206734375 0.629147846875 0.586293321875 0.627902915625 0.5804555812500001 0.6293188562500001
1 0.6153949453124999 0.5264727734375 0.61343194375 0.524215296875 0.60898115 0.523623259375 0.604854409375 0.521336828125 0.5845053484375 0.517382796875 0.5712289625 0.5128869968750001 0.5593397265625 0.511301590625 0.5570873484375001 0.51398671875 0.5590377015625 0.516238590625 0.5667115578125 0.5182516515625 0.5680696421875 0.5179381140625 0.5790627109375001 0.5218870171875001 0.5804315718749999 0.5215709921875 0.592782725 0.525206359375 0.6025026140625 0.52673853125 0.6081070140625 0.5292293625 0.61312991875 0.529152296875 0.6153949453124999 0.5264727734375
0 0.5496574937500001 0.51017840625 0.5516987453125 0.5182824109374999 0.5571355796875 0.521178465625 0.5621601953125 0.520026965625 0.5664291765625 0.5193397375 0.570108915625 0.5170837234375 0.57337273125 0.5133211984375 0.572554246875 0.50997265 0.57077133125 0.5087902578125 0.566284034375 0.50813845625 0.562381096875 0.509329340625 0.5617987484375 0.507298659375 0.5594953046875 0.5060744828125 0.5520212453125 0.507041359375 0.5502162296875001 0.5085662156249999 0.5496574937500001 0.51017840625