2 0.511086915625 0.7047769640625 0.472045765625 0.700887946875 0.434505865625 0.6942675828125 0.4208434875 0.6906904625 0.4181624453125 0.6923643625 0.4180795953125 0.69331134375 0.42228707343750005 0.6960612671875 0.4378384421875 0.6998036546875 0.4709958765625 0.7055597296875 0.5447560390625 0.7120129078125 0.559919015625 0.7128661390625 0.5626100015625 0.711193109375 0.5626928515625 0.710246128125 0.5603326140625 0.7081386875 0.511086915625 0.7047769640625
2 0.60899890625 0.377003396875 0.6090817562499999 0.3760564171875 0.60672151875 0.37394897656250004 0.572012446875 0.3713856859375 0.5538118437499999 0.3688391078125 0.48136536249999995 0.3620275046875 0.4516140671875 0.3608521921875 0.4376209390625 0.3610555390625 0.43442755312500003 0.3612570265625 0.431737221875 0.3629225984375 0.431654371875 0.3638695796875 0.43401395468750004 0.3659844765625 0.45120046875 0.3655796421875 0.48095176406249995 0.36675495625 0.5923976453125 0.37793279375 0.6063079203124999 0.378676428125 0.60899890625 0.377003396875
2 0.581320034375 0.47557991250000003 0.5789604500000001 0.47346501406249997 0.577071459375 0.4732997484375 0.5616499890625 0.4752865921875 0.466505778125 0.4664891953125 0.4320035046875 0.461562178125 0.4293125203125 0.4632352078125 0.42922967031250003 0.4641821890625 0.43158990625 0.466289628125 0.4660921796875 0.471216646875 0.5618726828125 0.4800697125 0.5785468515625001 0.478192465625 0.581237184375 0.47652689375 0.581320034375 0.47557991250000003
2 0.5701774296875 0.595611934375 0.5593770359375 0.595621253125 0.538661090625 0.5928546125 0.47878004687500003 0.5876157 0.45616516718750005 0.5846829234375 0.42119165000000003 0.5778137328125 0.4185106078125 0.5794876312499999 0.418428409375 0.5804271562500001 0.42077805156250003 0.5825411828125 0.43385517812499996 0.58559374375 0.46516471875 0.590714790625 0.5382474921875 0.5975820625 0.5589634375 0.600348703125 0.56976383125 0.6003393859374999 0.5724548171875 0.5986663578125 0.5725370140625 0.5977268312499999 0.5701774296875 0.595611934375
0 0.6058439812499999 0.37149789843750003 0.59821993125 0.3700118953125 0.595532653125 0.369581434375 0.5931852828124999 0.3705331640625 0.590197890625 0.37399104375 0.5904422406250001 0.376236453125 0.5954044015625 0.3807805359375 0.5998437812499999 0.3811088234375 0.6034117828125 0.3824653765625 0.6056429015625 0.3822698671875 0.6096596484375 0.37987129999999997 0.61048791875 0.377389134375 0.610149809375 0.37587185624999997 0.6058439812499999 0.37149789843750003
0 0.5874874796875 0.477111290625 0.585236396875 0.47581735781249995 0.5846221015624999 0.47299108749999996 0.5807187328125 0.470658478125 0.573174115625 0.47101274843749996 0.570506825 0.47161340156250003 0.5672660015625001 0.47487629687500005 0.5673413640625 0.4766485921875 0.5693341625 0.47997865937500006 0.57310314375 0.48384731875 0.5779130171875 0.486582321875 0.5801806140625 0.486885903125 0.584753546875 0.48603120781250003 0.5864149390625 0.4845611328125 0.5868471703125 0.48179636718749996 0.5883352171875 0.47910143281249995 0.5874874796875 0.477111290625
0 0.5759539515625 0.5957716875 0.5735315328125 0.595176559375 0.572549484375 0.59334748125 0.5710151984375 0.5923341546875001 0.569052384375 0.591982103125 0.564288284375 0.59261720625 0.5611441390625 0.5924848875000001 0.556973875 0.594576990625 0.556108315625 0.5964548062499999 0.5569396671875 0.600006346875 0.5602149125 0.6019609171875 0.5642712484375 0.605636821875 0.5680563828125 0.606343659375 0.573690975 0.6059500156250001 0.5787802140625 0.6027436453125 0.58036293125 0.600455215625 0.5800114875 0.5984033046875 0.5759539515625 0.5957716875
0 0.56767873125 0.7132595078125 0.5646642765625 0.7110722890625001 0.564977515625 0.7085225234375 0.563020990625 0.706495484375 0.560241490625 0.705515975 0.55583890625 0.705912215625 0.5527645390625 0.705440375 0.54933985 0.7061100109375 0.54434674375 0.706958 0.5425173 0.7086312671874999 0.542593915625 0.71130530625 0.546069203125 0.7150956765625 0.5485171953125 0.715971046875 0.5529539890625 0.7158708296875 0.5590236843749999 0.7195500671875 0.5637156875 0.7199680765625 0.5660361546875 0.7192093484375001 0.568314684375 0.7164107578125 0.568560078125 0.714636471875 0.56767873125 0.7132595078125
1 0.6146321296874999 0.348914425 0.6288108609374999 0.3320470765625 0.6288937109375 0.3311000953125 0.626533475 0.328992653125 0.6252807765624999 0.32888305624999997 0.6219223421875 0.33097105 0.6084117109375 0.3474159796875 0.59881295625 0.3627755640625 0.595667275 0.3696458078125 0.5952125781250001 0.3748430203125 0.5975721609375 0.37695791875 0.5988248609375 0.37706751562499996 0.6015158453125 0.375394484375 0.60192944375 0.370667034375 0.6087643078125 0.357928328125 0.6146321296874999 0.348914425
1 0.6275858546874999 0.41864709375000003 0.630028290625 0.419815009375 0.6327093328125 0.41814111093750006 0.6322897796875 0.4157225859375 0.6310682390625 0.41514235624999996 0.624246675 0.4059725046875 0.624329525 0.40502552343750003 0.61797920625 0.39779784687499997 0.61806205625 0.39685086406250003 0.606696315625 0.3815655828125 0.6048901734375 0.3804533375 0.6009305953124999 0.374869925 0.6002532031250001 0.37528401875 0.5978207109375 0.3741169734375 0.595129728125 0.37579000156250003 0.595549278125 0.37820852656250004 0.5973653609375 0.37932164375 0.6071317609375 0.391130953125 0.6126900296875 0.40019779375000003 0.6190410015625 0.4074180140625 0.6189581515625 0.4083649953125 0.62017969375 0.40894522499999997 0.6270006046875001 0.41812253281249995 0.6269177546875 0.41906951562500006 0.6275858546874999 0.41864709375000003
1 0.583738678125 0.43339214843749996 0.5824760359375001 0.43328168125 0.57979499375 0.43495558125 0.578951903125 0.4372636390625 0.573939075 0.4582614359375 0.57240863125 0.47575449531249997 0.57476886875 0.477861934375 0.576031509375 0.4779724015625 0.5787118984374999 0.47630595937500003 0.581416184375 0.45272437343750005 0.5859332125 0.4373935515625 0.5860982609375001 0.4355070453125 0.583738678125 0.43339214843749996
1 0.57918314375 0.47824813437499997 0.576492159375 0.47992116406249996 0.576409309375 0.4808681453125 0.58794605 0.5014128953125 0.599824134375 0.5181705875 0.6028929187500001 0.519393303125 0.6055839015625 0.5177202734375 0.6045691578125 0.51477631875 0.5926499749999999 0.49848838593749994 0.5833806781249999 0.48099718906250005 0.5822519265625 0.47947084687499997 0.57918314375 0.47824813437499997
1 0.592398615625 0.5885021218750001 0.60428005625 0.5833503906249999 0.6063446906250001 0.5816225609375001 0.6196127234375 0.5751645515625 0.6215428140625 0.5748600546875 0.620958215625 0.5743280375 0.6223759624999999 0.572551128125 0.620026321875 0.5704371015625 0.6181373296875 0.5702718359375 0.5882322375 0.5852824359375 0.586302146875 0.5855869328125001 0.5848738046874999 0.5873704296875 0.5775305890625 0.5914916171875 0.5706069234375 0.598031328125 0.5705240734375 0.598978309375 0.5728737140625 0.6010923375 0.5754818484374999 0.6003662890625 0.5760670984375 0.6008908500000001 0.58366815625 0.59393704375 0.592398615625 0.5885021218750001
1 0.5710264734375 0.600449853125 0.5686768328125 0.5983358265625001 0.5674141890625 0.598225359375 0.5639729078125 0.601260334375 0.560744375 0.6090775578125001 0.5578624875 0.6202611578125 0.554413203125 0.6523581203125 0.5567734390625 0.654465559375 0.55803608125 0.6545760265625 0.5607264125 0.6529104546875 0.5641657546875 0.6208126218750001 0.5670058906250001 0.610106240625 0.5709025249999999 0.601866596875 0.5710264734375 0.600449853125
1 0.5769478265625 0.685293278125 0.5770306765625 0.684346296875 0.5746710937499999 0.6822314 0.5734084515625 0.682120934375 0.5714366109375 0.68290265 0.568579925 0.6864696421875001 0.5597831625 0.6999909328125 0.5565135328124999 0.70827791875 0.5563478328125 0.7101718828125 0.55870806875 0.7122793234375 0.5599607671875 0.7123889203125 0.5626511 0.7107233468749999 0.564493040625 0.7042124000000001 0.5683068234374999 0.6969197359375 0.5769478265625 0.685293278125
1 0.567176025 0.7316013578125 0.5661142296875 0.7219811921875 0.56358299375 0.7146142828125 0.5606799109375 0.7114976078125 0.5594172671875 0.7113871406250001 0.556726284375 0.71306016875 0.5566023343750001 0.7144769125 0.5597281125 0.7223767078125001 0.560831659375 0.7315196578125 0.56390639375 0.7398883453125 0.5648535296875 0.7509335828125 0.5672038234375 0.753040153125 0.568466465625 0.7531506203125 0.5711567984375 0.751485046875 0.5702507609375 0.739970046875 0.567176025 0.7316013578125
3 0.48506839062499996 0.7915896484375 0.4883850734375 0.789978875 0.488674721875 0.7866681671875 0.48667909062500003 0.7440942046875 0.49289961250000003 0.6803218296875 0.49478070937499996 0.6442782625000001 0.50574171875 0.518993359375 0.5079694578125 0.486316165625 0.5079482640624999 0.4720158890625 0.517759221875 0.3961751875 0.523940059375 0.281900290625 0.5221750187499999 0.28031828124999997 0.5196908328125 0.27962758593750003 0.5163741515625 0.28123835937499997 0.5101515625 0.3959904765625 0.5088696671874999 0.4106425921875 0.5014574484375001 0.45906556875 0.4981758078125 0.5183314265625001 0.4872148 0.64361633125 0.48533370312499996 0.6796598984375 0.4791131796875 0.7434322734375 0.4808191625 0.78931694375 0.48258420625 0.7908989515625 0.48506839062499996 0.7915896484375