2 0.483218884375 0.6429468593750001 0.4703004296875 0.643961353125 0.43696351875 0.643961353125 0.434238196875 0.646006440625 0.434238196875 0.6470289859375 0.43696351875 0.6490740734375 0.4703004296875 0.6490740734375 0.4879828328125 0.6480515296875 0.4907081546875 0.646006440625 0.4907081546875 0.644983896875 0.4879828328125 0.6429468593750001 0.483218884375 0.6429468593750001
1 0.5049892703125 0.5949597421874999 0.4975107296875 0.5944444437499999 0.4879828328125 0.5924074078125 0.48526824062499996 0.5944444437499999 0.486620171875 0.5969967796875 0.4907081546875 0.5985265703125 0.4975107296875 0.5995491140625 0.5288090125 0.6000644125 0.532886265625 0.5990418671875 0.5356115875 0.5969967796875 0.5356115875 0.5959742343750001 0.532886265625 0.5939371984374999 0.5281223171875 0.5949597421874999 0.5049892703125 0.5949597421874999
1 0.49818669531250004 0.56789855 0.498873390625 0.5617713359375001 0.502274678125 0.5561594203125 0.502274678125 0.5546296296875 0.49954935625 0.5525845406250001 0.49818669531250004 0.5525845406250001 0.49614806875 0.5536070859375 0.492070815625 0.5607487921875001 0.4913841203125 0.56687600625 0.4845815453125 0.582190015625 0.48186695312500005 0.591892109375 0.48186695312500005 0.5934219 0.4845815453125 0.5954669890625001 0.48594420625 0.5954669890625001 0.488669528125 0.5934219 0.492070815625 0.580660225 0.49818669531250004 0.56789855
0 0.46994635156250003 0.5926570046874999 0.46884120156250003 0.5959098234375 0.470675965625 0.5982930750000001 0.47418455000000004 0.5991062796875 0.48124463593750005 0.598800321875 0.48906652343749996 0.60052335 0.49365879843749993 0.5985990343750001 0.4948497859375 0.59503220625 0.49315450624999996 0.5923752015625 0.4949248921875 0.5910628015625 0.4955257515625 0.5895491140625 0.49405579375 0.58700483125 0.4913412015625 0.5862077296875 0.4861802578125 0.5868357484375 0.48051502187499995 0.5896618359375 0.4756223171875 0.5897101453125 0.46994635156250003 0.5926570046874999
2 0.483218884375 0.5949597421874999 0.488669528125 0.5975120765625 0.490021459375 0.5975120765625 0.49274678125 0.5954669890625001 0.4913841203125 0.592914653125 0.4845815453125 0.589855071875 0.47574034374999996 0.591892109375 0.47301502187500005 0.59036231875 0.4614484984375 0.589855071875 0.41995708125000003 0.5939371984374999 0.417231759375 0.5944444437499999 0.41450643749999994 0.5964895328125001 0.41450643749999994 0.5975120765625 0.417231759375 0.5995491140625 0.41995708125000003 0.5995491140625 0.44716738125 0.5959742343750001 0.46213519375 0.5949597421874999 0.471663090625 0.5954669890625001 0.47437768281250003 0.5969967796875 0.483218884375 0.5949597421874999
1 0.495472103125 0.566368759375 0.4873068671875 0.5617713359375001 0.48526824062499996 0.5587117546875 0.47846566562500004 0.5536070859375 0.47574034374999996 0.5495169078125001 0.475064378125 0.55003220625 0.47233905624999994 0.5490096624999999 0.46961373437500004 0.55105475 0.46961373437500004 0.55206924375 0.47437768281250003 0.5581964578124999 0.47914163125 0.561264090625 0.4839055796875 0.56687600625 0.488669528125 0.5689210953125 0.493422746875 0.572495975 0.4968347640625 0.57351851875 0.49954935625 0.5714734296875 0.498873390625 0.569428340625 0.495472103125 0.566368759375
1 0.492070815625 0.514291465625 0.488669528125 0.5168518515625 0.4845815453125 0.5234863125 0.4668991421875 0.5454347828125 0.4668991421875 0.5464573265625 0.46961373437500004 0.548502415625 0.47301502187500005 0.547479871875 0.47437768281250003 0.54595008125 0.49614806875 0.5173590984375 0.49614806875 0.5163365546875001 0.493422746875 0.514291465625 0.492070815625 0.514291465625
1 0.5083905578125 0.4560950078125 0.5083905578125 0.4550724640625 0.505675965625 0.4530354265625 0.5043133046875 0.4530354265625 0.5009120171875 0.4555877609375 0.48934549374999997 0.47345410625 0.47777897031250005 0.48519323593749997 0.471663090625 0.4897906609375 0.4709763953125 0.4918357484375 0.47370171718750004 0.49387278593749995 0.47641630937499996 0.49336553906249997 0.4845815453125 0.487238325 0.4845815453125 0.48621578125 0.4947854078125 0.47651368749999995 0.5083905578125 0.4560950078125
0 0.48269313281250004 0.48402576562500005 0.471866953125 0.48346215781249996 0.46864806875 0.48409017656250003 0.4670064375 0.485080515625 0.46606223125 0.4893961359375 0.469774678125 0.493043478125 0.4713090125 0.4962560390625 0.4758476390625 0.497761675 0.4783905578125 0.49767310781249996 0.482972103125 0.4944363921875 0.48324034375 0.49083735937500006 0.48560085781250006 0.4882447671875 0.48563304687500003 0.48608695625 0.48269313281250004 0.48402576562500005
2 0.47574034374999996 0.49591787500000006 0.47710300468750005 0.49591787500000006 0.479817596875 0.49387278593749995 0.47437768281250003 0.48570853437499995 0.47233905624999994 0.48468599062499995 0.462811159375 0.48468599062499995 0.41450643749999994 0.487745571875 0.410429184375 0.488768115625 0.4077038625 0.4908132046875 0.4077038625 0.4918357484375 0.410429184375 0.49387278593749995 0.4124678109375 0.49387278593749995 0.41519313281250003 0.49285024218749995 0.4321995703125 0.4913204515625 0.46961373437500004 0.4897906609375 0.47370171718750004 0.49489532968749994 0.47574034374999996 0.49591787500000006
1 0.4580472109375 0.47345410625 0.46213519375 0.45814009687499996 0.466212446875 0.448438003125 0.4703004296875 0.44231078906250004 0.47641630937499996 0.435676328125 0.47641630937499996 0.434653784375 0.47370171718750004 0.43261674687499996 0.47233905624999994 0.43261674687499996 0.4709763953125 0.433631240625 0.4703004296875 0.43312399375000005 0.4703004296875 0.43414653750000004 0.46484978593750004 0.4392512078125 0.45600858437499997 0.4550724640625 0.4539699578125 0.4647745578125 0.45124463593749997 0.47192431562500003 0.45124463593749997 0.47345410625 0.4539699578125 0.47549919531249996 0.45533261875 0.47549919531249996 0.4580472109375 0.47345410625
1 0.492070815625 0.4004508859375 0.4907081546875 0.4004508859375 0.488669528125 0.4014734296875 0.486620171875 0.40453301093749994 0.48118025781249996 0.4172946859375 0.4703004296875 0.4351690828125 0.4703004296875 0.436183575 0.47301502187500005 0.4382286640625 0.47641630937499996 0.43720611875 0.48254291875 0.4280193234375 0.4947854078125 0.404025765625 0.4947854078125 0.402495975 0.492070815625 0.4004508859375
0 0.4701931328125 0.42967793906249996 0.4667703859375 0.43102254375 0.46521459218750005 0.43281803593749996 0.46498927031250004 0.43739935625 0.466534334375 0.44055555625 0.470311159375 0.44159420312500003 0.47579399218749996 0.44103059531250005 0.48114806874999994 0.4393317234375 0.483336909375 0.43558776093749996 0.48283261875 0.4330917875 0.4806652359375 0.4302576484375 0.4777575109375 0.429098228125 0.4701931328125 0.42967793906249996
2 0.47370171718750004 0.4392512078125 0.475064378125 0.4392512078125 0.47777897031250005 0.43720611875 0.475064378125 0.43210145000000005 0.47301502187500005 0.4310789046875 0.42539699531249997 0.4300644125 0.3975 0.43159420312499996 0.3954613734375 0.43210145000000005 0.3927360515625 0.43414653750000004 0.3927360515625 0.4351690828125 0.3954613734375 0.43720611875 0.4090665234375 0.435676328125 0.42607296093749997 0.4351690828125 0.4634978546875 0.435676328125 0.4703004296875 0.436183575 0.471663090625 0.4382286640625 0.47370171718750004 0.4392512078125
1 0.5240450640625001 0.36930756875 0.525407725 0.3667552328125 0.5226824031249999 0.364718196875 0.5213197421875 0.364718196875 0.5151931328125 0.36727053125000003 0.4975107296875 0.371859903125 0.48118025781249996 0.3739049921875 0.4675751078125 0.3739049921875 0.46484978593750004 0.37595008124999996 0.46484978593750004 0.3769645734375 0.4675751078125 0.3790096625 0.48186695312500005 0.3790096625 0.5009120171875 0.3764573265625 0.5145171671875 0.3728824484375 0.5240450640625001 0.36930756875
1 0.446491415625 0.350933978125 0.4362768234375 0.3402093390625 0.4328755359375 0.33970209375 0.43016094374999997 0.3417391296875 0.43083690937499997 0.344291465625 0.434238196875 0.3463365546875 0.44036480625 0.3534863125 0.4573712453125 0.3662479875 0.46553648125 0.3779871171875 0.46893776875000004 0.3790096625 0.471663090625 0.3769645734375 0.471663090625 0.37595008124999996 0.46213519375 0.3626731078125 0.446491415625 0.350933978125
0 0.47290772499999995 0.3721336546875 0.467725321875 0.37050724687500003 0.4649463515625 0.37095008125 0.46138412031250003 0.3733816421875 0.46055794062500005 0.3752254421875 0.461169528125 0.3770370375 0.46064377656250005 0.3788566828125 0.4615987125 0.3806360703125 0.4645600859375 0.38282608749999997 0.4697854078125 0.3852576484375 0.47389485000000003 0.3842834140625 0.4823497859375 0.38398550781249996 0.48430257499999996 0.382479871875 0.48535407656249996 0.37961352656249997 0.48503218906249995 0.37778582968749996 0.4834120171875 0.37639291406250003 0.474592275 0.3759661828125 0.47290772499999995 0.3721336546875
2 0.471663090625 0.3779871171875 0.471663090625 0.3739049921875 0.46893776875000004 0.371859903125 0.4675751078125 0.371859903125 0.46484978593750004 0.3739049921875 0.4641738203125 0.3764573265625 0.41586909843750003 0.37951690781249997 0.4049892703125 0.382584540625 0.403626609375 0.3851368765625 0.40635193125 0.3871739125 0.4077038625 0.3871739125 0.41655579375 0.38462157812500003 0.46553648125 0.38156199687500003 0.4703004296875 0.37951690781249997 0.471663090625 0.3779871171875
1 0.4845815453125 0.3248953296875 0.475064378125 0.3213204515625 0.46553648125 0.3192834140625 0.462811159375 0.3213204515625 0.462811159375 0.3223429953125 0.4641738203125 0.3238727859375 0.4668991421875 0.3248953296875 0.47233905624999994 0.32591787499999997 0.4941094421875 0.3330676328125 0.49614806875 0.3330676328125 0.498873390625 0.33102254375 0.4975107296875 0.328470209375 0.493422746875 0.32694041875 0.4845815453125 0.3248953296875
1 0.4947854078125 0.292222221875 0.493422746875 0.292222221875 0.47574034374999996 0.30447665 0.462811159375 0.317745571875 0.4607725328125 0.318768115625 0.46009656718749997 0.3213204515625 0.462811159375 0.3233655390625 0.46553648125 0.3223429953125 0.466212446875 0.3228502421875 0.47914163125 0.3095813203125 0.4968347640625 0.2963043484375 0.4975107296875 0.29426731093749997 0.4947854078125 0.292222221875
0 0.4537553640625 0.31589372031249996 0.45320815468750003 0.317745571875 0.4539270390625 0.3213929140625 0.458712446875 0.3255314015625 0.46577253281250003 0.326972625 0.46921673750000004 0.326328503125 0.47123390625 0.3248792265625 0.47168455 0.32174718125 0.470386265625 0.318832528125 0.46877682343749993 0.31667471875 0.46376609375 0.31289855 0.45933476406249996 0.3123752015625 0.45698497812500005 0.31293075625 0.4537553640625 0.31589372031249996
2 0.4566952796875 0.315708534375 0.4090665234375 0.315708534375 0.39138412031250003 0.31723832500000004 0.3886587984375 0.3192834140625 0.3886587984375 0.32029790625 0.39138412031250003 0.3223429953125 0.40975321875 0.32081320468749996 0.45533261875 0.32081320468749996 0.46553648125 0.324388084375 0.4675751078125 0.324388084375 0.4703004296875 0.3223429953125 0.46825107343749994 0.3192834140625 0.4566952796875 0.315708534375
3 0.45193133124999996 0.6858293078125001 0.4614484984375 0.7144122390625001 0.466212446875 0.742495975 0.46825107343749994 0.744025765625 0.4709763953125 0.7445330109375 0.47437768281250003 0.742495975 0.47370171718750004 0.7358534624999999 0.46893776875000004 0.71135265625 0.46009656718749997 0.6853140093750001 0.452607296875 0.6475362312499999 0.4580472109375 0.62661030625 0.4580472109375 0.6220128828125 0.4539699578125 0.591892109375 0.452607296875 0.572495975 0.44444205937500003 0.5454347828125 0.4451287546875 0.42393719843750005 0.4321995703125 0.288140096875 0.43152360468750006 0.2835426734375 0.4294742484375 0.28201288281250003 0.42675965624999995 0.2815056359375 0.42335836875000005 0.2835426734375 0.42335836875000005 0.288140096875 0.43696351875 0.42444444375 0.4362768234375 0.54595008125 0.44444205937500003 0.5730032203125 0.446491415625 0.5985265703125 0.449892703125 0.6220128828125 0.449892703125 0.6260950078125 0.44444205937500003 0.644983896875 0.44444205937500003 0.6480515296875 0.45193133124999996 0.6858293078125001
2 0.47641630937499996 0.55206924375 0.47370171718750004 0.5454347828125 0.46893776875000004 0.5428824484375 0.4634978546875 0.541859903125 0.43492489218749997 0.541859903125 0.407027896875 0.5439049921875 0.404302575 0.54595008125 0.404302575 0.5469645734374999 0.407027896875 0.5490096624999999 0.43492489218749997 0.5469645734374999 0.462811159375 0.5469645734374999 0.4675751078125 0.5479871171874999 0.46961373437500004 0.55206924375 0.47233905624999994 0.55411433125 0.47370171718750004 0.55411433125 0.47641630937499996 0.55206924375
1 0.47710300468750005 0.4908132046875 0.47574034374999996 0.4908132046875 0.47301502187500005 0.49285024218749995 0.47437768281250003 0.5005152984375 0.48050429218749996 0.515314009375 0.486620171875 0.52654589375 0.4907081546875 0.528075684375 0.493422746875 0.526038646875 0.493422746875 0.52450885625 0.4845815453125 0.5081723031250001 0.48118025781249996 0.5 0.479817596875 0.49285024218749995 0.47710300468750005 0.4908132046875
0 0.4738197421875 0.53990338125 0.46901287500000005 0.540772946875 0.46464592343750005 0.5403059578125 0.46093347656250006 0.5413929140625 0.45927038593749997 0.5429227046875 0.4581652359375 0.5454589375000001 0.4587553640625 0.5473268921875001 0.4636802578125 0.550837359375 0.46668455 0.5515217390625 0.46869098749999993 0.5544685984375 0.4750321890625 0.5557809984375 0.478379828125 0.5545652171875 0.480118025 0.54947665 0.4782081546875 0.545660225 0.478669528125 0.54299516875 0.4765236046875 0.540676328125 0.4738197421875 0.53990338125
1 0.539688840625 0.7317713359375 0.486620171875 0.735346215625 0.4839055796875 0.7373913046875 0.4839055796875 0.7384138484375 0.486620171875 0.7404508859375001 0.4913841203125 0.7404508859375001 0.5220064375 0.7378985499999999 0.5451287546875 0.7368760062499999 0.5478540765625 0.73483896875 0.5478540765625 0.733816425 0.5451287546875 0.7317713359375 0.539688840625 0.7317713359375
1 0.48594420625 0.7322866343750001 0.48526824062499996 0.72105475 0.479817596875 0.7067552328125 0.47846566562500004 0.6985909828125 0.47574034374999996 0.69654589375 0.47437768281250003 0.69654589375 0.471663090625 0.6985909828125 0.471663090625 0.7006360703125 0.47301502187500005 0.7072705312500001 0.47846566562500004 0.721561996875 0.47914163125 0.7333011265625 0.48186695312500005 0.7384138484375 0.4845815453125 0.7404508859375001 0.48594420625 0.7404508859375001 0.488669528125 0.7384138484375 0.488669528125 0.7368760062499999 0.48594420625 0.7322866343750001
0 0.48057939843749997 0.7399919484375 0.48446351875 0.7441223828125 0.4911373390625 0.7446940421875 0.49656652343749996 0.74279388125 0.49802575156250006 0.738832528125 0.49437768281250005 0.734194846875 0.4903218890625 0.7334380031250001 0.487907725 0.7320450890625 0.48306866875 0.73167471875 0.47996781093749996 0.73299516875 0.478261803125 0.736264090625 0.4784978546875 0.7383494359375 0.48057939843749997 0.7399919484375
2 0.49274678125 0.7373913046875 0.49274678125 0.736368759375 0.490021459375 0.734323671875 0.488669528125 0.734323671875 0.48118025781249996 0.7368760062499999 0.47574034374999996 0.7373913046875 0.44784334687499994 0.7389210953124999 0.4294742484375 0.7384138484375 0.42675965624999995 0.7404508859375001 0.42675965624999995 0.7414734296875001 0.4294742484375 0.74351851875 0.43696351875 0.744025765625 0.48254291875 0.7419806765625 0.4907081546875 0.739428340625 0.49274678125 0.7373913046875
1 0.48186695312500005 0.69552335 0.47914163125 0.6950161031250001 0.47641630937499996 0.6970611921875001 0.47641630937499996 0.6985909828125 0.49274678125 0.7118599031249999 0.5049892703125 0.72411433125 0.505675965625 0.7236070859375 0.5083905578125 0.7246296296875 0.5111158796875 0.722584540625 0.5104399140625 0.72003220625 0.498873390625 0.7103301125 0.495472103125 0.7062479875000001 0.48186695312500005 0.69552335
1 0.49274678125 0.6929710140625 0.479817596875 0.6924637687499999 0.47710300468750005 0.6945088562499999 0.47710300468750005 0.69552335 0.479817596875 0.6975684375 0.4913841203125 0.698075684375 0.5356115875 0.707777778125 0.5376502140625 0.707777778125 0.54036480625 0.705740740625 0.54036480625 0.704718196875 0.5376502140625 0.7026731078124999 0.51315450625 0.698075684375 0.49274678125 0.6929710140625
0 0.49321888437499994 0.6937278578125 0.49428111562500004 0.6910386468749999 0.4918133046875 0.6870450890625001 0.48946351874999994 0.68569243125 0.47914163125 0.6870128828125 0.475343346875 0.6874557171875 0.47303648125000003 0.6892190015625 0.47265021406249996 0.6926328500000001 0.4742489265625 0.694605475 0.47276824062499995 0.6981320453125 0.4736158796875 0.699621578125 0.47692060156249994 0.7018196453125001 0.48183476406250003 0.702383253125 0.48498927031249994 0.7009581328125 0.487231759375 0.6960789046875 0.49016094375 0.6956199671875 0.49321888437499994 0.6937278578125
2 0.48050429218749996 0.7001207734375 0.483218884375 0.698075684375 0.48526824062499996 0.6899114328125 0.48254291875 0.6878663453125 0.475064378125 0.6878663453125 0.43696351875 0.6894041875 0.41859442031249994 0.6888888890625 0.41586909843750003 0.690933978125 0.41586909843750003 0.691956521875 0.41859442031249994 0.693993559375 0.42403433437500004 0.6945088562499999 0.47710300468750005 0.6929710140625 0.47777897031250005 0.6934863124999999 0.47641630937499996 0.698075684375 0.47914163125 0.7001207734375 0.48050429218749996 0.7001207734375
1 0.48526824062499996 0.6526409015625 0.48594420625 0.6454991953125 0.483218884375 0.64345410625 0.48186695312500005 0.64345410625 0.47914163125 0.6454991953125 0.47846566562500004 0.6490740734375 0.48050429218749996 0.6613204515625 0.493422746875 0.6873590984375 0.49614806875 0.6914412234375 0.49954935625 0.6924637687499999 0.502274678125 0.6904186796875 0.502274678125 0.6894041875 0.49614806875 0.6791867953125 0.4873068671875 0.6602979062500001 0.48526824062499996 0.6526409015625
0 0.4729935625 0.6488888890625 0.4756437765625 0.6503542671875 0.47651287499999995 0.652777778125 0.4781437765625 0.6541545890625 0.4822210296875 0.6551046703125001 0.48464592343749996 0.654887278125 0.48829399218749997 0.6526972625 0.49326180312499995 0.647053140625 0.493422746875 0.6440740734375 0.4914270390625 0.6425603859375 0.48522532187499995 0.640805153125 0.4783905578125 0.641400965625 0.47251072968749996 0.6464412234375 0.4729935625 0.6488888890625
1 0.502274678125 0.6388566828125 0.5043133046875 0.6383494359374999 0.5104399140625 0.6337520125 0.5220064375 0.62763285 0.5308476390625 0.6204830921875 0.5308476390625 0.619460546875 0.5281223171875 0.617415459375 0.52675965625 0.617415459375 0.5117918453125 0.6271175515625 0.5070386265625 0.6291626406249999 0.5009120171875 0.6337520125 0.498873390625 0.6342673109375 0.49274678125 0.6388566828125 0.4873068671875 0.6414090171875 0.4845815453125 0.643961353125 0.4839055796875 0.646006440625 0.486620171875 0.6480515296875 0.4879828328125 0.6480515296875 0.502274678125 0.6388566828125