0 0.4272265625 0.37676923125 0.429296875 0.37717948749999997 0.43458984375 0.37676190468750004 0.44050781250000004 0.37369230781249996 0.44068359375000005 0.37016117187500003 0.43705078124999996 0.36695970624999996 0.43285156249999995 0.3664175828125 0.428662109375 0.368571428125 0.42621093749999994 0.36929670312499996 0.42401367187499994 0.371838828125 0.42466796875 0.3748498171875 0.4272265625 0.37676923125
1 0.41302734374999994 0.35028571406250003 0.42659179687500004 0.366908425 0.42989257812500004 0.3728571421875 0.43154296875 0.37335531093749996 0.43287109375000005 0.37236630000000004 0.43287109375000005 0.37161904687499997 0.430888671875 0.3678974359375 0.42228515624999996 0.3567326 0.41600585937499995 0.34904029375 0.411708984375 0.34581685 0.411376953125 0.3450769234375 0.40972656250000006 0.3440805859375 0.40741210937499994 0.3416043953125 0.40575195312499995 0.3413553109375 0.40443359375 0.342344321875 0.404765625 0.34358241718750004 0.41302734374999994 0.35028571406250003
1 0.4041015625 0.384520146875 0.4034375 0.384520146875 0.395498046875 0.3884908421875 0.3898828125 0.39071794843749996 0.38921875 0.3919633703125 0.39054687499999996 0.39295238125 0.39384765625 0.3919633703125 0.405419921875 0.38650549375 0.40608398437500004 0.38650549375 0.412041015625 0.38327472500000004 0.41931640625 0.380300365625 0.42195312500000004 0.378564103125 0.424931640625 0.3773260078125 0.430556640625 0.3736043953125 0.43154296875 0.37335531093749996 0.431220703125 0.3731062265625 0.43187499999999995 0.372117215625 0.430556640625 0.37112087968749996 0.429560546875 0.37112087968749996 0.41732421875 0.37831501875 0.410048828125 0.38129670312499997 0.4041015625 0.384520146875
2 0.430888671875 0.4177582421875 0.43220703125000004 0.418754578125 0.43287109375000005 0.418754578125 0.4381640625 0.41676923125 0.44014648437500004 0.41652014687500005 0.46130859375 0.41652014687500005 0.48776367187499997 0.4182564109375 0.50099609375 0.42123076875 0.501982421875 0.42123076875 0.503310546875 0.4202417578125 0.503310546875 0.4197435890625 0.501982421875 0.418754578125 0.490078125 0.416021978125 0.467919921875 0.4142857140625 0.443779296875 0.41379487187499997 0.4368359375 0.4145347984375 0.43154296875 0.41652014687500005 0.430888671875 0.4177582421875
0 0.43241210937499996 0.4215750921875 0.437919921875 0.4212893765625 0.44212890624999995 0.41945055 0.44447265625 0.4170842484375 0.44537109375000006 0.41493040312499996 0.44478515625000004 0.4097435890625 0.443359375 0.4084395609375 0.440810546875 0.4075384609375 0.436123046875 0.408344321875 0.43177734375 0.41232234375 0.43093750000000003 0.4144615390625 0.42920898437500005 0.415567765625 0.42843749999999997 0.41704761875 0.429091796875 0.41967765625000003 0.43241210937499996 0.4215750921875
1 0.3998046875 0.404615384375 0.401123046875 0.40560439531250003 0.4083984375 0.4053553109375 0.41435546875 0.4061025640625 0.420634765625 0.40758974375 0.42559570312500006 0.4095750921875 0.43220703125000004 0.4142857140625 0.43551757812499997 0.41726739999999996 0.4368359375 0.41750915781250003 0.4381640625 0.41652014687500005 0.4381640625 0.41577289375 0.43287109375000005 0.4115604390625 0.43253906249999996 0.41081318749999995 0.43154296875 0.410564103125 0.42724609375 0.40734065937499997 0.42195312500000004 0.4053553109375 0.414677734375 0.403619046875 0.4083984375 0.40287912031250006 0.40443359375 0.40287912031250006 0.401123046875 0.4031208796875 0.3998046875 0.404117215625 0.3998046875 0.404615384375
1 0.41732421875 0.4386007328125 0.41402343750000004 0.4438095234375 0.410712890625 0.44703296718749996 0.410380859375 0.44827106250000004 0.411708984375 0.4492674 0.41302734374999994 0.44876923125 0.41335937500000003 0.44901831562499994 0.41335937500000003 0.44852014687499997 0.41666992187499996 0.445296703125 0.41898437499999996 0.4413260078125 0.431220703125 0.425201465625 0.436181640625 0.417018315625 0.436181640625 0.41652014687500005 0.43485351562499996 0.4155311359375 0.434189453125 0.4155311359375 0.433203125 0.416021978125 0.430224609375 0.42147985312499997 0.41732421875 0.4386007328125
2 0.425927734375 0.4713479859375 0.43650390625 0.478542125 0.44345703125 0.47804395624999996 0.464619140625 0.47804395624999996 0.48578124999999994 0.47878388281250006 0.496689453125 0.47878388281250006 0.5039648437500001 0.4790329671875 0.5099218750000001 0.480527471875 0.510908203125 0.480527471875 0.512236328125 0.47953113593749996 0.512236328125 0.4790329671875 0.510908203125 0.47804395624999996 0.504296875 0.47655677656249995 0.464619140625 0.4755604390625 0.44312500000000005 0.4755604390625 0.4375 0.4760586078125 0.427578125 0.46911355312499997 0.425927734375 0.46886446875 0.42459960937499996 0.4698534796875 0.424931640625 0.47109890156249995 0.425927734375 0.4713479859375
0 0.43962890625 0.48186080625 0.44171875 0.4812674 0.44302734375 0.4799120875 0.443515625 0.47746520156249994 0.44159179687499994 0.47440292968750003 0.436630859375 0.4701684984375 0.430244140625 0.46682783906249997 0.42609375 0.46673992656249996 0.422783203125 0.46882783906250003 0.422802734375 0.47265934062500004 0.424892578125 0.47458608125 0.42638671875 0.47676923125000004 0.431884765625 0.48054212500000004 0.436767578125 0.4817655671875 0.43962890625 0.48186080625
1 0.420302734375 0.506073259375 0.420302734375 0.5068205125 0.421630859375 0.5078095234375 0.42228515624999996 0.5078095234375 0.4239453125 0.506073259375 0.430888671875 0.48076923125000004 0.43187499999999995 0.47258608124999996 0.430556640625 0.47158974374999996 0.42989257812500004 0.47158974374999996 0.42857421875 0.47258608124999996 0.4269140625 0.48350183125 0.420302734375 0.506073259375
2 0.4368359375 0.5400659343750001 0.43849609375 0.539567765625 0.44312500000000005 0.5360952375 0.4708984375 0.5360952375 0.507275390625 0.5378315015624999 0.5105859374999999 0.5378315015624999 0.5119042968749999 0.5368351640625 0.5119042968749999 0.5363443218749999 0.5105859374999999 0.5353479859375 0.506943359375 0.5350989015625001 0.4708984375 0.5336117218750001 0.44212890624999995 0.5336117218750001 0.43584960937500006 0.5380805859375 0.43551757812499997 0.539069596875 0.4368359375 0.5400659343750001
0 0.43972656250000003 0.5429890109375 0.443427734375 0.541934065625 0.44541015625 0.5401758234375 0.448125 0.53676923125 0.4480859375 0.534 0.44345703125 0.5297142859374999 0.439814453125 0.529201465625 0.43505859375 0.5316483515625 0.433994140625 0.5337289375000001 0.434697265625 0.53586080625 0.43306640625000004 0.5377582421875 0.43353515624999994 0.5404468859375 0.43587890625 0.542293040625 0.43972656250000003 0.5429890109375
1 0.40376953125000004 0.5234432234375 0.410048828125 0.5266666671875 0.42427734375000004 0.5316263734375 0.43948242187500003 0.5380805859375 0.44014648437500004 0.5380805859375 0.44146484375000006 0.5370842484375 0.440810546875 0.535846153125 0.43353515624999994 0.5326227109375 0.421298828125 0.5279047625 0.41633789062500004 0.5264175828125001 0.410712890625 0.52418315 0.40277343749999994 0.5202197796875 0.397822265625 0.518476190625 0.396494140625 0.519472528125 0.397158203125 0.5207106234375 0.40376953125000004 0.5234432234375
1 0.433203125 0.548 0.42625976562499995 0.5584175828125 0.42427734375000004 0.5606520140625 0.42427734375000004 0.5611501828125001 0.42559570312500006 0.56213919375 0.42724609375 0.5616483515625 0.429560546875 0.5589157515625 0.436181640625 0.5489963375 0.43948242187500003 0.542791209375 0.44113281249999997 0.5368351640625 0.439814453125 0.535846153125 0.43915039062499994 0.535846153125 0.43783203125 0.5368351640625 0.43650390625 0.5415531140625001 0.433203125 0.548
2 0.44146484375000006 0.6028278390625 0.44212890624999995 0.6028278390625 0.44840820312499996 0.6000952374999999 0.453701171875 0.60059340625 0.47486328125000005 0.6008424906250001 0.49437499999999995 0.6018315015625 0.501318359375 0.6018315015625 0.5062792968750001 0.601091575 0.512568359375 0.601340659375 0.51388671875 0.600344321875 0.51388671875 0.599846153125 0.512568359375 0.5988571421875 0.5095898437499999 0.598608059375 0.5062792968750001 0.598608059375 0.501318359375 0.5993553109375 0.49437499999999995 0.5993553109375 0.47486328125000005 0.598358975 0.453701171875 0.598109890625 0.44775390625 0.597619046875 0.440810546875 0.60059340625 0.44014648437500004 0.6018315015625 0.44146484375000006 0.6028278390625
0 0.44169921875 0.6056483515625 0.446416015625 0.6057582421875 0.45391601562500006 0.6016043953125 0.454443359375 0.599655678125 0.453525390625 0.597113553125 0.44888671875 0.5935311359375001 0.443271484375 0.5935750921875 0.44124023437500004 0.5948937734374999 0.44017578124999995 0.5966959703125 0.43778320312499996 0.5987912093750001 0.43767578125 0.6018095234375 0.439326171875 0.6044468859375 0.44169921875 0.6056483515625
1 0.440478515625 0.601091575 0.43650390625 0.604564103125 0.43650390625 0.6050549453125 0.43154296875 0.6105128203125 0.430888671875 0.6107619046874999 0.430888671875 0.6112600734375 0.42294921875 0.6201904765624999 0.42228515624999996 0.6204395609375 0.42228515624999996 0.6209377296875 0.41732421875 0.6261465203125 0.41732421875 0.6266446890624999 0.410380859375 0.6328424906250001 0.410380859375 0.63358974375 0.411708984375 0.6345787546875 0.41302734374999994 0.6343296703125 0.41600585937499995 0.6320952375 0.419970703125 0.6281318687499999 0.419970703125 0.6276337 0.42922851562500003 0.6172161171874999 0.42989257812500004 0.6169670328125 0.42989257812500004 0.6164688640625 0.43353515624999994 0.612747253125 0.43353515624999994 0.6122490843749999 0.43849609375 0.606798534375 0.44312500000000005 0.6025787546875 0.44345703125 0.601340659375 0.44212890624999995 0.600344321875 0.44146484375000006 0.600344321875 0.440810546875 0.6008424906250001 0.440478515625 0.60059340625 0.440478515625 0.601091575
1 0.44510742187499996 0.601340659375 0.44874023437500005 0.604065934375 0.44973632812500003 0.60431501875 0.454365234375 0.6075384609375 0.45568359375 0.6080366296874999 0.4659375 0.615479853125 0.46693359375 0.6157289375 0.473212890625 0.6201904765624999 0.474541015625 0.6206886453125 0.478173828125 0.623663003125 0.47916992187499996 0.6239120875 0.483134765625 0.6268864468750001 0.484130859375 0.62713553125 0.492060546875 0.632344321875 0.493720703125 0.63259340625 0.49503906249999996 0.6316043953125 0.49437499999999995 0.630608059375 0.49470703125000004 0.630358975 0.493720703125 0.630117215625 0.482470703125 0.6231648359374999 0.47585937500000003 0.618205128125 0.47486328125000005 0.61795604375 0.46130859375 0.609025640625 0.45701171875 0.6055531140625 0.45040039062500004 0.6018315015625 0.4467578125 0.5991062265625 0.44510742187499996 0.5988571421875 0.443779296875 0.599846153125 0.444111328125 0.601091575 0.44510742187499996 0.601340659375
2 0.45072265624999996 0.66186813125 0.45238281249999995 0.6633553109375 0.45304687499999996 0.6633553109375 0.454365234375 0.6623663 0.454365234375 0.6616190468750001 0.45271484375000004 0.6588937734375 0.45304687499999996 0.6586446890625 0.501982421875 0.6611208796875 0.5062792968750001 0.6611208796875 0.5092578125 0.6606300359375 0.511572265625 0.659384615625 0.511572265625 0.6588937734375 0.51025390625 0.6578974359374999 0.50595703125 0.6586446890625 0.502314453125 0.6586446890625 0.478173828125 0.6576483515625 0.45536132812499996 0.6564102562499999 0.45304687499999996 0.656161171875 0.44940429687499994 0.6549230765625 0.4480859375 0.6559120875 0.4480859375 0.656659340625 0.45072265624999996 0.66186813125
0 0.45881835937500004 0.6623296703125 0.4576953125 0.65586813125 0.455205078125 0.65340659375 0.450703125 0.651655678125 0.44595703125 0.651794871875 0.443779296875 0.6533772890625 0.443447265625 0.65745055 0.44568359375 0.659655678125 0.44587890625000004 0.6630329671874999 0.44935546875 0.6653626375 0.455234375 0.6651941390625 0.45881835937500004 0.6623296703125
1 0.42328124999999994 0.6578974359374999 0.42427734375000004 0.6581465203125 0.42559570312500006 0.659384615625 0.43154296875 0.6608791203125 0.440478515625 0.660380953125 0.45138671874999997 0.660380953125 0.45271484375000004 0.659384615625 0.45271484375000004 0.6588937734375 0.45138671874999997 0.6578974359374999 0.440478515625 0.6578974359374999 0.43187499999999995 0.6583956046874999 0.42989257812500004 0.6581465203125 0.42724609375 0.657157509375 0.425927734375 0.656161171875 0.42459960937499996 0.6541758234375 0.419970703125 0.6457435890625 0.41865234375 0.644747253125 0.41798828125 0.644747253125 0.41666992187499996 0.6457435890625 0.41666992187499996 0.6464908421875 0.42328124999999994 0.6578974359374999
1 0.45138671874999997 0.6670769234375 0.453701171875 0.6757582421875 0.459326171875 0.688659340625 0.46064453125 0.6896556781250001 0.46130859375 0.6896556781250001 0.46263671874999995 0.688659340625 0.46263671874999995 0.6879194140625 0.4566796875 0.6745201468750001 0.454697265625 0.6670769234375 0.454365234375 0.6616190468750001 0.45304687499999996 0.6606300359375 0.45238281249999995 0.6606300359375 0.4510546875 0.6616190468750001 0.4510546875 0.6641025640625 0.45138671874999997 0.6670769234375
2 0.473876953125 0.7248791203125 0.467919921875 0.7243809531250001 0.4510546875 0.7243809531250001 0.44708984375 0.723890109375 0.44577148437499997 0.7248791203125 0.44577148437499997 0.7256263734374999 0.454033203125 0.73232234375 0.45536132812499996 0.732571428125 0.4566796875 0.7315750921874999 0.4566796875 0.7308351640625 0.45304687499999996 0.7281025640625 0.45205078125 0.7271135531249999 0.45238281249999995 0.72686446875 0.467919921875 0.72686446875 0.473876953125 0.7273626375 0.5105859374999999 0.7271135531249999 0.515546875 0.726117215625 0.516865234375 0.7251282046874999 0.516865234375 0.7246300359375 0.515546875 0.7236410249999999 0.51455078125 0.7236410249999999 0.51025390625 0.7246300359375 0.5036328125 0.7248791203125 0.473876953125 0.7248791203125
0 0.4571484375 0.7352674 0.45982421875 0.7338021984374999 0.46091796875 0.7308717953125 0.46033203125 0.7282783875 0.457119140625 0.7260293046874999 0.454638671875 0.7232820515625 0.4508203125 0.7209450546875 0.44740234375 0.7204688640625 0.442607421875 0.7215824171875 0.440380859375 0.7238241765625 0.44099609375000004 0.726249084375 0.442734375 0.7286300359375 0.44603515624999995 0.7306373625 0.45120117187500003 0.7351721609374999 0.4571484375 0.7352674
1 0.41963867187500004 0.7395164828125 0.40806640625 0.74422710625 0.3898828125 0.749934065625 0.38921875 0.7511721609374999 0.39054687499999996 0.7521684984375 0.391533203125 0.7521684984375 0.41236328125000005 0.7452234437499999 0.421630859375 0.74150183125 0.4282421875 0.7377802203125 0.43716796875 0.7343076921875 0.44510742187499996 0.7315750921874999 0.45205078125 0.729838828125 0.453369140625 0.7288498171875 0.453369140625 0.7283516484375 0.45205078125 0.7273626375 0.4510546875 0.7273626375 0.443779296875 0.7293479859375 0.42625976562499995 0.735794871875 0.41963867187500004 0.7395164828125
1 0.453701171875 0.732073259375 0.45734375 0.7338095234375 0.48148437499999996 0.7511721609374999 0.482470703125 0.7511721609374999 0.483798828125 0.75018315 0.483466796875 0.7491941390625 0.47883789062500004 0.7462124546875 0.46064453125 0.732571428125 0.45701171875 0.7308351640625 0.45634765625 0.7300879124999999 0.454697265625 0.729838828125 0.453369140625 0.7308351640625 0.454033203125 0.7318241765625 0.453701171875 0.732073259375
1 0.424931640625 0.45943589687499997 0.42659179687500004 0.471838828125 0.42791015625 0.47283516406250004 0.42857421875 0.47283516406250004 0.42989257812500004 0.471838828125 0.42989257812500004 0.47010256406249995 0.4282421875 0.45918681250000004 0.425927734375 0.45050549375 0.42459960937499996 0.44951648281249995 0.4239453125 0.44951648281249995 0.42261718750000005 0.45050549375 0.42261718750000005 0.45150183125 0.424931640625 0.45943589687499997
3 0.46924804687500005 0.35524542187499997 0.470234375 0.3641758234375 0.470234375 0.37781685 0.46924804687500005 0.38898168437499997 0.4708984375 0.40560439531250003 0.4708984375 0.4147838828125 0.470234375 0.422725275 0.47123046874999996 0.42594871718749994 0.472880859375 0.4400879125 0.47222656250000006 0.445794871875 0.472548828125 0.47258608124999996 0.473876953125 0.4790329671875 0.4751953125 0.491435896875 0.47750976562499997 0.4993772890625 0.47619140625 0.5083076921874999 0.477177734375 0.513025640625 0.47685546875 0.529391940625 0.47784179687500006 0.5460146515625001 0.47619140625 0.5522197796875 0.47619140625 0.5661098906250001 0.478173828125 0.5839706953125 0.478173828125 0.5906666671874999 0.47784179687500006 0.6025787546875 0.47619140625 0.6077875453125 0.47619140625 0.609523809375 0.47850585937499995 0.6253992671875 0.47883789062500004 0.6373113546875 0.47784179687500006 0.6422710625 0.47916992187499996 0.6464908421875 0.47982421875 0.6633553109375 0.48115234375 0.6693113546875 0.48115234375 0.68841025625 0.48148437499999996 0.693619046875 0.482470703125 0.697838828125 0.484130859375 0.7201684984375001 0.484130859375 0.7355457875 0.48611328125000003 0.7424908421875 0.4864453125 0.7668058609374999 0.48709960937499996 0.771018315625 0.48709960937499996 0.776974359375 0.48809570312500006 0.7777216124999999 0.4894140625 0.7779706953125001 0.49107421875 0.776974359375 0.49107421875 0.771018315625 0.49041015625 0.7668058609374999 0.490078125 0.7422417578125 0.48809570312500006 0.7352967031250001 0.48809570312500006 0.7201684984375001 0.48677734375000004 0.70676923125 0.4864453125 0.6975897437499999 0.48544921875 0.6933772890625 0.48511718750000005 0.688161171875 0.48511718750000005 0.6690622703125 0.483798828125 0.6631062265625001 0.483134765625 0.6462417578124999 0.48181640625 0.6420219781250001 0.482802734375 0.6375531140625 0.482470703125 0.6251501828125 0.48015625 0.609274725 0.48181640625 0.6028278390625 0.48213867187500004 0.5909157515625 0.48213867187500004 0.5837216125 0.48015625 0.56586080625 0.48015625 0.5524688640625001 0.48181640625 0.5462637359375 0.4808203125 0.529391940625 0.48115234375 0.513025640625 0.48015625 0.5083076921874999 0.48148437499999996 0.49912820468749997 0.47883789062500004 0.48920879062499995 0.47750976562499997 0.47655677656249995 0.47652343750000004 0.472336996875 0.47619140625 0.46613919375 0.47619140625 0.445794871875 0.47685546875 0.43983882812499997 0.4751953125 0.425699634375 0.474208984375 0.422476190625 0.47486328125000005 0.4147838828125 0.47486328125000005 0.40560439531250003 0.473212890625 0.38898168437499997 0.474208984375 0.37781685 0.474208984375 0.3641758234375 0.473212890625 0.35524542187499997 0.473212890625 0.34805128281250003 0.47486328125000005 0.3269670328125 0.473876953125 0.32621977968750004 0.472548828125 0.3259706953125 0.4708984375 0.3269670328125 0.469580078125 0.3408571421875 0.46924804687500005 0.35524542187499997
2 0.42659179687500004 0.37236630000000004 0.42659179687500004 0.3728571421875 0.42791015625 0.3738534796875 0.42890625 0.3738534796875 0.434189453125 0.37260805937499997 0.45634765625 0.372117215625 0.47784179687500006 0.3731062265625 0.492060546875 0.374344321875 0.5049609375 0.3768278390625 0.50595703125 0.3768278390625 0.507275390625 0.37583882812499997 0.507275390625 0.375340659375 0.50595703125 0.374344321875 0.49239257812500004 0.37186813124999996 0.473212890625 0.370380953125 0.4480859375 0.3696337 0.43386718750000003 0.37013186875000004 0.42791015625 0.3713699640625 0.42659179687500004 0.37236630000000004