0 0.42437500000000006 0.6979765625 0.42784374999999997 0.69778125 0.4306666671875 0.69734375 0.43296875 0.6954453125 0.4365104171875 0.6945390625 0.43923958281250003 0.691546875 0.43904166718750004 0.68996875 0.437 0.6872421875 0.4305 0.684453125 0.42310416718750005 0.6851875 0.41918749999999994 0.6907421874999999 0.4189479171875 0.693859375 0.42000000000000004 0.6955625000000001 0.42437500000000006 0.6979765625
0 0.41832291718750003 0.46955468749999996 0.41434375 0.4693359375 0.41115625 0.4704921875 0.40651041718750003 0.470140625 0.4028958328125 0.470203125 0.3989375 0.47335937499999997 0.39889583281249996 0.47719531249999997 0.40102083281249995 0.47926562500000003 0.40575 0.48092187500000005 0.4081041671875 0.481 0.4107604171875 0.4804375 0.41233333281249995 0.47938281250000003 0.41662499999999997 0.4788984375 0.42058333281250004 0.47575 0.4209479171875 0.4722734375 0.41832291718750003 0.46955468749999996
1 0.40796875000000005 0.473375 0.40726041718749995 0.473375 0.4061979171875 0.47389843750000005 0.39456250000000004 0.4929453125 0.3825625 0.5096171875 0.3825625 0.510140625 0.3839791671875 0.511203125 0.3857395828125 0.510671875 0.3864479171875 0.5098828125 0.4012604171875 0.48845312500000004 0.409375 0.4749609375 0.409375 0.4744296875 0.40796875000000005 0.473375
2 0.4442916671875 0.523109375 0.4799166671875 0.5204609375 0.4813333328125 0.5194062500000001 0.4813333328125 0.518875 0.4799166671875 0.5178125 0.47815624999999995 0.5178125 0.4439479171875 0.5204609375 0.4330104171875 0.52178125 0.4224270828125 0.522046875 0.4139583328125 0.5244296875 0.41255208281250005 0.525484375 0.41255208281250005 0.526015625 0.4139583328125 0.527078125 0.4150208328125 0.527078125 0.42313541718750003 0.5246953125 0.4333645828125 0.5244296875 0.4442916671875 0.523109375
0 0.42165625 0.51971875 0.4178333328125 0.5193984375 0.4121145828125 0.5210078125 0.40975 0.5236328125 0.4101041671875 0.52815625 0.4112291671875 0.5297890625 0.4130104171875 0.53059375 0.41574999999999995 0.5309375000000001 0.42146875 0.53034375 0.4233333328125 0.5288515625 0.42602083281249997 0.528609375 0.42859375 0.5271874999999999 0.4301145828125 0.5243984375 0.4298229171875 0.521015625 0.42828125000000006 0.5196640625 0.42493749999999997 0.5186875 0.42165625 0.51971875
1 0.4146666671875 0.527078125 0.41607291718750006 0.526015625 0.41607291718750006 0.525484375 0.4146666671875 0.5244296875 0.40408333281250003 0.52178125 0.3935 0.5175546875 0.37657291718749997 0.5082890625 0.37057291718749996 0.5040625000000001 0.36952083281250003 0.5040625000000001 0.3681041671875 0.5051171875 0.3681041671875 0.5056484375 0.3730416671875 0.5096171875 0.383625 0.515171875 0.3853854171875 0.5164921875 0.38609375 0.5164921875 0.39103125 0.519140625 0.39138541718750003 0.5196640625 0.4026770828125 0.5241640624999999 0.4136041671875 0.527078125 0.4146666671875 0.527078125
1 0.4188958328125 0.5246953125 0.4174895828125 0.5236328125 0.41678125 0.5236328125 0.41537499999999994 0.5246953125 0.41678125 0.5376562500000001 0.4220729171875 0.55803125 0.4224270828125 0.5588203125 0.4238333328125 0.5598828124999999 0.42454166718749997 0.5598828124999999 0.4259583328125 0.5588203125 0.4259583328125 0.55803125 0.42418750000000005 0.553 0.4203125 0.537390625 0.4188958328125 0.5246953125
1 0.43723958281249997 0.5670234375 0.4499375 0.56490625 0.4711041671875 0.5633203124999999 0.4876770828125 0.561203125 0.48909375 0.5601406250000001 0.48909375 0.5596171875 0.4876770828125 0.5585546875 0.48627083281249994 0.5585546875 0.46828125 0.5609375 0.4499375 0.5622578125000001 0.43723958281249997 0.564375 0.40831249999999997 0.5662265625 0.4061979171875 0.5667578125 0.4047916671875 0.5678124999999999 0.4047916671875 0.56834375 0.4061979171875 0.56940625 0.40726041718749995 0.56940625 0.4111354171875 0.5686093750000001 0.43723958281249997 0.5670234375
0 0.4037395828125 0.5650234375000001 0.40198958281249997 0.5688359375 0.40221875 0.5706328125 0.4039270828125 0.5721796875 0.40639583281249997 0.5740546875 0.41134375 0.5741328125 0.4136458328125 0.5735078125 0.41565624999999995 0.5719140625 0.4194375 0.571453125 0.4233333328125 0.5686796875 0.42297916718749995 0.56465625 0.4209479171875 0.5628671875 0.4181770828125 0.56221875 0.4139375 0.562984375 0.4066354171875 0.5629296874999999 0.4037395828125 0.5650234375000001
1 0.40584375 0.56834375 0.40796875000000005 0.569140625 0.409375 0.568078125 0.409375 0.5672890625 0.39703125 0.557234375 0.3917395828125 0.5516796875 0.3906770828125 0.5511484375 0.3779791671875 0.5376562500000001 0.37515624999999997 0.53315625 0.3730416671875 0.5315703125 0.37092708281250003 0.5281328125 0.3691666671875 0.5276015625 0.36775 0.5286640625000001 0.36775 0.5291953125 0.3698645828125 0.5328984375 0.3719895828125 0.534484375 0.37515624999999997 0.5392421875 0.3758645828125 0.5395078125 0.38327083281249996 0.5482421875 0.3843333328125 0.5487656249999999 0.3938541671875 0.5585546875 0.3966770828125 0.56040625 0.40584375 0.56834375
1 0.41148958281250003 0.56834375 0.41184374999999995 0.5670234375 0.4104375 0.5659609375 0.4097291671875 0.5659609375 0.4086666671875 0.5664921875 0.4002083328125 0.58025 0.38503125 0.6075 0.383625 0.6112031250000001 0.383625 0.6119921875000001 0.38503125 0.6130546875 0.3857395828125 0.6130546875 0.38715625 0.6119921875000001 0.38856250000000003 0.60803125 0.39703125 0.59215625 0.41148958281250003 0.56834375
2 0.4259583328125 0.6117343749999999 0.43723958281249997 0.6109375 0.4492291671875 0.6090859375 0.48980208281250004 0.6059140625 0.49332291718750004 0.6048515625 0.49473958281249997 0.603796875 0.49473958281249997 0.6032656249999999 0.49332291718750004 0.6022109375 0.4922708328125 0.6022109375 0.4869791671875 0.60353125 0.46616666718750005 0.6048515625 0.4488854171875 0.6064375 0.43723958281249997 0.6082890625 0.4256041671875 0.6090859375 0.41431250000000003 0.6109375 0.41290625 0.6119921875000001 0.41290625 0.6125234374999999 0.41431250000000003 0.6135859375 0.41537499999999994 0.6135859375 0.4259583328125 0.6117343749999999
0 0.4220104171875 0.6067734375 0.41765625 0.6067265625 0.41446875 0.6082421874999999 0.4111770828125 0.609640625 0.40989583281249997 0.6130078125 0.41207291718750005 0.616078125 0.4152083328125 0.617171875 0.42455208281249995 0.6163515625 0.426375 0.6152109375 0.42983333281249997 0.6144453125 0.43295833281249996 0.6113828125 0.4325208328125 0.6084609375000001 0.4301145828125 0.6063203125000001 0.4283125 0.6056874999999999 0.4220104171875 0.6067734375
1 0.3935 0.60803125 0.4002083328125 0.610140625 0.41431250000000003 0.6133203125 0.41537499999999994 0.6133203125 0.41678125 0.6122578125 0.41678125 0.6117343749999999 0.41537499999999994 0.610671875 0.409375 0.6096171874999999 0.3973854171875 0.6064375 0.39209375 0.6040625000000001 0.38927083281249997 0.6022109375 0.38856250000000003 0.6022109375 0.3825625 0.598765625 0.3769270828125 0.5945390625 0.37128125 0.5892421875 0.37128125 0.58871875 0.3681041671875 0.5852734374999999 0.36634375 0.58475 0.3649270828125 0.5858046875 0.3649270828125 0.5863359375 0.3716354171875 0.5940078125 0.3733958328125 0.5950624999999999 0.3758645828125 0.5977109375 0.37728125 0.5982421875 0.38115625 0.6014140625 0.38327083281249996 0.6022109375 0.3864479171875 0.6043203125 0.38715625 0.6043203125 0.3935 0.60803125
1 0.41925 0.6109375 0.4174895828125 0.61040625 0.41607291718750006 0.61146875 0.41713541718749997 0.614109375 0.4301875 0.6336875 0.44077083281249996 0.6553828125 0.44253125000000004 0.65696875 0.44323958281250003 0.65696875 0.4446458328125 0.6559140625000001 0.4446458328125 0.6551171874999999 0.4333645828125 0.6326328125 0.4220729171875 0.6162265625 0.41925 0.6109375
2 0.4965 0.6479765625 0.49790625000000005 0.6469140624999999 0.49790625000000005 0.646390625 0.4965 0.645328125 0.4954375 0.645328125 0.48309375 0.6482421875 0.46934375 0.65009375 0.4495833328125 0.6522109375 0.42347916718749995 0.6543203125 0.4220729171875 0.6553828125 0.4220729171875 0.6559140625000001 0.42347916718749995 0.65696875 0.42525 0.65696875 0.4605208328125 0.653796875 0.48168749999999994 0.6511484375000001 0.4965 0.6479765625
0 0.4358541671875 0.6565546875 0.43584375 0.6540625 0.43140625000000005 0.6500859375 0.4259479171875 0.6501328125 0.4216979171875 0.651484375 0.42028125000000005 0.6525624999999999 0.42000000000000004 0.6578515625 0.4232708328125 0.660984375 0.43134375 0.66109375 0.4333645828125 0.660015625 0.4341979171875 0.6583515625 0.4358541671875 0.6565546875
1 0.4012604171875 0.645859375 0.3906770828125 0.6434765625 0.38927083281249997 0.6445390625 0.38927083281249997 0.6450625 0.39138541718750003 0.646390625 0.40161458281250006 0.648765625 0.42347916718749995 0.65696875 0.42418750000000005 0.65696875 0.4256041671875 0.6559140625000001 0.4248958328125 0.6545859375 0.42313541718750003 0.653796875 0.4061979171875 0.6474453125 0.4012604171875 0.645859375
1 0.4330104171875 0.6678124999999999 0.4308958328125 0.6627890625 0.429125 0.6551171874999999 0.42771875000000004 0.6540625 0.42701041718750005 0.6540625 0.4256041671875 0.6551171874999999 0.4256041671875 0.656171875 0.4273645828125 0.6630546875000001 0.4312395828125 0.673375 0.4368854171875 0.691890625 0.43723958281249997 0.6926796875 0.43865625 0.6937421875 0.4393541671875 0.6937421875 0.44077083281249996 0.6926796875 0.44077083281249996 0.691890625 0.4330104171875 0.6678124999999999
2 0.4894479171875 0.683421875 0.49332291718750004 0.6818359375 0.4996770828125 0.6821015625 0.5010833328125 0.681046875 0.5010833328125 0.680515625 0.4996770828125 0.679453125 0.492625 0.6791953125 0.48909375 0.68078125 0.47710416718750004 0.6828984375 0.4319479171875 0.688453125 0.42418750000000005 0.691359375 0.42313541718750003 0.691890625 0.4224270828125 0.6932109375 0.4238333328125 0.6942734374999999 0.42454166718749997 0.6942734374999999 0.43371875 0.690828125 0.4739270828125 0.6860703125 0.4894479171875 0.683421875
1 0.41642708281249996 0.687390625 0.41678125 0.687921875 0.4174895828125 0.687921875 0.4256041671875 0.69215625 0.4259583328125 0.6926796875 0.42771875000000004 0.6929453125 0.429125 0.691890625 0.42842708281249997 0.690828125 0.42877083281250006 0.6905703125 0.42807291718749996 0.6905703125 0.41960416718750004 0.6858046875 0.4188958328125 0.6858046875 0.40726041718749995 0.6797187499999999 0.40690625 0.6791953125 0.4061979171875 0.6791953125 0.38856250000000003 0.66940625 0.3839791671875 0.6659609375 0.3790416671875 0.6638437500000001 0.3744583328125 0.661203125 0.3733958328125 0.660140625 0.3716354171875 0.6598828125 0.37021875 0.6609375 0.37092708281250003 0.6619921875 0.37057291718749996 0.6622578125 0.3716354171875 0.6625234375 0.3769270828125 0.6659609375 0.377625 0.6659609375 0.38221875 0.66834375 0.38503125 0.6707265625 0.39314583281250004 0.6749609375000001 0.3938541671875 0.6757500000000001 0.41642708281249996 0.687390625
1 0.3998541671875 0.7199296875 0.40690625 0.714375 0.40726041718749995 0.7135859375 0.41325 0.7088203125 0.4146666671875 0.7069687499999999 0.41995833281249995 0.70246875 0.4210104171875 0.7008828125 0.4248958328125 0.6974453125 0.42842708281249997 0.69215625 0.42842708281249997 0.6916249999999999 0.42701041718750005 0.6905703125 0.4263020828125 0.6905703125 0.42454166718749997 0.691890625 0.4220729171875 0.6958593750000001 0.41148958281250003 0.706171875 0.4104375 0.706703125 0.4100833328125 0.7075 0.40055208281250004 0.715703125 0.3942083328125 0.7201953125 0.3938541671875 0.7212578125 0.3952708328125 0.7223124999999999 0.3963229171875 0.7223124999999999 0.3998541671875 0.7199296875
3 0.42877083281250006 0.326546875 0.4294791671875 0.3313046875 0.4330104171875 0.3405703125 0.43371875 0.3440078125 0.43230208281250004 0.3474453125 0.4319479171875 0.3522109375 0.4301875 0.35696875 0.4301875 0.36120312499999996 0.4319479171875 0.368875 0.43159375000000005 0.3773359375 0.4340625 0.3852734375 0.43794791718750004 0.411734375 0.4368854171875 0.43078125 0.4404166671875 0.4355390625 0.44006249999999997 0.44057031249999995 0.4393541671875 0.44242187499999996 0.4393541671875 0.4437421875 0.4404166671875 0.446125 0.43970833281250005 0.450359375 0.44077083281249996 0.45326562499999995 0.44146875 0.460140625 0.44323958281250003 0.4654375 0.44323958281250003 0.47733593750000003 0.44641666718749995 0.496390625 0.44606250000000003 0.514375 0.44676041718750004 0.5164921875 0.44853125 0.518875 0.4488854171875 0.529984375 0.45099999999999996 0.5429453125 0.45169791718749996 0.553 0.45169791718749996 0.5630546875 0.45099999999999996 0.565703125 0.45169791718749996 0.5821015625 0.45522916718750006 0.5977109375 0.45629166718749997 0.6056484375 0.45629166718749997 0.6133203125 0.4580520828125 0.6172890625 0.45840625 0.61940625 0.4569895828125 0.6432109374999999 0.4580520828125 0.6482421875 0.45911458281249995 0.649296875 0.45911458281249995 0.657234375 0.4601666671875 0.669140625 0.4629895828125 0.6773359375 0.4640520828125 0.6823671874999999 0.4636979171875 0.6945390625 0.4629895828125 0.6979765625 0.46334375000000005 0.7059140625 0.46440625 0.706703125 0.4658125 0.7069687499999999 0.4675729171875 0.7059140625 0.46721874999999996 0.6979765625 0.46792708281250006 0.6945390625 0.46828125 0.6821015625 0.46721874999999996 0.677078125 0.46440625 0.668875 0.46334375000000005 0.657234375 0.46334375000000005 0.6485000000000001 0.4619375 0.6466484375 0.4612291671875 0.6429453125 0.46263541718749995 0.619140625 0.4619375 0.6159609374999999 0.4605208328125 0.6130546875 0.4605208328125 0.6053828125 0.45945833281250004 0.5974453125 0.4559375 0.5818359375 0.45522916718750006 0.5701953125 0.45522916718750006 0.565703125 0.4559375 0.5630546875 0.4559375 0.553 0.45487500000000003 0.5392421875 0.4531145828125 0.52971875 0.4527604171875 0.518078125 0.4502916671875 0.514109375 0.45064583281250004 0.496390625 0.4495833328125 0.491625 0.44817708281249996 0.4791953125 0.44746874999999997 0.47707812499999996 0.44746874999999997 0.46517187499999996 0.4457083328125 0.45988281249999996 0.445 0.45326562499999995 0.4439479171875 0.450359375 0.4446458328125 0.44585937500000006 0.44359374999999995 0.4426796875 0.4442916671875 0.440828125 0.4446458328125 0.43475 0.441125 0.429984375 0.4421770828125 0.411734375 0.4383020828125 0.3850078125 0.43583333281250003 0.37707812500000004 0.43618750000000006 0.368875 0.43441666718749994 0.36120312499999996 0.43441666718749994 0.357234375 0.43618750000000006 0.35246875 0.43653125 0.34797656250000003 0.43794791718750004 0.345328125 0.43794791718750004 0.3437421875 0.43723958281249997 0.3403046875 0.43371875 0.331046875 0.4330104171875 0.32575 0.4301875 0.3223125 0.43054166718750003 0.3204609375 0.43265624999999996 0.318078125 0.43265624999999996 0.2836875 0.4312395828125 0.2776015625 0.4301875 0.275484375 0.4294791671875 0.2741640625 0.42842708281249997 0.27337500000000003 0.42701041718750005 0.273109375 0.42525 0.2741640625 0.42525 0.2752265625 0.42701041718750005 0.2781328125 0.42842708281249997 0.283953125 0.42807291718749996 0.2926796875 0.42877083281250006 0.29559375 0.42877083281250006 0.30696875 0.42842708281249997 0.3172890625 0.42665625 0.319140625 0.4256041671875 0.32284375 0.42877083281250006 0.326546875
2 0.4319479171875 0.3201953125 0.45240625 0.318875 0.4686354171875 0.318875 0.47004166718749996 0.3178125 0.47004166718749996 0.3172890625 0.4686354171875 0.3162265625 0.45240625 0.3162265625 0.4319479171875 0.31755468750000004 0.4213645828125 0.31940625 0.41255208281250005 0.3201953125 0.3991458328125 0.322578125 0.3977395828125 0.3236328125 0.3977395828125 0.3241640625 0.3991458328125 0.32522656250000004 0.4002083328125 0.32522656250000004 0.4111354171875 0.323109375 0.41960416718750004 0.3223125 0.4319479171875 0.3201953125
0 0.40803124999999996 0.317796875 0.40601041718750003 0.3189609375 0.4012708328125 0.318953125 0.39619791718749997 0.321421875 0.39401041718749996 0.323375 0.3946458328125 0.326390625 0.3964583328125 0.3276796875 0.40248958281249997 0.32927343750000004 0.4060729171875 0.32894531250000003 0.4082083328125 0.3277265625 0.41218750000000004 0.3274375 0.41544791718749996 0.32316406249999996 0.4145625 0.31949218749999997 0.41303124999999996 0.318125 0.41116666718749995 0.317578125 0.40803124999999996 0.317796875
1 0.3924479171875 0.32125781249999996 0.3973854171875 0.3236328125 0.3984375 0.3246953125 0.4002083328125 0.3249609375 0.40161458281250006 0.32389843749999997 0.40090624999999996 0.32284375 0.4012604171875 0.322578125 0.3938541671875 0.318609375 0.3878541671875 0.314109375 0.3875104171875 0.31332031250000003 0.3864479171875 0.3130546875 0.3825625 0.310140625 0.37728125 0.307234375 0.3681041671875 0.300359375 0.36034375 0.295328125 0.3522291671875 0.2892421875 0.35153124999999996 0.2881875 0.35046875 0.287921875 0.3458854171875 0.284484375 0.34411458281249996 0.283953125 0.3427083328125 0.2850078125 0.3427083328125 0.2855390625 0.3458854171875 0.28845312500000003 0.3469375 0.28871875 0.35434375 0.2945390625 0.363875 0.3008828125 0.3730416671875 0.30803125 0.3741041671875 0.3082890625 0.37975 0.3122578125 0.38327083281249996 0.314109375 0.3924479171875 0.32125781249999996
1 0.354 0.3667578125 0.3532916671875 0.3667578125 0.35046875 0.368609375 0.3497604171875 0.368609375 0.35011458281249996 0.368875 0.34940625000000003 0.3699296875 0.3508229171875 0.3709921875 0.3525833328125 0.37072656249999997 0.35540625000000003 0.368875 0.35611458281249997 0.368875 0.36634375 0.3625234375 0.3673958328125 0.3622578125 0.38221875 0.35061718750000004 0.38468749999999996 0.3474453125 0.3853854171875 0.3471796875 0.3853854171875 0.34664843749999996 0.38927083281249997 0.3432109375 0.3995 0.3291953125 0.40161458281250006 0.3241640625 0.40161458281250006 0.323375 0.4002083328125 0.3223125 0.3995 0.3223125 0.3980833328125 0.323375 0.3973854171875 0.32628124999999997 0.3924479171875 0.33395312499999996 0.3864479171875 0.34109375000000003 0.3864479171875 0.34162499999999996 0.3825625 0.3450625 0.3825625 0.34559375000000003 0.38009375 0.3482421875 0.3733958328125 0.3540625 0.3659895828125 0.3596171875 0.354 0.3667578125
2 0.4393541671875 0.3744296875 0.47145833281250005 0.3736328125 0.4728645828125 0.372578125 0.4728645828125 0.372046875 0.47145833281250005 0.3709921875 0.4636979171875 0.3709921875 0.4393541671875 0.37178125 0.4213645828125 0.373375 0.3991458328125 0.376015625 0.39279166718749997 0.3749609375 0.39138541718750003 0.376015625 0.39138541718750003 0.376546875 0.39279166718749997 0.3776015625 0.3977395828125 0.3786640625 0.3995 0.3786640625 0.41148958281250003 0.37707812500000004 0.4393541671875 0.3744296875
0 0.389 0.379875 0.39003125 0.3820703125 0.3927604171875 0.3832265625 0.4002083328125 0.3826953125 0.40318750000000003 0.381234375 0.40475000000000005 0.3793828125 0.40458333281250003 0.37575 0.40052083281249995 0.3731953125 0.3933125 0.3722109375 0.38934375 0.3737578125 0.3875208328125 0.37605468750000004 0.38736458281249997 0.37821875 0.389 0.379875
1 0.3935 0.3776015625 0.3949166671875 0.376546875 0.3949166671875 0.37575 0.3906770828125 0.372046875 0.3903229171875 0.3712578125 0.3818645828125 0.36517187500000003 0.38009375 0.3627890625 0.3769270828125 0.36067187500000003 0.3741041671875 0.35750000000000004 0.36775 0.352734375 0.36634375 0.35246875 0.3649270828125 0.35353124999999996 0.3649270828125 0.35432031249999996 0.3723333328125 0.360140625 0.37374999999999997 0.3619921875 0.3769270828125 0.364109375 0.37975 0.3670234375 0.37975 0.36755468750000003 0.38856250000000003 0.37389843749999996 0.3917395828125 0.3773359375 0.39209375 0.37707812500000004 0.3935 0.3776015625
1 0.4002083328125 0.387390625 0.4012604171875 0.387125 0.40161458281250006 0.3863359375 0.40372916718749996 0.38475000000000004 0.40443749999999995 0.38475000000000004 0.40549999999999997 0.3823671875 0.40443749999999995 0.380515625 0.40337500000000004 0.38025000000000003 0.40090624999999996 0.3783984375 0.3998541671875 0.376546875 0.3980833328125 0.376015625 0.3966770828125 0.37707812500000004 0.3966770828125 0.3776015625 0.3984375 0.38025000000000003 0.3998541671875 0.3815703125 0.40161458281250006 0.3823671875 0.40161458281250006 0.3828984375 0.40055208281250004 0.38315625 0.3980833328125 0.38580468749999997 0.3980833328125 0.3863359375 0.3995 0.387390625 0.4002083328125 0.387390625
2 0.43054166718750003 0.42601562499999995 0.4520520828125 0.42337499999999995 0.47181249999999997 0.42257812499999997 0.47321875 0.42151562499999995 0.47321875 0.4209921875 0.47181249999999997 0.4199296875 0.46934375 0.4199296875 0.46440625 0.4204609375 0.45169791718749996 0.42072656249999996 0.43265624999999996 0.423109375 0.40726041718749995 0.425484375 0.3977395828125 0.42681250000000004 0.3963229171875 0.42786718749999997 0.3963229171875 0.4283984375 0.3977395828125 0.42945312500000005 0.3991458328125 0.42945312500000005 0.4097291671875 0.42786718749999997 0.43054166718750003 0.42601562499999995
0 0.39718749999999997 0.423640625 0.39468749999999997 0.42504687499999994 0.3933229171875 0.42690625000000004 0.3938020828125 0.430765625 0.39490625 0.43234374999999997 0.39696875 0.43321875 0.4039895828125 0.43303906249999996 0.4062083328125 0.432234375 0.4100625 0.43197656249999994 0.414625 0.4279453125 0.4139270828125 0.4241796875 0.4101979171875 0.42221093749999994 0.40461458281249996 0.42353125 0.39718749999999997 0.423640625
1 0.3984375 0.42945312500000005 0.3998541671875 0.4283984375 0.3991458328125 0.427078125 0.3906770828125 0.42337499999999995 0.3843333328125 0.4196640625 0.3723333328125 0.41014062500000004 0.3684583328125 0.40591406250000006 0.3635208328125 0.399296875 0.3610520828125 0.39559375 0.3585833328125 0.3900390625 0.3571666671875 0.3889765625 0.35646875 0.3889765625 0.3550520828125 0.3900390625 0.3550520828125 0.39082812499999997 0.3571666671875 0.395328125 0.3670520828125 0.40935156250000004 0.3681041671875 0.40988281249999997 0.37057291718749996 0.4127890625 0.3808020828125 0.4209921875 0.3864479171875 0.4238984375 0.3889166671875 0.42575 0.3956145828125 0.42866406250000005 0.3984375 0.42945312500000005
1 0.4026770828125 0.4273359375 0.4012604171875 0.42628125 0.40055208281250004 0.42628125 0.3991458328125 0.4273359375 0.3991458328125 0.4485 0.40161458281250006 0.4672890625 0.40196875 0.46834375 0.40337500000000004 0.46940625 0.40408333281250003 0.46940625 0.40549999999999997 0.46834375 0.40549999999999997 0.4672890625 0.40443749999999995 0.46332031249999994 0.4026770828125 0.4485 0.4026770828125 0.4273359375
2 0.41995833281249995 0.4749609375 0.4545208328125 0.4707265625 0.46968750000000004 0.46992968749999997 0.48627083281249994 0.46834375 0.4876770828125 0.4672890625 0.4876770828125 0.46675781250000004 0.48627083281249994 0.465703125 0.4845104171875 0.465703125 0.46934375 0.4672890625 0.4541770828125 0.468078125 0.41995833281249995 0.47231249999999997 0.41290625 0.47231249999999997 0.40337500000000004 0.4741640625 0.40196875 0.47522656249999995 0.40196875 0.47575 0.40337500000000004 0.47681250000000003 0.40443749999999995 0.47681250000000003 0.41325 0.4749609375 0.41995833281249995 0.4749609375
1 0.3966770828125 0.47231249999999997 0.40337500000000004 0.47628125 0.40514583281250005 0.47654687500000004 0.4065520828125 0.475484375 0.40584375 0.4744296875 0.4061979171875 0.4741640625 0.40549999999999997 0.4741640625 0.3987916671875 0.4701953125 0.3980833328125 0.4701953125 0.389625 0.46596093749999995 0.38927083281249997 0.4654375 0.38856250000000003 0.4654375 0.38115625 0.461734375 0.3808020828125 0.46120312500000005 0.3716354171875 0.45776562500000006 0.3631666671875 0.453796875 0.34199999999999997 0.44585937500000006 0.3328333328125 0.4426796875 0.3310729171875 0.44242187499999996 0.32965625 0.4434765625 0.33036458281250003 0.44479687500000004 0.3550520828125 0.45353125 0.37092708281250003 0.46040625 0.3786875 0.46332031249999994 0.38609375 0.46702343749999997 0.3864479171875 0.4675546875 0.38715625 0.4675546875 0.3956145828125 0.47178125 0.39596875 0.47231249999999997 0.3966770828125 0.47231249999999997