0 0.46549804687499996 0.685113553125 0.4653125 0.6836337 0.4633984375 0.6810769234375 0.45730468750000003 0.6784615390625001 0.45037109375 0.6791501828125 0.44669921874999996 0.684358975 0.44647460937499994 0.6872820515625 0.4474609375 0.6888791203125 0.4515625 0.6911428578125001 0.454814453125 0.6909597062499999 0.45746093749999994 0.69054945 0.459619140625 0.68876923125 0.462939453125 0.6879194140625 0.46549804687499996 0.685113553125
0 0.42966796875 0.4860512828125 0.4341015625 0.48760439531250005 0.43630859375000003 0.48767765625 0.43879882812500004 0.4871501828125 0.4402734375 0.48616117187499996 0.44429687500000004 0.485706959375 0.44800781250000005 0.48275457812499994 0.448349609375 0.47949450625 0.445888671875 0.47694505468750004 0.442158203125 0.4767399265625 0.43916992187500004 0.47782417656250004 0.434814453125 0.47749450624999995 0.43142578125000003 0.47755311406249995 0.42771484375 0.48051282031250003 0.42767578124999994 0.484109890625 0.42966796875 0.4860512828125
1 0.41236328125000005 0.5145128203125 0.41236328125000005 0.5150036625000001 0.41369140625 0.516 0.41534179687500006 0.51550183125 0.41600585937499995 0.5147619046874999 0.42989257812500004 0.49466666718749996 0.4375 0.4820146515625 0.4375 0.4815164828125 0.436181640625 0.480527471875 0.43551757812499997 0.480527471875 0.434521484375 0.48101831562499997 0.42361328125000003 0.49887912031250004 0.41236328125000005 0.5145128203125
2 0.44973632812500003 0.5261684984375 0.441796875 0.5284029296874999 0.440478515625 0.529391940625 0.440478515625 0.5298901093749999 0.441796875 0.5308864468750001 0.44279296874999996 0.5308864468750001 0.45040039062500004 0.5286520140625 0.45999023437500003 0.5284029296874999 0.470234375 0.5271648359375 0.5036328125 0.52468131875 0.5049609375 0.5236923078125 0.5049609375 0.5231941390625 0.5036328125 0.5221978015625 0.501982421875 0.5221978015625 0.46991210937499994 0.52468131875 0.45965820312499994 0.5259194140625 0.44973632812500003 0.5261684984375
0 0.448837890625 0.5339487171874999 0.4505859375 0.53254945 0.45310546875 0.53232234375 0.455517578125 0.5309890109375 0.456943359375 0.5283736265625001 0.456669921875 0.525201465625 0.455224609375 0.523934065625 0.45208984374999994 0.523018315625 0.44901367187499996 0.5239853484375 0.4454296875 0.52368498125 0.440068359375 0.5251941390625 0.4378515625 0.527655678125 0.43818359375 0.5318974359374999 0.43923828125000003 0.533428571875 0.44090820312499995 0.5341831499999999 0.4434765625 0.53450549375 0.448837890625 0.5339487171874999
1 0.4034375 0.5145128203125 0.41335937500000003 0.5197216124999999 0.41500976562499997 0.52095970625 0.415673828125 0.52095970625 0.420302734375 0.5234432234375 0.420634765625 0.523934065625 0.431220703125 0.528153846875 0.44146484375000006 0.5308864468750001 0.44246093750000004 0.5308864468750001 0.443779296875 0.5298901093749999 0.443779296875 0.529391940625 0.44246093750000004 0.5284029296874999 0.43253906249999996 0.5259194140625 0.42261718750000005 0.52195604375 0.40674804687500005 0.5132673999999999 0.401123046875 0.5093040296875 0.40013671874999995 0.5093040296875 0.39880859375 0.5102930406249999 0.39880859375 0.510791209375 0.4034375 0.5145128203125
1 0.44940429687499994 0.5599120875 0.44973632812500003 0.5606520140625 0.4510546875 0.5616483515625 0.45171875000000006 0.5616483515625 0.45304687499999996 0.5606520140625 0.45304687499999996 0.5599120875 0.45138671874999997 0.5551941390625 0.44775390625 0.5405567765625 0.44642578125 0.5286520140625 0.44510742187499996 0.527655678125 0.444443359375 0.527655678125 0.44312500000000005 0.5286520140625 0.444443359375 0.5408058609374999 0.44940429687499994 0.5599120875
1 0.463623046875 0.56586080625 0.43650390625 0.5675970703125001 0.434521484375 0.5680952375 0.433203125 0.5690842484374999 0.433203125 0.5695824171874999 0.434521484375 0.5705787546875001 0.43551757812499997 0.5705787546875001 0.43915039062499994 0.5698315015625 0.463623046875 0.568344321875 0.47552734374999994 0.566358975 0.49537109375000005 0.5648717953125 0.510908203125 0.562886446875 0.512236328125 0.561890109375 0.512236328125 0.5613992671875 0.510908203125 0.5604029296874999 0.5095898437499999 0.5604029296874999 0.492724609375 0.5626373625000001 0.47552734374999994 0.5638754578125 0.463623046875 0.56586080625
0 0.44338867187500003 0.572930403125 0.44693359375 0.5724981687499999 0.4505859375 0.5698974359375 0.45025390625000006 0.5661245421875 0.448349609375 0.5644468859375 0.445751953125 0.563838828125 0.44177734375 0.5645567765624999 0.434931640625 0.56450549375 0.432216796875 0.5664688640625 0.430576171875 0.5700439562499999 0.430791015625 0.5717289375 0.432392578125 0.5731794875 0.43470703125 0.5749377296875 0.439345703125 0.5750109890624999 0.44150390625 0.5744249078125 0.44338867187500003 0.572930403125
1 0.400458984375 0.5363443218749999 0.402451171875 0.5378315015624999 0.405419921875 0.542293040625 0.40608398437500004 0.542542125 0.41302734374999994 0.5507326 0.41402343750000004 0.55122344375 0.42294921875 0.5604029296874999 0.42559570312500006 0.56213919375 0.434189453125 0.5695824171874999 0.436181640625 0.5703296703125 0.4375 0.5693333328125 0.4375 0.56859340625 0.425927734375 0.5591648359375 0.420966796875 0.55395604375 0.419970703125 0.553457875 0.40806640625 0.5408058609374999 0.405419921875 0.5365860812500001 0.4034375 0.5350989015625001 0.401455078125 0.5318754578125 0.3998046875 0.5313772890624999 0.3984765625 0.5323736265625 0.3984765625 0.5328717953125001 0.400458984375 0.5363443218749999
1 0.414677734375 0.606300365625 0.41335937500000003 0.60977289375 0.41335937500000003 0.6105128203125 0.414677734375 0.6115091578125 0.41534179687500006 0.6115091578125 0.41666992187499996 0.6105128203125 0.41798828125 0.606798534375 0.425927734375 0.5919120875 0.43948242187500003 0.5695824171874999 0.439814453125 0.568344321875 0.43849609375 0.5673479859375 0.43783203125 0.5673479859375 0.4368359375 0.567846153125 0.42890625 0.580747253125 0.414677734375 0.606300365625
2 0.474541015625 0.6053040296875001 0.463623046875 0.60704029375 0.45271484375000004 0.6077875453125 0.44212890624999995 0.609523809375 0.440810546875 0.6105128203125 0.440810546875 0.6110109890625 0.44212890624999995 0.6120073265625 0.44312500000000005 0.6120073265625 0.45304687499999996 0.6102710625000001 0.463623046875 0.609523809375 0.47486328125000005 0.6077875453125 0.512900390625 0.6048131875 0.5162011718749999 0.6038168500000001 0.517529296875 0.6028278390625 0.517529296875 0.6023296703125001 0.5162011718749999 0.601340659375 0.51521484375 0.601340659375 0.51025390625 0.6025787546875 0.4907421875 0.6038168500000001 0.474541015625 0.6053040296875001
0 0.44296875 0.6153699640625 0.451728515625 0.6146007328125 0.4534375 0.6135311359375 0.4566796875 0.6128131875 0.459609375 0.6099413921875 0.45919921874999997 0.607201465625 0.456943359375 0.6051941390625 0.45525390625 0.6046007328125 0.449345703125 0.605619046875 0.445263671875 0.6055750921875 0.442275390625 0.6069963375 0.439189453125 0.6083076921874999 0.43798828125 0.6114652015625001 0.440029296875 0.614344321875 0.44296875 0.6153699640625
1 0.402119140625 0.5936483515625001 0.40376953125000004 0.5946373625 0.40608398437500004 0.5971208796874999 0.40741210937499994 0.597619046875 0.411044921875 0.60059340625 0.41302734374999994 0.601340659375 0.41600585937499995 0.60331868125 0.41666992187499996 0.60331868125 0.42261718750000005 0.606798534375 0.42890625 0.6087765562499999 0.44212890624999995 0.6117582421875001 0.44312500000000005 0.6117582421875001 0.444443359375 0.6107619046874999 0.444443359375 0.6102710625000001 0.44312500000000005 0.609274725 0.4375 0.6082857140625 0.42625976562499995 0.6053040296875001 0.421298828125 0.6030769234375 0.41865234375 0.601340659375 0.41798828125 0.601340659375 0.41236328125000005 0.598109890625 0.407080078125 0.5941465203125 0.401787109375 0.5891794875 0.401787109375 0.5886886453125 0.39880859375 0.585457875 0.397158203125 0.5849670328125 0.39583007812500004 0.58595604375 0.39583007812500004 0.5864542125 0.402119140625 0.5936483515625001
1 0.45701171875 0.6308571421875 0.46693359375 0.651201465625 0.46858398437500004 0.6526886453125 0.46924804687500005 0.6526886453125 0.47056640625 0.651699634375 0.47056640625 0.65095238125 0.45999023437500003 0.6298681312500001 0.44940429687499994 0.6144835171875 0.4467578125 0.609523809375 0.44510742187499996 0.609025640625 0.443779296875 0.610021978125 0.444775390625 0.61249816875 0.45701171875 0.6308571421875
2 0.4751953125 0.64822710625 0.45072265624999996 0.650205128125 0.44940429687499994 0.651201465625 0.44940429687499994 0.651699634375 0.45072265624999996 0.6526886453125 0.45238281249999995 0.6526886453125 0.48544921875 0.6497142859375 0.50529296875 0.64723076875 0.5191796875 0.6442564109375 0.520498046875 0.6432600734375 0.520498046875 0.64276923125 0.5191796875 0.64177289375 0.51818359375 0.64177289375 0.506611328125 0.64450549375 0.493720703125 0.6462417578124999 0.4751953125 0.64822710625
0 0.453037109375 0.6462783875 0.44905273437500004 0.6475457875 0.44772460937499997 0.6485567765625 0.4474609375 0.6535164828125 0.45052734375 0.6564542125 0.458095703125 0.6565567765625 0.45999023437500003 0.6555457875 0.46077148437500004 0.6539853484375 0.46232421874999996 0.652300365625 0.462314453125 0.6499633703125001 0.458154296875 0.6462344328125 0.453037109375 0.6462783875
1 0.420634765625 0.64276923125 0.430224609375 0.6449963375000001 0.45072265624999996 0.6526886453125 0.45138671874999997 0.6526886453125 0.45271484375000004 0.651699634375 0.45205078125 0.6504542125 0.45040039062500004 0.6497142859375 0.434521484375 0.6437582421875 0.42989257812500004 0.6422710625 0.419970703125 0.6400366296875 0.41865234375 0.6410329671875 0.41865234375 0.641523809375 0.420634765625 0.64276923125
1 0.454365234375 0.6583956046874999 0.45799804687499995 0.6680732593750001 0.463291015625 0.685435896875 0.463623046875 0.6861758234375 0.464951171875 0.6871721609375 0.46560546875000003 0.6871721609375 0.46693359375 0.6861758234375 0.46693359375 0.685435896875 0.45965820312499994 0.6628571421875 0.45767578125 0.6581465203125 0.45601562500000004 0.65095238125 0.454697265625 0.6499633703125001 0.454033203125 0.6499633703125001 0.45271484375000004 0.65095238125 0.45271484375000004 0.6519413921874999 0.454365234375 0.6583956046874999
2 0.45866210937499996 0.6822124546875 0.45138671874999997 0.6849377296875 0.45040039062500004 0.685435896875 0.44973632812500003 0.6866739921875 0.4510546875 0.6876703296875 0.45171875000000006 0.6876703296875 0.460322265625 0.6844395609375 0.49801757812499997 0.679978021875 0.512568359375 0.67749450625 0.5162011718749999 0.6760073265625001 0.5221582031249999 0.6762564109375 0.5234765625 0.6752674 0.5234765625 0.67476923125 0.5221582031249999 0.67377289375 0.515546875 0.6735311359375 0.512236328125 0.675018315625 0.50099609375 0.6770036625 0.45866210937499996 0.6822124546875
1 0.401123046875 0.6576483515625 0.402119140625 0.6578974359374999 0.407080078125 0.6611208796875 0.407734375 0.6611208796875 0.412041015625 0.6633553109375 0.414677734375 0.66558974375 0.42228515624999996 0.6695604390625001 0.42294921875 0.670300365625 0.444111328125 0.6812161171875 0.444443359375 0.6817142859375 0.44510742187499996 0.6817142859375 0.45271484375000004 0.68568498125 0.45304687499999996 0.6861758234375 0.454697265625 0.6864249078125 0.45601562500000004 0.685435896875 0.45536132812499996 0.6844395609375 0.45568359375 0.6841978015625 0.455029296875 0.6841978015625 0.44708984375 0.6797289375 0.44642578125 0.6797289375 0.43551757812499997 0.6740219781250001 0.435185546875 0.6735311359375 0.434521484375 0.6735311359375 0.41798828125 0.6643516484374999 0.41369140625 0.6611208796875 0.4090625 0.65913553125 0.404765625 0.656659340625 0.40376953125000004 0.655663003125 0.402119140625 0.6554212453125 0.400791015625 0.6564102562499999 0.401455078125 0.6573992671875 0.401123046875 0.6576483515625
1 0.43948242187500003 0.6988278390625 0.43849609375 0.6993260078125 0.4381640625 0.700073259375 0.42922851562500003 0.7077655671875 0.42328124999999994 0.711978021875 0.42294921875 0.712974359375 0.42427734375000004 0.7139633703125 0.42526367187499997 0.7139633703125 0.42857421875 0.7117289375 0.435185546875 0.706520146875 0.43551757812499997 0.7057802203125 0.44113281249999997 0.7013113546875 0.44246093750000004 0.6995750921874999 0.447421875 0.6953553109375 0.44840820312499996 0.69386813125 0.45205078125 0.6906446890625 0.45536132812499996 0.68568498125 0.45536132812499996 0.6851868125 0.454033203125 0.6841978015625 0.453369140625 0.6841978015625 0.45171875000000006 0.685435896875 0.44940429687499994 0.689157509375 0.43948242187500003 0.6988278390625
3 0.454033203125 0.2974432234375 0.45536132812499996 0.3029010984375 0.455029296875 0.3110842484375 0.45568359375 0.31381685 0.45568359375 0.3244835171875 0.45536132812499996 0.334161171875 0.453701171875 0.3358974359375 0.45271484375000004 0.3393699640625 0.45568359375 0.342842490625 0.45634765625 0.34730402968749996 0.45965820312499994 0.35599267343749996 0.460322265625 0.3592161171875 0.45899414062500005 0.3624395609375 0.45866210937499996 0.366908425 0.45701171875 0.3713699640625 0.45701171875 0.375340659375 0.45866210937499996 0.3825347984375 0.45833007812500004 0.3904688640625 0.46064453125 0.3979120875 0.464287109375 0.422725275 0.463291015625 0.44058608125000004 0.4666015625 0.44504761875 0.46626953125000004 0.4497655671875 0.46560546875000003 0.45150183125 0.46560546875000003 0.4527399265625 0.4666015625 0.45497435937499997 0.4659375 0.45894505468749996 0.46693359375 0.46167032968750005 0.46758789062500006 0.46811721562499997 0.46924804687500005 0.47308424843749997 0.46924804687500005 0.48424175781249995 0.47222656250000006 0.502109890625 0.47189453124999997 0.518974359375 0.472548828125 0.52095970625 0.474208984375 0.5231941390625 0.474541015625 0.5336117218750001 0.47652343750000004 0.5457655671875 0.477177734375 0.5551941390625 0.477177734375 0.5646227109375 0.47652343750000004 0.5671062265625 0.477177734375 0.5824835171875 0.48048828125 0.5971208796874999 0.48148437499999996 0.604564103125 0.48148437499999996 0.6117582421875001 0.483134765625 0.615479853125 0.483466796875 0.6174652015625 0.48213867187500004 0.6397875453124999 0.483134765625 0.64450549375 0.484130859375 0.64549450625 0.484130859375 0.6529377296875001 0.48511718750000005 0.6641025640625 0.48776367187499997 0.6717875453125 0.48875976562499995 0.67650549375 0.488427734375 0.6879194140625 0.48776367187499997 0.6911428578125001 0.48809570312500006 0.69858608125 0.48909179687500004 0.6993260078125 0.49041015625 0.6995750921874999 0.492060546875 0.69858608125 0.49172851562500003 0.6911428578125001 0.49239257812500004 0.6879194140625 0.492724609375 0.6762564109375 0.49172851562500003 0.6715457875 0.48909179687500004 0.6638534796875 0.48809570312500006 0.6529377296875001 0.48809570312500006 0.644747253125 0.48677734375000004 0.6430109890625 0.48611328125000003 0.6395384609375 0.487431640625 0.6172161171874999 0.48677734375000004 0.6142344328125 0.48544921875 0.6115091578125 0.48544921875 0.60431501875 0.48445312500000004 0.5968717953125 0.48115234375 0.5822344328125 0.48048828125 0.57131868125 0.48048828125 0.5671062265625 0.48115234375 0.5646227109375 0.48115234375 0.5551941390625 0.48015625 0.542293040625 0.47850585937499995 0.5333626375 0.478173828125 0.5224468859375 0.47585937500000003 0.518725275 0.47619140625 0.502109890625 0.4751953125 0.49764102499999996 0.473876953125 0.48598534843749996 0.473212890625 0.484 0.473212890625 0.47283516406250004 0.4715625 0.4678754578125 0.4708984375 0.46167032968750005 0.46991210937499994 0.45894505468749996 0.47056640625 0.45472527500000004 0.469580078125 0.4517435890625 0.470234375 0.4500073265625 0.47056640625 0.4443076921875 0.467265625 0.43983882812499997 0.46825195312499995 0.422725275 0.464619140625 0.397663003125 0.4623046875 0.39022710625 0.46263671874999995 0.3825347984375 0.46097656249999996 0.375340659375 0.46097656249999996 0.37161904687499997 0.46263671874999995 0.3671501828125 0.462958984375 0.3629377296875 0.464287109375 0.3604542125 0.464287109375 0.3589670328125 0.463623046875 0.3557435890625 0.460322265625 0.34706227031250003 0.45965820312499994 0.34209523750000004 0.45701171875 0.3388717953125 0.45734375 0.33713553125 0.459326171875 0.3349010984375 0.459326171875 0.30265201406250003 0.45799804687499995 0.2969450546875 0.45701171875 0.29495970625 0.45634765625 0.2937216125 0.45536132812499996 0.292981684375 0.454033203125 0.2927326 0.45238281249999995 0.2937216125 0.45238281249999995 0.2947179484375 0.454033203125 0.2974432234375
2 0.440478515625 0.336886446875 0.42791015625 0.3391208796875 0.42659179687500004 0.340109890625 0.42659179687500004 0.340608059375 0.42791015625 0.3416043953125 0.42890625 0.3416043953125 0.43915039062499994 0.339619046875 0.44708984375 0.3388717953125 0.45866210937499996 0.336886446875 0.47784179687500006 0.3356483515625 0.493056640625 0.3356483515625 0.49437499999999995 0.3346520140625 0.49437499999999995 0.334161171875 0.493056640625 0.3331648359375 0.47784179687500006 0.3331648359375 0.45866210937499996 0.33441025625 0.44874023437500005 0.3361465203125 0.440478515625 0.336886446875
0 0.431044921875 0.3453992671875 0.43440429687500004 0.345091575 0.43640625 0.34394871718750003 0.44013671875 0.34367765625 0.44319335937500004 0.3396703296875 0.44236328125 0.33622710625 0.44092773437500005 0.3349450546875 0.43917968749999997 0.334432234375 0.43624023437500004 0.3346373625 0.434345703125 0.3357289375 0.42990234374999997 0.3357216125 0.425146484375 0.33803662968750003 0.423095703125 0.33986813125 0.42369140625 0.3426959703125 0.425390625 0.3439047625 0.431044921875 0.3453992671875
1 0.377978515625 0.3071208796875 0.37896484375 0.3073699640625 0.38590820312499996 0.3128278390625 0.39484375 0.31877655625 0.4034375 0.325479853125 0.40443359375 0.3257216125 0.40972656250000006 0.3294432234375 0.41302734374999994 0.3311794875 0.421630859375 0.33788278437499997 0.42625976562499995 0.340109890625 0.42724609375 0.3411062265625 0.42890625 0.3413553109375 0.430224609375 0.340358975 0.429560546875 0.3393699640625 0.42989257812500004 0.3391208796875 0.42294921875 0.3353992671875 0.41732421875 0.3311794875 0.41700195312500005 0.33043956093750004 0.41600585937499995 0.3301904765625 0.41236328125000005 0.327457875 0.40741210937499994 0.32473260000000004 0.39880859375 0.3182857140625 0.391533203125 0.313567765625 0.38392578125 0.30786080625 0.38327148437499997 0.30687179531250003 0.382275390625 0.30662271093750004 0.377978515625 0.3033992671875 0.376318359375 0.3029010984375 0.375 0.303890109375 0.375 0.30438827812499997 0.377978515625 0.3071208796875
1 0.421630859375 0.3497875453125 0.41600585937499995 0.3564835171875 0.41600585937499995 0.356981684375 0.41236328125000005 0.360205128125 0.41236328125000005 0.360703296875 0.410048828125 0.3631868125 0.40376953125000004 0.36864468906250003 0.396826171875 0.3738534796875 0.38558593750000003 0.38054945 0.38492187499999997 0.38054945 0.382275390625 0.3822857140625 0.381611328125 0.3822857140625 0.381943359375 0.3825347984375 0.381279296875 0.383523809375 0.382607421875 0.384520146875 0.3842578125 0.3842710625 0.386904296875 0.3825347984375 0.387568359375 0.3825347984375 0.397158203125 0.3765787546875 0.39814453125 0.3763296703125 0.412041015625 0.36541391875 0.41435546875 0.3624395609375 0.41500976562499997 0.36219047656250003 0.41500976562499997 0.3616923078125 0.41865234375 0.3584688640625 0.4282421875 0.3453260078125 0.430224609375 0.340608059375 0.430224609375 0.33986813125 0.42890625 0.3388717953125 0.4282421875 0.3388717953125 0.4269140625 0.33986813125 0.42625976562499995 0.34259340625 0.421630859375 0.3497875453125
2 0.42791015625 0.38923076874999996 0.42195312500000004 0.38824175781250003 0.420634765625 0.38923076874999996 0.420634765625 0.38972893750000004 0.42195312500000004 0.39071794843749996 0.42659179687500004 0.3917142859375 0.4282421875 0.3917142859375 0.43948242187500003 0.39022710625 0.46560546875000003 0.3877435890625 0.495703125 0.3869963375 0.497021484375 0.38600732656250003 0.497021484375 0.3855091578125 0.495703125 0.384520146875 0.488427734375 0.384520146875 0.46560546875000003 0.3852600734375 0.44874023437500005 0.386754578125 0.42791015625 0.38923076874999996
0 0.43169921875000006 0.39412454218750004 0.43316406250000006 0.392388278125 0.4330078125 0.38898168437499997 0.42919921875 0.38658608125 0.42244140625000004 0.385663003125 0.418720703125 0.387113553125 0.41701171875 0.3892674 0.416865234375 0.391296703125 0.41839843749999994 0.3928498171875 0.419365234375 0.394908425 0.421923828125 0.3959926734375 0.42890625 0.39549450625000004 0.43169921875000006 0.39412454218750004
1 0.40277343749999994 0.374344321875 0.4041015625 0.3760805859375 0.407080078125 0.378065934375 0.40972656250000006 0.380798534375 0.40972656250000006 0.38129670312499997 0.41798828125 0.387245421875 0.420966796875 0.3904688640625 0.421298828125 0.39022710625 0.42261718750000005 0.39071794843749996 0.4239453125 0.38972893750000004 0.4239453125 0.38898168437499997 0.419970703125 0.3855091578125 0.41963867187500004 0.38476923125 0.411708984375 0.3790622703125 0.410048828125 0.3768278390625 0.407080078125 0.37484249062499997 0.40443359375 0.37186813124999996 0.3984765625 0.3673992671875 0.397158203125 0.3671501828125 0.39583007812500004 0.3681465203125 0.39583007812500004 0.368886446875 0.40277343749999994 0.374344321875
1 0.42724609375 0.39320146562499997 0.42857421875 0.3944395609375 0.430224609375 0.3951868125 0.430224609375 0.39568498124999996 0.42922851562500003 0.395926740625 0.4269140625 0.39841025625 0.4269140625 0.398908425 0.4282421875 0.3998974359375 0.42890625 0.3998974359375 0.42989257812500004 0.3996483515625 0.430224609375 0.398908425 0.43220703125000004 0.3974212453125 0.43287109375000005 0.3974212453125 0.43386718750000003 0.3951868125 0.43287109375000005 0.39345055 0.43187499999999995 0.39320146562499997 0.429560546875 0.39146520156250003 0.42857421875 0.38972893750000004 0.4269140625 0.38923076874999996 0.42559570312500006 0.39022710625 0.42559570312500006 0.39071794843749996 0.42724609375 0.39320146562499997
2 0.459326171875 0.43339194062499997 0.43551757812499997 0.435619046875 0.42659179687500004 0.43686446874999996 0.42526367187499997 0.4378534796875 0.42526367187499997 0.43835164843749996 0.42659179687500004 0.439340659375 0.42791015625 0.439340659375 0.43783203125 0.4378534796875 0.45734375 0.43611721562500005 0.47750976562499997 0.433641025 0.49603515624999994 0.43289377343749996 0.49735351562499996 0.43189743593749996 0.49735351562499996 0.43140659374999996 0.49603515624999994 0.43041025624999996 0.493720703125 0.43041025624999996 0.48909179687500004 0.430908425 0.477177734375 0.431157509375 0.459326171875 0.43339194062499997
0 0.425869140625 0.4428717953125 0.43245117187500004 0.442703296875 0.43453125000000004 0.44194871718749995 0.43814453125 0.441706959375 0.44242187499999996 0.43792674062500003 0.441767578125 0.43439560468750005 0.43827148437499996 0.43254944999999995 0.433037109375 0.4337875453125 0.42607421875 0.43389010937499994 0.42373046875 0.43520879062500006 0.422451171875 0.43695238124999997 0.422900390625 0.440571428125 0.423935546875 0.4420512828125 0.425869140625 0.4428717953125
1 0.3885546875 0.40734065937499997 0.397822265625 0.42049084218750005 0.39880859375 0.4209890109375 0.401123046875 0.4237142859375 0.410712890625 0.43140659374999996 0.41600585937499995 0.43413186875000004 0.4183203125 0.43586813125 0.42459960937499996 0.4386007328125 0.42724609375 0.439340659375 0.42857421875 0.43835164843749996 0.42791015625 0.437113553125 0.419970703125 0.433641025 0.41402343750000004 0.430161171875 0.40277343749999994 0.42123076875 0.39914062499999997 0.41726739999999996 0.39451171875 0.41106227031250003 0.392197265625 0.40758974375 0.3898828125 0.40238095312500005 0.3885546875 0.40138461562499994 0.387900390625 0.40138461562499994 0.386572265625 0.40238095312500005 0.386572265625 0.4031208796875 0.3885546875 0.40734065937499997
1 0.430224609375 0.4748205125 0.430556640625 0.47580952343750005 0.43187499999999995 0.4768058609375 0.43253906249999996 0.4768058609375 0.43386718750000003 0.47580952343750005 0.43386718750000003 0.4748205125 0.43287109375000005 0.47109890156249995 0.431220703125 0.457201465625 0.431220703125 0.4373553109375 0.42989257812500004 0.4363663 0.42922851562500003 0.4363663 0.42791015625 0.4373553109375 0.42791015625 0.457201465625 0.430224609375 0.4748205125
2 0.447421875 0.47953113593749996 0.440810546875 0.47953113593749996 0.43187499999999995 0.4812674 0.430556640625 0.48226373593750005 0.430556640625 0.48275457812499994 0.43187499999999995 0.48375091562500006 0.43287109375000005 0.48375091562500006 0.44113281249999997 0.4820146515625 0.447421875 0.4820146515625 0.47982421875 0.47804395624999996 0.49404296875 0.47729670312500005 0.5095898437499999 0.47580952343750005 0.510908203125 0.4748205125 0.510908203125 0.47432234375000004 0.5095898437499999 0.4733333328125 0.507939453125 0.4733333328125 0.493720703125 0.4748205125 0.47950195312500005 0.4755604390625 0.447421875 0.47953113593749996
1 0.386572265625 0.4619194140625 0.401455078125 0.4683663 0.40873046874999996 0.47109890156249995 0.415673828125 0.47457142812499997 0.41600585937499995 0.47506959687499994 0.41666992187499996 0.47506959687499994 0.42459960937499996 0.4790329671875 0.424931640625 0.47953113593749996 0.42559570312500006 0.47953113593749996 0.43187499999999995 0.483252746875 0.43353515624999994 0.48350183125 0.43485351562499996 0.48250549375 0.434189453125 0.4815164828125 0.434521484375 0.4812674 0.43386718750000003 0.4812674 0.427578125 0.4775457875 0.4269140625 0.4775457875 0.41898437499999996 0.4735750921875 0.41865234375 0.47308424843749997 0.41798828125 0.47308424843749997 0.411044921875 0.46961172187500005 0.410712890625 0.46911355312499997 0.402119140625 0.46589010937499997 0.3941796875 0.4621684984375 0.3743359375 0.45472527500000004 0.3657421875 0.4517435890625 0.36409179687500004 0.45150183125 0.36276367187499997 0.45249084218749996 0.363427734375 0.45372893750000004 0.386572265625 0.4619194140625