0 0.5046732421875 0.557506340625 0.503905996875 0.55205493125 0.5009217203125 0.5493289421875 0.4972543734375 0.54749395 0.49434959999999994 0.5470890374999999 0.4907100953125 0.5483319109375 0.48670153125000004 0.5479437390624999 0.4822022671875 0.549562096875 0.47939219218750007 0.5508130234374999 0.47725505625000003 0.5541248109375 0.4776886703125 0.5562700609375 0.4802163078125 0.5585316625 0.48480229531249996 0.5588473765625 0.4877821703125 0.55771119375 0.4899802203125 0.558685315625 0.4917597515625 0.5613740875000001 0.49527372031250005 0.56248749375 0.4986567984375 0.5621957703125 0.50395800625 0.5593510968750001 0.5046732421875 0.557506340625
1 0.5367726187499999 0.5304460921875 0.539047315625 0.5278341109375 0.5388308828125 0.5268158749999999 0.535692159375 0.52536293125 0.5336588109375 0.5257951328125 0.5098492015625 0.53723308125 0.49859909687500004 0.5444008734375 0.49814131406250006 0.54556241875 0.494965265625 0.5473017484375 0.49051082656249995 0.553025078125 0.49025877500000004 0.5552071328125 0.49340990468749996 0.55666581875 0.49476903749999995 0.5563769265625 0.5017236078125 0.5490495578125001 0.5135281546875 0.5412276046875 0.5367726187499999 0.5304460921875
1 0.4972601703125 0.5547831796875 0.4949837671875 0.55738714375 0.4952001984375 0.5584053796874999 0.49834062812499996 0.559866340625 0.5162761296875 0.5608389203125 0.53104458125 0.5635405390625 0.5323930125 0.563253921875 0.5346784125 0.560639665625 0.53277905 0.5583869781249999 0.5268129906250001 0.5569986921875001 0.5093369765625 0.5548725859375 0.4972601703125 0.5547831796875
2 0.48636785781249997 0.59694455625 0.4797993296875 0.5994049796875001 0.43816328593750004 0.610383475 0.43587618125 0.6129897125 0.4360926140625 0.6140079484375 0.4392437453125 0.6154666343749999 0.44399535781250005 0.614456646875 0.4875573859375 0.6025408421875 0.491768771875 0.5989892765625 0.4915523390625 0.597971040625 0.4884012078125 0.5965123546875 0.48636785781249997 0.59694455625
1 0.5271735734375 0.7689236453125 0.524898875 0.7715356265625 0.5251153078125 0.7725538609375 0.52825403125 0.7740068046874999 0.53332944375 0.7745201640625 0.563702871875 0.7739132203125 0.5730614125 0.7745804109375001 0.5750947609375 0.7741482093750001 0.5773801609375 0.771533953125 0.5771654328125 0.770523734375 0.5725461000000001 0.7688408140625 0.5271735734375 0.7689236453125
1 0.4797993296875 0.5994049796875001 0.4648968921875 0.5993882515625 0.45825661718750005 0.598143275 0.450498559375 0.5950074125 0.44317336718749994 0.593908021875 0.44112931718750004 0.594342496875 0.4388546203125 0.5969544796874999 0.4390693484375 0.5979646953125 0.4422097765625 0.59942565625 0.44875338906250006 0.6001632484375 0.45425996093750004 0.6027050609375 0.4602260203125 0.60409334375 0.4788464390625 0.6049203421875 0.4808797875 0.604488140625 0.4831668921875 0.6018819015625 0.48295045937500003 0.6008636671875001 0.4797993296875 0.5994049796875001
1 0.504706515625 0.57976450625 0.5151519312499999 0.5722314453124999 0.5143703515625 0.5718696453125001 0.5152966203125 0.5695442828124999 0.5121454890625 0.568085596875 0.51078635625 0.5683744890625 0.5016893703124999 0.57562093125 0.5003302374999999 0.5759098234375 0.49816460625000003 0.5790349328125 0.49031768593749997 0.58547935625 0.47718842656250005 0.6004878734375 0.4769470765625 0.6026676531249999 0.48008750625 0.6041286140625 0.4814466390625 0.603839721875 0.494105709375 0.5899870046875 0.5025284796875 0.582883871875 0.504706515625 0.57976450625
0 0.4774294484375 0.6066209671875 0.48150924218749996 0.6068180187500001 0.48371743125 0.6061559187500001 0.4859381703125 0.6062369546874999 0.49068391875 0.6050941375 0.49304833437499995 0.6035357046875001 0.494981846875 0.598792346875 0.49180935937500003 0.5950756421875 0.48760775624999997 0.595147496875 0.4839181984375 0.5941552109375 0.47981728593749995 0.5954374984374999 0.47795292656250005 0.5968226015625 0.4745361609375 0.602744359375 0.47467353437500004 0.6049693359375 0.4774294484375 0.6066209671875
0 0.5221008953124999 0.7762113375 0.5236530203124999 0.7777249875 0.5264760640625 0.778113753125 0.53420931875 0.7750286656250001 0.5358476984375 0.772317303125 0.535812434375 0.7698359859374999 0.5344690890625 0.7675153921875 0.5264083890625 0.765323740625 0.521279078125 0.7665564671875 0.5191593171875 0.7691606546875 0.5186699906250001 0.7719629734375 0.5196036015625001 0.7748818296875 0.5221008953124999 0.7762113375
2 0.5292176234375 0.7684891687500001 0.5249237921875001 0.7683376109375 0.50603710625 0.7728884093749999 0.47777947187500003 0.7767662750000001 0.475504775 0.7793782578124999 0.4757212078125 0.7803964921875 0.47885993125 0.781849434375 0.481687265625 0.7817847765625 0.5064326484375 0.778117153125 0.5253300359375 0.7735640796875 0.52825403125 0.7740068046874999 0.5302980828125 0.773572328125 0.5325744859375 0.7709683640625 0.5323580531250001 0.7699501296875 0.5292176234375 0.7684891687500001
1 0.52046488125 0.7273107578125 0.5181794828124999 0.7299250140625 0.5185032796875 0.7314483578125001 0.5251993781250001 0.7395864578125 0.542552615625 0.7545011609375 0.5461598234375 0.7547902843750001 0.548446928125 0.7521840453124999 0.548230496875 0.7511658109375 0.532767625 0.7385140875 0.5249644453125 0.7284828265625001 0.5218133125 0.727024140625 0.52046488125 0.7273107578125
1 0.55499858125 0.7029676953124999 0.5563577140625 0.702678803125 0.5555761359375 0.702317003125 0.5565024015625 0.699991640625 0.5533529765625 0.6985409703125 0.5519938437499999 0.6988298625 0.5405023890625 0.7081774359375 0.5391539578125 0.7084640531249999 0.5273013843750001 0.71948055625 0.5235601890625 0.7218763203125 0.5178556859375 0.7284016703125 0.51761263125 0.7305734328125 0.5207530593749999 0.73203439375 0.5227864078125 0.7316021921875 0.5279240609375 0.7257252609375 0.539873296875 0.7152161421875001 0.55499858125 0.7029676953124999
2 0.5256386609375 0.7283395171875 0.519348803125 0.7254278890625 0.5113493953125 0.7244718046874999 0.47934886250000003 0.73073741875 0.45505056406250005 0.733245771875 0.4527758640625 0.735857753125 0.45299229687500003 0.7368759890625001 0.456131021875 0.7383289328125 0.45895835625 0.7382642749999999 0.480429321875 0.7358205796874999 0.511070721875 0.7298438593750001 0.5153538515625 0.7299976906250001 0.5231102046875 0.7331255359375 0.5244693375 0.73283664375 0.52675644375 0.7302304046875 0.5256386609375 0.7283395171875
1 0.50910294375 0.687223259375 0.50681754375 0.6898375156250001 0.50871690625 0.692090203125 0.5276594171875 0.694432528125 0.5565539421875 0.693603625 0.5599464234375 0.69288253125 0.5622335281249999 0.6902762921875001 0.5620170953125 0.6892580578125 0.5588659640625 0.687799371875 0.5519736359375 0.6887364500000001 0.5300805078125 0.6891414 0.50910294375 0.687223259375
1 0.4933690140625 0.656562215625 0.49108361250000004 0.6591764718750001 0.4916238421875 0.6617180515625 0.499373778125 0.6781293093749999 0.5019675625 0.6903321015625 0.5051079921875 0.6917930625000001 0.506467125 0.69150416875 0.508752525 0.6888899125 0.5061587421875 0.6766871203125 0.49786857500000004 0.6577342828125 0.4947281453125 0.656273321875 0.4933690140625 0.656562215625
0 0.505899303125 0.68341261875 0.503454171875 0.6839072093749999 0.5018485640625 0.6850361953124999 0.4993369953125 0.6878493640625 0.498909959375 0.689523921875 0.49958515468750003 0.6919111171875 0.5032068453125 0.6953731234375 0.505492140625 0.6959683671875 0.5088814875 0.6953903968749999 0.5139075953125001 0.693777375 0.5156095203125 0.6926279156249999 0.516512275 0.6907181609374999 0.5163686203125 0.6874637984375 0.5147412375 0.6854382140624999 0.505899303125 0.68341261875
2 0.5119285734375 0.687150584375 0.505386665625 0.6864210078124999 0.4820970796875 0.6903071234375 0.47960594843750004 0.69190086875 0.4496387640625 0.69773428125 0.4473533640625 0.7003485375 0.447569796875 0.7013667734375 0.45071922343750004 0.702817440625 0.49549569531250004 0.6932999078125001 0.505792909375 0.6916474781249999 0.510183403125 0.69230641875 0.5115425359375 0.6920175265624999 0.513817234375 0.6894055453125 0.5119285734375 0.687150584375
1 0.5018806437500001 0.63987879375 0.5005215125 0.6401676859375 0.4982344078125 0.6427739265625 0.49961374531249997 0.652578446875 0.499093721875 0.6601302796875 0.5010833296875 0.6761737625 0.5042237593750001 0.6776347234375 0.5055828921875001 0.6773458296875 0.50786829375 0.6747315734375 0.5059860484375001 0.6591932 0.5063987078125 0.6511362578125001 0.5050193703125 0.6413317375 0.5018806437500001 0.63987879375
1 0.5501118390624999 0.623249878125 0.5469714109375 0.6217889171875 0.544927359375 0.62222339375 0.5301881125000001 0.629604896875 0.5026622234375 0.64024059375 0.500736240625 0.6411779046875 0.498450840625 0.6437921609374999 0.49866727343750006 0.644810396875 0.5018167 0.646261065625 0.503850046875 0.6458288640625 0.5345536890625 0.633461853125 0.5468018046875 0.6276740968750001 0.550328271875 0.6242681140624999 0.5501118390624999 0.623249878125
0 0.5051362875 0.6359354078125 0.5014476828125 0.6348423609375 0.496105359375 0.63638851875 0.4942667765625 0.6389999796875 0.492950465625 0.6405954046875 0.49286084687500004 0.6425418171875 0.4963946703125 0.6456956859375 0.497216628125 0.6485628546875 0.501693225 0.6504688515625 0.5056229796875 0.6495916562499999 0.508412665625 0.6472975828124999 0.5112422140625 0.6436123625 0.5118932109375 0.639149990625 0.5111035765625 0.637382090625 0.5086266609375001 0.6357800953125 0.5051362875 0.6359354078125
2 0.5039139921875 0.6394465921875 0.5007628609375 0.63798790625 0.49794793437499996 0.6380583078125001 0.46912345 0.6425845906250001 0.43654706875000004 0.6495089140625 0.4342616671875 0.6521231703125 0.43447810000000003 0.6531414078125 0.4376275265625 0.6545920749999999 0.470203909375 0.6476677515625 0.49348279218749996 0.6437839125 0.4976692609375 0.6434303609375001 0.4997833515625 0.6466932671875 0.5029237796875 0.648154228125 0.5042829125 0.6478653359375001 0.5065683140624999 0.645251078125 0.5039139921875 0.6394465921875
1 0.5075893781249999 0.7401452390625 0.5062302453124999 0.74043413125 0.5039448453125 0.7430483875 0.5054937890625 0.746967728125 0.51809370625 0.7628844015625 0.5208214765625 0.7724023046874999 0.523970903125 0.7738529734374999 0.5253300359375 0.7735640796875 0.5276064375 0.7709601171875 0.5246622375000001 0.7604239781250001 0.5170754875 0.7514109515625 0.5107298078125 0.7416061984375 0.5075893781249999 0.7401452390625
0 0.5149448375000001 0.7342829296875 0.5173727234375 0.733917703125 0.5219459703125 0.7350154515625 0.525709203125 0.7346177828125 0.5280091296875 0.732913840625 0.5292876640624999 0.7296672375 0.5282912734375 0.7266108890625 0.5267861140625001 0.725212953125 0.522241146875 0.7231957921875 0.5159240484375001 0.7227871453125 0.5110617468750001 0.72496031875 0.509916890625 0.728941075 0.512643728125 0.7336659062499999 0.5149448375000001 0.7342829296875
1 0.4894541421875 0.46133120781250003 0.48913034531250005 0.45980786250000005 0.485989915625 0.458346903125 0.4846307828125 0.4586357953125 0.4818876 0.4624115953125 0.476041496875 0.4950032078125 0.47074323749999997 0.5067550265625 0.4709596703125 0.5077732625 0.4741090953125 0.50922393125 0.4772868484375 0.50749261875 0.47830977968750005 0.5056746390625 0.48304289218749996 0.49457925625000004 0.4848253859375 0.4862311453125 0.4864056625 0.47366906093749994 0.4894541421875 0.46133120781250003
3 0.43982486718749997 0.51811181875 0.440276234375 0.5302336859375 0.45367460781249996 0.5932680828125 0.460056415625 0.609978525 0.46567514374999996 0.6364125625 0.46573096875 0.643305684375 0.47126895468749996 0.6660446171875 0.4697385109375 0.6722106703125 0.472934765625 0.6805647546875 0.4767163734375 0.6983558171875 0.4776272265625 0.7093241578125 0.48196618124999996 0.7163711125 0.483199128125 0.7288547796875 0.4893129625 0.750935 0.48979095 0.75986686875 0.49743522812499996 0.775781034375 0.4973712828125 0.78216330625 0.5028826468750001 0.808092234375 0.505239790625 0.809183378125 0.508067125 0.8091187203124999 0.5110267421875 0.806361153125 0.505624446875 0.7809453515625 0.5061088515625001 0.776593809375 0.49782768125 0.757630678125 0.4975661265625 0.7497170453125 0.492965615625 0.73475645625 0.4900012078125 0.71412690625 0.485662253125 0.70707995 0.48486046875 0.6966247359375 0.48097149687499996 0.6783285640625001 0.4780990390625 0.6714978265625 0.47962777812499996 0.665323753125 0.47397342968749995 0.64209000625 0.47392660312499996 0.6351865906249999 0.4682005109375 0.6082474437500001 0.46171133906249995 0.5910318921875 0.448420328125 0.5285026046875 0.44796896249999996 0.5163807375 0.43826333125000005 0.48071768906249995 0.4378368828125 0.46539780625000005 0.4311733140625 0.430680315625 0.4270305875 0.41455818437499997 0.4171553515625 0.3847803140625 0.41092464843750004 0.35209929687499997 0.4114446734375 0.34454746406250003 0.40908752656249997 0.3434563203125 0.406261896875 0.343528996875 0.403300578125 0.3462785453125 0.40280717499999996 0.3506403796875 0.40490585156250003 0.3671969890625 0.40901125625 0.3865113953125 0.4188864921875 0.41628926406250005 0.42313828750000004 0.43292452499999995 0.42958542343749995 0.4666237765625 0.43001016875 0.48193564375 0.4321710859375 0.49210196406250006 0.43831154375 0.5109921875000001 0.43982486718749997 0.51811181875
2 0.3757777765625 0.3802933421875 0.3789289078125 0.38175202812500003 0.43467510468750004 0.3704307375 0.44067848906249996 0.36862675 0.44295318593750005 0.3660147671875 0.442736753125 0.3649965328125 0.4395980296875 0.3635435890625 0.3778484484375 0.3766688671875 0.37556134375 0.37927510781249996 0.3757777765625 0.3802933421875
0 0.4222944046875 0.36859588125 0.421875615625 0.3701513703125 0.4245667375 0.37507653125 0.4243038640625 0.3791547296875 0.4272337484375 0.38236155 0.4301748609375 0.38325315 0.43299523281249996 0.382419025 0.43665129062499997 0.379991078125 0.438818078125 0.37655567031250003 0.43886321875 0.37103213749999997 0.4376246265625 0.3670468296875 0.4315722609375 0.36462103125 0.42655310156250004 0.3656878859375 0.423902121875 0.3670558328125 0.4222944046875 0.36859588125
1 0.425883415625 0.36911512968750004 0.426228803125 0.4041029703125 0.4266616671875 0.4061394421875 0.4298128 0.40759812812499996 0.43116122968750004 0.40731150937500005 0.43344662968750003 0.404697253125 0.4330995390625 0.36970139375 0.432668378125 0.367672940625 0.42951724843749994 0.3662142546875 0.42816881718750005 0.36650087343750004 0.425883415625 0.36911512968750004
1 0.47164839687500004 0.35088194375000004 0.46850796875 0.3494209828125 0.4671488359375 0.349709875 0.4540835203125 0.3583361234375 0.4350255234375 0.368764084375 0.42951724843749994 0.3662142546875 0.42816881718750005 0.36650087343750004 0.425883415625 0.36911512968750004 0.4282139390625 0.3733962703125 0.43225572031250004 0.375729884375 0.4342890671875 0.3752976828125 0.45334706249999995 0.364869721875 0.47084019687499995 0.3537101421875 0.47164839687500004 0.35088194375000004
2 0.4684003625 0.408957484375 0.4618211296875 0.411420184375 0.452353521875 0.4102398671875 0.39999980625 0.4208400640625 0.38956860625 0.42517738281249995 0.38729390625 0.427789365625 0.3875103390625 0.4288076 0.39065076875 0.4302685609375 0.40175448124999996 0.4257799140625 0.45275976562500003 0.41546633593750004 0.462227375 0.4166466546875 0.46948082187500007 0.41404064687500003 0.4717555203125 0.4114286640625 0.47153908906249997 0.41041042968749997 0.4684003625 0.408957484375
0 0.4692077296875 0.40433617968749996 0.4635258765625 0.4060215453125 0.460699378125 0.40787931093749996 0.45777879062500004 0.407452621875 0.45017707968750004 0.40905165625000006 0.44692360468750003 0.41163704843750004 0.446026034375 0.4139395515625 0.446503209375 0.4161844796875 0.4484832765625 0.418185378125 0.454082684375 0.420321984375 0.4592893765625 0.4205057640625 0.46648837500000007 0.4193275234375 0.46843337968750004 0.4186375640625 0.470501478125 0.4167901625 0.47129428281249997 0.41483674062500003 0.47532372343749996 0.4100082125 0.4757655484375 0.40808749375 0.4725418046875 0.4047085 0.4692077296875 0.40433617968749996
1 0.48158757812499997 0.3742775421875 0.47873532656249995 0.377540215625 0.4639991671875 0.40830081875 0.463611425 0.4131597453125 0.46676255624999996 0.41461843125 0.46812168906249996 0.41432953906250003 0.4703963875 0.41171755625 0.47238461249999997 0.4043899578125 0.486312571875 0.376457553125 0.48609613906250004 0.3754393171875 0.4829467125 0.37398865 0.48158757812499997 0.3742775421875
1 0.499538253125 0.4219980296875 0.5001034 0.42134159374999997 0.4987442671875 0.4216304875 0.48962878125 0.41879153437500005 0.4855870015625 0.416457921875 0.480414928125 0.4154371796875 0.47490665156249995 0.41288735 0.47389793750000003 0.411509590625 0.4670412296875 0.40924637812500003 0.465682096875 0.40953527031250003 0.46339499218749997 0.41214151093750007 0.463611425 0.4131597453125 0.47316148125 0.4180431875 0.47417019531250004 0.41942094843750005 0.47934226874999997 0.42044168906249996 0.4872076890625 0.42408266250000004 0.49161058906250005 0.4247473453125 0.49554330156250004 0.42656783281250005 0.4990431453125 0.4263518484375 0.5013285468750001 0.42373759062499994 0.499538253125 0.4219980296875
2 0.468882821875 0.4646395375 0.4694496734375 0.46399111875 0.47238437187500004 0.46443156874999997 0.47466977187500003 0.4618173125 0.4744533390625 0.460799078125 0.47008946875 0.45695013749999996 0.46951191562499994 0.45760083125 0.46793635 0.45687148750000006 0.4631954359375 0.4578791984375 0.447123678125 0.462359596875 0.41240658281250003 0.4692110140625 0.404586284375 0.4724654390625 0.4023115875 0.4750774203125 0.402526315625 0.47608763906249996 0.40566674375 0.4775486 0.41417195937500006 0.47414859062500003 0.4482041375 0.46744275625 0.46630924374999994 0.46253015937499997 0.46866809375 0.46362931874999996 0.468882821875 0.4646395375
0 0.4770597828125 0.4568009453125 0.4735302015625 0.455456221875 0.470984796875 0.45563693125000004 0.46828629062499993 0.4552552140625 0.46583611875 0.45609444843749997 0.462938259375 0.45872156875 0.46231723281250003 0.46095691250000004 0.463167815625 0.463432525 0.46603928124999994 0.46641712812499997 0.467893296875 0.4668777890625 0.47328961875 0.46658550937500004 0.47701861093750003 0.46397446093749994 0.4786665390625 0.46157112187499993 0.47884913593749995 0.45995690156249996 0.4770597828125 0.4568009453125
1 0.4706159078125 0.43611489218750005 0.46566497812499996 0.4228209578125 0.46252455000000003 0.421359996875 0.46116541718750004 0.42164889062500005 0.45888001718749993 0.424263146875 0.463938309375 0.438062190625 0.46629074218750005 0.4524447625 0.46419515312500004 0.4592672515625 0.46451895 0.4607905984375 0.46766837656250004 0.462241265625 0.4690168078125 0.4619546484375 0.4717616953125 0.45818686406250003 0.47294171875 0.4536874625 0.47245302968749997 0.44475786875 0.4706159078125 0.43611489218750005
1 0.4982660375 0.47274022968749996 0.4742386109375 0.45978885937499997 0.4698357125 0.459124175 0.46756101250000004 0.46173615625000003 0.467884809375 0.4632595015625 0.4988780109375 0.47898720937499994 0.503821140625 0.48219347343749996 0.5040358703125001 0.4832036921875 0.5046027203125 0.4825552734375 0.5075374203125 0.482995725 0.50982281875 0.48038146875 0.5096063859375 0.4793632328125 0.5052318140625001 0.4755165671875 0.4982660375 0.47274022968749996
2 0.48067933125 0.506771525 0.482954028125 0.5041595437499999 0.48273759531250005 0.5031413062500001 0.4795971671875 0.5016803453125 0.47755311718750004 0.502114821875 0.4750619859375 0.50370856875 0.45345703281249994 0.508837153125 0.4180284 0.51902415 0.41406906718750003 0.5203936640625 0.4117836671875 0.5230079187500001 0.41200010000000004 0.5240261562499999 0.4151495265625 0.5254768249999999 0.41854200781250006 0.5247557296875 0.4545374921875 0.5139203140624999 0.47750157812499994 0.5085028359375 0.48067933125 0.506771525
0 0.476421009375 0.49910408124999994 0.47221192343749996 0.5007194171875 0.470599771875 0.5019754921875 0.4698755390625 0.503830540625 0.4664746109375 0.50488024375 0.46472573125 0.507229621875 0.4653104 0.5094014234375 0.4685177109375 0.512071625 0.476295775 0.51177588125 0.47873346874999995 0.51056220625 0.482350009375 0.5100532609374999 0.484463371875 0.50831355625 0.4856775640625 0.5056588375 0.485411840625 0.5038298546875 0.47934275312499997 0.499220471875 0.476421009375 0.49910408124999994
2 0.496199915625 0.5597934343750001 0.4996997625 0.559577446875 0.5019851625 0.556963190625 0.50019486875 0.5552236296874999 0.5007600156249999 0.5545671953125 0.49783601875 0.5541244703125 0.49403729375000005 0.54961909375 0.491789215625 0.5490410781249999 0.4844267015625 0.551133959375 0.47867707499999995 0.550763909375 0.4704239125 0.551981865625 0.42971413593749996 0.5606349953125 0.415001509375 0.5648264984375 0.412716109375 0.56744075625 0.41293254218750003 0.5684589921875001 0.41608196875000003 0.569909659375 0.43079459531250003 0.5657181546875 0.47908331875 0.5559903796875 0.4834738109375 0.5566493203125 0.4894771953125 0.55484533125 0.4931561484375 0.55883985625 0.49451528125 0.5585509625 0.496199915625 0.5597934343750001