1 0.5193137421875 0.32008425156250003 0.523597040625 0.311347071875 0.52544965625 0.30432596875 0.5315556906250001 0.2944209140625 0.5341579609375 0.2882973140625 0.5340061234375 0.286852671875 0.5312315515625 0.28519938749999996 0.52994535625 0.285334571875 0.5275349328125001 0.2870485171875 0.5255706953125 0.29310505781249996 0.5184411265625 0.3055468984375 0.51657838125 0.31256906875 0.5123052109375 0.3213051828125 0.5103913203125 0.3278407359375 0.5105439578125 0.32929297968750004 0.5133185296875 0.3309462671875 0.514604725 0.3308110828125 0.5175114703125 0.32758436875 0.5193137421875 0.32008425156250003
1 0.54172785 0.34794749375 0.5297459250000001 0.338967265625 0.5203270609375 0.3297253359375 0.517015146875 0.3290971359375 0.5146558703124999 0.331297696875 0.5147565625 0.3322557234375 0.519912475 0.338055896875 0.523376228125 0.340128740625 0.52634365625 0.3437143484375 0.5333215046875 0.34833904375 0.5369882406250001 0.3523431453125 0.5375860546875 0.3517960078125 0.540249009375 0.352484728125 0.5426192140625 0.35029070625 0.54172785 0.34794749375
0 0.509251190625 0.322448721875 0.506902271875 0.32533237187499997 0.5067365953125 0.328724540625 0.5064309015624999 0.33399945781249996 0.5091228250000001 0.336230296875 0.5163759125 0.3370438796875 0.520635234375 0.33850267343749996 0.52294805625 0.3379059671875 0.5260053328125001 0.3356243546875 0.5270112874999999 0.33292029375 0.5257378875 0.3278190328125 0.5240749734375 0.3254416046875 0.5173641734375 0.3207273390625 0.51471745 0.32058271562499996 0.509251190625 0.322448721875
2 0.5295892296875 0.4116140265625 0.5319586359375 0.4094124 0.53185714375 0.4084467703125 0.5290825703125 0.40679348437499996 0.52117255 0.40567226874999995 0.4839336796875 0.40958623281250006 0.4634353 0.412225003125 0.458392015625 0.41373137031249996 0.44244139687499995 0.41638414375000005 0.44008211875000003 0.41858470625 0.4401828109375 0.4195427328125 0.44294805625 0.42120468593749993 0.4468066390625 0.4207991328125 0.46457999375 0.41697848593750003 0.48444033906249995 0.41440677499999995 0.5210411749999999 0.410559871875 0.5295892296875 0.4116140265625
1 0.5249706578125 0.4047887671875 0.5157129609375 0.3969828125 0.5087854578125001 0.392837128125 0.5079955859374999 0.3914595453125 0.5011184296875 0.3877928734375 0.5003184296875001 0.3864163578125 0.49973154218750004 0.386970034375 0.4970576609375 0.3862747734375 0.494697584375 0.38846773125 0.49558894843749995 0.39081094375 0.506679509375 0.3974479625 0.5166255875 0.40566587031249995 0.5221654046875 0.408981109375 0.5229654046875 0.41035762656249997 0.523553090625 0.4098115546875 0.5262261703125 0.41049921093749997 0.5285862484375 0.40830625156250006 0.5276948859374999 0.405963040625 0.5249706578125 0.4047887671875
1 0.5084727484375 0.2539591796875 0.5061025453125 0.256153203125 0.5064274828124999 0.26538233437500003 0.48940490781249996 0.2949536421875 0.48950639999999995 0.295919271875 0.4922817734375 0.297580159375 0.4953907015625 0.296277103125 0.496525059375 0.2946972765625 0.512898675 0.265186490625 0.5125233875 0.2554783453125 0.5097589421875 0.2538239953125 0.5084727484375 0.2539591796875
1 0.5899031640625 0.633382171875 0.5879789359375 0.633584415625 0.5487869640625 0.6498958312500001 0.545090346875 0.6517449609375 0.5440574828125 0.6542904171874999 0.5468328546875 0.65595130625 0.548108921875 0.6558171859375 0.572991290625 0.6453992609375 0.579746490625 0.641768059375 0.589174775 0.638824515625 0.5927800265625 0.6360086890625001 0.5926785359375 0.6350430593749999 0.5899031640625 0.633382171875
2 0.533991165625 0.6573010218750001 0.54287278125 0.6553912296875 0.5452421859375 0.653189603125 0.54514069375 0.6522239734374999 0.542366121875 0.6505706890625 0.539803859375 0.65083999375 0.532835546875 0.652541 0.52849156875 0.654465859375 0.4874444609375 0.6592643890625001 0.480385584375 0.66000630625 0.46471817812499994 0.659216121875 0.4623589 0.6614166828125 0.4624595921875 0.662374709375 0.4652248375 0.6640366625 0.48089224374999995 0.6648268500000001 0.5296463890625 0.659218278125 0.533991165625 0.6573010218750001
0 0.5509367562499999 0.580137596875 0.5482871703125001 0.578601859375 0.543559234375 0.578822040625 0.5376503234375 0.575015165625 0.5353628734375 0.574586784375 0.5330743 0.5752193796875 0.5310196765625 0.5768113703125 0.5282437453125 0.58089300625 0.5276370203125 0.5836934796875 0.5296732703125 0.586992590625 0.5286602796875 0.59177298125 0.529393 0.5954320328125 0.5309408375 0.596714575 0.5335734078125001 0.5974064890624999 0.53864863125 0.5967885015625 0.54192526875 0.5940610265624999 0.5433785078125 0.589864728125 0.5493355109375 0.586140609375 0.55121089375 0.5821613125 0.5509367562499999 0.580137596875
1 0.543955990625 0.6533247875 0.542669796875 0.653459971875 0.53976385 0.6566942874999999 0.536634575 0.6701762812500001 0.5346105718749999 0.687939284375 0.5348135546874999 0.6898705421875 0.537588128125 0.691523828125 0.538864196875 0.6913897078125 0.5412344 0.689195684375 0.5438861 0.6650323140625 0.5468832 0.65643031875 0.5467313625 0.6549856765625 0.543955990625 0.6533247875
1 0.5416119078125 0.5877672546875 0.5452070328125 0.5849524953125 0.559374925 0.5776133 0.5693908953125 0.5741236828125 0.5786681375 0.5697430984375 0.5797010031250001 0.5671976421875 0.5769256296874999 0.5655367546875001 0.5756495640625 0.5656708734375 0.56948205 0.5687560015625001 0.5575820703125001 0.5729279421875 0.5471712703125 0.5788959546875 0.5384825109375 0.58273806875 0.5356772578125 0.5869304109375 0.5332668359375 0.5886443578125 0.5328720031249999 0.591122753125 0.535647375 0.5927836421875 0.5381081453125 0.591548709375 0.5388074515625 0.5919672 0.5416119078125 0.5877672546875
1 0.60228368125 0.7017823296875 0.592369203125 0.7062375765625 0.5591417640625 0.7175326046875 0.5555466375 0.7203473640625 0.5556481296875 0.72131299375 0.5584125734375001 0.7229673437499999 0.5603469296875 0.722764034375 0.60471536875 0.70640823125 0.6070847734375 0.704206603125 0.6069832828124999 0.7032409734375 0.6042079109375 0.7015800859375 0.60228368125 0.7017823296875
0 0.5665993546875 0.721753259375 0.567134434375 0.71807626875 0.5666686578125 0.716372503125 0.564650159375 0.7150933046875 0.560174396875 0.7143029984375 0.554939009375 0.7147610109375 0.5494008578125 0.7153584687500001 0.5462292875 0.7168449203125 0.54498990625 0.718789403125 0.5450907421875 0.7221843109375 0.5479139125 0.7272226203125001 0.5493162453125 0.7282898328125 0.5536659140625 0.729731446875 0.5556349234375 0.7293707484375 0.55934488125 0.7272588437499999 0.5620014859375 0.7270103734375 0.5637026765625001 0.72614739375 0.5665993546875 0.721753259375
1 0.52753123125 0.6823489578124999 0.5242193171875 0.6817207578125 0.5218499125 0.683922384375 0.5219506046875 0.6848804109375 0.5256676859375 0.689363525 0.5296892421875 0.6967435234375 0.5488724640625 0.7186119515625 0.550310496875 0.719921409375 0.553622409375 0.720549609375 0.5559816875 0.718349046875 0.5558801953125 0.7173834171875 0.539776821875 0.700072765625 0.52753123125 0.6823489578124999
1 0.5479707359375 0.41357955 0.537498453125 0.412727640625 0.5275635109375 0.4108506421875 0.5251933078125 0.41304466562500003 0.5267336296875 0.41532735625 0.5334078046874999 0.41706277031249994 0.5445785937500001 0.41832556875 0.552386325 0.418473553125 0.5665142078125001 0.4169886515625 0.5715985109374999 0.415969965625 0.5739577890625001 0.41376940156249997 0.5738570968750001 0.41281137812499996 0.5710918515625 0.4111494234375 0.5479707359375 0.41357955
0 0.5231768859375 0.4024327796875 0.5210983046875 0.403504546875 0.51755321875 0.40757477499999994 0.5196015375 0.41459330625 0.5272896203124999 0.41964303437500006 0.5311089703125 0.42032552343749996 0.5359371796875 0.4188187 0.5373500359375 0.4173556609375 0.5382051984375 0.413606590625 0.5369669015625 0.4100083671875 0.537705140625 0.40475717187500004 0.5368966281249999 0.4031048046875 0.5303493328125 0.4010178125 0.5231768859375 0.4024327796875
2 0.532967096875 0.4931448875 0.530191725 0.491483996875 0.49937370000000003 0.494723103125 0.47052091875 0.49824764374999997 0.44701510000000005 0.503155103125 0.43477042812500005 0.503950078125 0.4324010234375 0.5061517046875 0.432502515625 0.507117334375 0.4352770875 0.5087706187500001 0.4481699203125 0.5079075203125 0.471027578125 0.5030681859375 0.530698384375 0.496304540625 0.5330685890625 0.4941105171875 0.532967096875 0.4931448875
1 0.49254676875000003 0.4730242640625 0.4917459734375 0.47164014375 0.491159084375 0.4721938203125 0.4884852046875 0.4714985609375 0.4861259265625 0.473699121875 0.48627776406249995 0.47514376406250003 0.4898430078125 0.4781822359375 0.51547695625 0.4935225734375 0.519780925 0.49745201093749997 0.5230424921875 0.4976011984375 0.525411896875 0.4953995703125 0.52451040625 0.49305742500000005 0.5210970015624999 0.49146359687499996 0.5167930328125 0.487534159375 0.49254676875000003 0.4730242640625
1 0.559289425 0.5088971796874999 0.5571630140625 0.5071757671875 0.5511268734375 0.5053732953125001 0.5429131765624999 0.5013627953124999 0.532977434375 0.4994781953125 0.528825303125 0.49699340156250005 0.5255133890625 0.49636519999999995 0.5231431843750001 0.498559225 0.5232446765625001 0.49952485312499995 0.5288356390625 0.503326709375 0.544219834375 0.50755985625 0.5578215109375 0.513440953125 0.559948721875 0.515169965625 0.563209490625 0.5153115500000001 0.5655788953124999 0.513109921875 0.564090515625 0.511321453125 0.5646774046874999 0.5107677765624999 0.559289425 0.5088971796874999
0 0.5305120640625 0.48644584999999996 0.528153475 0.485632890625 0.525542696875 0.486122540625 0.522945459375 0.4876178140625 0.520313740625 0.49112311562500005 0.51721088125 0.49355557812499995 0.5172458640625 0.4973955859375 0.524477334375 0.50394621875 0.531289559375 0.5057286234375 0.5369791765625 0.503454771875 0.538336384375 0.5009751625 0.5375489250000001 0.4993282703125 0.5354563375 0.498026109375 0.5366703921875 0.4962303484375 0.5365365468750001 0.492131671875 0.5340709296874999 0.489131371875 0.5305120640625 0.48644584999999996
2 0.541692934375 0.582400640625 0.5389276890625 0.5807386875 0.496493696875 0.584714375 0.47609680781249997 0.5883187750000001 0.44521830937500007 0.59107993125 0.4428582328125 0.593272890625 0.44295972343749995 0.5942385203125 0.44572496875 0.5959004734375 0.45219615781250005 0.595704628125 0.4766034671875 0.5931393171875 0.49700035624999994 0.5895349171875 0.5394343484374999 0.5855592281249999 0.541794425 0.5833662703125 0.541692934375 0.582400640625
2 0.511521975 0.72156135 0.4583324859375 0.7281280859375 0.45596228281249995 0.7303221093750001 0.4560637734375 0.7312877390625 0.45883914531250003 0.7329486296875001 0.48259829375 0.7304514421875 0.5126767953125 0.7263137671875 0.5576227031250001 0.7215897625000001 0.5599921078125 0.719388134375 0.559891415625 0.7184301093750001 0.55711604375 0.7167692203125 0.511521975 0.72156135
1 0.5308470843750001 0.590366971875 0.505072553125 0.5984340828125 0.502713275 0.6006346437500001 0.5028139671875 0.6015926703125001 0.5055792125 0.603254625 0.5075135671875 0.6030513156249999 0.5118482171875 0.601135125 0.53392613125 0.5949171453125001 0.536285409375 0.5927165828125001 0.5361839171875 0.591750953125 0.533419471875 0.5900966015625 0.5308470843750001 0.590366971875
0 0.55833890625 0.6522205125 0.555585478125 0.648819971875 0.5532794 0.647824684375 0.549076234375 0.647874396875 0.5460925 0.6452053 0.5429513890625 0.64522795 0.53625670625 0.648460734375 0.5320111265625 0.64927595625 0.5303872203125 0.6501923109375001 0.5285664109375 0.655372790625 0.5317923609374999 0.658885103125 0.5386652749999999 0.662121728125 0.543360125 0.6626583859374999 0.5494385234375 0.661550590625 0.5512823140625 0.66038819375 0.5520563515625 0.658692490625 0.5563408734374999 0.657273559375 0.5579464125 0.6558902046874999 0.55833890625 0.6522205125
1 0.5024366078125 0.25215670625 0.5025373015625 0.25311473281249997 0.5053126734375 0.254775621875 0.5084216031250001 0.2534725640625 0.5122093750000001 0.2462557546875 0.51860895625 0.2392410484375 0.5185074640625 0.2382754203125 0.526052328125 0.22968742656250002 0.5287560906250001 0.22452945624999998 0.53338408125 0.219169240625 0.5337687859375 0.216691909375 0.531003540625 0.21502995625 0.5297173468749999 0.215165140625 0.52853264375 0.21626595312500002 0.5278442640625001 0.21585400156249998 0.52794495625 0.21681202656249998 0.5233076390625 0.222180909375 0.520603875 0.22733888124999999 0.517059096875 0.23063265312499998 0.5171605890625 0.2315982828125 0.5130691390625 0.235925809375 0.5131706296874999 0.23689143750000002 0.5067702515625 0.243898540625 0.5024366078125 0.25215670625
2 0.5107006515625 0.25664621875 0.5130700578125 0.2544445921875 0.5129693640624999 0.2534865671875 0.5101939921875001 0.2518256765625 0.5076317312499999 0.25209498125 0.503874640625 0.2534661640625 0.47245879999999996 0.25725240625 0.4412970890625 0.26345652343750003 0.43813701250000003 0.26427296562499997 0.4357777359375 0.2664735265625 0.435879228125 0.26743915625 0.438643671875 0.26909350781249997 0.44185409375000007 0.268756078125 0.4736136203125 0.262004825 0.5050294609375 0.2582185828125 0.5107006515625 0.25664621875
3 0.503873575 0.6858117734375 0.5045125265625 0.704263496875 0.506742146875 0.7254769234375 0.5121831078125 0.7648717031250001 0.5155965124999999 0.7664655328125 0.518107628125 0.7657096109375 0.519890146875 0.764061659375 0.514449184375 0.7246668796875 0.5122195640625 0.7034534546875 0.5115806125 0.6850017312500001 0.5014458281249999 0.5885756875 0.4963476328125 0.5276971125000001 0.496072921875 0.5004358140625 0.49117862968750003 0.46000728124999996 0.4906199078125 0.43618134062499997 0.486587096875 0.40394924843749996 0.486250103125 0.3698604234375 0.48352324218750004 0.3316409796875 0.48214212968750003 0.27524551875 0.4741584546875 0.2239335046875 0.4720714609375 0.22268456718750002 0.469458853125 0.22247485937499997 0.4664514140625 0.224743546875 0.474435090625 0.27605556249999996 0.47582632968749994 0.33244995781250003 0.478543065625 0.370670465625 0.4788800578125 0.40475929062500005 0.48291287031249996 0.4369913828125 0.48347159062499995 0.46081732343750004 0.4883147375 0.500759240625 0.48859024843750004 0.5280281421875 0.4904250390625 0.5517199625 0.503873575 0.6858117734375
0 0.5137845249999999 0.2502336921875 0.510600378125 0.24750878593749998 0.5047096828125001 0.24709012812500003 0.5023955234375 0.24777153593749998 0.4995690125 0.2506900078125 0.499039559375 0.2538359796875 0.49909782187499996 0.255851634375 0.50070505625 0.257796734375 0.505662071875 0.2599509375 0.5089757109375 0.2633233484375 0.5125189140625 0.264788225 0.5149121890624999 0.26485955 0.5184584625 0.2636258359375 0.5216991390625 0.260556209375 0.52182089375 0.2561616109375 0.5208482796875 0.2531427640625 0.5178815765625 0.2510253671875 0.5137845249999999 0.2502336921875
2 0.50848835625 0.334382828125 0.5180181296875 0.3324049109375 0.5203774078125 0.3302043484375 0.520275915625 0.3292387203125 0.5175114703125 0.32758436875 0.5143010484375 0.327921796875 0.507981696875 0.329562284375 0.4565536703125 0.334475596875 0.44381347499999996 0.336790940625 0.425543796875 0.3421243546875 0.4231837203125 0.344317315625 0.4232852125 0.34528294375 0.42605045625000004 0.346944896875 0.4279848125 0.34674158906249997 0.44052202500000004 0.3424949859375 0.45706032968750004 0.3392961390625 0.50848835625 0.334382828125