0 0.40808132031250005 0.55652733125 0.40403597500000005 0.5556675624999999 0.40166546875 0.5539315734375 0.39819385 0.553796215625 0.39622126875 0.5527151124999999 0.39413363281249997 0.5525208421875 0.38841875312499996 0.5535009875 0.3861203796875 0.555238546875 0.3857043671875 0.55815531875 0.3878203734375 0.5624287796874999 0.391567846875 0.5657754234375 0.4003773671875 0.56624485625 0.40417355937500005 0.5648989453125 0.40938553437499997 0.560404503125 0.4096405140625 0.55847344375 0.40808132031250005 0.55652733125
1 0.3388381875 0.717918203125 0.3423534203125 0.7174562265625 0.40446497187499997 0.6958874359375 0.40591557500000003 0.6932794640625 0.4031429421875 0.6911294203125 0.4017382890625 0.6911049015625 0.3375163015625 0.7131518828125001 0.33606555312499997 0.7157681578124999 0.3388381875 0.717918203125
1 0.4030434515625 0.6163322359375 0.39749098125 0.6130786921875 0.384255265625 0.6075810781250001 0.364724478125 0.6014419421875 0.35073688281250004 0.59908783125 0.3478907578125 0.6011481078124999 0.34787234843750003 0.6022027640625 0.35064483750000003 0.6043611140625 0.36113560625 0.6061225453125 0.3813743953125 0.612265734375 0.3932035296875 0.617215459375 0.3973624078125 0.6204446796875 0.4008592328125 0.6210373578125 0.40370535781249994 0.61897708125 0.402337521875 0.61684325 0.4030434515625 0.6163322359375
1 0.41072669531250006 0.6185763046874999 0.4199047109375 0.6150482390625001 0.42557662343749997 0.6114589734375 0.43404856562500005 0.6084502234375 0.44254819375 0.6038553375 0.449661578125 0.5981812765625001 0.4496798421875 0.597134925 0.446907353125 0.594976575 0.44480590312499996 0.5949398953125 0.42991930156249997 0.6041582359375 0.4214472140625 0.6071752874999999 0.41576424218749997 0.6107643609375 0.41437065000000006 0.6107400359375 0.40303431874999995 0.6168554125 0.40162966562499997 0.6168308953125 0.4023282453125 0.6173747328125 0.40088691875000004 0.619451221875 0.4036594078125 0.621609571875 0.4071746421875 0.6211475937500001 0.41072669531250006 0.6185763046874999
1 0.399162009375 0.557277096875 0.396327090625 0.5593292625 0.3976747328125 0.5619860765625 0.40254867031249997 0.564181109375 0.41292912968750006 0.5722621734375 0.421851634375 0.5840060593749999 0.4253393296875 0.585121915625 0.4281743953125 0.5830614453125 0.42819280312499997 0.5820067890625 0.4192904890625 0.5697399203125 0.4075237875 0.5605796796875 0.399162009375 0.557277096875
1 0.380072315625 0.5258677234375 0.37869535 0.5242570671875 0.37520750937499997 0.5231495171875 0.37236152968749997 0.5252014890625001 0.372343121875 0.526256146875 0.37849313906250004 0.5358416828125 0.38657906875000003 0.5549475046875 0.389314884375 0.5592068640625001 0.392802578125 0.5603227203125 0.39563764375 0.5582622515625 0.39565590781250004 0.5572158984375 0.392931296875 0.552948428125 0.3895905859375 0.543411928125 0.380072315625 0.5258677234375
1 0.3985018375 0.5146012671875 0.40279856562500005 0.5099330203125 0.4070565484375 0.5068507171875 0.4105810609375 0.5058572609375 0.409893540625 0.5053136171875 0.4113348671875 0.5032371265625 0.4085623796875 0.5010787765625 0.4071577265625 0.5010542578125 0.4008074265625 0.5035767046874999 0.39651069843750003 0.508244953125 0.384431475 0.5169889609375 0.3808518796875 0.521138084375 0.37304170000000003 0.5267999828125001 0.3722971703125 0.528888634375 0.375069659375 0.531046984375 0.378594171875 0.5300535265625 0.3842660828125 0.5264642625 0.38784567812500004 0.5223151390624999 0.3985018375 0.5146012671875
1 0.4107097796875 0.49848296718749996 0.40724035000000003 0.4963207609375 0.40518485000000004 0.493651590625 0.3935559984375 0.47659388125 0.3881231140625 0.46648921874999993 0.3867460015625 0.46488686718750005 0.3832583078125 0.46377101249999997 0.3804233890625 0.46582317812499996 0.3804049796875 0.46687783437499997 0.38587468125 0.47487318125 0.38721497656250004 0.478584846875 0.39749425625 0.492462371875 0.40089005 0.49884320625 0.40435947812500006 0.5010054140625 0.405028734375 0.5025954109375 0.40852556093750003 0.5031880890625 0.41137168593749995 0.5011278124999999 0.4107097796875 0.49848296718749996
1 0.39704542656249997 0.437678753125 0.3977330921875 0.4382140921875 0.41203320625 0.422663953125 0.4120516140625 0.421609296875 0.417762128125 0.416442390625 0.4177805375 0.415387734375 0.42133259062499995 0.41281644375 0.4220753359375 0.4101961171875 0.4193028484375 0.40803776718749996 0.41790925625 0.4080134421875 0.41648619375000007 0.4090435796875 0.4157874671875 0.4085080484375 0.41576905937499997 0.4095627046875 0.40649914374999996 0.41835575 0.4064808796875 0.4194021015625 0.39647556562499997 0.429760625 0.3964571578125 0.43081528125 0.3921990296875 0.4339058890625 0.3914562828125 0.436526215625 0.39421785625 0.43867606875 0.39704542656249997 0.437678753125
1 0.39553974062499997 0.4434423890625 0.39699034375000003 0.4408344171875 0.39421785625 0.43867606875 0.392813203125 0.43865155 0.38010154375 0.44369625 0.37725541875 0.4457565265625 0.375861825 0.44573220156250004 0.3666176671875 0.45241574062499995 0.3609641640625 0.45495034843750004 0.36166274375 0.4554941859375 0.3602214171875 0.4575706765625 0.3629828453125 0.4597288328125 0.36649807968750003 0.45926685625 0.379285159375 0.450535203125 0.39553974062499997 0.4434423890625
1 0.462469953125 0.3866699421875 0.46531593281249994 0.3846179703125 0.4639480984375 0.3824841390625 0.464654028125 0.38197312499999997 0.4625618546875 0.3814049640625 0.46049707656249994 0.3792672734375 0.45700938437499994 0.3781514171875 0.441736578125 0.368929978125 0.4340826578125 0.3656397515625 0.42853768125 0.3613230515625 0.42085622031250003 0.3596106578125 0.4180100953125 0.36167093437500003 0.4179916859375 0.362725590625 0.42076431875000003 0.3648756375 0.424948809375 0.36600365468749996 0.42771216562500003 0.36868518125 0.42911681875 0.36870970000000003 0.4430125125 0.3763287875 0.4443896234375 0.37793113906250003 0.454126584375 0.382312703125 0.4589729828125 0.3860855671875 0.462469953125 0.3866699421875
1 0.3988544515625 0.3739713859375 0.40096503281249996 0.373484890625 0.4059401484375 0.3698834625 0.413733703125 0.3658078953125 0.41513835625000006 0.3658324125 0.41443963281249996 0.36529688125000004 0.4158811046875 0.3632120859375 0.413108615625 0.3610537359375 0.411715021875 0.36102941093749996 0.40251666875 0.36508876562500003 0.3861978734375 0.3758604203125 0.377698246875 0.38045530625 0.37629359375 0.38043078750000003 0.3769923171875 0.3809663203125 0.375550846875 0.383051115625 0.3783124203125 0.38520096718749997 0.381838715625 0.384739184375 0.3917594765625 0.378590790625 0.393870059375 0.3781042953125 0.3988544515625 0.3739713859375
1 0.4056953140625 0.30404690156249997 0.40713485625 0.3014387390625 0.404373428125 0.2992805828125 0.402968775 0.2992560640625 0.391659840625 0.3038019125 0.38810778749999997 0.306373203125 0.38671419375 0.3063488765625 0.38103136718749997 0.309929646875 0.37468106562500003 0.3124520921875 0.36970595156249997 0.3160535203125 0.3689612765625 0.318150478125 0.37173376406249997 0.32030882968749996 0.37313841718749996 0.320333346875 0.37951640468750003 0.3162247625 0.4056953140625 0.30404690156249997
0 0.4036128375 0.751678403125 0.40324956093750003 0.7553769453125 0.4058931390625 0.757948390625 0.406361034375 0.7602991078125 0.40949909062499995 0.7624306109375001 0.41672844375 0.7627893921875 0.4198759359375 0.762478828125 0.4241878578125 0.7607431859375 0.42666186093749997 0.7565498453124999 0.42247227968749995 0.7512765875 0.41796795624999994 0.7507244703125 0.41581937812499997 0.7489508218750001 0.4132043296875 0.7485479796875001 0.40765154375 0.7491156078125 0.4036128375 0.751678403125
2 0.500772253125 0.36258391093750003 0.4979996203125 0.3604338640625 0.49380599687500004 0.3598290234375 0.4573494453125 0.3586693359375 0.40961164375000003 0.3604693609375 0.3822798078125 0.3594689453125 0.379433828125 0.36152091875000003 0.37941542031250003 0.36257557500000004 0.3821879078125 0.364733925 0.40951974375000005 0.365734340625 0.457954340625 0.3639464765625 0.48740781875000005 0.3644605890625 0.49790771874999995 0.36569884375 0.50075384375 0.3636385671875 0.500772253125 0.36258391093750003
3 0.436508484375 0.587950165625 0.43695905 0.6027028015625 0.4415921765625 0.6180600859375 0.44093959531250004 0.65544641875 0.44193982812500004 0.6786401640624999 0.44414264843750006 0.7134347390625 0.44950223593749994 0.768304075 0.4552550359375 0.80001229375 0.45732894531249996 0.8016268078125 0.46012911875 0.8021990203125 0.46367189687500004 0.8001592109375 0.463717846875 0.7975267203125 0.4585238453125 0.7737364375 0.4543116203125 0.7336318984375 0.44936573125 0.655061853125 0.4500183125 0.6176755218750001 0.44537398125000005 0.60232635 0.444934621875 0.5875656031250001 0.445283815625 0.5675603437500001 0.448754834375 0.5296998734375 0.44943495625 0.490735709375 0.4466826109375 0.44749171875 0.447335046875 0.41011369062499997 0.44909638906250005 0.389069796875 0.44654630156249997 0.37480385 0.446647334375 0.369015696875 0.4500246703125 0.3358885296875 0.451623990625 0.2848289296875 0.45115501875 0.2711309515625 0.44908125468750004 0.269508134375 0.4462921390625 0.2689361140625 0.44274921875000006 0.270984228125 0.44162800312500006 0.3352186296875 0.438230475 0.3688687796875 0.43812944375 0.37465693437500003 0.44069058906249997 0.3889230734375 0.4389181890625 0.4099667734375 0.43826575312499993 0.4473448015625 0.441018096875 0.4905887921875 0.440337975 0.52955295625 0.43687608750000007 0.5668902515625 0.436508484375 0.587950165625
1 0.3910291390625 0.260071621875 0.3881830125 0.262131896875 0.388155471875 0.26370973124999997 0.39892948437500003 0.289175728125 0.40154571250000004 0.300286203125 0.40431834687499996 0.30243624687500004 0.40572299999999994 0.302460765625 0.40855791874999997 0.3004086015625 0.40597115937500006 0.2882436625 0.39587375156250004 0.2633128109375 0.39242273125 0.26009594687500004 0.3910291390625 0.260071621875
2 0.490344303125 0.437720671875 0.498742753125 0.4389222453125 0.5015776734374999 0.436870078125 0.5015960828125 0.435815421875 0.498834653125 0.43365726562500007 0.4904362046875 0.43245569218749996 0.4490597625 0.4317334640625 0.4188707421875 0.43279313124999996 0.4090327484375 0.4341997234375 0.373951525 0.43411071406249996 0.3711164609375 0.4361711828125 0.37109805156250003 0.43722584062500003 0.37385962500000003 0.4393756921875 0.389288690625 0.43964500624999997 0.4096376453125 0.439476865625 0.425800325 0.43764902968749997 0.4489678625 0.43699844218750006 0.490344303125 0.437720671875
2 0.5076065140625 0.4933294109375 0.5104526390624999 0.49126913437499997 0.510471046875 0.49021447656249995 0.5076984140625 0.48806443125000004 0.5041923125000001 0.4880032328125 0.479603640625 0.4902073265625 0.454354990625 0.49028994687500005 0.42903077500000003 0.494067821875 0.398805225 0.49722019531250006 0.39597016093750004 0.4992806640625 0.39595175312499997 0.500335321875 0.398713325 0.502485175 0.40152263125000004 0.5025342109375 0.4542630890625 0.49555492343749996 0.4795117390625 0.49547230468750003 0.5076065140625 0.4933294109375
0 0.41034038281249996 0.6153547875000001 0.4079165015625 0.614141203125 0.40224181875 0.613452359375 0.39591094375 0.61486201875 0.39386178125 0.6175343046874999 0.3949080875 0.6209750171875 0.40224578437499997 0.6265358156249999 0.40644307343749997 0.6275643765625001 0.4127515828125 0.6268022656250001 0.41733667656250006 0.6252624515625 0.421778334375 0.6224325609375 0.422309196875 0.61990821875 0.42027658749999997 0.6178292390625 0.4155212671875 0.6158107234375 0.41034038281249996 0.6153547875000001
0 0.4197017625 0.6894247953125 0.41886956093750005 0.686394859375 0.4168272375 0.6848722734375 0.4119944390625 0.6841233640625 0.40898449843750007 0.684793525 0.405715009375 0.68448725 0.40238214531249994 0.685276378125 0.39710231406249996 0.6892213796875 0.39612373437500004 0.6907743046875 0.3958393296875 0.6943911546875 0.3972275453125 0.696625025 0.39909768749999996 0.6978704765625 0.402952109375 0.6988930515625 0.40544559687500004 0.698654140625 0.41199595312500004 0.6954457109375001 0.417009353125 0.6940878171875 0.4184808609375 0.6928176265625 0.4197017625 0.6894247953125
2 0.502003778125 0.29202987343750003 0.5020221874999999 0.2909752171875 0.49924955468750004 0.288825171875 0.495046653125 0.288751809375 0.465556503125 0.29033870624999997 0.41777275156250004 0.294771221875 0.4015916640625 0.2976537125 0.398745684375 0.299705684375 0.398727275 0.300760340625 0.4014997625 0.302918690625 0.4036012109375 0.302955371875 0.418388709375 0.30004855468749997 0.45070479218750004 0.2969243640625 0.499157653125 0.29409015 0.502003778125 0.29202987343750003
2 0.4980684390625 0.5574168953124999 0.50091441875 0.5553649218750001 0.5009328281250001 0.5543102656250001 0.498160340625 0.552151915625 0.47852837499999995 0.5518092390625 0.44694576093749994 0.5528445828125 0.407597278125 0.5563693578125 0.3795300453125 0.5569344203125 0.375306953125 0.5573840421875 0.37247188750000004 0.5594445109375 0.3724536234375 0.5604908625 0.375215053125 0.56264901875 0.38576283125 0.561778153125 0.40750537812500004 0.5616343359375 0.45457213906250005 0.5577126421874999 0.4980684390625 0.5574168953124999
2 0.5012345296875 0.617522834375 0.5040806546875001 0.6154625578124999 0.5040990640625 0.6144079015624999 0.50132643125 0.6122578546875 0.49711247187499996 0.6121843 0.46901769531250004 0.6143271953125 0.44305205625 0.614920634375 0.4065220125 0.6179712687500001 0.3833746671875 0.6180988734375 0.3805286875 0.6201508453125 0.380510278125 0.6212055015625 0.383282765625 0.6233638515625 0.40713796875 0.623248603125 0.44296015625 0.6201856125 0.46963365156250003 0.6196045296875 0.5012345296875 0.617522834375
2 0.4501912953125 0.6882623828125001 0.4642249859375 0.6879756968749999 0.48742919687499997 0.685224103125 0.49026425937500007 0.6831636328124999 0.490282525 0.6821172796875 0.487521096875 0.6799591234375 0.484711790625 0.6799100859375 0.4636200890625 0.6826985578125 0.44395865468749995 0.68341034375 0.42778684218749996 0.6857613546875 0.4088332640625 0.6864854968749999 0.388502575 0.6856072875 0.38566765468750003 0.6876594515625001 0.3856492453125 0.688714109375 0.3884106734375 0.6908722671875 0.40944922031250003 0.6917628312499999 0.4284027984375 0.6910386890625 0.4501912953125 0.6882623828125001
2 0.508795203125 0.747217728125 0.50602256875 0.74506768125 0.50181966875 0.7449943203125 0.437845696875 0.7528325031249999 0.3978739109375 0.7521347921875 0.39502793125 0.754186765625 0.395009521875 0.755241421875 0.397782009375 0.7573997718750001 0.4040772265625 0.7580329906250001 0.43845059218750004 0.7581096453125 0.4968078796875 0.7506967578125 0.5059306671875 0.7503326609375 0.50877679375 0.748272384375 0.508795203125 0.747217728125
0 0.41716201875000003 0.29553310312500003 0.4107127828125 0.2942160296875 0.40660197499999995 0.295838884375 0.4032524984375 0.2963120609375 0.3988072609375 0.2999808890625 0.3990079578125 0.30432890625 0.400951940625 0.30641464687500003 0.4029784765625 0.306940128125 0.407779890625 0.30631785 0.41172043125 0.3068435125 0.4142462875 0.3053840484375 0.4168752515625 0.304989671875 0.42104450625 0.3025537578125 0.4214516328125 0.299512228125 0.41716201875000003 0.29553310312500003
0 0.42046294843750004 0.35678774999999996 0.4186273359375 0.3560994625 0.41553394062500004 0.35584610156249996 0.406364478125 0.358884209375 0.402738134375 0.3625424078125 0.4026870234375 0.3642028984375 0.40371209218750004 0.365691115625 0.4077846171875 0.3681629 0.41735709375 0.369924915625 0.4287821390625 0.365065428125 0.43018835624999996 0.36246499062500004 0.428094428125 0.357560590625 0.425513384375 0.35647717343749996 0.42046294843750004 0.35678774999999996
0 0.3981834703125 0.43142689843750004 0.3934142671875 0.4327392125 0.38744439375 0.4375527015625 0.38740465 0.44363266718750005 0.388007109375 0.4452464171875 0.3895682875 0.44644494218749997 0.394655471875 0.4471982921875 0.3974485578125 0.4462751375 0.4018923015625 0.4420580296875 0.40574625937500003 0.4405719078125 0.40808652343749996 0.43643438124999995 0.406600940625 0.43407420625000004 0.40077113750000004 0.4314969875 0.3981834703125 0.43142689843750004
0 0.41823166718750004 0.492857571875 0.4157011875 0.4926804921875 0.413045940625 0.49394663593750004 0.408048921875 0.49436613593749995 0.40608955937499996 0.4950629421875 0.4034146015625 0.49745848437499995 0.4012435734375 0.50140790625 0.4023871453125 0.5056145515625 0.4051435 0.5080633609375 0.4078627734375 0.5088335296875 0.41263173281250004 0.5081691484374999 0.416782590625 0.504885609375 0.42096850156250004 0.503396975 0.42369235312500003 0.49883418281249997 0.42270029062500003 0.49482124218749995 0.41823166718750004 0.492857571875
1 0.4146690265625 0.7540062671875 0.411254825 0.7486800875 0.40643596875 0.743329390625 0.406454378125 0.742274734375 0.4023065609375 0.7390457078125 0.4023249703125 0.7379910515625 0.3899442390625 0.7240768453124999 0.3899626484375 0.7230221875 0.38650249531249997 0.7203285 0.386520759375 0.7192821484375 0.3858037703125 0.71979296875 0.38302393437500004 0.71868946875 0.3801778078125 0.7207497453125 0.3808286546875 0.7233943968750001 0.3842888078125 0.7260880843749999 0.3842703984375 0.727142740625 0.38842014375 0.7308951390625 0.3966439265625 0.7421034921875 0.404224209375 0.7496123453125 0.40832785937500005 0.7560055375 0.4118156984375 0.7571130875 0.4146506171875 0.7550609234375 0.4146690265625 0.7540062671875
1 0.4252241546875 0.7520805515625 0.4373033765625 0.7433365421875 0.43941395937500005 0.742850046875 0.44300283125 0.7381694421875 0.45583585937500004 0.7268053015625 0.45586340156249994 0.72522746875 0.4530907671875 0.7230774234374999 0.45168611406250003 0.7230529046874999 0.45027425781249997 0.72407493125 0.4495755328125 0.7235394 0.4488511953125 0.7251050703125 0.44102082343750004 0.7312899515625 0.435293828125 0.73803488125 0.4203777578125 0.7483076875 0.4119076 0.751848109375 0.4104569953125 0.7544560812500001 0.4132184234375 0.7566142375 0.4174507921875 0.7556331359375 0.4252241546875 0.7520805515625
1 0.40332674375 0.6805994609375 0.398857225 0.6552352015625 0.3949024875 0.6409447375 0.3921299984375 0.6387863874999999 0.3907253453125 0.63876186875 0.3878902796875 0.6408223390625001 0.3878627390625 0.642400171875 0.3898814203125 0.6471786546875 0.394452115625 0.6667464546875 0.3969562515625 0.6836448921875 0.39894004375000003 0.6910560578125 0.40170161562500006 0.693205909375 0.40310626875000005 0.693230428125 0.4059522484375 0.6911784562500001 0.405979934375 0.68959231875 0.40332674375 0.6805994609375