3 0.4871333796875 0.72877488125 0.491141878125 0.746137590625 0.50218404375 0.7779528828125 0.5039867734375 0.782528340625 0.5079834125 0.783826096875 0.5106620953125 0.7826481890625 0.5124128609375 0.780583025 0.49956796406250004 0.744192275 0.49568018125 0.7273524390625 0.48590971875 0.678616375 0.480582478125 0.6427104906250001 0.466366875 0.5811359453125 0.460158321875 0.53823016875 0.42686978125 0.3940416578125 0.4176299125 0.32522524062499997 0.4041443453125 0.266812834375 0.398030178125 0.24992751562499999 0.3920462703125 0.22082585312499997 0.38957845625 0.2197346234375 0.38665451093750003 0.2198501859375 0.38363125625 0.2227686109375 0.38595965468750004 0.2360870390625 0.389726721875 0.2524040015625 0.39583897343749996 0.2692810234375 0.40908119374999996 0.3266393828125 0.418321065625 0.3954558 0.4517322359375 0.540175484375 0.4579407875 0.5830812609375 0.4720337609375 0.644124634375 0.477361 0.6800305171875001 0.4871333796875 0.72877488125
1 0.439548278125 0.2663932953125 0.44476735781250004 0.26020546875 0.4499054390625 0.25679879687499996 0.4490760921875 0.2564395234375 0.44999559375000003 0.25400678593750003 0.4466965171875 0.252547984375 0.44530139531249996 0.2528700734375 0.4391322546875 0.2581757546875 0.437726059375 0.2585004 0.43738148906249996 0.2602409203125 0.4326185390625 0.26522195625 0.43008197656249997 0.270248475 0.42370005 0.27781499374999996 0.42347810781249995 0.2800866859375 0.42677527031249995 0.2815371875 0.43004187031249996 0.27967280625 0.43480673437500006 0.274700071875 0.439548278125 0.2663932953125
2 0.44160769687499996 0.2465194703125 0.3869448953125 0.2563681765625 0.37080135625 0.26009520625000004 0.34506888281250003 0.26714624374999996 0.3427431859375 0.269903625 0.342984615625 0.270949371875 0.34628369375 0.2724081734375 0.3881597078125 0.26163010625 0.4436537734375 0.25214897187499996 0.4485699109375 0.2510139921875 0.450884534375 0.2482591671875 0.45064118906250006 0.2472051203125 0.44735509999999995 0.2457520609375 0.44160769687499996 0.2465194703125
2 0.4077274 0.37518123124999997 0.360347328125 0.38778075156249997 0.358019715625 0.390529834375 0.35826306093750004 0.3915838796875 0.3615621390625 0.39304268124999997 0.3706857859375 0.390936321875 0.40894221249999996 0.38044316093749997 0.4729395296875 0.366218959375 0.4752652234375 0.3634615765625 0.47502379375 0.3624158296875 0.4717247171875 0.36095702812499997 0.4077274 0.37518123124999997
2 0.3878032359375 0.50670535625 0.41459924687500005 0.5010784953125 0.429681165625 0.495935590625 0.46032978125 0.4877495734375 0.47937586093749995 0.48058124375 0.49494255625 0.47753813125000005 0.5065145296875 0.4732055609375 0.5088402249999999 0.470448178125 0.5085987953125 0.4694024328125 0.5052997171875 0.46794363125 0.5024984031249999 0.468590365625 0.49303018437499996 0.47243724531250003 0.47746349062500004 0.47548035781250003 0.458417409375 0.48264868749999995 0.42776879531249995 0.4908347046875 0.412686875 0.495977609375 0.3930333875 0.500514975 0.38226020312500003 0.5018919328125 0.3799345078125 0.504649315625 0.3801759359375 0.5056950625 0.3834750140625 0.5071538640625 0.3878032359375 0.50670535625
2 0.531273053125 0.60605814375 0.52797589375 0.604607640625 0.5251745796875 0.605254375 0.5137233218749999 0.61010981875 0.42806733281250003 0.6298850625 0.41590094375 0.6315924093749999 0.41357333125 0.63434149375 0.413816678125 0.6353955390625 0.41711575468750006 0.6368543390625 0.4285845859375 0.6353080375 0.5156356921875 0.61521070625 0.5291907046875 0.609869571875 0.5315164 0.607112190625 0.531273053125 0.60605814375
2 0.5500939234375 0.7292055000000001 0.5498505765624999 0.7281514546875 0.5465514984375 0.726692653125 0.53919810625 0.7300512859375 0.5029357921875001 0.7395333281250001 0.49355772656249997 0.7405881984375 0.45821682968750005 0.747645803125 0.44228415937500004 0.749103696875 0.4399695375 0.7518585234375 0.44021096562500006 0.7529042687499999 0.443498971875 0.7543656265625 0.452986678125 0.7538361859375 0.46797844375000003 0.751485290625 0.49477445624999994 0.745858428125 0.5041506046875 0.7447952578125 0.5314008296875 0.73795330625 0.54380215 0.733980009375 0.5477663109375001 0.7319545828125 0.5500939234375 0.7292055000000001
0 0.44328080625000005 0.24240039218749998 0.43970008437499997 0.24588461874999998 0.43864113125 0.24776383906250002 0.43848621249999997 0.2516897703125 0.4424002640625 0.258994825 0.44705696093749997 0.260979421875 0.451880909375 0.2596471765625 0.4550300390625 0.255606946875 0.4544007484375 0.2514162265625 0.45662705312499996 0.2471169828125 0.4542051171875 0.24278938437500003 0.45211461249999996 0.24171594999999998 0.445734209375 0.24125701249999998 0.44328080625000005 0.24240039218749998
0 0.46354776875 0.355545303125 0.46095337968749994 0.3575429765625 0.45855747343750003 0.3584807609375 0.457026459375 0.36028538593750004 0.4555313296875 0.36537743749999996 0.4564151359375 0.3674375578125 0.4623853390625 0.3711208140625 0.4687358640625 0.3738245859375 0.471630425 0.3737332921875 0.47641628281250004 0.37157935625 0.4803956921875 0.36527560000000003 0.47919386875000003 0.36001941406250004 0.468800965625 0.3547084109375 0.46354776875 0.355545303125
0 0.49972748906250003 0.46386252812500006 0.4961232015625 0.465123 0.49406962187500003 0.4681497515625 0.49043592187499996 0.470343659375 0.488670428125 0.47355742031250003 0.4926157796875 0.48084650624999997 0.4977279375 0.4826822421875 0.5021739046875 0.48239013125 0.5055699515625001 0.4809854140625 0.5076183999999999 0.47869416875 0.5076642921875 0.47500321718749994 0.509149565625 0.47188911874999995 0.5082458062499999 0.46782295625000003 0.5031158046875001 0.46469753437500005 0.49972748906250003 0.46386252812500006
0 0.5275529125 0.601007453125 0.5249753875 0.601663715625 0.520672209375 0.6047465062499999 0.517685840625 0.6060566421875 0.5163313546875 0.6075145453124999 0.515902621875 0.6109616890625 0.5166363281249999 0.6125232046875 0.528178528125 0.6209432609375 0.5312050937499999 0.62117116875 0.5341629265625001 0.619990009375 0.5363800328125 0.6170653734375 0.5357682625 0.610929896875 0.5375855031250001 0.6074856421875 0.5365703640625 0.6040483875 0.5275529125 0.601007453125
0 0.5420977046875 0.7253343421875 0.5374879499999999 0.7270892015625 0.5337537375 0.7296559921875 0.5328923609375 0.7321889546875 0.5339835171875 0.7356523671875 0.5384607140625 0.7376172109375 0.5437986046875001 0.73856160625 0.5483751 0.7381781671875001 0.55053785625 0.73698824375 0.5548853640625 0.732531475 0.5555726062499999 0.7285875500000001 0.5544511890625 0.7259528671875 0.552599596875 0.7247018890625 0.5420977046875 0.7253343421875
1 0.45207985937500006 0.25020365624999996 0.4549824 0.24676235625 0.45882392968749997 0.244205759375 0.4755416125 0.22371900312499998 0.4817107546875 0.218413321875 0.48180090781249996 0.21562131093749998 0.47851481875 0.21416825312499999 0.47710862656249997 0.214492896875 0.4751255890625 0.21550146093749997 0.4729206078125 0.2187817171875 0.466751465625 0.22408739843749997 0.466417965625 0.22582536250000002 0.45480780468750004 0.23959056250000002 0.446887896875 0.24696140937500002 0.44548170468750004 0.24728605468749998 0.4463129671875 0.2476536265625 0.44539154999999997 0.2500780640625 0.4486906265625 0.251536865625 0.45207985937500006 0.25020365624999996
1 0.42415055781250005 0.363067315625 0.4218248640625 0.3658246984375 0.42206821093749997 0.36687874374999996 0.42383846406250003 0.36813101875 0.4268941953125 0.3685357734375 0.4522244203125 0.36934045000000004 0.4673563890625 0.3708298671875 0.46946014218750004 0.370344178125 0.471787753125 0.36759509375 0.468942890625 0.36492120156249996 0.4262543140625 0.362581625 0.42415055781250005 0.363067315625
1 0.5157342578125 0.3369406453125 0.516521971875 0.3339875921875 0.5132339671875 0.332526234375 0.5118277734375 0.3328508796875 0.501229184375 0.3413996328125 0.47896655 0.357064665625 0.47118034687500004 0.364964128125 0.4697741546875 0.3652887734375 0.47059242812499996 0.36565060312500003 0.4696729265625 0.36808334062500003 0.4729700890625 0.36953384218749996 0.47635932031249995 0.3682006328125 0.48414744218749994 0.3603094703125 0.485553634375 0.359984825 0.5157342578125 0.3369406453125
1 0.4821274328125 0.42839475625 0.480721240625 0.42871940000000003 0.47839554531250006 0.4314767828125 0.47875960624999997 0.43305370312499997 0.487806875 0.4498126046875 0.4951339375 0.47195155624999996 0.49843301562500003 0.47341035781249996 0.49983920781249996 0.4730857125 0.50215383125 0.47033088593750005 0.49482676718749996 0.44819193593750006 0.4864881328125 0.43126943124999995 0.4854154390625 0.4298561125 0.4821274328125 0.42839475625
1 0.48233651406250005 0.51260133125 0.4831547890625 0.512963159375 0.48291144375000006 0.5119091140625 0.487321403125 0.5053486031250001 0.4906586703125 0.49737477343750003 0.4951782734375 0.491339690625 0.4983948265625 0.4828429890625 0.5023265109375 0.4774943796875 0.5024277374999999 0.4746998140625 0.49913057656250004 0.4732493125 0.49772438281250003 0.4735739578125 0.4965726078125 0.47495009374999997 0.49574134374999995 0.47458252031250003 0.49598468906250004 0.47563656718749997 0.49204001562500005 0.48097943125000003 0.4888364515625 0.489481878125 0.484305778125 0.495519515625 0.4809685109375 0.5034933453125 0.47656962187499996 0.5100513015625 0.4764794671875 0.5128433109375 0.4797674734375 0.51430466875 0.48233651406250005 0.51260133125
1 0.5160135296874999 0.6328608765625 0.517419721875 0.6325362328125 0.524753628125 0.6258601578125 0.5298611484375 0.6191386015625 0.5316890796875 0.614275684375 0.5314476499999999 0.6132299375 0.5281596453125 0.61176858125 0.5267534515625 0.6120932265625 0.517126328125 0.6248498625 0.49559373281249997 0.6436770359375 0.49418753750000005 0.64400168125 0.4950058140625 0.644363509375 0.4940863125 0.6467962468749999 0.497385390625 0.648255046875 0.5007727046875 0.6469135406250001 0.50123799375 0.6456958937499999 0.5092694578125 0.638858775 0.51067565 0.6385341296875 0.5160135296874999 0.6328608765625
1 0.5514939703125 0.7000600890625 0.5496316453125 0.7015915234375 0.545010815625 0.710421171875 0.5363857203125 0.7307005765625 0.536629065625 0.7317546234375001 0.5399281421875 0.733213425 0.54319474375 0.73134904375 0.5507777078125 0.7129712031250001 0.5564406703125 0.7022399906250001 0.5561973234375001 0.7011859453125 0.5529001625000001 0.6997354437500001 0.5514939703125 0.7000600890625
1 0.548002028125 0.74575614375 0.5447216515625 0.731547271875 0.5414244921875 0.7300967703125 0.540018296875 0.730421415625 0.5376906859374999 0.7331704984375 0.5409710624999999 0.74737936875 0.540549325 0.7519176421875 0.5427550921875001 0.764704896875 0.5429602484375 0.7751915734375 0.5435676546875 0.7778225390625 0.5468667328125 0.779281340625 0.548261853125 0.7789592515625 0.5505875484375 0.7762018687500001 0.54756921875 0.7502969734375 0.548002028125 0.74575614375
1 0.52927815625 0.591001753125 0.5281672734375 0.599021065625 0.5251940671875001 0.608571815625 0.5254374125 0.6096258625 0.5287364906249999 0.6110846624999999 0.5325780203125 0.6085280656250001 0.5371163250000001 0.5897429125 0.5367522640625 0.58816599375 0.533466175 0.586712934375 0.53205998125 0.5870375796875 0.52927815625 0.591001753125