1 0.488580734375 0.5511136234375 0.48548814374999993 0.55261130625 0.4834431765625 0.5558971125000001 0.46761293593750003 0.5722818281250001 0.4664481734375 0.5746851703125 0.4687636484375 0.5772423703125 0.472343328125 0.57688463125 0.48322112187500005 0.5642741234375 0.4900105328125 0.5582272359375 0.49225283593749997 0.5539262296875 0.48993580625 0.551377021875 0.488580734375 0.5511136234375
0 0.5117025 0.33520685625 0.5007113999999999 0.332108096875 0.49866631093749997 0.33243230156250003 0.495977415625 0.334074821875 0.493428475 0.337105046875 0.4938979640625 0.3397596890625 0.495399003125 0.34143685 0.4998515484375 0.342683940625 0.5025327859375001 0.34233406718750004 0.5045917703125 0.34495755156249996 0.506833065625 0.3460734671875 0.5112064625 0.34641752812500004 0.5137237140625001 0.345430190625 0.5156057390625 0.34292569375 0.51538538125 0.33927421562500004 0.5117025 0.33520685625
1 0.478944909375 0.4887480828125 0.48124971250000004 0.491303209375 0.49650412031249996 0.49952786250000003 0.4978591921875 0.49979126249999994 0.5009533359375 0.49828558593750005 0.50010149375 0.4954902546875 0.48938717187499997 0.4892016625 0.482234834375 0.48623519843749996 0.47914224375 0.48773288125 0.478944909375 0.4887480828125
2 0.423586365625 0.49902546406250003 0.41633458125 0.4965705984375 0.413241990625 0.49806827968749995 0.41304465625000003 0.49908348125 0.41534946093749997 0.5016386078124999 0.42191837187500003 0.5039607375 0.4678273671875 0.51341546875 0.48251448750000003 0.517323915625 0.48560863281250005 0.5158182390625 0.4858059671875 0.5148030390625 0.48349960937500003 0.51225590625 0.478861634375 0.510823446875 0.423586365625 0.49902546406250003
0 0.48708681093750006 0.367736284375 0.489236125 0.369838103125 0.49294115937500005 0.371114103125 0.5023053484375 0.37061980625 0.503769909375 0.369693309375 0.5051682671875 0.36722752812500004 0.5042112828125 0.36440346562500003 0.497437975 0.35994278281250003 0.4897419015625 0.3593178703125 0.48685431875 0.3610710921875 0.4862155890625 0.36310382812499997 0.48708681093750006 0.367736284375
2 0.48916490625 0.36029245468750004 0.48307241718749994 0.3591081953125 0.46238522499999996 0.357185834375 0.45929108125000007 0.3586915125 0.4590937453125 0.3597067125 0.4614001046875 0.3622538453125 0.46478244999999996 0.36291130625 0.482770165625 0.3643089421875 0.49938666875 0.369115053125 0.502491484375 0.3676114515625 0.5026888203125 0.36659625 0.500371790625 0.3640470421875 0.48916490625 0.36029245468750004
1 0.5064566890625 0.3399776 0.5062593546875 0.3409928015625 0.50721975625 0.3432866015625 0.5090496953125 0.3446958640625 0.518803615625 0.34869065625 0.523818565625 0.35177258125 0.5258458390625 0.35216664375 0.528950653125 0.35066304062500003 0.5280881421875 0.3478656359375 0.5095492796875 0.33847991718750003 0.5064566890625 0.3399776
1 0.503630571875 0.42674920156249996 0.5032444796875 0.42508966875 0.501315096875 0.42419200312500005 0.49804833593750003 0.41935106875 0.49726757499999996 0.41972193437499994 0.494765434375 0.418182009375 0.49166061875 0.4196856140625 0.49185093125 0.4223523546875 0.5051421203124999 0.4370310875 0.5098548171874999 0.44531375781250004 0.5106249093749999 0.44494081718749995 0.5131392734375 0.44647482343749995 0.5162318640625 0.444977140625 0.5160522234375 0.4423124734375 0.5125790109375 0.438476671875 0.51008234375 0.4332627984375 0.503630571875 0.42674920156249996
1 0.5025475593750001 0.4323208171875 0.5003229515625 0.4329419546875 0.48517558125000004 0.4494594078125 0.481670625 0.4566673609375 0.4839754296875 0.45922248593750004 0.485330503125 0.4594858859375 0.48843531718750005 0.4579822828125 0.49174293750000003 0.4517895296875 0.5060116546875 0.43614654843749995 0.5062074359375 0.435139340625 0.50390263125 0.43258421562500005 0.5025475593750001 0.4323208171875
1 0.48841762343750006 0.4616621515625 0.507356625 0.46534352031250004 0.510461440625 0.46383991875 0.5106587765625 0.46282471562499994 0.508341746875 0.46027551093749997 0.4881471171875 0.45581914375 0.48505297187499996 0.457324821875 0.48485563593750003 0.45834002187499995 0.48841762343750006 0.4616621515625
2 0.48370704531250003 0.4823071328125 0.44379109687499996 0.47454825781250004 0.4362440890625 0.4736121953125 0.43315149843749995 0.47510987812499994 0.4329541625 0.4761250796875 0.4352589671875 0.47868020468749994 0.47865670624999995 0.48658494531249996 0.478944909375 0.4887480828125 0.48124971250000004 0.491303209375 0.482604784375 0.49156660781249994 0.4857096 0.4900630046875 0.48601184999999997 0.484862259375 0.48370704531250003 0.4823071328125
0 0.47914334218750004 0.48015079062500005 0.4758550671875 0.481344971875 0.47442708125 0.4835644171875 0.4757978234375 0.4892728671875 0.47738453906249995 0.49216126875 0.4812277671875 0.49403653593749997 0.48607809843750005 0.49494616249999995 0.4887613046875 0.49447223593749995 0.49028656562500006 0.4927777390625 0.4901454625 0.49042750625 0.49168688749999995 0.4893334453125 0.4922215109375 0.48783628593749995 0.4896587453125 0.48148134374999996 0.48763436875000005 0.48027486250000007 0.483728371875 0.4797478953125 0.47914334218750004 0.48015079062500005
0 0.4731245640625 0.5096336124999999 0.4713997890625 0.5116709312500001 0.471122284375 0.5146366390625 0.47268113125 0.5172126796875001 0.4745586234375 0.519402690625 0.477943046875 0.5211887765625 0.4808439015625 0.5217028703125 0.4832005890625 0.521256728125 0.487136296875 0.5181559390625 0.4886225015625 0.515864853125 0.4881789046875 0.5119376984375 0.485306321875 0.5099109796875 0.4777847984375 0.5086729296875 0.4731245640625 0.5096336124999999
1 0.4791068546875 0.49509261875000005 0.47592184375 0.49341995625 0.47282769843750005 0.4949256328125 0.47253247343749993 0.4964444375 0.47359231875 0.498226640625 0.4742150828125 0.513080925 0.47652144218750003 0.5156280578125 0.4778765140625 0.5158914578125 0.48097977500000005 0.5143958484375 0.4812765546875 0.5128690515625001 0.48004409062500003 0.5047402375 0.480554346875 0.4985263625 0.4791068546875 0.49509261875000005
1 0.4807894640625 0.51172910625 0.47856640937500006 0.512342253125 0.47362463125 0.516118534375 0.46662877031249994 0.52317055625 0.466431434375 0.52418575625 0.4687469078125 0.52674295625 0.472326590625 0.5263852171875001 0.477661484375 0.5205865265625 0.4842642296875 0.5155569140625 0.4844615640625 0.5145417125 0.48214453749999997 0.51199250625 0.4807894640625 0.51172910625
2 0.4246361078125 0.529741240625 0.42443877343749997 0.530756440625 0.42674513125 0.5333035734375 0.4528364734375 0.5399514078125 0.47448561875 0.544159575 0.47758888125 0.542663965625 0.477786215625 0.541648765625 0.47547074062499994 0.5390915640625 0.4545044640625 0.5350161328125 0.427730253125 0.5282355625 0.4246361078125 0.529741240625
0 0.4635374828125 0.5362825265625 0.46216108437500003 0.5385783640625 0.4628572421875 0.543541803125 0.46383038125000003 0.545257378125 0.4688184984375 0.5477367953125001 0.4766026140625 0.5467694468750001 0.4795656046875 0.543545946875 0.47870392031250003 0.540516421875 0.47333975781250004 0.5356991734375 0.46876694218750004 0.5343872265625 0.46585356093749997 0.5352477890625 0.4635374828125 0.5362825265625
1 0.478739025 0.5186888609375 0.4650269234375 0.538645978125 0.4647316984375 0.5401647828125 0.46704872656249996 0.5427139890625 0.46840380000000004 0.5429773890625 0.4723765953125 0.5405972421875 0.485208490625 0.5215225890624999 0.48550371718749996 0.5200037843749999 0.4831866890625 0.5174545796875 0.481831615625 0.5171911796875001 0.478739025 0.5186888609375
1 0.47710334374999996 0.541516028125 0.47479853906249997 0.5389609015625 0.47277126562499994 0.5385668390625 0.46483114218750005 0.5396531859375 0.4458744453125 0.539651684375 0.4413273390625 0.541397565625 0.44113000312499995 0.5424127671875 0.4434348078125 0.5449678921875 0.44547275 0.5453640281250001 0.45688399375 0.5444214734374999 0.4709059390625 0.5445173140625 0.47526638125 0.5437887078125 0.47690600937500005 0.542531228125 0.47710334374999996 0.541516028125
2 0.4650183765625 0.5675715578125 0.41611312656250005 0.5591188984375 0.4130205359375 0.5606165812499999 0.41282320156249996 0.56163178125 0.41512800624999996 0.5641869093749999 0.46461823437499994 0.5732759078125 0.469140625 0.5788918375 0.47175287812500005 0.579922240625 0.47484546875 0.57842455625 0.4745679375 0.57626349375 0.46830283125000005 0.568732621875 0.4650183765625 0.5675715578125
0 0.461578946875 0.5662393406249999 0.4599838703125 0.5686917703125001 0.4598649609375 0.5712403359375 0.4603977375 0.572828834375 0.46205074375 0.5742368875 0.4655609421875 0.5792495765625 0.4671963359375 0.5804634046875 0.47248227031249995 0.5819803359375 0.4757888796875 0.58035004375 0.4771764546875 0.5757750484375 0.4760877984375 0.5718054640625 0.4749337890625 0.5703367874999999 0.47292837031249996 0.5693745671875 0.4723779828125 0.5675918453125 0.4704964546875 0.5661061875 0.4644107 0.5651721078125 0.461578946875 0.5662393406249999
1 0.47514069374999995 0.5769057531249999 0.47283588906249996 0.5743506265625 0.4714808171875 0.574087228125 0.46837600156250003 0.5755908296875 0.4678834421875 0.578124834375 0.47018277656249996 0.5843539109375 0.477120084375 0.5920154421875 0.477507728125 0.5936669828125 0.4807906296875 0.5948360421875 0.48388477500000004 0.5933303640625 0.4837051359375 0.5906656984375 0.476767828125 0.5830041640625 0.474747578125 0.5789281609375 0.47514069374999995 0.5769057531249999
2 0.46413326718750003 0.6010636171875 0.4520461765625 0.5981914921875 0.4287574 0.595240803125 0.40990717343750005 0.5910457625000001 0.40681302812500003 0.592551440625 0.40661569374999995 0.593566640625 0.40892205156249994 0.5961137734374999 0.42844448125 0.6004394750000001 0.45174392656249995 0.6033922390625001 0.46314814687499994 0.6061316265625 0.466242290625 0.60462595 0.466438071875 0.6036187421875 0.46413326718750003 0.6010636171875
0 0.45276389375 0.6056644359375001 0.4553870328125 0.6083478046875 0.45963447031250004 0.6097956046874999 0.46726339843750003 0.6070062125 0.46875105 0.604308915625 0.46414433749999995 0.5983862453125 0.45735809843749997 0.597125203125 0.45527323124999997 0.5974831546875 0.4512911125 0.5999112640625001 0.45088204374999996 0.6021296703125001 0.4522115390625 0.604005765625 0.45276389375 0.6056644359375001
1 0.4553160140625 0.5777807953125 0.4522111984375 0.5792843999999999 0.45201386406250005 0.5802996 0.457195959375 0.593402084375 0.4561931421875 0.6021499625 0.45850861875 0.6047071609375 0.45986369062500004 0.6049705609375 0.46295783437500004 0.603464884375 0.46415798593749996 0.59370180625 0.4595608734375 0.5812356609375 0.458501025 0.5794534578125 0.4553160140625 0.5777807953125
2 0.5130240453125 0.3423077234375 0.512833734375 0.33964098125 0.5104294859375 0.3375974515625 0.510041840625 0.3359459109375 0.5092717484375 0.336318853125 0.5081140109375 0.33504025312499996 0.50183485625 0.3348732671875 0.4918744828125 0.3318836078125 0.4600782984375 0.32570305624999996 0.4569841546875 0.3272087328125 0.45678681875000005 0.328223934375 0.459093178125 0.33077106562499997 0.4908893609375 0.3369516171875 0.498139590625 0.3394144796875 0.505101615625 0.3397142 0.506636328125 0.34264226875000003 0.507417090625 0.3422714015625 0.508564159375 0.3435479265625 0.5099192312499999 0.3438113265625 0.5130240453125 0.3423077234375
1 0.45686725624999996 0.493922059375 0.458222328125 0.49418545781249995 0.48415719218750003 0.49081480624999996 0.4860048265625 0.4885442015625 0.48368935156250004 0.48598700156249997 0.481662078125 0.48559293906249995 0.45640852968749995 0.4891043203125 0.454560896875 0.49137492656250004 0.45686725624999996 0.493922059375
1 0.48576472031250006 0.608951653125 0.48325191093750003 0.6074096531250001 0.4678925890625 0.6033705453125 0.46277819375 0.6008002171875 0.4596733796875 0.6023038203125 0.45947759843749997 0.603311028125 0.4604380015625 0.6056048281249999 0.46226793906249997 0.607014090625 0.47763792968749996 0.6110552734375 0.49201915625000003 0.61648045 0.49472930000000004 0.6170072484375 0.497834115625 0.6155036453125 0.49803145156250006 0.61448844375 0.495714421875 0.6119392375 0.48576472031250006 0.608951653125
2 0.45395296093750004 0.6353786218749999 0.430365315625 0.6302627203125 0.407272321875 0.626304825 0.40416750625000003 0.6278084265625 0.403971725 0.628815634375 0.40628720156250003 0.631372834375 0.4476454421875 0.6388894296875 0.45875443593750004 0.6431476218750001 0.46078170937499996 0.6435416843749999 0.4638849703125 0.642046075 0.4640823046875 0.641030875 0.46176683125 0.638473675 0.45395296093750004 0.6353786218749999
0 0.45043982343750005 0.642742603125 0.4543281203125 0.646094978125 0.46165064375 0.6462490843750001 0.4658703953125 0.6430541843750001 0.4665314953125 0.639880984375 0.46603093749999996 0.6382406781250001 0.46071898750000007 0.6341801953124999 0.45059256875000003 0.6328422953125 0.44722835625 0.6335156765625001 0.445029134375 0.635145534375 0.44465653749999995 0.639113134375 0.4465111359375 0.6413069890624999 0.45043982343750005 0.642742603125
1 0.4599298671875 0.6407463546875001 0.460127203125 0.639731153125 0.457810175 0.637181946875 0.45645510156249997 0.6369185468749999 0.44687535 0.639262371875 0.43411058750000003 0.639933534375 0.41960155468749993 0.6386977500000001 0.41649829374999997 0.640193359375 0.416300959375 0.641208559375 0.4186164328125 0.643765759375 0.42132657812499996 0.6442925578125 0.43446986875000004 0.6452628703125 0.4472453015625 0.64459378125 0.4582795703125 0.642001759375 0.4599298671875 0.6407463546875001
1 0.46515034218749995 0.722238071875 0.46322095937499996 0.7213404062500001 0.45917343749999995 0.7168703390625 0.4577366140625 0.7134386687500001 0.45194792812499995 0.70704566875 0.44945125937499997 0.70183179375 0.44626624843749996 0.7001591312500001 0.44317210312500005 0.7016648078125 0.44297632187499997 0.7026720156249999 0.4453735484375 0.7083974859375 0.4511515640625 0.7147884140625 0.45441832499999996 0.719629346875 0.454220990625 0.7206445484375 0.4561610421875 0.7215442875 0.4589529375 0.7252393578125 0.4622358375 0.726408415625 0.46532998281250004 0.7249027390625 0.46515034218749995 0.722238071875
1 0.44085662968749995 0.699107609375 0.43969186718750003 0.7015109500000001 0.44199667187499997 0.7040660765625 0.445576353125 0.7037083375 0.46217823906250005 0.6869426875 0.462473465625 0.6854238828125 0.46016710625 0.6828767499999999 0.458812034375 0.6826133515625 0.4557087734375 0.6841089609375001 0.44085662968749995 0.699107609375
0 0.43722267031250006 0.7001433421875001 0.4375763484375 0.703621640625 0.43970598125000004 0.7061095328125 0.44261046718749997 0.7077442578124999 0.4495847171875 0.7080380609375 0.4522324875 0.7063792515625 0.4525344390625 0.7034017046875001 0.451198828125 0.700246875 0.446566021875 0.69650920625 0.444489853125 0.6961388234375 0.44111383281250005 0.696702065625 0.4380995578125 0.698480434375 0.43722267031250006 0.7001433421875001
2 0.4451191828125 0.6988826046875001 0.43969889375 0.6978290078125 0.41147536406249996 0.6949726593750001 0.392525690625 0.691289215625 0.389431546875 0.6927948921875 0.3892342109375 0.6938100921875 0.3915405703125 0.6963572250000001 0.41049024375 0.70004066875 0.438713771875 0.70289701875 0.44663620000000004 0.7054905406249999 0.4497410140625 0.7039869390625 0.448878503125 0.7011895328125 0.4451191828125 0.6988826046875001
1 0.4571202796875 0.6407311515624999 0.46068226562500003 0.6440532828125 0.474401959375 0.64934986875 0.47642923281250005 0.64974393125 0.479534046875 0.648240328125 0.47973138125 0.647225128125 0.477414353125 0.6446759203125 0.46042242812499995 0.63821235 0.4573176140625 0.6397159515624999 0.4571202796875 0.6407311515624999
1 0.44914996562500004 0.6528532578124999 0.44779489375 0.6525898578125 0.444690078125 0.6540934609375 0.4444872734375 0.6587826109375 0.445545565625 0.6605728078124999 0.44589937500000004 0.6695760921875 0.44820417968750004 0.6721312187499999 0.4495592515625 0.6723946187500001 0.45266406718749996 0.670891015625 0.4525075921875 0.66087253125 0.4514477453125 0.659090325 0.45145477031250003 0.655408384375 0.44914996562500004 0.6528532578124999
0 0.44892202656249997 0.665020278125 0.44440775156249995 0.6656858 0.4423770703125 0.667530925 0.4433203953125 0.6724760421875 0.445268846875 0.674870646875 0.4470967109375 0.6760057484375 0.450945425 0.676770453125 0.4557110125 0.676634934375 0.45962901718750004 0.675505090625 0.4611586265625 0.6734464250000001 0.460205884375 0.6698599781250001 0.452661446875 0.665207925 0.44892202656249997 0.665020278125
2 0.458843778125 0.6715695968750001 0.45653897343749994 0.669014471875 0.4465877171875 0.6660348796875 0.422993046875 0.6646009203125 0.4006716984375 0.6602620906250001 0.39756688281249997 0.6617656937499999 0.3973695484375 0.66278089375 0.3996865765625 0.6653301015624999 0.4090512984375 0.6676813453125 0.42819830625 0.6703495875 0.44627479687499993 0.671233553125 0.4555522984375 0.6740904750000001 0.4586464421875 0.6725847984375 0.458843778125 0.6715695968750001
0 0.46829507968749995 0.45495506093750004 0.46882650937500003 0.45649352343749994 0.47241605 0.459787825 0.4776031515625 0.45993333906249995 0.485074034375 0.463824478125 0.49056092656250005 0.463737915625 0.49228467187499997 0.4628452078125 0.4942119640625 0.46005086406249995 0.495172234375 0.4568196765625 0.494721915625 0.455205728125 0.490952646875 0.4522663890625 0.4865979921875 0.45051569375 0.4776678421875 0.44991636562500004 0.47097598593749995 0.4508471546875 0.4688964109375 0.45271595781249996 0.46829507968749995 0.45495506093750004
2 0.48021766250000003 0.4569075625 0.48716199531250004 0.4608871546875 0.48918926875 0.46128121718750004 0.49229252968750004 0.4597856078125 0.4914300171875 0.456988203125 0.48255785625 0.452102953125 0.47984771249999997 0.4515761546875 0.47548571562499997 0.4523127546875 0.4681482671875 0.450355571875 0.46051403906250005 0.44992518593749997 0.441466475 0.44674534687499995 0.43837233124999997 0.44825102499999997 0.43817499531250004 0.449266225 0.44048135468750005 0.4518133578125 0.4595289171875 0.454993196875 0.46716314687500005 0.4554235828125 0.475855665625 0.4576441640625 0.48021766250000003 0.4569075625
1 0.4853459296875 0.6725151546875 0.47655396406249995 0.6708061703125 0.46465873750000003 0.67059279375 0.4551839015625 0.6687510718749999 0.4520790859375 0.670254675 0.4518817515625 0.6712698765625 0.45419722656249994 0.6738270765625 0.46434426406249996 0.6757994593750001 0.47624104375 0.67600484375 0.4843608078125 0.677583165625 0.48746562187500003 0.6760795609375 0.48766295625 0.6750643609375 0.4853459296875 0.6725151546875
1 0.50283519375 0.40554830781250006 0.5006105828125 0.406169446875 0.49799130468749997 0.40882098593749994 0.493131278125 0.415765540625 0.49263871718749996 0.41829954531249997 0.49494507499999996 0.42084667812500004 0.496300146875 0.4211100765625 0.499403409375 0.41961446875 0.5061998437499999 0.40988563750000007 0.5064950703125 0.4083668328125 0.5041902656249999 0.40581170625 0.50283519375 0.40554830781250006
3 0.46126951250000003 0.427980484375 0.45654671249999995 0.44863138593749996 0.456737021875 0.4512981265625 0.458469071875 0.45321099374999996 0.45815615000000004 0.45840966562499996 0.46027584375 0.4619740734375 0.4606457953125 0.4673054828125 0.45966067343750006 0.47237349375 0.4567355 0.4765417625 0.45633535937499997 0.4822461140625 0.453026184375 0.48844685937500004 0.45263306875 0.4904692671875 0.4539704453125 0.494412534375 0.451630253125 0.49921714687499996 0.447195653125 0.5220311859375 0.44544746249999995 0.52379019375 0.44369069687499996 0.5292391390625 0.4422947640625 0.5400094234374999 0.4443967640625 0.5472537 0.4407121671875 0.551796984375 0.4323618015625 0.5875212546874999 0.4329290875 0.5918374625 0.4316294921875 0.6021121390624999 0.42704854843750006 0.6112097624999999 0.42074315 0.643648225 0.42170355156249995 0.645942025 0.42091576562500005 0.6499948343749999 0.42205580937500004 0.6549533046875 0.4164756953125 0.6764828234375 0.4178130734375 0.6804260906249999 0.41633539218750004 0.6880281046875 0.4135203328125 0.6916868515625 0.41223843125000004 0.698281659375 0.41347791875000006 0.7027285328125 0.411409784375 0.7133681562499999 0.40936481718750006 0.7166539625 0.4091427625 0.7250309734375 0.40658909374999996 0.7345226593749999 0.4038719234375 0.737677803125 0.4037654546875 0.7418713421875001 0.4021151578125 0.743126746875 0.401327371875 0.7471795578125 0.40209199218749997 0.750480565625 0.40652196093750004 0.7529261515625 0.4102989765625 0.751553209375 0.40993969531249996 0.7462238734375 0.41187454843750004 0.743447590625 0.411794353125 0.7402713265624999 0.4146094140625 0.736612578125 0.4172625265625 0.7266092953125 0.41814975781249997 0.722044890625 0.41728724687499996 0.7192474843750001 0.4195295484375 0.714946478125 0.42199235156250003 0.7022764515625 0.42034752500000006 0.6998579078125 0.42152998124999996 0.6937746984375 0.4240604859375 0.6916368281249999 0.426130171875 0.6809892125 0.424782125 0.67704386875 0.4301755734375 0.6565316265625001 0.42913342187500003 0.6510695531249999 0.430020653125 0.6465051468749999 0.42906025000000003 0.6442113468749999 0.4351683125 0.612788084375 0.43965136562499996 0.6041940640625 0.44113607187500004 0.59291010625 0.440481565625 0.5890995765625 0.4488212609375 0.5533732328125 0.4522197484375 0.5503588203125 0.45243477812500005 0.5456637515625 0.4503327796875 0.538419475 0.453467784375 0.5258801125 0.45521752656250003 0.5241131109375 0.45975001718749997 0.50079546875 0.462090209375 0.49599085781249996 0.4625827703125 0.493456853125 0.46103738749999995 0.4905267109375 0.464355678125 0.4843360328125 0.4648552640625 0.478120084375 0.46767032343750004 0.4744613375 0.4687548890625 0.46888173125000004 0.4682052984375 0.46088565312499996 0.46609627500000006 0.45732332031249995 0.46698350624999996 0.4527589140625 0.4647659203125 0.449698109375 0.4689839375 0.43158713437499996 0.472188196875 0.429571934375 0.477606365625 0.4016978796875 0.476761546875 0.39522060625 0.48068433749999995 0.378628434375 0.4796598796875 0.36948649375 0.48161242812499994 0.36303034218749997 0.4805525828125 0.36124813906250003 0.4829922203125 0.35593193125 0.48468493125 0.3436348453125 0.487211790625 0.3378129609375 0.487245625 0.3304612171875 0.4905602703125 0.3205865234375 0.48882977656250004 0.3186656625 0.48622819218749996 0.3176373359375 0.48245117656250003 0.319010275 0.48098051875000003 0.322930346875 0.474970346875 0.3538500046875 0.4715648359375 0.36054636093750003 0.4731974390625 0.362970825 0.471442225 0.368411775 0.4724666828125 0.377553715625 0.4686417828125 0.393642284375 0.46938715468750003 0.400631153125 0.4644615484375 0.42597120468750005 0.46126951250000003 0.427980484375
1 0.4289543796875 0.702576175 0.4258495640625 0.704079778125 0.426219515625 0.7094111875 0.43263954375 0.7269685359375 0.43368872031250005 0.728748665625 0.43687373125000006 0.7304213265625 0.4399785453125 0.728917725 0.44017588124999996 0.727902525 0.43528198749999997 0.716963178125 0.43261425625000005 0.7053947015625 0.4303094515625 0.7028395734374999 0.4289543796875 0.702576175
1 0.44286833124999997 0.732109190625 0.4405513015625 0.729559984375 0.4392069 0.729298659375 0.436973175 0.72990973125 0.4298885375 0.7374754234374999 0.4227862078125 0.7487209828125 0.41966889687500003 0.7575804765624999 0.4219737015625 0.7601356046875 0.42332877343749997 0.7603990031250001 0.42643358906250006 0.7588954 0.42945300937499997 0.750539509375 0.4346082625 0.7420761515625001 0.4426709953125 0.7331243921875 0.44286833124999997 0.732109190625
0 0.43064479375 0.726008390625 0.43072902187500006 0.7276258390625 0.4319052109375 0.73142993125 0.43481136718749996 0.7351638031250001 0.4386252796875 0.737132921875 0.4410506515625 0.7375297046875 0.44458940937499997 0.7362431843749999 0.44774631875 0.7325347437499999 0.448872125 0.7290785671875 0.4486686578125 0.72625165 0.446082915625 0.723774646875 0.43899367343750006 0.7223634546875 0.4318493390625 0.7244257625 0.43064479375 0.726008390625
2 0.44124119687499996 0.7260107796875 0.43244923125 0.72430179375 0.39514553750000003 0.717573321875 0.39204072343749996 0.719076925 0.3918433890625 0.7200921250000001 0.394160415625 0.72264133125 0.435529328125 0.7301600015624999 0.435906303125 0.7318094687500001 0.43822177812499996 0.7343666703125 0.4395661796875 0.7346279953125 0.4426709953125 0.7331243921875 0.44355822656250005 0.7285599859375 0.44124119687499996 0.7260107796875
1 0.5216509874999999 0.362923803125 0.523006059375 0.3631872015625 0.5224333031249999 0.362544940625 0.523975040625 0.36179106562499996 0.5241708218750001 0.360783859375 0.5218660171875 0.3582287328125 0.5205109453125 0.3579653328125 0.5145108734375 0.35995141875000003 0.5008643515625 0.3615130375 0.49921405312499995 0.36276844375 0.49486428125000004 0.3634991234375 0.4954370375 0.364141384375 0.49368884843750005 0.36590039218750003 0.4960043234375 0.3684575921875 0.49735939531250006 0.3687209921875 0.5070385921875 0.3658655703125 0.5177760796875 0.3648003453125 0.5216509874999999 0.362923803125
1 0.493311875 0.364250925 0.493763575 0.37275060625 0.495759103125 0.384188421875 0.4980639078125 0.386743546875 0.49941898125 0.38700694687500004 0.5025237953125 0.38550334531249997 0.5028190203125 0.383984540625 0.5000765656249999 0.365565846875 0.49776109062499996 0.3630086484375 0.4964166875 0.36274732187500003 0.493311875 0.364250925
2 0.502655553125 0.4028836390625 0.5024652406250001 0.4002168984375 0.4994760125 0.397537028125 0.499100590625 0.3958795671875 0.4939861953125 0.39330923906250004 0.470791665625 0.38617093125 0.45659008281249996 0.3834104234375 0.453108290625 0.38326455937500004 0.45000503125 0.3847601671875 0.44980769531250003 0.38577536874999996 0.45212317031250004 0.38833256875 0.46980654531250005 0.3912389421875 0.4883615484375 0.3969527859375 0.49357383125 0.399019509375 0.49626628281249996 0.403226178125 0.49819566562500006 0.40412384375 0.4995507375 0.40438724375 0.502655553125 0.4028836390625
0 0.4895587640625 0.40042083906250003 0.494527209375 0.40499525312499995 0.49967360781250003 0.4067173421875 0.502342415625 0.40643141875 0.5041249999999999 0.40529298125 0.505536496875 0.39956952968750004 0.5038884578125 0.3967687578125 0.497974334375 0.39261611093750004 0.4909750078125 0.3907993140625 0.4869483359375 0.392032471875 0.48547228125 0.3940434765625 0.48574836875000005 0.3974652125 0.4895587640625 0.40042083906250003
1 0.5070885984375 0.3800775953125 0.49454281250000004 0.397623375 0.49424603281249996 0.399150171875 0.49656306250000004 0.4016993796875 0.497918134375 0.401962778125 0.5018909296875 0.39958263125000004 0.5144276 0.382026784375 0.514722825 0.3805079796875 0.5124057984375 0.3779587734375 0.5110613953125 0.3776974484375 0.5070885984375 0.3800775953125
1 0.49928023125000004 0.3985442359375 0.4961860859375 0.4000499125 0.49713581875 0.402341640625 0.4963657265625 0.40271457968749996 0.4977207984375 0.40297797968750004 0.49819566562500006 0.40412384375 0.5117180234375 0.41043563125000004 0.513745296875 0.41082969374999995 0.5168501109375 0.409326090625 0.517047446875 0.40831088906249996 0.5147304187499999 0.405761684375 0.49928023125000004 0.3985442359375
2 0.486035971875 0.42332915781249997 0.4931883078125 0.42629562187500003 0.49628245312499997 0.42478994531250003 0.49930551875000007 0.420118071875 0.49960074375 0.41859926718749996 0.49728526874999995 0.41604206718750003 0.495930196875 0.41577866874999997 0.4928360515625 0.41728434375 0.49098841875000004 0.4195549515625 0.463344671875 0.41365891875000005 0.46043874687499997 0.4141393265625 0.45357460937500005 0.41333600156249994 0.45048201875 0.414833684375 0.450284684375 0.41584888593749997 0.45258948906249996 0.4184040109375 0.46013649531249995 0.4193400734375 0.4630424203125 0.41885966406249997 0.486035971875 0.42332915781249997
0 0.49897628281250006 0.41577347343750004 0.49363586406250004 0.41499256874999996 0.4909656078125 0.4156847015625 0.48974573125000004 0.4172892359375 0.48606216093750004 0.4198334484375 0.485584628125 0.423714284375 0.48761938125000004 0.4280005 0.4895648265625 0.429954846875 0.49186610000000003 0.43093309687500003 0.49553435312499994 0.43097417812499994 0.49867314374999994 0.42935274375 0.50051135 0.426731884375 0.50044079375 0.42470230468750003 0.501953509375 0.42096461874999996 0.501498834375 0.41800591249999997 0.49897628281250006 0.41577347343750004
1 0.506726628125 0.3168849609375 0.504656940625 0.3275325765625 0.5040417703125 0.337931996875 0.5063572453125 0.340489196875 0.5077123171875 0.340752596875 0.5108064625 0.33924691875 0.5114216328125 0.3288475 0.5134913203125 0.3181998828125 0.5111849609375 0.31565275000000004 0.5098298875 0.31538935156250003 0.506726628125 0.3168849609375