1 0.5797052421875 0.5212946546875 0.5826892921875 0.5195010390625 0.5815313234375 0.517272078125 0.582274171875 0.5168274890625 0.5802520328125 0.5160922875 0.5687562421875 0.5054096875 0.559992103125 0.4955451578125 0.5601007703125 0.49451124999999996 0.5489327109375 0.48071051093749995 0.545577809375 0.4793042703125 0.5425937578125 0.4810978875 0.5424850890624999 0.4821317953125 0.54481195625 0.4865908671875 0.546789828125 0.4878523765625 0.5542321343750001 0.4970470140625 0.5572041109375 0.5020965546875 0.5617178453125 0.5057235484375 0.57304976875 0.51796521875 0.575071909375 0.5187004187500001 0.5762960046875001 0.52040536875 0.5797052421875 0.5212946546875
1 0.52582179375 0.574020446875 0.5316151140625001 0.5588498375000001 0.535900596875 0.5514022078124999 0.5398566234375 0.547089128125 0.5400204890625 0.5455300578125 0.5374745609375 0.5431552171875 0.5360866015625 0.5430093359375 0.533900596875 0.5438332046875 0.5314854640625 0.5467319484375001 0.52474144375 0.5575964234375 0.5198548374999999 0.5707633750000001 0.5173411031249999 0.57470538125 0.5169038421875001 0.5788656343749999 0.5194497703125001 0.581240475 0.5208377296875 0.5813863546875 0.5238327093749999 0.5795938875 0.5242156359375 0.5759505890625001 0.52582179375 0.574020446875
1 0.5629951156249999 0.5268971453125 0.5737612875 0.5111955765625 0.5740346828125 0.5085943937499999 0.5714769640624999 0.506226609375 0.5700890046875 0.5060807281249999 0.567105815625 0.507866140625 0.56596825 0.511961084375 0.5497051546875 0.53339006875 0.5382726078125 0.54218546875 0.5381630765625001 0.5432275828125 0.5407199328125001 0.545603571875 0.5420969625 0.5457483046875 0.548720240625 0.5427608937499999 0.548829771875 0.5417187796875 0.5549174703124999 0.5370987859375 0.5629951156249999 0.5268971453125
0 0.5321338359375 0.5496042343750001 0.53945015625 0.55169231875 0.541979590625 0.5517009890625 0.5440131578125 0.5506453953125 0.548621746875 0.546326234375 0.5488712765625 0.5438469875 0.5476060140625 0.5411670484375 0.543842109375 0.5389213765624999 0.540904846875 0.53858776875 0.537212875 0.5371295078125 0.5315192875 0.5373690109375 0.529936403125 0.5387623421875001 0.5286190562499999 0.5421497984375 0.5282407250000001 0.545644246875 0.529043771875 0.547255165625 0.5321338359375 0.5496042343750001
2 0.539441503125 0.544415578125 0.5368846484375001 0.5420395874999999 0.47937723749999994 0.5359953156249999 0.4626340546875 0.5352891625 0.4411480109375 0.5330308890625 0.4381639609375 0.53482450625 0.43805529375 0.535858415625 0.4406012203125 0.5382332562500001 0.46277577968749994 0.540563896875 0.4795189625 0.5412700484374999 0.520348453125 0.5460923625 0.5363378562500001 0.5472419562499999 0.5393319734375 0.5454576921875 0.539441503125 0.544415578125
0 0.535825740625 0.630225525 0.5391420484375 0.6303169 0.54384083125 0.6300806890625 0.5460843515625 0.629130125 0.5478906640625001 0.6268725765625 0.5477055609375 0.6227464656249999 0.5453204125 0.620629115625 0.537910596875 0.6179587609375 0.5339972203125 0.6175557453125 0.5301095 0.6185906812499999 0.526121521875 0.622261590625 0.5275326734375 0.626707378125 0.5293664625 0.6280781875 0.535825740625 0.630225525
1 0.5426379765625 0.6273326406249999 0.540135453125 0.624439696875 0.5367796874999999 0.6230416609375 0.5337855703125001 0.6248259234375 0.5317090953125 0.6246076781250001 0.5287250453125 0.6264012953125 0.5286155156250001 0.627443409375 0.5298838781249999 0.6286220499999999 0.529140165625 0.6290748453125 0.5305281234375 0.6292207249999999 0.5311071078125 0.6303352062500001 0.5386267515625 0.63217088125 0.54081189375 0.6313552203125 0.5426379765625 0.6273326406249999
1 0.55372095 0.6085117875 0.5594478625 0.6007012890625 0.565536421875 0.596073090625 0.5664983328125001 0.593544271875 0.56395154375 0.5911776375 0.562563584375 0.59103175625 0.5610660937499999 0.591927990625 0.560432775 0.5913304640625 0.5603232453125 0.5923725796875 0.554235546875 0.5969925734375 0.5357746546875 0.6192524828125 0.534758409375 0.62229825625 0.5373043390625 0.624673096875 0.5386922968750001 0.6248189765625 0.5416872765625 0.623026509375 0.5507259703125 0.6103042546874999 0.55372095 0.6085117875
0 0.5223884937500001 0.6896331906250001 0.518625328125 0.691270253125 0.5164086671875 0.6948037796875 0.5170990015625 0.697066553125 0.521026865625 0.699959975 0.5209464828125 0.703352996875 0.523111640625 0.7059864828125 0.5272902328125 0.70754566875 0.53013113125 0.7074294453125 0.5337729062500001 0.7052652546875 0.5346734750000001 0.7007969593750001 0.53785854375 0.6986677296875 0.53788859375 0.6952279359375 0.5350610765625 0.6921680921875 0.5320032609374999 0.6906686328125 0.5244315875 0.689433115625 0.5223884937500001 0.6896331906250001
1 0.545922134375 0.6960639984375 0.5554199296875 0.6923250859375 0.5668947390625 0.6898558875 0.569659728125 0.6901465 0.5726547078124999 0.68835403125 0.5727642375 0.6873119171875001 0.5702065203125 0.6849441328125 0.5660535703125 0.6845076390625 0.5509496015625001 0.6881799859375 0.5414526656249999 0.6919106937499999 0.5343047375000001 0.69326666875 0.5327529140625 0.6946798578125 0.5269386109374999 0.6966986687500001 0.5275719296875 0.69729619375 0.5259657718749999 0.6992263375000001 0.5285226296875 0.7016023265625 0.5305991031249999 0.7018205734375 0.537276715625 0.6983162078125 0.545922134375 0.6960639984375
1 0.49054235312500005 0.7297004234375 0.49341687343749996 0.728948921875 0.49406198437500004 0.7295393890625 0.5002592124999999 0.72387728125 0.5076796734375 0.7199283265624999 0.5154287265625 0.7128530296875 0.5266430765625 0.706133653125 0.52675174375 0.7050997453125001 0.5297467218749999 0.703307275 0.5307086328125 0.7007784578125 0.5281627062500001 0.6984036171875 0.5267747468749999 0.6982577375 0.52527725625 0.6991539718750001 0.524643075 0.6985646515624999 0.5206870484375 0.70287773125 0.5117682359375 0.707731125 0.5116587046875 0.7087732390625 0.5047620312500001 0.7143618328125 0.49808441875 0.7178661984375 0.49723203906249996 0.7193529015625 0.488958334375 0.7247967640625 0.48798549687500004 0.7273244328125 0.49054235312500005 0.7297004234375
1 0.5617032203125001 0.41261294218750005 0.5599113546875001 0.4029585625 0.558162609375 0.3996221765625 0.5548077046875 0.39821593593750004 0.5518135890625 0.4000001984375 0.55360459375 0.40966278437500003 0.5587956328125 0.42019709687500006 0.5670118343749999 0.4421083 0.5687605796875 0.44544468437500007 0.5721154828125 0.446850925 0.5750995328124999 0.4450573078125 0.5752633984375 0.44349823906249997 0.56953764375 0.4313231375 0.566368746875 0.42152402499999997 0.5617032203125001 0.41261294218750005
2 0.542059040625 0.47945709843750006 0.545577809375 0.4793042703125 0.5485727875 0.47751180312499997 0.54868145625 0.47647789218750003 0.5461246 0.47410190312499995 0.543359609375 0.47381129062499994 0.5230976593750001 0.47325796562500005 0.49677015156250004 0.4704908328125 0.450759678125 0.46828485625000005 0.4444641296875 0.46815412968750003 0.441480940625 0.469939540625 0.441371409375 0.47098165468750003 0.4439173390625 0.47335649531249996 0.45015769062500005 0.4740123828125 0.4829989453125 0.47483422031250005 0.5232393828124999 0.47853269843749996 0.542059040625 0.47945709843750006
1 0.547184828125 0.477365921875 0.5467145109375 0.47521753125000005 0.535917303125 0.46461665312499995 0.5284758609375 0.455413809375 0.5220394500000001 0.4500001421875 0.51773385 0.44428776875000003 0.51432375 0.4434066875 0.5113396984375 0.44520030468750005 0.5117548171874999 0.4478738546875 0.515001053125 0.45031400312500003 0.5186615437500001 0.45543590937499995 0.5257430640625 0.46144004218749995 0.5262677140625 0.463071478125 0.5370649234375 0.4736723578125 0.537599640625 0.47531314687500004 0.54281281875 0.4790136578125 0.544200778125 0.4791595390625 0.547184828125 0.477365921875
0 0.51764506875 0.7824925953124999 0.52045493125 0.782987034375 0.523816071875 0.78233645625 0.5282058296875001 0.7787326640625001 0.5288428015625 0.7772979875 0.52851305 0.7734968203125 0.5266113421874999 0.7710901359375 0.524586021875 0.7699646765625 0.5137690859374999 0.76880288125 0.5119371140625 0.769622478125 0.5096841765625 0.772239603125 0.50949935625 0.7747339484375 0.5124997796875 0.7791974421875 0.51764506875 0.7824925953124999
1 0.5346169187500001 0.7569484859375 0.54375393125 0.7500190703125 0.5447158421875 0.7474902515624999 0.5421699125 0.745115409375 0.5407819546875 0.7449695296875001 0.539284465625 0.7458657640624999 0.538650284375 0.74527644375 0.538541615625 0.7463103531249999 0.5294037406250001 0.7532479750000001 0.52292305 0.7615019125 0.5182776437500001 0.765750834375 0.513468375 0.771558821875 0.5133588437500001 0.7726009375 0.5159056343749999 0.774967571875 0.5194787359374999 0.774297790625 0.5346169187500001 0.7569484859375
1 0.5160143015624999 0.7739336640625 0.513031115625 0.775719075 0.510164628125 0.8096150328125 0.5097052265625 0.8206090875 0.5122620828125 0.8229850765625001 0.5136500421875 0.82313095625 0.51663409375 0.821337340625 0.5180462140625 0.7946556124999999 0.5204294359375 0.7786039234375 0.51995998125 0.776447328125 0.5174022609375 0.7740795453125 0.5160143015624999 0.7739336640625
2 0.479982009375 0.7701465171875 0.43297743125 0.7641525109375 0.4207157890625 0.76075650625 0.41773173906250005 0.7625501234375001 0.4176222078125 0.7635922390625 0.4201689984375 0.7659588734375 0.43173119687500006 0.7692813625 0.5036862531249999 0.7778977703125001 0.5170745328125 0.77719768125 0.5200695125 0.7754052140625001 0.5201781796875 0.7743713062500001 0.5176213234375 0.7719953140625 0.5035445281250001 0.7726230375 0.479982009375 0.7701465171875
2 0.53614636875 0.6224441359374999 0.53358865 0.6200763515625 0.5239390609375 0.6185311765625 0.5176001078125 0.618918553125 0.4294808546875 0.6107104718749999 0.426497665625 0.612495884375 0.42638813437499995 0.6135379984375 0.42893406250000005 0.6159128390624999 0.4851196375 0.6212872203125 0.5170533171875 0.6241209203125 0.5233922703125 0.62373354375 0.5330418578125 0.62527871875 0.5360368390625 0.62348625 0.53614636875 0.6224441359374999
2 0.5263486984375 0.6955830375 0.526457365625 0.6945491296874999 0.5239114375 0.6921742890625 0.4941085671875 0.68904188125 0.4530600171875 0.686303796875 0.43019694375000006 0.683900790625 0.4102083875 0.68074628125 0.40722433750000003 0.6825398984375 0.40711480624999996 0.6835820125 0.40966159687500003 0.6859486484375 0.42965015156249997 0.6891031578125 0.45251322656250004 0.6915061640625 0.49426122031249997 0.6943177625 0.523364646875 0.69737665625 0.5263486984375 0.6955830375
1 0.598428365625 0.35650744843750004 0.595871509375 0.354131459375 0.59448355 0.353985578125 0.58615465 0.35995460156250003 0.5733672000000001 0.3749127625 0.557704365625 0.3906306328125 0.5544911890625001 0.39449912343750004 0.5543816578125 0.3955412375 0.5569393765624999 0.397909021875 0.5605124781249999 0.397239240625 0.5620651640625 0.395817846875 0.591367828125 0.3636551109375 0.5951056578125 0.3614180546875 0.598428365625 0.35650744843750004
0 0.5616037296874999 0.392849059375 0.55732218125 0.39142838593749996 0.5535077703125 0.39176584375 0.5499169203125 0.39439168125 0.5491396421875 0.39674079375 0.5478884734375 0.40086527812500006 0.55164670625 0.40495212656249996 0.55565931875 0.405672534375 0.5580559765625 0.40789065 0.5621344703125 0.4091406484375 0.5661758 0.4088519296875 0.5693088375 0.40732285937499996 0.571018759375 0.40398496093749997 0.5693274484375 0.39863032187499997 0.5676791515625 0.3970716015625 0.5642980796875 0.395704090625 0.5616037296874999 0.392849059375
2 0.5556488734375 0.40356418437499997 0.5586329250000001 0.40177056718750004 0.55874245625 0.4007284515625 0.5561956640625 0.39836181718749997 0.550643828125 0.39777829531250003 0.4955184828125 0.3956679328125 0.48219632968750004 0.3958440109375 0.4537270828125 0.3933744375 0.4495189375 0.3934631046875 0.4465248203125 0.395247365625 0.4464152890625 0.39628948125 0.448972146875 0.3986654703125 0.46085200937500004 0.3988604671875 0.48164953749999995 0.40104637656250003 0.5019557546875 0.40107339218750004 0.5556488734375 0.40356418437499997
1 0.6091637875 0.3076673359375 0.5718197125 0.316360946875 0.5645079203125001 0.319275990625 0.5580485078125 0.3207043328125 0.556387153125 0.3231596359375 0.558944871875 0.3255274203125 0.56033283125 0.3256733015625 0.58492280625 0.3182690984375 0.61143718125 0.3126351546875 0.6130985359375 0.31017985000000003 0.6105517453125 0.307813215625 0.6091637875 0.3076673359375
1 0.5558625015625 0.3215282015625 0.5528683859375 0.32331246406249997 0.545905303125 0.33626116875 0.5415643296875 0.3642113515625 0.5441220484375 0.3665791375 0.5455100078124999 0.3667250171875 0.548493196875 0.36493960468750003 0.5527798359375 0.33750637499999997 0.5596333875 0.3255997859375 0.559797253125 0.3240407171875 0.5572504609375 0.32167408124999997 0.5558625015625 0.3215282015625
0 0.5575253250000001 0.31306655 0.5544543156249999 0.312428515625 0.5477165078125 0.313877375 0.5452928046875 0.31811921249999997 0.5475096015625 0.3244665625 0.54876819375 0.3258432859375 0.55059495 0.3308554203125 0.5524126500000001 0.33258957499999997 0.5567427781250001 0.3334429109375 0.5604679921875 0.3321668953125 0.5623145984375 0.3305772828125 0.562819790625 0.327768165625 0.5658984265625 0.32517975312499997 0.566832159375 0.3228138984375 0.5665786546875 0.3197591140625 0.5635848734375 0.31596831718749996 0.5597427828125 0.314676796875 0.5575253250000001 0.31306655
2 0.550168940625 0.315669946875 0.5403002906250001 0.3162090015625 0.48407131249999996 0.3113527234375 0.48107719375 0.31313698749999996 0.48096766406249997 0.3141791015625 0.4835245203125 0.316555090625 0.5397535 0.32141136875 0.551698625 0.3210905609375 0.5546936031249999 0.3192980921875 0.554803134375 0.31825597656250004 0.5522454156250001 0.31588819375 0.550168940625 0.315669946875
3 0.49307110625000006 0.539010890625 0.49214139062499995 0.54785655625 0.48542840624999994 0.5850234796875 0.4843006109375 0.609105171875 0.48064930937500006 0.6171421203125 0.47755341093750003 0.659949053125 0.471703734375 0.6956304203125 0.47197597187499996 0.7130148375 0.4706955234375 0.7318206468749999 0.46585088125 0.77129119375 0.46775227812500003 0.779903459375 0.4660003546875 0.8165464796874999 0.4679129640625 0.8183237968749999 0.4706345484375 0.8191325109375001 0.4743171796875 0.8174206140625 0.4748648328125 0.8122100421875 0.474405728125 0.8032267015624999 0.47612343749999997 0.7802606390625 0.474222903125 0.7716401671875001 0.47906754687499997 0.7321696203125 0.480950278125 0.6876588890625001 0.48581590312499995 0.661340140625 0.48891180156249997 0.618533209375 0.492563103125 0.610496259375 0.49374523281249993 0.5858976124999999 0.4963354421875 0.57460485 0.5014422671875 0.5393680703125 0.500416253125 0.5224270953125 0.5046045734375 0.4892010296875 0.5042558625 0.4791673703125 0.5062139109375 0.44729148125 0.50884925 0.435464203125 0.5121521359375001 0.3974162 0.517443809375 0.37377215 0.52320609375 0.33229909375 0.524935878125 0.302489875 0.5242154515624999 0.2892645625 0.5238546656249999 0.2860740578125 0.52194205625 0.28429674375 0.519221334375 0.283479821875 0.5155378390625 0.285199925 0.5165638546875 0.3021409015625 0.5148349328124999 0.3319419140625 0.5091269828125 0.372898015625 0.50389050625 0.3960169078125 0.500543353125 0.43459121874999995 0.497897084375 0.44641734843750003 0.49674916874999997 0.457339034375 0.4962877484375 0.48832689531250006 0.49204509218750003 0.522069915625 0.49307110625000006 0.539010890625
0 0.5399440796875 0.4804460625 0.54019908125 0.484853296875 0.543608103125 0.48742670312499997 0.5462833703125 0.48794018125000005 0.5518650296875001 0.4864527703125 0.5537445953125 0.482236703125 0.5581510625 0.4793149609375 0.5587708375 0.47257715781250004 0.557672134375 0.4708356109375 0.5559381609375 0.469881809375 0.5521576390625 0.46916090625000006 0.5464511015625 0.4692082328125 0.5423632546875 0.47120109687499995 0.538822778125 0.47481948437500004 0.53817035 0.4779781609375 0.5399440796875 0.4804460625