1 0.5408926546874999 0.336286703125 0.536105515625 0.3352587546875 0.5282471796875 0.331878459375 0.5165957421875 0.329235471875 0.5093646125 0.3257332609375 0.5061158765625 0.3258693265625 0.50395541875 0.32825549375 0.5050422484375 0.3304981359375 0.51127789375 0.33222763125 0.514266253125 0.33410065312500004 0.515520665625 0.33385682031249997 0.5259176921875001 0.33674364218749997 0.537927453125 0.341283196875 0.5398289828125 0.3409135765625 0.541979484375 0.3385293453125 0.5403482875 0.3368879421875 0.5408926546874999 0.336286703125
2 0.5099088171874999 0.3521326921875 0.510443228125 0.3515333875 0.5091788609375001 0.35177915625 0.5015046640625 0.3493461765625 0.4678595828125 0.3549030109375 0.4610132875 0.3567292203125 0.45885138124999997 0.3591079265625 0.4590355203125 0.36005524218749996 0.4619325359375 0.3614583359375 0.48393132968749997 0.3566867796875 0.4910645140625 0.3562833359375 0.5011595421874999 0.3543210609375 0.5081151875 0.356406028125 0.5093795562500001 0.356160259375 0.5115400140624999 0.35377409375 0.5099088171874999 0.3521326921875
0 0.511067925 0.3869044828125 0.5089112124999999 0.38596128749999997 0.504781446875 0.3860828234375 0.5011861140625 0.3879970234375 0.49823787812500003 0.38739346874999997 0.49530164218749995 0.38855253125 0.492646015625 0.3913678125 0.49307626562499995 0.39506953437500003 0.49577320625 0.39703790625 0.4998164640625 0.39700285625 0.5053930109375 0.3994874890625 0.513161125 0.397938815625 0.5167289015625001 0.39508556875 0.519498984375 0.394028471875 0.5207755203125 0.3924101796875 0.5207178984375 0.390625465625 0.518404678125 0.387707771875 0.511067925 0.3869044828125
2 0.5081466890625 0.3902668171875 0.49821924375000004 0.3897426171875 0.4835197640625 0.39161679843749997 0.46394695468749997 0.39542136875 0.4617864984375 0.397807534375 0.4619691875 0.3987473890625 0.46486620156249997 0.40015048281250004 0.49273381250000003 0.3952212515625 0.498511284375 0.3945936484375 0.5084387312499999 0.39511785 0.513486246875 0.39413671093749997 0.515646703125 0.39175054375 0.5154625625 0.39080322968750003 0.512567 0.3894075953125 0.5081466890625 0.3902668171875
0 0.5012563484375 0.3487596828125 0.49799320468749997 0.3484495703125 0.4942386765625 0.350023146875 0.49296795312499997 0.35326592031250004 0.4937433515625 0.355182046875 0.501664134375 0.359308821875 0.5091263359375 0.3585782296875 0.51136915625 0.3577319953125 0.5143331078125 0.35357951718749997 0.5135458171875 0.3511238296875 0.5065813578125 0.34697372656250003 0.504169671875 0.347163834375 0.5012563484375 0.3487596828125
1 0.5441960484374999 0.376880940625 0.5412990359375 0.375477846875 0.5400446234375 0.3757216796875 0.525265553125 0.3839899234375 0.51130263125 0.3896533640625 0.509140725 0.3920320703125 0.5093248640625 0.39297938593750004 0.5122218796875 0.3943824796875 0.514113453125 0.3940147953125 0.5286221906249999 0.3877575734375 0.5398836421875 0.3816438796875 0.54339130625 0.37949126718750004 0.5443787390625 0.3778207953125 0.5441960484374999 0.376880940625
1 0.5515185234375 0.380853078125 0.5387106187499999 0.382359575 0.52229375 0.385550690625 0.5106754265625 0.3897752796875 0.50851351875 0.3921539875 0.5086976578125 0.3931013015625 0.5115946734375 0.394504396875 0.514113453125 0.3940147953125 0.523850159375 0.39015595468750003 0.539629865625 0.3870886890625 0.5524377703125001 0.3855821953125 0.5545982281249999 0.38319602656249996 0.5544155374999999 0.382256171875 0.5515185234375 0.380853078125
2 0.5298318656250001 0.42433093125 0.5186400515625 0.4240525 0.4989858515625 0.42738520625 0.47319250312500005 0.432886609375 0.471042003125 0.43527083906249997 0.47122614374999994 0.436218153125 0.47411175156249996 0.437615725 0.5119016578125 0.42978242812499995 0.5189320921875 0.42890353281250004 0.5288595390624999 0.4294277328125 0.5307511125000001 0.429060046875 0.5329130203125 0.42668134062499996 0.53272888125 0.425734025 0.5298318656250001 0.42433093125
0 0.5165004546875 0.42431357500000005 0.5154153953125 0.42574757031250005 0.5145202828125 0.4289560375 0.5164079125 0.43106624218749995 0.5194906171875 0.43384984375 0.5219435828125001 0.43445677812500005 0.5241888218749999 0.43388875000000005 0.528066 0.43119210937499997 0.5325197515625 0.4301328640625 0.534736459375 0.42755771875 0.533481521875 0.42248358281250004 0.53195036875 0.4213568625 0.527521634375 0.420259246875 0.5239169203125 0.42154050625000006 0.520146721875 0.4219172734375 0.5165004546875 0.42431357500000005
1 0.5151870796875 0.3893859875 0.5130266234375 0.391772153125 0.51687119375 0.4082021421875 0.51854870625 0.42358257187500004 0.519376609375 0.42784176093750004 0.522272171875 0.4292373953125 0.523536540625 0.4289916265625 0.525698446875 0.4266129203125 0.523274421875 0.4074451640625 0.51933850625 0.39054524687500003 0.516441490625 0.3891421546875 0.5151870796875 0.3893859875
1 0.5739171 0.4118369390625 0.572025525 0.41220462343750003 0.542910103125 0.4208134125 0.528486109375 0.42410483593750004 0.526325653125 0.42649100312500005 0.5265083421875 0.42743085937499997 0.5294053562500001 0.428833953125 0.5357172390625 0.42760704687500006 0.5724103609375 0.41753304375000005 0.574836346875 0.4165660546875 0.5769982515625001 0.41418734687500003 0.5768141124999999 0.4132400328125 0.5739171 0.4118369390625
2 0.5295282015625 0.46316466875 0.5254761718750001 0.46591851875 0.48453032343749997 0.4743652703125 0.48237982187500006 0.47674950000000005 0.4825639625 0.47769681718749996 0.4854510203125 0.4791018453125 0.52764983125 0.47040380312499996 0.532874884375 0.4669342546875 0.5338637687500001 0.46527124375 0.5336796296874999 0.46432392968749997 0.5307826140625 0.4629208359375 0.5295282015625 0.46316466875
0 0.5159880359375 0.4660598046875 0.510945753125 0.468502975 0.50955449375 0.47107248906250004 0.510159396875 0.473865525 0.511728153125 0.475557771875 0.5145147796875 0.47633981875 0.519736178125 0.47503072187499995 0.52270161875 0.47566963749999996 0.5255905953125 0.4752241921875 0.529034275 0.47348654999999995 0.531246153125 0.47115231562500004 0.534556159375 0.4698431890625 0.536495646875 0.46616077968749997 0.5347841171875001 0.46314935312500005 0.5327090796875 0.462360584375 0.5267755984375 0.46234504374999996 0.5224081671875 0.46406097968750004 0.520281053125 0.465821384375 0.5159880359375 0.4660598046875
1 0.538176175 0.46050830625000005 0.538536403125 0.4589597515625 0.5444649 0.45241188593750004 0.546265128125 0.4515742734375 0.5515649703125 0.445140865625 0.551833853125 0.4431223828125 0.5489382890625001 0.44172674843750004 0.547673921875 0.4419725171875 0.5389577609375 0.451028465625 0.5371575328125 0.451866078125 0.5367973046875 0.4534146328125 0.53140466875 0.459370653125 0.5278970046875 0.4615232671875 0.5256603109375 0.46686583437499996 0.5258444515625 0.4678131484375 0.5287300609375001 0.46921072031250005 0.5317033109375 0.4676574109375 0.533588284375 0.4638540015625 0.538176175 0.46050830625000005
1 0.5392415890625 0.4794369828125 0.5390588984375 0.4784971265625 0.5339020328124999 0.4755670890625 0.52900699375 0.47063542187499996 0.52836323125 0.467323546875 0.5254761718750001 0.46591851875 0.5242118046875001 0.4661642875 0.5220513484375 0.46855045312500004 0.5228778015625 0.47280218281249997 0.5262344375 0.47656983437499995 0.5400760921875001 0.4871318953125 0.54432881875 0.4887591484375 0.545231509375 0.490054475 0.551375809375 0.49131404375 0.553527759375 0.48893727187499997 0.552532275 0.48716455937500003 0.5453011453125 0.4836623484375 0.5392415890625 0.4794369828125
2 0.5375557015625 0.5146147062499999 0.535831709375 0.5124959171875 0.533755996875 0.5119162859374999 0.5242830203125 0.510328378125 0.51922555 0.5113114515625 0.49722530468750004 0.5160755484374999 0.48983319375 0.5184955390625 0.48740575937499997 0.5194550671875 0.48524530312499997 0.521841234375 0.4854294421875 0.5227885484375 0.4883250078125 0.5241841828125 0.49878171406250005 0.5206808140625 0.5239379 0.5153032625 0.53414083125 0.51724470625 0.5354052 0.5169989375 0.5375557015625 0.5146147062499999
0 0.5228618625 0.5089170843749999 0.52017036875 0.5108568625000001 0.51924334375 0.5123065828125 0.5187657796875 0.5144740015625 0.519311321875 0.5157923046875 0.5257358562500001 0.5201944375 0.53406305 0.520565234375 0.535758309375 0.5198254359375001 0.5388295624999999 0.5170222578125 0.5389799328125 0.5137031000000001 0.5374330046875 0.5101565124999999 0.5318724015625 0.5069566062499999 0.529546640625 0.50689778125 0.5261440390625001 0.50858099375 0.5228618625 0.5089170843749999
1 0.5749456640624999 0.49802665937499996 0.574761525 0.49707934375 0.5718744671875 0.4956743140625 0.56934573125 0.49616585156250004 0.5551986703125 0.500881978125 0.5379008203125 0.509639821875 0.5305087109375 0.5120598109375 0.528358209375 0.5144440421875001 0.5285408984375 0.5153838984375 0.5314279578125001 0.5167889265625 0.5333195296875 0.5164212421875 0.541884665625 0.5132855562499999 0.5573822859375 0.5053653265625 0.5727937140625 0.50040343125 0.5749456640624999 0.49802665937499996
1 0.565401603125 0.50282341875 0.5501728640625 0.5087251703125 0.533221584375 0.5125155890624999 0.5310596796875 0.514894296875 0.5312438187499999 0.5158416109374999 0.53414083125 0.51724470625 0.5455002296875 0.5150366625 0.5664121953125 0.5080224640625 0.5703728796875 0.5047986859375 0.570190190625 0.5038588296875 0.567293178125 0.502455734375 0.565401603125 0.50282341875
2 0.55628708125 0.5536808375 0.5473470671875 0.55148616875 0.5446341921875 0.5510303890625 0.5389594703125 0.5521334421875 0.5030725421875 0.55960458125 0.49513461562499994 0.5626183484375 0.49298411406250003 0.5650025796875 0.493168253125 0.56594989375 0.4960538625 0.5673474625 0.5046189953125 0.564211778125 0.544290521875 0.55601273125 0.5545947531250001 0.5584221671875 0.555849165625 0.558178334375 0.558011071875 0.5557996281250001 0.55628708125 0.5536808375
0 0.5514163953125 0.5483960921875 0.5465494265624999 0.5481267953125 0.5411406140625 0.549960003125 0.5395300296875 0.5512948843750001 0.5375932484375 0.5549380609375001 0.537824371875 0.557083840625 0.53946784375 0.558575778125 0.5438822671875 0.5588556296875 0.5516510953125 0.561881753125 0.55748751875 0.5602286203125 0.5594106890625 0.558747828125 0.560733321875 0.556091021875 0.5602169625 0.5541787296875 0.557665103125 0.551787365625 0.555354415625 0.5511682578125 0.5514163953125 0.5483960921875
1 0.5732018375 0.5631501234375 0.5651494078125 0.55882445 0.561976909375 0.5560041140624999 0.5570155875 0.5540269125 0.5536755062500001 0.5536930515625 0.55151505 0.5560792171875 0.5525090859375 0.557844471875 0.5657183828125001 0.565100184375 0.583985496875 0.5782312890625 0.5841696359374999 0.5791786046875 0.5847154531250001 0.5785848265625 0.5874183734375 0.5790425390625 0.589578828125 0.576656371875 0.5884919984375 0.5744137312500001 0.5871348375000001 0.5741821125000001 0.5732018375 0.5631501234375
1 0.5230120203124999 0.5846878515625 0.528144278125 0.5807409156250001 0.530203434375 0.5778867578125 0.53533714375 0.5739472812499999 0.5401839625 0.568585040625 0.544781809375 0.565237409375 0.5524177406249999 0.5573745453125001 0.554227925 0.556534996875 0.5534979671875 0.5561814609375 0.55439550625 0.554048521875 0.55149849375 0.5526454281250001 0.5496069203125 0.5530131125 0.5341424124999999 0.5678009234375 0.5295545203125 0.5711466187500001 0.5274854078125 0.5740027125 0.5223517 0.5779421890625 0.51750488125 0.5833044296875001 0.5156946953125 0.584143978125 0.516424653125 0.5844975140625001 0.5155271140625 0.586630453125 0.518424128125 0.5880335453125001 0.5214872749999999 0.58694270625 0.5230120203124999 0.5846878515625
0 0.553884425 0.593781828125 0.5519520531250001 0.5930891859375 0.5397570484374999 0.594453321875 0.533880046875 0.5982895671875 0.533496721875 0.600144509375 0.5345970890625 0.60298831875 0.5343256937499999 0.60510018125 0.5354340703125 0.6066032375 0.5393614484375 0.6079918328125 0.542092103125 0.6078480984375 0.54576563125 0.6059109578124999 0.5474406734375 0.6031004984375 0.5498687828125 0.60193183125 0.55100468125 0.600387321875 0.5546320140625001 0.599062959375 0.5556703875 0.5977077093750001 0.5557052671875 0.5959204984375 0.553884425 0.593781828125
1 0.547332090625 0.598608596875 0.5526267796875 0.5887469234375 0.5580194140625 0.5827909015625 0.56124499375 0.575785321875 0.56841985 0.5655504390625 0.5685973890625 0.5630620296875 0.5657018265625 0.5616663953125001 0.5644374578125 0.5619121640625 0.5633557796875001 0.5630977875000001 0.562637228125 0.5627497765625 0.5628213671875 0.5636970906250001 0.5556351046875 0.5739264484375 0.5518751140625 0.5815313328125 0.5464824796875 0.5874873546875 0.54666661875 0.58843466875 0.5412905390625 0.5978244796875 0.541473228125 0.5987643359375 0.5443602875 0.6001693640625 0.547332090625 0.598608596875
2 0.49808484062499997 0.6047442843749999 0.49592438281250006 0.6071304515625 0.496108521875 0.608077765625 0.4990040859375 0.6094733999999999 0.523624409375 0.6046876937500001 0.548153390625 0.599432059375 0.5503038921875001 0.597047828125 0.5501212015625 0.5961079734375 0.54723414375 0.5947029453125 0.52261381875 0.5994886515625 0.49808484062499997 0.6047442843749999
1 0.573731065625 0.63667198125 0.5764439390625 0.637127759375 0.578594440625 0.6347435296875 0.5775076125 0.6325008890625 0.56276986875 0.624079225 0.555170459375 0.618682384375 0.549462625 0.612917859375 0.5437396828125001 0.60372700625 0.5450736875 0.5970891109375 0.5421766734375 0.5956860171875 0.5409222609375 0.59592985 0.5387618046875 0.598316015625 0.537152315625 0.60353666875 0.539611415625 0.609437259375 0.544146228125 0.6159174796875 0.5506654078125 0.622507403125 0.559620528125 0.6281284031250001 0.55980321875 0.629068259375 0.568482853125 0.633272015625 0.573012515625 0.6363239703125 0.5731952046875 0.6372638265624999 0.573731065625 0.63667198125
2 0.563475053125 0.64455645625 0.560578040625 0.6431533625 0.5526349609375 0.6427388656249999 0.5482146515624999 0.6435980875 0.532083221875 0.6482045109375 0.5112460453125001 0.652254846875 0.50909409375 0.6546316187500001 0.509278234375 0.655578934375 0.5121652921875001 0.6569839625 0.53300246875 0.652933625 0.5529270015625001 0.647589896875 0.5596057125 0.6482501625 0.5614972875 0.647882478125 0.5636591921874999 0.6455037703125 0.563475053125 0.64455645625
0 0.55599279375 0.6392839234375 0.5533878015625 0.64033989375 0.5506826640625 0.6404554453125 0.5489610171875 0.6413784171875 0.5460372640625 0.644036809375 0.5451863234375 0.6472599140625 0.546152809375 0.6488834453125001 0.5505186359375001 0.6518898359375 0.552420846875 0.6521084 0.556679253125 0.6509477859375 0.5599680046875 0.6508581296875 0.5629121640625 0.6495272234375 0.565487953125 0.646673275 0.565558296875 0.644058621875 0.5610409046875 0.6400598796875 0.55599279375 0.6392839234375
1 0.6121316218749999 0.6252829796875 0.6102400484375 0.6256506640625 0.5814914546875001 0.636146621875 0.558595121875 0.64305111875 0.556433215625 0.6454298265625 0.5566173546875001 0.6463771406250001 0.55951436875 0.647780234375 0.5620331484375 0.6472906328125 0.6081874921875 0.631940546875 0.61305086875 0.63001209375 0.615211325 0.627625928125 0.6150271859374999 0.6266786140625 0.6121316218749999 0.6252829796875
1 0.5594978109375 0.6443464453125001 0.556610753125 0.6429414171875 0.5553463859375001 0.6431871859375 0.553185928125 0.6455733515625 0.55122471875 0.6523331625 0.5501993125 0.6672558796875 0.5524126859375 0.682044465625 0.5553097 0.6834475578125 0.55657406875 0.683201790625 0.55872456875 0.680817559375 0.5566787765625001 0.6635424984375 0.55736901875 0.6535927312500001 0.5597732953125 0.6457636890625 0.5594978109375 0.6443464453125001
2 0.5652057765625 0.7006597296875 0.5741226312500001 0.6959848859375 0.5874815046874999 0.6973128749999999 0.5893730781250001 0.6969451890625 0.5915349859375 0.6945664828125 0.591350846875 0.6936191671875 0.587108075 0.691989978125 0.574467753125 0.6910100015625 0.57193901875 0.6915015375 0.5630221609375 0.69617638125 0.55571624375 0.6956380328125 0.5388563093750001 0.6998983796875 0.5102686984375 0.704472140625 0.5081067906250001 0.7068508484375 0.5082909296875 0.7077981624999999 0.5111879453125 0.7092012578125 0.5296705703125 0.70659170625 0.555998328125 0.7004910015625 0.562677040625 0.701151265625 0.5652057765625 0.7006597296875
0 0.5891868546875 0.7009834890625 0.5934035796875 0.697322890625 0.594138528125 0.6935030531249999 0.5878826453125 0.6873109281249999 0.5778358031249999 0.684046396875 0.5754336859375 0.6841262703125001 0.5715837546875 0.6856874265624999 0.5682838171875 0.689015 0.5676548875 0.6910415390625 0.560419934375 0.6928349218750001 0.5571481281249999 0.6964666671875 0.556104065625 0.6998124625 0.5563641828125 0.7013101015625 0.560915971875 0.703784921875 0.5637119671875 0.7036052625 0.57031409375 0.7003634640625 0.571738153125 0.7017896765625 0.5735175156250001 0.7022798328125 0.5793655390625 0.7006863734375 0.5869985484375 0.7019507234375 0.5891868546875 0.7009834890625
1 0.564026021875 0.647390940625 0.5611304578125 0.64599530625 0.559866090625 0.646241075 0.5577141390625 0.648617846875 0.564186840625 0.6684694125 0.574208825 0.693026546875 0.575202859375 0.6947918015625001 0.578099875 0.6961948953125 0.5793542875 0.6959510625 0.5815147421875 0.6935648953125 0.5811479140625 0.691677725 0.5704987234375001 0.66724250625 0.5652056453125 0.6501109703125 0.564026021875 0.647390940625
1 0.5865622578125 0.6925837578125 0.5844117578125 0.694967990625 0.584595896875 0.6959153046875 0.5874815046874999 0.6973128749999999 0.617172503125 0.69841554375 0.63261704375 0.7003212296875 0.63450861875 0.69995354375 0.636669075 0.6975673765625 0.634945084375 0.6954485874999999 0.630876496875 0.69476865 0.6056058078125 0.692806759375 0.5865622578125 0.6925837578125
2 0.5903403843749999 0.7389688828125001 0.579057225 0.738220525 0.5423575015625001 0.744858803125 0.5222337234375 0.7458288859375 0.5200718156249999 0.7482075921875 0.5202559546875001 0.749154909375 0.5231529703125 0.7505580015625 0.5375007265625 0.7502229796875 0.5515729984375 0.748470715625 0.578712103125 0.7431954078125 0.58936805625 0.744065684375 0.59125963125 0.7436979984375001 0.5934215375 0.7413192921875 0.5932373984375 0.7403719765625 0.5903403843749999 0.7389688828125001
0 0.5965074015625 0.7406110859374999 0.5941951453125001 0.737166815625 0.59215596875 0.736456228125 0.5898795046875 0.736651015625 0.5856790484375 0.7325287375 0.583109903125 0.73206824375 0.5805543015625 0.733006240625 0.5747798562499999 0.7372637859375 0.571041175 0.738493678125 0.5685764421874999 0.7409622140625001 0.5678764671875001 0.742623253125 0.5685197484375 0.7461984140625 0.569795921875 0.7476611140625 0.5761195171875 0.7485142625 0.5783189625 0.7502619578124999 0.58050215625 0.75065039375 0.5873008890625 0.74826059375 0.595250203125 0.74286038125 0.5965074015625 0.7406110859374999
1 0.6021063265625 0.7489513140625 0.591697546875 0.7392005015625001 0.588357465625 0.7388666390624999 0.586195559375 0.741245346875 0.5863796984375 0.7421926609375 0.5950758921875 0.7498302078125 0.606221228125 0.7633702796875 0.6115673859374999 0.7706758984375 0.6162100984375 0.7810598375 0.6191071140625 0.78246293125 0.6203615265625 0.7822190984375 0.62252198125 0.7798329328125 0.6176951296875 0.768501678125 0.6021063265625 0.7489513140625
1 0.5863730984375 0.7387569375 0.58321715625 0.739370390625 0.523904634375 0.7577735921875 0.5214672453125 0.75873505625 0.5193067874999999 0.7611212218750001 0.5194909265625001 0.7620685375 0.5223864921875 0.763464171875 0.5249152265625 0.7629726359375 0.5476288703125001 0.7551282828125 0.5872923453125 0.743486053125 0.58944429375 0.74110928125 0.5892601546875 0.740161965625 0.5863730984375 0.7387569375
1 0.5532192265625 0.32555359375 0.5351166328125 0.3369217640625 0.5076489640624999 0.3506057453125 0.504315484375 0.353707609375 0.504499625 0.3546549234375 0.5073951875 0.3560505578125 0.5092867609375 0.3556828734375 0.5414450734375 0.3391286484375 0.556564459375 0.32931572343750004 0.557369203125 0.3267053953125 0.5544835953125 0.3253078265625 0.5532192265625 0.32555359375
1 0.503671721875 0.350395734375 0.501511265625 0.352781903125 0.5061008984375001 0.3729917546875 0.5141981953125 0.39104899843749996 0.5170852546875 0.392454028125 0.518349621875 0.392208259375 0.5205100781249999 0.3898220921875 0.5201432484375 0.387934921875 0.51241278125 0.37176485000000004 0.5078331031250001 0.3515530609375 0.504936090625 0.3501499671875 0.503671721875 0.350395734375
3 0.4883366609375 0.4029499859375 0.49373764062500003 0.42398523906249996 0.49506488125 0.4409122890625 0.49964455937499996 0.461124078125 0.50098690625 0.4814774578125 0.5063031421875 0.50547850625 0.5069620125000001 0.512216709375 0.5061638703125 0.5182627609375 0.5094674265625 0.531856328125 0.5093513125 0.5515100953125 0.5133682703125 0.5620234078124999 0.51304485625 0.5738603484375 0.5263753875 0.6424399859375 0.52406390625 0.650746415625 0.524430734375 0.6526335859375 0.528414578125 0.656279321875 0.5320584515625 0.6683282046875 0.536304415625 0.693520403125 0.5390389984375 0.7008382359375 0.5429929203125 0.7211794015625 0.546263365625 0.7279053906249999 0.5533253 0.7608872843750001 0.55684951875 0.7621684609375 0.5592869109375 0.761206996875 0.5609015484375 0.7594146109375 0.5537482687499999 0.7259627890625 0.5504763765625 0.719229340625 0.5466152484375 0.6993655624999999 0.5438806656249999 0.692047728125 0.5374459375 0.6589439203125 0.5357967343750001 0.65386126875 0.531812890625 0.6502155328125 0.534135778125 0.6419146265625 0.5207139015625 0.5728650609375 0.521025909375 0.5610225984375 0.5170203578125 0.550514809375 0.5171350218749999 0.5308535828125 0.5138329140625 0.5172674734375 0.5146310578125 0.511221421875 0.51387939375 0.5040058328125 0.5085631578124999 0.480004784375 0.5073121546875 0.46012133281249995 0.5027324765625 0.4399095421875 0.501406684375 0.4229899515625 0.4960042578125 0.40194724062500004 0.49651695937499996 0.3944858828125 0.49513148749999997 0.38395648437499996 0.4917531421875 0.373326778125 0.4920434421875 0.3546222609375 0.48973872343749997 0.3393637453125 0.48989970312500003 0.3334415484375 0.4904871953125 0.323016328125 0.49388035468749997 0.3135242734375 0.4839611203125 0.2894425890625 0.48179261249999994 0.288385571875 0.47917253437499996 0.28840718125000003 0.47638487031250004 0.2909152625 0.47684449375 0.293279821875 0.4861299203125 0.31404769843749997 0.48272825468749997 0.3235491453125 0.48223210937500005 0.33444429375 0.48206967812499996 0.3403590328125 0.48438435156250004 0.3556156109375 0.4840855484375 0.37432952343750003 0.4874638921875 0.38495923125 0.488849365625 0.39548862812499996 0.4883366609375 0.4029499859375
2 0.510451440625 0.3279759015625 0.5049211453125 0.31972296875 0.5024620468750001 0.31382237812499997 0.49956503124999996 0.312419284375 0.493069009375 0.3126988765625 0.4829739796875 0.31466115 0.4725935109375 0.31520811875 0.4646655375 0.3182199515625 0.46250508124999995 0.3206061171875 0.46268922031250004 0.3215534328125 0.465584784375 0.322949065625 0.4760414921875 0.319445696875 0.483256065625 0.3195141171875 0.4966097875 0.3174138421875 0.5041395578125 0.3292028078125 0.5070351234375 0.33059844374999997 0.5082895359374999 0.3303546109375 0.510451440625 0.3279759015625
0 0.50688333125 0.3140312265625 0.5069072859375 0.311975203125 0.5049345890625 0.30916161875000003 0.5033095875 0.308455675 0.499577465625 0.30833735624999997 0.49413202656250005 0.31067310937500003 0.49094683124999994 0.315441428125 0.492174590625 0.318090171875 0.49085389687500003 0.3212884734375 0.4910309875 0.3230499625 0.49427713124999995 0.324973509375 0.49709248125 0.327816821875 0.498613015625 0.3307492609375 0.5009980421875 0.3326544078125 0.5041190062500001 0.33340243125 0.510345825 0.3314721453125 0.5139053640625 0.3259188890625 0.512997128125 0.320289675 0.50970205625 0.315828846875 0.50688333125 0.3140312265625
1 0.5206296359375 0.2724916125 0.5189222015625 0.2738066125 0.512580396875 0.29172894843749997 0.49923646875000005 0.3208279578125 0.4994206078125 0.321775271875 0.502316171875 0.32317090625 0.5052894234374999 0.3216175984375 0.508596390625 0.3150838828125 0.524613478125 0.276137346875 0.5247810609375 0.2736508734375 0.521894003125 0.27224584531249996 0.5206296359375 0.2724916125