1 0.5321060671875 0.41177742500000003 0.522627940625 0.40765650000000003 0.517203340625 0.40497546562500003 0.5165288390625 0.40498723906249995 0.5121161187500001 0.4022959859375 0.5104309578125 0.40181937031250003 0.5090996171875 0.40285466718749996 0.5094543984375 0.4038530921875 0.511167009375 0.4053338453125 0.5118315890625 0.40532224531249994 0.5145504484375001 0.40703844843750003 0.5152249484375 0.407026675 0.5331705390625 0.4147801390625 0.5348512859375 0.415003815625 0.5361727078125 0.4139686921875 0.53548618125 0.4127230421875 0.5321060671875 0.41177742500000003
0 0.5255578171875 0.5419710609374999 0.521161796875 0.5408050453125 0.5171715625 0.5424225500000001 0.516246525 0.546271125 0.5160984953125001 0.5480224875 0.5175464078124999 0.5496864593749999 0.52273660625 0.550875821875 0.5248448140625 0.5522826937499999 0.5281036109375 0.5525309171874999 0.5323480578125 0.5512661734375001 0.53334455625 0.548100978125 0.5356875171875 0.54704058125 0.53656241875 0.54486724375 0.5354397609375 0.543078528125 0.5324779890625 0.5416567875 0.5255578171875 0.5419710609374999
1 0.5392761687500001 0.5144581078125 0.523037815625 0.508445946875 0.5216723734375 0.506959134375 0.5213395375000001 0.5072179593749999 0.5199916265625 0.50673545625 0.51866015625 0.5077633140625 0.5186734000000001 0.508522128125 0.5207221734374999 0.51050304375 0.5237606218749999 0.511201609375 0.5261335296875 0.5124252640625 0.5396618546874999 0.517227096875 0.547760203125 0.5196084437499999 0.5494507390625001 0.5198245078125 0.550772290625 0.5187968234375 0.5497440984375 0.5173041234375 0.5392761687500001 0.5144581078125
1 0.524341515625 0.48650020937500005 0.5229748546875 0.4855120046875 0.5223102734375 0.48552360468750005 0.5209789328125 0.486558903125 0.5201177328125001 0.4946331984375 0.5178450234375 0.49971828125 0.516585021875 0.5042722140625 0.5166642328125 0.5088102140624999 0.5180208453125 0.5097911515625 0.5186953453125 0.509779378125 0.5200268171875 0.5087515203125 0.5199520203125 0.5044664562500001 0.523470396875 0.49457467812499994 0.524341515625 0.48650020937500005
0 0.5124753671875 0.5058694781249999 0.5119891296875 0.5081402140625 0.5130796937500001 0.5097955421875 0.5135091828125 0.5116633312500001 0.5155819484374999 0.5138819578125 0.5205585203124999 0.514769940625 0.5281382015625 0.5113112390625 0.5298288796875 0.5069879187499999 0.5282664546875 0.5044478359375 0.52617258125 0.5032937265624999 0.5219674703125 0.5039698968749999 0.5195441390625 0.5032680375 0.5153548421874999 0.503713240625 0.5133859515625 0.50460339375 0.5124753671875 0.5058694781249999
2 0.5253930625 0.5086578515625 0.526724403125 0.507622553125 0.526715703125 0.5071241171875001 0.5253490421875 0.5061359140625 0.5243472109375 0.5061534015625 0.5173166578124999 0.5075337515625 0.510268578125 0.5079097906250001 0.470636171875 0.5088545921875001 0.4676152546875 0.5091603375 0.466293703125 0.510188021875 0.4663025328125 0.5106938984375 0.46765927500000004 0.511682275 0.47537744374999996 0.5110415234375 0.49855293125 0.510890009375 0.5173606796875 0.5100556875 0.5253930625 0.5086578515625
1 0.5056290999999999 0.47346914531250006 0.50496451875 0.47348074687499997 0.5036331781250001 0.47451604375 0.5038969125 0.48962535 0.5020681125 0.5002466812499999 0.5020856421875 0.50125099375 0.5034422546874999 0.50223193125 0.5041167546875001 0.5022201578125001 0.5054482265625 0.5011923 0.5057580265625 0.5001822734375 0.5072639109375 0.48981959374999995 0.5069957609375 0.47445735000000006 0.5056290999999999 0.47346914531250006
1 0.47308988750000003 0.47605379531249997 0.4744465 0.477034734375 0.4949438234375 0.476929965625 0.499978325 0.476589075 0.5012998765625001 0.4755613890625 0.5012910453125 0.4750555140625 0.49993443437499996 0.4740745765625 0.47440260937499995 0.4745202359375 0.47308105781250004 0.47554792187499995 0.47308988750000003 0.47605379531249997
0 0.510824425 0.46983625625 0.5054109718750001 0.469499134375 0.5034739640625 0.46994223437500005 0.49982507500000006 0.46951477812500003 0.49673449375 0.4709454234375 0.4955294546875 0.47239524531250005 0.49527948750000006 0.47569624218750006 0.49665864375 0.4785371875 0.500203984375 0.48099056874999996 0.50764938125 0.481775928125 0.510866703125 0.48021656406249996 0.5121289703125 0.47806622968749996 0.51423010625 0.47679424687500005 0.5150902562499999 0.4732072609375 0.510824425 0.46983625625
2 0.4976274921875 0.476630109375 0.5016503718750001 0.476314315625 0.5221344515624999 0.475450734375 0.5234558734375 0.4744156109375 0.523447171875 0.47391717499999997 0.5220904296875 0.4729287984375 0.517378846875 0.473011040625 0.49724635156249997 0.47412149687499994 0.4898785484375 0.4755077359375 0.47342604843749997 0.4765539578125 0.47141688125 0.47684204374999994 0.4700953296875 0.47786972812500006 0.47010415937500005 0.47837560312500005 0.471460771875 0.4793565421875 0.47314702343750004 0.4793271078125 0.47951190468749993 0.4784644046875 0.49025981874999996 0.47802378437500004 0.4976274921875 0.476630109375
1 0.5388708984374999 0.4338279 0.5375142875 0.43284696250000004 0.5365025375 0.432864621875 0.5288206484375 0.4350153859375 0.5063757078125 0.43893448749999997 0.505368371875 0.43920508593749996 0.5040468203125 0.44023277031249997 0.50405565 0.44073864687500003 0.5054122624999999 0.44171958437500003 0.5064240125 0.44170192343750003 0.531871253125 0.43697881406250005 0.5368882234375 0.4356336109375 0.538879728125 0.434333775 0.5388708984374999 0.4338279
1 0.47675644687499996 0.455324446875 0.47842836406249994 0.45504224843749996 0.4804155859375 0.453496915625 0.4874164515625 0.44984739218750003 0.48808103125 0.44983579218749997 0.4884094515625 0.44932402812500005 0.49440739687499996 0.446198040625 0.5057495125 0.44171369687500006 0.5067525625 0.4411976 0.5073950703125 0.43992131093750003 0.5060384578125 0.4389403734375 0.50536395625 0.438952146875 0.4923586234375 0.4442171265625 0.492030203125 0.4447288875 0.48603225781250003 0.447854875 0.4853577578125 0.4478666484375 0.48036727968750004 0.4507294796875 0.47869977812500003 0.45126461406249996 0.4780383921875 0.45202776250000004 0.4757052203125 0.453080546875 0.47604675625 0.45332015937500003 0.475399834375 0.454343509375 0.47675644687499996 0.455324446875
0 0.505016409375 0.43438906718750003 0.500656 0.4363999953125 0.4999560578125 0.437796353125 0.5002926375000001 0.4394573984375 0.49935874062499996 0.44166153281250004 0.5003749640625 0.444173940625 0.5018954765625 0.4454496828125 0.504492159375 0.44585085312499995 0.5095556875 0.44489924218750004 0.5116559656249999 0.44300962187500004 0.516349109375 0.44187099375 0.5178488671875 0.4402523109375 0.517947090625 0.437921371875 0.51703636875 0.4363373234375 0.514006771875 0.434440503125 0.505016409375 0.43438906718750003
2 0.5057671734375 0.44272544687500004 0.5070885953125 0.4416903234375 0.5083937046875 0.439152278125 0.508380459375 0.43839346562500003 0.507013928125 0.4374127 0.47544135625 0.4379638015625 0.46539980625000005 0.43964972500000005 0.464068334375 0.4406775828125 0.464077165625 0.4411834578125 0.4654438265625 0.4421716625 0.4667829078125 0.4421482890625 0.4758224984375 0.4404724125 0.5040424046875 0.43997983281249997 0.5043840703125 0.440226884375 0.5037359312499999 0.44174884375 0.5050926734375001 0.44273722031249996 0.5057671734375 0.44272544687500004
1 0.509410378125 0.40133115625000004 0.5096860765625 0.39779902031250003 0.51126138125 0.39198195 0.5124168984375 0.3808737828125 0.513992075 0.3750492734375 0.5139788296875001 0.3742904609375 0.5126222171875 0.3733095234375 0.5119477171875 0.37332129687500004 0.5106261671875 0.3743489828125 0.5096759671875 0.377892890625 0.5087961484375 0.3854689234375 0.5081579265625 0.386990709375 0.507904303125 0.391787534375 0.5060226531249999 0.399381053125 0.5057425390625 0.40266025 0.5070991499999999 0.40364118906249996 0.5077736515625 0.40362941562500004 0.509095203125 0.40260172968749997 0.509410378125 0.40133115625000004
0 0.516180275 0.3986605140625 0.5129358125000001 0.3986650546875 0.5112906374999999 0.3976370640625 0.5079133796875 0.3968551109375 0.50372715 0.3980444234375 0.5022310796875 0.3993058453125 0.50188298125 0.40096395781250005 0.5030086265625 0.4029237796875 0.50323145 0.40545747812500005 0.5051267109375 0.4077387375 0.5092257265625 0.40837414218749996 0.515664246875 0.40718272187500004 0.51754126875 0.4061453421875 0.5198831828125 0.402182734375 0.519417265625 0.400501621875 0.5179569171875 0.3992620390625 0.516180275 0.3986605140625
2 0.49837915156249996 0.40429942656250006 0.5074364015625 0.403635303125 0.51383205625 0.404535725 0.515163396875 0.403500428125 0.515154696875 0.403001990625 0.5137880359375 0.40201378749999994 0.507392509375 0.4011208046875 0.505041678125 0.4011618390625 0.4956514625 0.40207734687499996 0.4876092890625 0.4034827984375 0.4765383296875 0.4041746296875 0.46951219218749995 0.4058079171875 0.4681808515625 0.40684321562500003 0.46818968125 0.407349090625 0.4695562125 0.40832985624999996 0.47055804375 0.40831236875 0.4769196 0.4066906796875 0.49067409843750004 0.40569154999999996 0.49837915156249996 0.40429942656250006
1 0.5074557859375 0.36609204375000004 0.5067812859374999 0.3661038171875 0.5057782359375 0.3666199140625 0.5031573375 0.3699474109375 0.50083728125 0.37175156875000004 0.5008503953125001 0.37250294375 0.5022071375 0.3734913203125 0.5038790546875 0.373209121875 0.5042030609375 0.372444421875 0.506194696875 0.3711520265625 0.5088212296875 0.36757885625000003 0.5088123984374999 0.36707297968749997 0.5074557859375 0.36609204375000004
1 0.5110841484375 0.36250138593750003 0.51405663125 0.3594207671875 0.5190295796875 0.355553625 0.5233104984375 0.3506939484375 0.52431341875 0.3501704125 0.5246287234375 0.3489072765625 0.52326219375 0.3479265125 0.5225876921875 0.3479382859375 0.5219318109375 0.34844832187499997 0.521590146875 0.34820127031250003 0.5173093578125 0.35306838906250004 0.5110093531250001 0.358216325 0.5100338828125001 0.359744 0.5083697078125 0.361038121875 0.5047677046875 0.3661389640625 0.5047764046875 0.3666374 0.506133146875 0.3676257765625 0.5078105671875 0.3670904671875 0.5110841484375 0.36250138593750003
0 0.4980675828125 0.3620067546875 0.49686293125000003 0.363478896875 0.49693260468749995 0.3651966921875 0.502774415625 0.371315909375 0.5075712265625001 0.37270561875 0.5107515499999999 0.3718687375 0.51307071875 0.3683083734375 0.5119407 0.362687359375 0.51090206875 0.361165075 0.5089033125 0.36034417812499997 0.5027415078125 0.3597671046875 0.5009132234375 0.36018598125 0.4980675828125 0.3620067546875
3 0.5008357625000001 0.6990856765625 0.501256509375 0.7038632875 0.5022715859375 0.7046046125000001 0.5036250015625 0.7048340046875 0.5052836734375 0.70379299375 0.5052001765624999 0.6990094953125 0.50088643125 0.6252491421874999 0.5051572390625 0.600483334375 0.50502261875 0.5541170140625 0.495006784375 0.49986390937499997 0.49663640625000005 0.45850476406249996 0.4922574671875 0.43842187812500005 0.49222240624999997 0.43641325625 0.494247825 0.41772922812499996 0.49417302812499997 0.4134441671875 0.4848705296875 0.30399163281249997 0.48448055781250005 0.300977146875 0.48345556093750003 0.30023599375 0.482112065625 0.30000643125000004 0.48044347500000006 0.30104761406249997 0.48049178125 0.30381505 0.4901359453125 0.41351463437499997 0.4902063265625 0.41754675781249995 0.48822038437500004 0.43849234531250003 0.4926092421875 0.4585750578125 0.490974115625 0.5001873140625 0.50099986875 0.5544402453124999 0.501125659375 0.600300690625 0.4968548515625 0.6250664984375 0.5008357625000001 0.6990856765625
2 0.5037427078125 0.3653978109375 0.506501171875 0.36938301406249996 0.507521753125 0.3698712296875 0.5081863328125 0.36985962968749997 0.509517675 0.3688243328125 0.5067416812500001 0.3638348171875 0.499649578125 0.36168891875 0.4868705484375 0.3611603765625 0.4700774734375 0.3614535 0.463375340625 0.3623220875 0.45970186718750006 0.36389685625 0.4590593625 0.3651731453125 0.4604159734375 0.3661540828125 0.4610904734375 0.366142309375 0.46509127812499995 0.364561828125 0.47012136406250005 0.3639679984375 0.486914440625 0.3636748734375 0.4963266 0.3640166125 0.49901909843750003 0.3642226296875 0.5037427078125 0.3653978109375
1 0.50545595625 0.328829603125 0.5054471265625 0.328323728125 0.5100741234374999 0.3239640390625 0.51006529375 0.32345816250000003 0.5150118828125 0.3180808359375 0.518947809375 0.31221511875 0.52323314375 0.30760837812499997 0.5274919859375 0.3014840109375 0.52748315625 0.3009781359375 0.52612654375 0.2999971984375 0.52545204375 0.300008971875 0.5237976578125 0.30129548125 0.5205185703125 0.306137671875 0.5162333671875 0.31075185312500003 0.5122974390625 0.31661756875 0.50735085 0.3219948953125 0.50735968125 0.32250077187500004 0.5027326828125 0.3268604609375 0.5024274265625001 0.32813086406249997 0.5037840390625 0.3291118015625 0.505114290625 0.328582553125 0.50545595625 0.328829603125
0 0.5052873625000001 0.32258159375 0.498846425 0.3230661015625 0.4973637015625 0.323955209375 0.49654797500000003 0.325539628125 0.49860311875 0.330727765625 0.5004847453125 0.33222789218750004 0.503826090625 0.333226278125 0.5101112796875 0.33177707968750003 0.5112621296875 0.3306333078125 0.512013715625 0.32821655 0.5115767765625 0.32649028125 0.5085404765625 0.3236410515625 0.5052873625000001 0.32258159375
2 0.50475176875 0.326572203125 0.48255616718749994 0.3254489828125 0.47785450156250003 0.3255310515625 0.4563675 0.3269181671875 0.45504595 0.3279458515625 0.45505478125 0.328451728125 0.45641139218750004 0.329432665625 0.4822629375 0.3279768078125 0.5051275359375 0.329341365625 0.5068137875 0.32931193125 0.508135209375 0.3282768078125 0.508126509375 0.3277783703125 0.5067697671875 0.32678999375 0.50475176875 0.326572203125
1 0.5768638984375001 0.56974803125 0.5781853203125 0.5687129078125001 0.5774987921875 0.5674672593750001 0.5764782125 0.56697904375 0.5616019765625 0.5616947109375 0.5385824125 0.5520205796875 0.5375673359375 0.5512792531249999 0.536892834375 0.5512910265625 0.5297700859375001 0.54738944375 0.5280893390625 0.547165765625 0.5267578687500001 0.548193625 0.5274500296875 0.5491936015625 0.5271170640625 0.5494449875 0.52982280625 0.5504098171875 0.53491444375 0.5533422359375 0.53558894375 0.5533304625000001 0.5609714968749999 0.5642284203125 0.5697629656250001 0.567096259375 0.5734836546875 0.568794975 0.5761893984374999 0.5697598046875 0.5768638984375001 0.56974803125
2 0.5253027890624999 0.5802253859375 0.49271846718749995 0.5807941484375 0.482991003125 0.58171554375 0.48166958125 0.5827506671875 0.48167828124999995 0.5832491046875 0.48303502343750004 0.58423748125 0.485058525 0.5842021609375 0.4927623578125 0.5833086453125 0.5266901765625 0.582969446875 0.528021646875 0.5819415890624999 0.5280128171875 0.581435715625 0.5266462859375001 0.58045495 0.5253027890624999 0.5802253859375
0 0.5155180171875 0.5812742890625 0.516591109375 0.5842024375 0.5203293296875 0.5869054640625 0.522413203125 0.58748674375 0.5250203765625 0.5873519359375 0.52814565 0.5862034671874999 0.53032701875 0.583843609375 0.5309222359375 0.581563528125 0.5305296484375 0.580104384375 0.5284493 0.5780198375000001 0.5228246078125001 0.5769496843749999 0.5168924328125 0.5787275937499999 0.5155180171875 0.5812742890625
1 0.5300294046875 0.5622458124999999 0.5286628734375001 0.5612650484375 0.5279982921874999 0.5612766484375 0.5266668218749999 0.5623045062500001 0.52410625625 0.5696568609375 0.52053074375 0.5762753296875001 0.5192652390625 0.581082375 0.5192828984375 0.582094125 0.5206494296875 0.5830748890625 0.5213239296875 0.583063115625 0.52264548125 0.58203543125 0.523897740625 0.5764695734374999 0.5287640296875 0.5670602953125 0.5300294046875 0.5622458124999999
1 0.5360814796875 0.5815478890625 0.5246282890625 0.580237159375 0.5233067375 0.5812648453125 0.5233155671875 0.58177071875 0.5246721796875 0.5827516562499999 0.5421837765624999 0.5849686968750001 0.5654351515625 0.5885961953125001 0.5664369828125 0.588578709375 0.5677683234375 0.587543409375 0.5677596234375 0.587044975 0.565386715625 0.5858213203125 0.558985684375 0.5851814484375 0.5360814796875 0.5815478890625
2 0.522844659375 0.61277324375 0.5228314140625 0.6120144296875 0.5207518656250001 0.6082703921875 0.519395253125 0.6072894546875001 0.518720753125 0.607301228125 0.5173892828125 0.6083290859375 0.5184406390625 0.610580425 0.518116634375 0.6113451249999999 0.48855764375 0.6118610796875 0.47780640312499995 0.6115427125 0.47647493281250003 0.612570571875 0.47648376406250004 0.613076446875 0.477850425 0.61406465 0.488264284375 0.6143814640625 0.5215231078125 0.6138009296875 0.522844659375 0.61277324375
0 0.5244218328125 0.6064947625 0.5223134453125 0.6056460125 0.5167388984375 0.6057433171875 0.514475159375 0.6067948890625 0.5119209687499999 0.6099649484375 0.5117763156249999 0.6119097328125 0.5139652546875 0.6139626171875 0.5173645062500001 0.61543625625 0.5187248359375001 0.6171984968750001 0.5228688515625 0.618138221875 0.5287044625 0.617649396875 0.53069189375 0.6166845046875 0.5327975656249999 0.6128302046874999 0.52998841875 0.609351915625 0.52645648125 0.6088033546875 0.5244218328125 0.6064947625
1 0.521465971875 0.6105276187500001 0.520773940625 0.60953508125 0.5211067765624999 0.60927625625 0.5180594984375 0.6080718140625 0.5163435609375 0.605832075 0.5110451984375 0.591056221875 0.5093029 0.587306296875 0.50793636875 0.58632553125 0.50726186875 0.5863373046875 0.5059403171875 0.587364990625 0.5059535625 0.588123803125 0.5097885234375 0.596369140625 0.5112079046875 0.60037771875 0.5115934609375 0.6031392671875 0.513335759375 0.6068891937500001 0.515060525 0.6096348093749999 0.5157350265625 0.6096230359375 0.5184538843750001 0.6113392375 0.52013463125 0.611562915625 0.521465971875 0.6105276187500001
1 0.55703051875 0.607890159375 0.5583619890625 0.6068623015625 0.5583531578125001 0.6063564265625 0.5569866265625001 0.6053756625 0.5549730453125 0.605410809375 0.5428991625 0.6066261765625 0.528829359375 0.6088884421875 0.5217856921874999 0.6095174203125 0.52010385625 0.609799790625 0.5187823046875 0.610827475 0.518791134375 0.6113333515625 0.520147746875 0.6123142890625 0.521496746875 0.6122907421875 0.531219796875 0.6111164078125 0.5405967671874999 0.6094420859375 0.55703051875 0.607890159375
2 0.5264108359375 0.6437052999999999 0.5250542234375 0.6427243625 0.5189903124999999 0.6420711640625 0.4971583203125 0.64245224375 0.48908524218749994 0.6420871296875 0.47733108125 0.6422922984375 0.47227905000000003 0.6416288812500001 0.4709574984375 0.6426565656250001 0.4709663296875 0.643162440625 0.47232294062499997 0.6441433765625 0.47703785156249995 0.6448201234375001 0.4887920125 0.644614953125 0.49686509062499995 0.644980065625 0.5190343328125 0.6445931 0.5237491125 0.6452624078125 0.5250981140625 0.6452388609375 0.526419665625 0.6442111734375 0.5264108359375 0.6437052999999999
0 0.5264445703125 0.6371114437500001 0.5243128968749999 0.6383393109375 0.5215949281250001 0.6383793109375 0.5187591265625 0.639626909375 0.5144598109375 0.64002194375 0.511936128125 0.6420975546875 0.5127761750000001 0.6458855531250001 0.5133981515625 0.647980671875 0.515017725 0.64924724375 0.5229387203125 0.6499945328125001 0.5265348375000001 0.6479671765624999 0.5294140296875 0.647500190625 0.531198975 0.6457351390625 0.5351577640625 0.6440214421875 0.5361713546875 0.642403803125 0.5358036390625001 0.6400958828125 0.534082765625 0.6375734484375 0.5307711765625001 0.63657454375 0.5264445703125 0.6371114437500001
1 0.5184243890625 0.6289763671874999 0.5171029671875 0.6300114921875 0.51622301875 0.6375800859375 0.514634728125 0.6426532203125 0.514652259375 0.6436575312499999 0.516009 0.6446459078125 0.5166835 0.6446341343750001 0.518004921875 0.6435990109375 0.519590015625 0.637774328125 0.52045563125 0.6299529703125 0.5190988890625 0.6289645937499999 0.5184243890625 0.6289763671874999
1 0.5680920125 0.6447414124999999 0.544211246875 0.6431415765625 0.5280783375 0.6431701624999999 0.524379721875 0.6427361359375 0.5230482515625 0.64376399375 0.5230570828125 0.64426986875 0.5244236124999999 0.645250634375 0.5277851078125 0.6456979875 0.5442552671875001 0.645663515625 0.5684776984375 0.6475104015625 0.5701540296875 0.647481140625 0.5714853718749999 0.64644584375 0.5714765421875 0.6459399671875 0.570110009375 0.644959203125 0.5680920125 0.6447414124999999
2 0.536548490625 0.6856106484375 0.535191878125 0.6846297109374999 0.5241242421875 0.6860805296875 0.522425965625 0.684852540625 0.5173738046875 0.6841816828125 0.491164153125 0.6838801296875 0.480398709375 0.6833164375 0.47366580156250004 0.6824219015625 0.47233446093750003 0.6834572 0.472343290625 0.6839630765625 0.473709821875 0.684943840625 0.47808748124999995 0.685626471875 0.49120817343749995 0.6864020656250001 0.517080575 0.6867095062499999 0.520789109375 0.6871433609375 0.52282918125 0.688625840625 0.53523576875 0.687144209375 0.5365573203125 0.6861165234375 0.536548490625 0.6856106484375
0 0.5211252328125 0.6836622625000001 0.5183674359375 0.6853996453125 0.5178102046874999 0.687582321875 0.5195668078125 0.690446446875 0.5224894734375 0.6913330734375001 0.52807775625 0.690885775 0.532781528125 0.692061303125 0.5355406015625 0.6921024421874999 0.538546846875 0.6909560515625001 0.5401392515625 0.68952923125 0.5406012359375 0.6870059046875 0.537684296875 0.681899784375 0.53638603125 0.680850853125 0.53419499375 0.6803830703125 0.53026593125 0.6809576796875 0.5269927296875 0.682726384375 0.524737971875 0.68258714375 0.5211252328125 0.6836622625000001
1 0.5365133 0.6835945859375 0.538500521875 0.682049253125 0.541827915625 0.6799744953125 0.5494933609375 0.676313371875 0.5685141687499999 0.6689267171875 0.5748613890625001 0.6670522640625001 0.5758467796875 0.66552441875 0.57448011875 0.664536215625 0.5734782859374999 0.6645537015625 0.5677956484375 0.666416553125 0.5464416671875 0.6748559937499999 0.5401119765625 0.67773475625 0.539450721875 0.67850534375 0.5351259125000001 0.680850525 0.5348017781250001 0.6816077843749999 0.533466021875 0.68239014375 0.53151840625 0.686204478125 0.5328849375 0.6871852421875 0.5345524390625 0.6866501078125 0.5365133 0.6835945859375
1 0.552081696875 0.689878896875 0.5456717046875 0.688725709375 0.539600184375 0.687068028125 0.5358915203125 0.686626734375 0.5345260781250001 0.6851399203125 0.53419324375 0.6853987453125 0.53284533125 0.6849162421874999 0.5315139906249999 0.685951540625 0.53152710625 0.686702915625 0.533575878125 0.6886838296875 0.53390884375 0.68843244375 0.5356082093750001 0.689154384375 0.5487498890625 0.691700715625 0.5548357453125 0.6936111625 0.5555003265625 0.6935995625 0.5568316671875 0.692564265625 0.556135221875 0.6913187890625 0.552081696875 0.689878896875
1 0.5299402140625 0.537809121875 0.53020266875 0.5335181734375001 0.53177784375 0.527693665625 0.5345129531249999 0.5110139265625 0.5360750125 0.50443804375 0.5360574828125 0.5034337328125 0.5347007406250001 0.50244535625 0.534026240625 0.5024571296875 0.5326949 0.5034924265625 0.5323850984375 0.5045024515625001 0.5302673546875 0.51789710625 0.5268356703125 0.53332393125 0.525366065625 0.545196625 0.5254187859375 0.5482169984375 0.5267755281250001 0.549205375 0.5274500296875 0.5491936015625 0.5287714515624999 0.5481584765624999 0.52899884375 0.54185890625 0.5299402140625 0.537809121875
2 0.5288022265625 0.5499216015624999 0.530133696875 0.54889374375 0.5294415359375 0.547893765625 0.529774371875 0.5476349421875 0.5290998703125 0.547646715625 0.5226559078124999 0.5439788578125 0.5152442140625 0.5428505968749999 0.469531459375 0.541631840625 0.4641641234375 0.5422315578125 0.462832653125 0.543259415625 0.4628414828125 0.543765290625 0.46420814374999997 0.54475349375 0.47494172656250006 0.5440601093749999 0.48772516718750003 0.544841590625 0.5035208296875 0.5448188921875 0.514950984375 0.545378421875 0.52101918125 0.5462771171874999 0.5271214796875 0.549697925 0.5288022265625 0.5499216015624999