1 0.3985081234375 0.693728753125 0.3977972109375 0.6935646265625001 0.396141325 0.6942978828124999 0.3912823359375 0.716966190625 0.38411944375 0.731822615625 0.38387493125 0.7328817140624999 0.38504179375 0.7342666515625 0.3857527078125 0.7344307796875 0.387419046875 0.7336999359374999 0.39079376093749996 0.7255216140625 0.394754415625 0.7180487359375001 0.399674984375 0.6951136921875001 0.3985081234375 0.693728753125
1 0.367941125 0.6872337109375 0.3917242265625 0.6924435203125 0.39566270625 0.6947492921875 0.3967290765625 0.6949954828125 0.3983849609375 0.694262225 0.3985081234375 0.693728753125 0.39734307343749997 0.6923359703124999 0.3930386828125 0.689945721875 0.3756944765625 0.6859414953125 0.3681996640625 0.6844921359375 0.3569162265625 0.68328365 0.34051523125 0.6800590875 0.3383209078125 0.6798334406250001 0.33666502343750004 0.6805666968749999 0.3365418625 0.68110016875 0.3377069109375 0.6824929531249999 0.339839653125 0.6829853359375 0.3452633046875 0.683675578125 0.3566576859375 0.6860252250000001 0.367941125 0.6872337109375
1 0.3755341375 0.6559664765625 0.376234596875 0.6561281906249999 0.3998831859375 0.6489946015625 0.4005941 0.6491587296875 0.4010727171875 0.6487073203125 0.406519040625 0.64772534375 0.40622335156249995 0.647384390625 0.4071805890625 0.6464815749999999 0.4060032734375 0.6450942203125 0.405302815625 0.6449325078125 0.398962646875 0.6465427203125 0.39825173281250004 0.6463785921875 0.3746031453125 0.6535121828125 0.37389223125000004 0.6533480546875 0.3640043765625 0.655824934375 0.3489060671875 0.6582144343749999 0.34789951406249997 0.659378553125 0.3490663765625 0.6607634921875001 0.34977729062499996 0.6609276203125 0.36410310468749996 0.6586407296875 0.3755341375 0.6559664765625
1 0.401956078125 0.6206507125 0.399343821875 0.60773528125 0.3980075609375 0.597353796875 0.39684069843750003 0.595968859375 0.396129784375 0.59580473125 0.39447390000000004 0.5965379875 0.39428915781249996 0.5973381953125 0.39738048125000003 0.616239446875 0.40064207031250004 0.629585740625 0.40449498437500003 0.6419447421875 0.4054259765625 0.6443990375 0.40706964531249995 0.6453404125 0.40872734062499994 0.6445993109375 0.40868843125 0.643193828125 0.4040665953125 0.6292525421875 0.401956078125 0.6206507125
1 0.4191155109375 0.5980291859375 0.4192368609375 0.597503559375 0.41806135624999996 0.5961083625 0.4173504421875 0.595944234375 0.40870324687500004 0.597864684375 0.386391784375 0.60082825625 0.36682525 0.6016325421875 0.3652820734375 0.6018299140625001 0.3642632546875 0.6029994656250001 0.3654405703125 0.60438681875 0.3664964859375 0.6046305953125 0.38536075 0.603672440625 0.41075173437499995 0.600296021875 0.41585305625 0.5992343953125 0.4191155109375 0.5980291859375
1 0.41953386249999997 0.5897302390625 0.41786526406249996 0.5840316984375 0.414981803125 0.5690952484375 0.41369490625000005 0.5601216609375 0.41202717343749995 0.53987161875 0.4116839328125 0.538114921875 0.4105188828125 0.5367221375 0.40980796875000003 0.5365580109375 0.40815027343750004 0.5372991125000001 0.4079673421875 0.538091475 0.40931581875 0.5467983249999999 0.410923734375 0.5656380578125 0.414037728125 0.582867090625 0.41603730156249996 0.5903277578125 0.41630674375 0.5940258234375 0.41747360312500004 0.5954107625 0.41818451718749994 0.595574890625 0.4198508578125 0.594844046875 0.41953386249999997 0.5897302390625
1 0.3862309984375 0.564416009375 0.38805940781250003 0.5645571781250001 0.38853802656249997 0.56410576875 0.3980070328125 0.5618214078125 0.398717946875 0.5619855359375 0.41311936875 0.5577494296875 0.4138302828125 0.55791355625 0.4143070921875 0.5574699937500001 0.42804515312499997 0.5544855046875 0.43296530312500003 0.5525391921875 0.435687559375 0.5520521265625 0.435393684375 0.5517033265625 0.436350921875 0.5508005109375 0.43518405937500004 0.549415571875 0.43411768906250003 0.54916938125 0.4252241703125 0.552156775 0.41219702187499996 0.55530539375 0.4114861078125 0.555141265625 0.3970864953125 0.5593695249999999 0.3963755828125 0.559205396875 0.3958969625 0.55965680625 0.3864279578125 0.56194116875 0.38571704375000004 0.5617770421875 0.38601091875 0.562125840625 0.38505368125 0.56302865625 0.3862309984375 0.564416009375
1 0.42954295781249996 0.5302066109375 0.4286957703125 0.51937613125 0.4275184546875 0.5179887796875 0.42681799531250003 0.5178270656249999 0.42515165625 0.518557909375 0.4249669140625 0.519358115625 0.425714975 0.5226047734375 0.42605866406250004 0.5307987 0.42741935781249996 0.53783091875 0.43084256875 0.5456119953125 0.43248623750000004 0.546553371875 0.43414212343749997 0.5458201140625001 0.434265284375 0.54528664375 0.4310761796875 0.5381132562500001 0.42954295781249996 0.5302066109375
1 0.45311643437500004 0.5331286656249999 0.4520387140625 0.520005603125 0.4503329671875 0.5112245343749999 0.4503465484375 0.5031048265625 0.4491796859375 0.5017198875 0.448468771875 0.5015557609375 0.446802434375 0.5022866031250001 0.4465561109375 0.503353546875 0.44673953906249997 0.510667615625 0.44843301875 0.5194541171875 0.4496216859375 0.5337183390625 0.45167062187499996 0.5425869046875 0.4530802328125 0.5445897937499999 0.4537806921875 0.5447515078125 0.45544703125 0.5440206625 0.4556317734375 0.54322045625 0.45311643437500004 0.5331286656249999
1 0.41520221875 0.5213015234375 0.42045470937499996 0.5146722671874999 0.427482671875 0.508461175 0.4317621328125 0.5060942609375 0.43982157656250004 0.5034762109375001 0.44591723125 0.5029250968750001 0.446923784375 0.5017609765625 0.445758734375 0.5003681921875 0.4450478203125 0.500204065625 0.43860716406250005 0.500675528125 0.43771150625 0.501311609375 0.4285241109375 0.5039502031249999 0.4284027609375 0.5044758296875 0.42501714375 0.506214509375 0.4145297671875 0.5161056515625 0.41184284687500006 0.51968309375 0.41165810468749997 0.5204833 0.41282496562500004 0.521868240625 0.4135358796875 0.5220323687499999 0.41520221875 0.5213015234375
1 0.4163092328125 0.49385019375 0.43522327812499995 0.4733112046875 0.437624965625 0.469395221875 0.4463966375 0.458827025 0.4519040921875 0.451141084375 0.45208702343749996 0.4503487234375 0.45091151875 0.448953525 0.45021105937500006 0.44879181093750004 0.44854290937499997 0.4495305 0.4419075515625 0.4589061859375 0.43582279843749994 0.4658969421875 0.42977695625 0.4742931796875 0.411403109375 0.49411402656250003 0.40586896093749997 0.49871984999999996 0.4057476109375 0.4992454765625 0.406912659375 0.500638259375 0.40881310624999995 0.5005151062500001 0.40969830781249994 0.49987661250000004 0.4163092328125 0.49385019375
1 0.463421975 0.40287336875 0.46271106093750003 0.402709240625 0.46105336562500004 0.4034503421875 0.4555717375 0.42876790312499996 0.45092328750000005 0.4408416625 0.449756875 0.445893953125 0.45093419062500006 0.44728130468750005 0.4516346484375 0.44744301875000003 0.45330098906250005 0.44671217656250006 0.4544674015625 0.4416598859375 0.45911585156249995 0.429586125 0.46458702656249995 0.404266153125 0.463421975 0.40287336875
1 0.44746387343749994 0.4445217125 0.44788091249999995 0.4443370421875 0.4425944015625 0.43976164687499997 0.43998083125000004 0.434960490625 0.43807993593749994 0.428646415625 0.4389646890625 0.42157069375 0.4420419546875 0.4147284640625 0.44790662968749995 0.4054475390625 0.44808956093749996 0.40465517812499996 0.44692450937499995 0.40326239375000006 0.446213596875 0.403098265625 0.44401751093749997 0.404549665625 0.43783628906249994 0.41515401093750004 0.4354310296875 0.42075488437499997 0.434474240625 0.428094928125 0.4359105453125 0.4331779328125 0.439331946875 0.44096685625000004 0.44403070468749994 0.4448446515625 0.44455687499999996 0.44580898593749996 0.44626212499999995 0.4464836265625 0.44793027500000004 0.44574493750000005 0.44746387343749994 0.4445217125
1 0.44319520625 0.3968071484375 0.426784621875 0.3790286703125 0.4245038359375 0.375981796875 0.41741339687499995 0.36958516874999997 0.409967453125 0.361437275 0.401332025 0.35524586406249997 0.3980342328125 0.3533606984375 0.3963765375 0.3541018 0.3967709046875 0.355589346875 0.4076500171875 0.363414303125 0.413267503125 0.369751825 0.41427229218750006 0.37026475312499996 0.4224784671875 0.37831546875 0.44497293750000005 0.4036546953125 0.44661660625 0.404596071875 0.448274303125 0.40385497031249995 0.4481633578125 0.40271380937499995 0.44319520625 0.3968071484375
0 0.36777828125 0.8202520640625 0.367783721875 0.8239966031250001 0.3702566125 0.8285008546875 0.37568567656249996 0.8302169984375001 0.378159909375 0.8293256124999999 0.38226143281249997 0.8250583703125001 0.38286955625 0.8197532390625 0.3805951890625 0.8167739562499999 0.376950334375 0.8150565625 0.374578121875 0.8145997921875001 0.37184697187500004 0.8153161750000001 0.36777828125 0.8202520640625
0 0.3812885265625 0.7736094484375 0.379084575 0.77328241875 0.37677630781250004 0.7737411109375001 0.37551341250000003 0.774870840625 0.3737657578125 0.7788634484375 0.37325529999999996 0.782505409375 0.374652553125 0.7849434 0.37924490624999996 0.7871357031249999 0.3836935703125 0.7870885265625 0.38636932968750004 0.78589660625 0.3874959953125 0.7843553156249999 0.387566925 0.781710903125 0.383275546875 0.7748284125 0.3812885265625 0.7736094484375
0 0.3875940484375 0.7342774546874999 0.3857525953125 0.7359098890625 0.38456900781250003 0.7394625515625 0.38765832968749997 0.7431092546875 0.3929738125 0.743791053125 0.39629705 0.7451367140625 0.39943123125 0.7448686999999999 0.401121528125 0.7439863843750001 0.40430885781250003 0.7453006703125 0.407208178125 0.7451436984375001 0.410520703125 0.7429584499999999 0.41117988906249997 0.74053248125 0.410344134375 0.738381125 0.40555341718750004 0.7348539484375001 0.40210612343749996 0.7335209625 0.39018550625000004 0.7333552906249999 0.3875940484375 0.7342774546874999
0 0.401417128125 0.68675678125 0.3966342578125 0.6860574703125 0.3916238890625 0.687726790625 0.39043741249999997 0.691625846875 0.3914865953125 0.6951899234375001 0.3933804890625 0.6975277265625001 0.39655190937499996 0.6999125703125 0.4003452125 0.7003668937499999 0.4025105765625 0.6996686265625 0.4042157984375 0.697624628125 0.407767771875 0.6964532078125 0.40866585468750005 0.6938510171875001 0.4044091890625 0.68824909375 0.401417128125 0.68675678125
0 0.40515978593749996 0.650989553125 0.40793190937499996 0.651431228125 0.4105690609375 0.6502634484375001 0.41401988593750005 0.6520104171875001 0.4177811828125 0.6516971265625 0.41966321874999996 0.6502228 0.41993163750000007 0.6473430296875 0.414254153125 0.6404545390624999 0.41141496718750004 0.6386339343749999 0.40939903749999995 0.6381602562500001 0.4022809203125 0.6409460484375 0.40080315625 0.6427202875 0.400201334375 0.6458040406250001 0.4015950359375 0.6488774875 0.40515978593749996 0.650989553125
0 0.4307584734375 0.5933876125 0.42877163593749995 0.5913093046875 0.42399490625 0.5881985234375 0.4215213578125 0.587751409375 0.4183388484375 0.5883718531250001 0.41459325625 0.5895233640625 0.4122675 0.5918703203125 0.41191769375 0.597392090625 0.41279593124999997 0.5992640375 0.415573125 0.6014008640624999 0.41824563125 0.6022740234375 0.4206109390625 0.6020929265625 0.42251305781250004 0.6007223984375 0.4266337359375 0.6019051046875 0.42938652812500006 0.6015242484375001 0.4323955 0.5972196171874999 0.4307584734375 0.5933876125
0 0.431693784375 0.5402555640625 0.4273040703125 0.54391089375 0.4261973078125 0.546415325 0.42588803437499995 0.550426003125 0.42843188281250005 0.5550044796875 0.4351432421875 0.5570331921875 0.4377011125 0.5561611140625 0.44042721250000005 0.55270014375 0.44358209375 0.550577659375 0.44445580625 0.5481764250000001 0.4396507734375 0.54008459375 0.43649513124999995 0.5391577375 0.431693784375 0.5402555640625
2 0.463738990625 0.6550603921875 0.47562239687499996 0.6552918437499999 0.47792942656250004 0.6549816046875 0.4788250828125 0.654345525 0.4789464328125 0.6538198984375 0.477770928125 0.6524247 0.4767150125 0.6521809234375 0.47363548906249997 0.6525937703125 0.46843548906250004 0.652508803125 0.4548450234375 0.6516105578125 0.4173501046875 0.646028128125 0.40749890000000005 0.6434811078125 0.405832559375 0.6442119515625 0.40570939843750004 0.644745421875 0.4068867140625 0.646132775 0.41673610781250003 0.6486876406250001 0.45204896874999995 0.6540389921875 0.463738990625 0.6550603921875
2 0.45901613750000003 0.60444796875 0.481856028125 0.6088781171875 0.48439535312500004 0.6091834125 0.4915573796875 0.6088784890625 0.49321326406250005 0.6081452328125 0.49333642656250004 0.6076117609375 0.4921695640625 0.606226821875 0.49110319375 0.60598063125 0.4843070796875 0.60637003125 0.4785193296875 0.605587465625 0.4592746765625 0.60170639375 0.43562519218749995 0.5959655265625 0.4199740203125 0.594310575 0.41830586875 0.5950492625 0.41818451718749994 0.595574890625 0.4193600234375 0.5969700875 0.4207713953125 0.597295928125 0.43535619687500005 0.5987046890625 0.45901613750000003 0.60444796875
2 0.4551291703125 0.5534583578125 0.4679349265625 0.556133846875 0.4862961375 0.5589763671875 0.4979350328125 0.560266915625 0.5025472796875 0.5596542828125 0.5046220140625 0.5587285093750001 0.5047433640625 0.5582028828125 0.5035783140625 0.5568100984375 0.5028674015625 0.556645971875 0.49671016406249996 0.5574638203125 0.46854711250000003 0.5534821796875 0.45609681406249997 0.5508887546875 0.4427648859375 0.54724893125 0.43504999531250005 0.5435094015625 0.43399407968750003 0.543265625 0.432327740625 0.54399646875 0.432204578125 0.544529940625 0.43338008281249996 0.5459251375 0.44179543125 0.5498263796875 0.4551291703125 0.5534583578125
2 0.488885165625 0.5106056671875 0.5027572921875 0.513527346875 0.5104966156249999 0.5139176109375 0.5121525 0.513184353125 0.5122756625 0.51265088125 0.5111106125 0.511258096875 0.5100442421875 0.51101190625 0.5030140203125 0.510793615625 0.48949735 0.507954 0.47573617031250004 0.5061734812500001 0.45897971562500006 0.50286685625 0.44381937968749996 0.49908586250000003 0.4421530390625 0.49981670625 0.4420298765625 0.5003501765625 0.44320719375 0.5017375296875 0.4587229875 0.5056005859375 0.475123984375 0.5088251484375 0.488885165625 0.5106056671875
2 0.5191935156249999 0.4633211640625 0.5298276203125 0.46409878750000005 0.5314957703125 0.4633600984375 0.5316171203125 0.4628344734375 0.5304416171875 0.46143927500000004 0.5293752453125 0.4611930828125 0.5198075125 0.46066165156250005 0.4787417859375 0.45118088125 0.47330767968750004 0.4504882265625 0.44929228437499996 0.4446628828125 0.4476345890625 0.44540398437500006 0.4475132390625 0.445929609375 0.44867828750000005 0.44732239375000005 0.464904996875 0.451349578125 0.4726936828125 0.45314773906249994 0.4781277890625 0.45384039375 0.5191935156249999 0.4633211640625
3 0.42382274375 0.7633741734374999 0.4198625359375 0.77728428125 0.41869706874999996 0.7968802265625 0.4152141171875 0.816784 0.41404770468749996 0.8218362890625001 0.4081114921875 0.8394879640624999 0.40583028906249996 0.8574298234375 0.40671191718750005 0.8584762218750001 0.40806170937499997 0.8590688 0.41008531875000004 0.8584121734375 0.412417646875 0.840201165625 0.4183027328125 0.8228186390625 0.4194691453125 0.81776635 0.4229416421875 0.7978601640625 0.42410710937499996 0.7782642171874999 0.428007546875 0.7646130015625 0.43401710937500004 0.738582728125 0.4361398140625 0.7180839640625 0.4426402109375 0.6899276515625 0.4473991578125 0.6725578249999999 0.44860177187500005 0.6560444078125001 0.47236198281249997 0.54988419375 0.4819051734375 0.4972437703125 0.49647806875 0.42281731093749997 0.498330015625 0.4067347578125 0.50489199375 0.378311709375 0.504010365625 0.37726531093750004 0.5026587640625 0.3766805796875 0.5006369671875001 0.3773293578125 0.4940134078125 0.40601914375000003 0.49223349531249994 0.42183737499999996 0.4776606 0.4962638328125 0.468117409375 0.5489042562499999 0.44428516250000005 0.6553287937500001 0.4430825484375 0.671842209375 0.43839563750000005 0.6889477140625 0.43183365937499996 0.7173707625 0.42971095468750004 0.7378695265624999 0.42382274375 0.7633741734374999
2 0.45342070625 0.7514579328125001 0.4648888859375 0.7518662109375 0.4665465828125 0.751125109375 0.4666679328125 0.750599484375 0.4655028828125 0.7492066984375 0.4644365125 0.7489605078125 0.4536792453125 0.74871635625 0.43932849999999996 0.746246084375 0.42576251718749997 0.743667771875 0.3979177734375 0.736685665625 0.396251434375 0.7374165078125 0.3961282734375 0.737949978125 0.3973055875 0.7393373328124999 0.414171175 0.7437929640625 0.4251485203125 0.7463272843750001 0.4498150109375 0.7509064453125001 0.45342070625 0.7514579328125001
2 0.44622119375 0.7987642171875 0.450660965625 0.7989463609375 0.4523168484375 0.7982131046875 0.45244001093749997 0.7976796328125 0.4512749625 0.7962868484375 0.45020859062499996 0.7960406578125 0.44649018749999997 0.7960250546875 0.441818121875 0.7952273765625 0.40423493125 0.786831565625 0.394802575 0.7840920296875 0.3834697734375 0.7814756453125 0.37633041875 0.7801083484375 0.374664078125 0.780839190625 0.374540915625 0.7813726625 0.375716421875 0.7827678609375 0.44120412499999995 0.7978868890624999 0.44622119375 0.7987642171875
2 0.4415832296875 0.8382663515625 0.433194571875 0.837445225 0.42244952187499996 0.835526440625 0.40268915468750005 0.8306834468750001 0.382523965625 0.8243504937499999 0.3731038265625 0.819936321875 0.3714374875 0.820667165625 0.371314325 0.8212006374999999 0.3724898296875 0.822595834375 0.381556321875 0.8269200968750001 0.4017197 0.8332608953125 0.4293303375 0.8396353124999999 0.4394876359375 0.8408564984375 0.44097104375 0.84091801875 0.442626928125 0.8401847609375 0.442750090625 0.8396512890625001 0.4415832296875 0.8382663515625
0 0.46000401562500004 0.4082817578125 0.4639776359375 0.4070010984375 0.4654549890625 0.4052763421875 0.4648629921875 0.4027846234375 0.461303534375 0.3994094921875 0.45488068750000005 0.39837288125 0.44922886718750005 0.39657225625 0.4468059421875 0.39633514999999997 0.4436084390625 0.39749751093749996 0.4403106125 0.4014792921875 0.43971535156249997 0.4058701625 0.4423786703125 0.40931109374999997 0.444507859375 0.41043893125 0.45076469062499996 0.410239034375 0.452361559375 0.40904593437500003 0.45292005468749996 0.40738999531250003 0.45456580625000004 0.4070345125 0.45754124531249996 0.4082172453125 0.46000401562500004 0.4082817578125
0 0.45659127499999996 0.44510022656250003 0.452252534375 0.43971072656250004 0.449860490625 0.43891057968749997 0.4463467328125 0.43905790937500005 0.44445525156250004 0.439571509375 0.44311085156249996 0.44105427031250005 0.44248017031250003 0.4465525125 0.44307125156250005 0.4495728703125 0.446497503125 0.45342957500000003 0.4502343890625 0.45541611406250004 0.45303228124999995 0.4556984734375 0.45498798125000006 0.4548113234375 0.45622989687500004 0.45305700312499997 0.45580962031250005 0.45048924375 0.45716910625 0.44803489374999994 0.45659127499999996 0.44510022656250003
2 0.437586940625 0.7005114515625 0.4621669703125 0.702269384375 0.46901244843749995 0.7032878828125 0.47462948593750004 0.7031881765625 0.47705786406249995 0.7023523109375 0.47718102656249994 0.7018188390625 0.47601597656249994 0.7004260546875 0.47494960624999993 0.7001798640625 0.4689137203125 0.7004720875 0.4488966234375 0.698362825 0.43784548125 0.697769875 0.4113383125 0.6930549765625 0.39836184218750004 0.689497215625 0.3967059578125 0.6902304734375 0.39658279687500003 0.6907639453125001 0.39774784531249996 0.692156728125 0.40435926718750004 0.6942367375 0.4182209375 0.6971560046875 0.437586940625 0.7005114515625
2 0.5367948359375 0.41617696718749997 0.538450721875 0.41544371093750004 0.538573884375 0.4149102390625 0.5374088328125 0.41351745468749995 0.527202171875 0.41088837343750007 0.49661431250000004 0.4060577046875 0.468621975 0.40295833437499995 0.4491328109375 0.400136359375 0.4473044 0.3999951921875 0.445648515625 0.4007284484375 0.445525353125 0.40126191875000006 0.446692215625 0.4026468578125 0.44845904531249997 0.40305476249999994 0.4992505546875 0.40918664062500004 0.5265899875 0.41354004062499994 0.5367948359375 0.41617696718749997
0 0.451530478125 0.49888291249999994 0.4504039171875 0.49517702343750003 0.4490026078125 0.49385364374999996 0.44604404375 0.4927409140625 0.44165572031250006 0.49266980625 0.4393314734375 0.49357929375 0.438433 0.49518153125 0.43842369999999997 0.499228409375 0.439795234375 0.50349491875 0.44156062343749997 0.5059600578125 0.44325894843749997 0.507046265625 0.4481935265625 0.508185503125 0.451990796875 0.5079548875000001 0.4536694921875 0.506788940625 0.4547437453125 0.50399605 0.453883640625 0.5009962156250001 0.451530478125 0.49888291249999994
1 0.3620151984375 0.866344734375 0.3646052 0.859943653125 0.3684445046875 0.8529964015625 0.3734113125 0.8395913765625 0.37624537812500003 0.8256939687499999 0.37625759531249997 0.8240193359375001 0.37509073437499996 0.822634396875 0.3743798203125 0.8224702687500001 0.37271348125000003 0.8232011124999999 0.37238114375000003 0.8278840578125 0.36986719843750004 0.8387731531249999 0.3666631984375 0.8478337453125 0.3641261328125 0.8539578328124999 0.35811562656249996 0.865444446875 0.35787111562499996 0.8665035453125001 0.35904661875 0.86789874375 0.359747078125 0.8680604578125 0.3614152296875 0.8673217671875 0.3620151984375 0.866344734375
1 0.3745029828125 0.821936796875 0.37462614375 0.821403325 0.37280995 0.8195875234375001 0.3640902703125 0.81533506875 0.3528417203125 0.8107797296875001 0.3375704390625 0.8058575749999999 0.32553717656250003 0.8030794765625 0.3204585265625 0.8024688843750001 0.3187921890625 0.803199728125 0.31866902656249996 0.8037331984374999 0.319846340625 0.8051205515625 0.324924990625 0.8057311437499999 0.336958253125 0.8085092421875 0.349811559375 0.812600471875 0.361771025 0.8173199390624999 0.3717789171875 0.8224317078125001 0.3728348328125 0.8226754843749999 0.3745029828125 0.821936796875
1 0.35872864843749996 0.8208153171875001 0.359022525 0.8211641171874999 0.3591456859375 0.82063064375 0.3651444234375 0.817255890625 0.3731173578125 0.8101474140624999 0.37831872031249997 0.8037873078125 0.38073262343750003 0.7981966921875 0.3827964546875 0.7908312765625001 0.3832252609375 0.78253474375 0.3820583984375 0.7811498046875001 0.3813474859375 0.7809856765625 0.379681146875 0.7817165203124999 0.37920121406249996 0.7902822031250001 0.3772500890625 0.7971117343749999 0.37489595625 0.802443459375 0.3701854765625 0.808346725 0.36731557812500004 0.8110473265625 0.362678896875 0.8150092265625 0.3566801578125 0.8183839796875001 0.356018609375 0.8196277500000001 0.357183659375 0.8210205328125 0.35872864843749996 0.8208153171875001
1 0.3857274375 0.7797575078125 0.397330996875 0.777957684375 0.40568431718750003 0.7756884328125 0.4075829515625 0.7755731265625 0.4088851921875 0.7747499609374999 0.416059434375 0.7727704046875 0.42103935468750003 0.770565203125 0.42216730625 0.7705446578124999 0.42282885468750003 0.7693008890625 0.42165335156249995 0.7679056890625 0.42094243750000004 0.7677415625 0.41982494062500003 0.767764521875 0.41767998281249996 0.7689467734375001 0.40635808281249997 0.7727700296875 0.39569954531249996 0.7753416734374999 0.3887186875 0.7765312796875 0.3796666703125 0.7769617703125 0.37800033125 0.7776926125 0.37787716875 0.778226084375 0.379054484375 0.7796134375 0.3801104015625 0.779857215625 0.3857274375 0.7797575078125
1 0.354583928125 0.7289206171875 0.3351314640625 0.7227439453125 0.33346331406249996 0.7234826328125 0.33334015156249996 0.7240161046875 0.33451746718750003 0.7254034578125 0.3539717421875 0.731572284375 0.3658922953125 0.7348862671874999 0.39037585625000004 0.7402577890625001 0.39203174218750003 0.7395245328125 0.3921549046875 0.7389910609375 0.390989853125 0.7375982765625 0.3665062921875 0.7322267546875 0.354583928125 0.7289206171875
1 0.41090774375 0.7030285578125001 0.4097322390625 0.7016333578125 0.40902132656249995 0.70146923125 0.40736362968749995 0.7022103343749999 0.403906475 0.712319765625 0.39726975468750003 0.7281405265625 0.39165140468750004 0.7363545078125 0.39146666093750004 0.7371547140625 0.392633521875 0.7385396531249999 0.3933444359375 0.73870378125 0.395000321875 0.7379705249999999 0.40147541875000003 0.7277149781250001 0.41054007031250006 0.704621125 0.41090774375 0.7030285578125001