1 0.5834705484375 0.5000323578125 0.5862229250000001 0.4983148625 0.58510688125 0.4962589234375 0.5857920890625 0.495833153125 0.583894946875 0.4951814546875 0.5730031062500001 0.4854239171875 0.5646711859375 0.476383771875 0.56475553125 0.47541971250000004 0.5541180625 0.46275469375 0.550967484375 0.46149990625 0.5482151078124999 0.4632174 0.5481307640625 0.46418145937500005 0.5503730578125 0.4682942296875 0.5522375640625 0.46943650000000003 0.5593262546875 0.47787444843750004 0.56217961875 0.4825263984375 0.566446909375 0.485829471875 0.5772115640625 0.49704075156250005 0.57910870625 0.4976924484375 0.5802777984375 0.4992595984375 0.5834705484375 0.5000323578125
1 0.534104075 0.54997513125 0.5392558984375 0.5357617625 0.54312875625 0.5287608359375 0.54674590625 0.5246826921875 0.5468730921875 0.5232289515625 0.5444607703125001 0.5210596046875 0.54316449375 0.5209461953125001 0.541140165625 0.5217482375 0.5389362734375001 0.5244851578125 0.5328275578125 0.5347059265625 0.5284881265625 0.547039784375 0.5262094281249999 0.5507493078125 0.52587004375 0.5546284984375001 0.5282823640625 0.556797846875 0.5295786421875001 0.55691125625 0.5323412265624999 0.5551946546875001 0.5326384390625 0.55179749375 0.534104075 0.54997513125
1 0.5679849046875 0.5055161578125 0.57776381875 0.4907284578125 0.57797601875 0.48830300624999995 0.5755528203125 0.4861404171875 0.5742565421875 0.48602700781249997 0.5715048359375 0.4877368515625 0.5705115390625 0.49156654218750007 0.5557022203125 0.5117736109375 0.54518881875 0.5201441531250001 0.54510380625 0.5211158625000001 0.547526334375 0.523286103125 0.5488124062499999 0.5233986203125001 0.554937765625 0.5205113546875 0.5550227796875 0.5195396453125001 0.5606220828125 0.5151414890625 0.5679849046875 0.5055161578125
0 0.5395878109375001 0.52714808125 0.5464424921875 0.5289736515625 0.5488006265625 0.5289409578125001 0.5506790453125 0.52792569375 0.554904428125 0.523831375 0.5550963796875 0.5215198 0.5538729171875 0.5190458437500001 0.5503272906250001 0.5170163484375 0.5475836390625 0.51675318125 0.5441179859374999 0.5154554078125 0.53881423125 0.5157700828125 0.5373614843750001 0.51709243125 0.5361889890625 0.520266528125 0.5358936171875001 0.523525075 0.53666865625 0.5250114906250001 0.5395878109375001 0.52714808125
2 0.5463150703124999 0.5222009828124999 0.543892540625 0.5200307421875 0.490183765625 0.515331834375 0.4745638296875 0.5149444140625 0.454497040625 0.5131887984375 0.45174466406249997 0.51490629375 0.45166032031250003 0.515870353125 0.454072640625 0.5180397 0.47478246718749995 0.519851575 0.49040240312499994 0.5202389937499999 0.5285436234375 0.524069346875 0.5434681421875001 0.52488164375 0.54623005625 0.5231726937500001 0.5463150703124999 0.5222009828124999
0 0.5443518640625 0.6021266453125 0.547444896875 0.602158246875 0.5518213281250001 0.60186266875 0.55389719375 0.6009417796875 0.5555440468749999 0.5988114609374999 0.5553038124999999 0.5949740765625 0.553045596875 0.5930417968749999 0.546094209375 0.5906757875 0.5424394640625 0.5903637500000001 0.5388322249999999 0.5913896671875001 0.5351747578125 0.5948706265625 0.5365631843750001 0.5989857890625 0.538295165625 0.6002321140625 0.5443518640625 0.6021266453125
1 0.550654925 0.5993243171875 0.5482745687499999 0.5966720453125001 0.545123321875 0.5954249093749999 0.5423614078125001 0.5971338609375 0.5404220953125 0.5969641921875 0.5376697171875 0.5986816875 0.5375847031250001 0.5996533984375 0.5387864312499999 0.6007299749999999 0.5381005531249999 0.601163396875 0.53939683125 0.60127680625 0.5399548546874999 0.602304775 0.546994934375 0.603892140625 0.54901859375 0.60309775 0.550654925 0.5993243171875
1 0.5606780031249999 0.5816282421875 0.5658886437499999 0.574266346875 0.5714886171875 0.5698605390625 0.5723438515625 0.567491346875 0.569930859375 0.56532965 0.56863458125 0.5652162406250001 0.567253290625 0.5660745406250001 0.566653096875 0.5655286015625001 0.566568084375 0.5665003140625 0.5609687796875 0.57089846875 0.54412425625 0.5919143375 0.54322685 0.5947655609375 0.545639171875 0.5969349078125 0.54693545 0.5970483171875001 0.5496980328125 0.595331715625 0.5579154187500001 0.5833448453125001 0.5606780031249999 0.5816282421875
0 0.5327998015625 0.657636734375 0.5293185499999999 0.659221071875 0.527310090625 0.6625456171875 0.5279907484375 0.6646405609375 0.5316998468749999 0.6672703046875 0.531680565625 0.6704296484375 0.5337421671875 0.6728458671875 0.5376631171875 0.67422973125 0.5403095546875 0.6740757734375 0.5436689984374999 0.67200276875 0.5444352359375 0.6678294 0.5473695000000001 0.6657962937499999 0.54734109375 0.66259423125 0.5446550343750001 0.6597918578125 0.5417798765625 0.6584455171875 0.5347011359375 0.6574175875 0.5327998015625 0.657636734375
1 0.55484384375 0.6632429265625001 0.5636365671875 0.659609878125 0.574293128125 0.6571267515625 0.5768754765625 0.657352678125 0.579638059375 0.655636075 0.5797230734375 0.654664365625 0.577299875 0.652501775 0.5734212484375 0.6521624390625 0.559401240625 0.6558238796875 0.5506091875 0.659449278125 0.543967978125 0.66082654375 0.5425445140625 0.6621668734374999 0.537157409375 0.6641395812499999 0.537757603125 0.66468551875 0.53629196875 0.6665078796875 0.5387144953125 0.6686781203125001 0.540653809375 0.6688477875000001 0.5468213421875 0.6654784921875 0.55484384375 0.6632429265625001
1 0.503769346875 0.6954424375 0.506436709375 0.6946966515625 0.50704778125 0.695235834375 0.5127320984375 0.6898659671875 0.5195848375 0.6860709015625 0.5266926187500001 0.679360703125 0.537036659375 0.6729259328125 0.5371210046875 0.671961871875 0.5398835875 0.6702452703125 0.5407388234375 0.667876078125 0.538326503125 0.6657067296875 0.537030225 0.6655933203125 0.5356489328125 0.6664516218750001 0.53504806875 0.6659133328125 0.53143091875 0.669991478125 0.52319621875 0.6746524953125 0.5231112062500001 0.67562420625 0.5167736453125 0.680936921875 0.5106061125 0.6843062171875001 0.509835890625 0.685703696875 0.502212259375 0.690903896875 0.50134681875 0.693272196875 0.503769346875 0.6954424375
1 0.5649060421875001 0.39916724531250003 0.5630772703125 0.3902103328125 0.5613923296875 0.38713318281250003 0.5582417515625 0.3858783953125 0.5554798375 0.3875873453125 0.5573079390625 0.39655190937499996 0.5623199234375 0.4062730359375 0.5703386390625 0.426534421875 0.5720235828125 0.4296115703125 0.575174159375 0.43086635937500006 0.5779265359375 0.4291488640625 0.578053721875 0.427695121875 0.57251635 0.41645545312500004 0.56940150625 0.4073860234375 0.5649060421875001 0.39916724531250003
2 0.5476897203125 0.46169885781250003 0.550967484375 0.46149990625 0.5537300671875001 0.45978330312500004 0.5538144109375 0.45881924375 0.5513918828125 0.456649003125 0.548809534375 0.45642307656250003 0.529911834375 0.45623461093750006 0.5053233828125 0.4540834 0.46239525156249994 0.452771690625 0.45652426406249996 0.452751475 0.45377255625 0.45446131875000007 0.4536875421875 0.45543302968750005 0.456099865625 0.457602378125 0.4619280109375 0.45811227499999996 0.4925568125 0.4583479296875 0.530130471875 0.46114177031250003 0.5476897203125 0.46169885781250003
1 0.5524337890625 0.45966989375 0.5519601109375001 0.457677865625 0.5417208437500001 0.44798512968750004 0.5346328234375 0.43953953125 0.5285438671875 0.434604503125 0.5244363953125 0.4293571140625 0.521242978125 0.42859200781249995 0.5184906 0.430309503125 0.5189214375 0.4327912125 0.5219876703125 0.435010059375 0.5254840703125 0.4397182671875 0.532184096875 0.4451924765625 0.532699946875 0.44670247500000004 0.5429392140625 0.4563952109375 0.5434646015625 0.457913753125 0.5483851359374999 0.4612739796875 0.5496814125 0.46138738906250004 0.5524337890625 0.45966989375
0 0.5299009921875 0.7441418359374999 0.53252851875 0.74455675 0.535651175 0.7438970578124999 0.539684290625 0.74047209375 0.5402545562500001 0.7391265046875 0.53988480625 0.7355938937500001 0.5380725187500001 0.7333845250000001 0.5361660109375 0.7323696453124999 0.5260631765625 0.7314626328125 0.524368815625 0.7322549953124999 0.52231150625 0.7347271859375 0.5221801265625 0.73705176875 0.5250503984375 0.7411578000000001 0.5299009921875 0.7441418359374999
1 0.54530353125 0.7200932046874999 0.553707590625 0.713496415625 0.554562825 0.711127221875 0.5521505046875 0.7089578750000001 0.5508542265624999 0.708844465625 0.549472934375 0.7097027671875 0.548872071875 0.709164478125 0.548787728125 0.7101285374999999 0.5403829984375 0.716732978125 0.53447694375 0.7245197515624999 0.530216090625 0.7285492875 0.52582805 0.734032565625 0.5257430359375 0.735004275 0.528156028125 0.737165971875 0.5314759625 0.7364849890625 0.54530353125 0.7200932046874999
1 0.5282403718750001 0.7362019109375 0.5254886640625 0.73791175625 0.5233724375000001 0.769506528125 0.5231245046875 0.7797466203125001 0.5255470328125 0.7819168609375 0.5268433109374999 0.7820302703124999 0.5295956859375 0.7803127765625 0.530474453125 0.7554560671874999 0.53243285625 0.7404775906250001 0.5319598484375 0.7384779109374999 0.52953665 0.736315321875 0.5282403718750001 0.7362019109375
2 0.49458818125 0.7332577265625 0.45067119218749996 0.7284363390624999 0.43918492656249997 0.7254731249999999 0.43643254843749996 0.7271906203125 0.43634753593750003 0.7281623296874999 0.4387605265625 0.730324028125 0.44959355156249997 0.733230090625 0.5168129203125 0.740090171875 0.5292822796875 0.739222803125 0.5320448625 0.7375062 0.53212920625 0.736542140625 0.5297066781249999 0.7343719015625 0.5165942859375 0.7351830109375 0.49458818125 0.7332577265625
2 0.544523128125 0.5948789703124999 0.5420999296875 0.59271638125 0.5330790328125 0.5914337265625 0.527176078125 0.5918964328125 0.4448947953125 0.5856769015625 0.44214308750000003 0.58738674375 0.442058075 0.58835845625 0.444470396875 0.5905278046875 0.4969359421875 0.594624515625 0.5267516796875 0.596747334375 0.5326546343749999 0.596284628125 0.54167553125 0.5975672828125 0.5444381140625 0.59585068125 0.544523128125 0.5948789703124999
2 0.53658918125 0.6631107171874999 0.5366735265625 0.6621466578125 0.534261203125 0.6599773109375 0.5064269515625 0.6575421296874999 0.46811570468749997 0.655655196875 0.44676284375 0.6537870640625 0.42807734374999995 0.6511731468749999 0.42532496875000003 0.6528906421875 0.4252399546875 0.6538623515624999 0.4276529453125 0.6560240484375 0.4463384453125 0.6586379671875 0.4676913046875 0.6605061 0.5066557953124999 0.6624501828125 0.5338368046874999 0.6648282125 0.53658918125 0.6631107171874999
1 0.5982217453125 0.346355340625 0.5957992156249999 0.34418510156250004 0.5945029374999999 0.344071690625 0.5868364671874999 0.3497615703125 0.57516108125 0.363889921875 0.5608176640625 0.378771709375 0.557885721875 0.38242408125 0.5578007078125 0.38339579375 0.56022390625 0.3855583828125 0.563543840625 0.38487740000000004 0.564967975 0.38352941875 0.5917570000000001 0.353121796875 0.5952047890625 0.350979425 0.5982217453125 0.346355340625
0 0.5644891203125 0.3807736640625 0.5604744671875 0.37952037656250004 0.5569241265625 0.3798959375 0.55361973125 0.3823978 0.5529336640625 0.3845967546875 0.5518349515625001 0.3884557734375 0.5554054875000001 0.39219902812499996 0.5591579484375 0.39280488125 0.561428546875 0.3948307625 0.5652511078125 0.39592846718749997 0.5690137859375 0.39559461093750004 0.5719093921875 0.3941209421875 0.5734486671875 0.39098664375 0.5717841609375001 0.3860300859375 0.5702220171875 0.3846058734375 0.5670476796874999 0.38338755625 0.5644891203125 0.3807736640625
2 0.5591136296875 0.39084270625 0.56186600625 0.38912521093749997 0.5619510203125 0.3881535015625 0.5595380296875 0.3859918046875 0.5543529171875 0.385538165625 0.502929278125 0.3844623453125 0.49051296874999994 0.3848409265625 0.46393282343750003 0.38300118437499997 0.4600113546875 0.38315152812500003 0.45724944062499995 0.38486048125 0.4571644265625 0.385832190625 0.4595869546875 0.38800243125 0.4706648140625 0.38799246875 0.49008857031249997 0.38969182812500003 0.5090189031250001 0.389389721875 0.5591136296875 0.39084270625
1 0.6074284390625 0.30072451718750004 0.5727580921875 0.30941790625 0.565989696875 0.3122489125 0.559991521875 0.3136824375 0.55848304375 0.31599447812500003 0.5609062421875 0.3181570671875 0.56220251875 0.3182704765625 0.5850043734375 0.310982746875 0.60962923125 0.3053116640625 0.6111377078125 0.3029996234375 0.6087247171875 0.30083792656249997 0.6074284390625 0.30072451718750004
1 0.5579671937499999 0.31448447968750004 0.5552052796875 0.3161934296875 0.5489265375 0.328357621875 0.5453382359375001 0.35444214375 0.547761434375 0.35660473125 0.5490577125 0.3567181421875 0.55180941875 0.3550082984375 0.555355546875 0.32940580625 0.5615492765625001 0.3182133265625 0.5616764625 0.3167595859375 0.559263471875 0.31459788906249997 0.5579671937499999 0.31448447968750004
0 0.559378521875 0.30658202343749996 0.5565051953125 0.306037665625 0.5502478328125 0.3074947734375 0.54805798125 0.3114819140625 0.5502286390625 0.317353965625 0.55142450625 0.318615065625 0.5532096578125001 0.32325065625 0.5549326015625 0.3248354234375 0.5589832359375 0.3255598796875 0.5624350296875 0.324312196875 0.564130403125 0.3228029078125 0.5645552765625 0.3201801890625 0.5673827921875 0.3177214140625 0.56821443125 0.315504353125 0.5679280015625 0.31266520781249996 0.565074959375 0.3091851796875 0.5614720953125001 0.30804501875 0.559378521875 0.30658202343749996
2 0.552563446875 0.30912368125 0.5433725218750001 0.30978444843749997 0.4908750109375 0.30617065781249997 0.488113096875 0.307879609375 0.4880280828125 0.3088513203125 0.4904506125 0.311021559375 0.5429481234375 0.31463535 0.5540783593749999 0.31414425156250003 0.5568409437499999 0.31242765 0.5569259578125 0.3114559375 0.554502759375 0.30929335 0.552563446875 0.30912368125
3 0.5029989453125 0.5179178828125 0.5022773328125 0.526165946875 0.496628971875 0.560867153125 0.49597261406250004 0.5832993015625 0.4927006171875 0.5908385171874999 0.490516690625 0.630730853125 0.48564875625 0.6640354687500001 0.4861876875 0.6802115843750001 0.485302484375 0.6977356796875 0.48143361562500003 0.73455086875 0.4833474 0.74253606875 0.4823152515625 0.7766697031249999 0.48412738125 0.7782931109375 0.4866777625 0.779001959375 0.4900827125 0.7773492671875 0.49050778125 0.7724907140624999 0.48993244531249996 0.7641368921875 0.4911570328125 0.7427336046875 0.48924391875 0.7347407515625 0.49311278593749996 0.6979255640625001 0.49413782812499996 0.656466971875 0.4982419796875 0.631892446875 0.50042590625 0.5920001109374999 0.5036978999999999 0.584460896875 0.5043964328125 0.5615467171875 0.5066258515625 0.5509942640625 0.510808578125 0.51811541875 0.5095742343749999 0.5023641828125001 0.5129336890625 0.47137160937499994 0.5124440359375 0.462038425 0.5137465328124999 0.4323384671875 0.51600925625 0.4212877875 0.5184642 0.3858214734375 0.523009390625 0.363729553125 0.5277008609375 0.325035746875 0.528824459375 0.297263015625 0.5279359359375 0.2849651984375 0.5275472734375 0.2820014609375 0.5257351453125 0.2803780515625 0.52318543125 0.2796615515625 0.5197798125 0.28132189531249996 0.5210141593750001 0.29707313125 0.519891228125 0.3248382125 0.5152419312500001 0.36304998906249997 0.5107395796875001 0.384652228125 0.508252003125 0.42060911562500003 0.505979071875 0.43165890156250003 0.5050881015625001 0.4418427359375 0.505166228125 0.47069204375 0.5017646015625 0.5021666484375 0.5029989453125 0.5179178828125
0 0.5457343296875 0.46265341718749997 0.5460443359375 0.46675133124999996 0.549264509375 0.4690915828125 0.5517668734375001 0.46952638750000003 0.5569458171874999 0.46805202812499996 0.5586288359375 0.46409764375 0.562688715625 0.4613072265625 0.5631559671875 0.4550260453125 0.5621031671875001 0.45342281250000005 0.5604710749999999 0.45256300781250003 0.55693496875 0.45195295625 0.5516159890625 0.452088971875 0.5478378968750001 0.45400970156250003 0.5445967390625001 0.457434565625 0.5440403421875 0.4603850109375 0.5457343296875 0.46265341718749997