2 0.46902205312499995 0.519725571875 0.47406750156250005 0.5182637234375 0.47539866093749994 0.5169854125 0.47533073281249993 0.5164321890625 0.4737298640625 0.515513884375 0.4722529890625 0.5156952218749999 0.465405271875 0.51765088125 0.438696771875 0.5220534 0.4216223015625 0.5258263109375 0.4114855796875 0.5284665921875 0.41015542031249996 0.5297530421875 0.4102223484375 0.530298128125 0.4118242171875 0.53122456875 0.4133010921875 0.5310432328125 0.422319296875 0.5285402875 0.439403628125 0.52475790625 0.46902205312499995 0.519725571875
2 0.46336478750000004 0.5618106828125 0.47138708749999997 0.5602641046875 0.4727182484375 0.558985790625 0.4726503203125 0.55843256875 0.47104845156249997 0.557506128125 0.4692023578125 0.5577327999999999 0.45433333906250006 0.561243175 0.442809390625 0.56461535 0.4202075015625 0.5690669421875 0.4184062328125 0.5695688921875 0.41706421406249994 0.5708485375000001 0.41713214218749994 0.5714017609375001 0.41874387031250004 0.5723187328125 0.420579103125 0.57209339375 0.42964213124999995 0.569865728125 0.4405964625 0.567959140625 0.46336478750000004 0.5618106828125
2 0.4782479609375 0.6100366765625 0.4795791203125 0.6087583624999999 0.4795111921875 0.608205140625 0.477909325 0.6072787015625 0.47643245 0.6074600390625 0.46667680625 0.6100617875000001 0.455209925 0.61398851875 0.44214117656249996 0.6169888078125 0.431914425 0.6188060578125001 0.43058326406249997 0.6200843703125 0.4306511921875 0.6206375937499999 0.43225206250000003 0.6215558984375 0.43445651406249997 0.621285225 0.45771805312499997 0.6161910749999999 0.4673836640625 0.6127662953125 0.4782479609375 0.6100366765625
2 0.48198626874999995 0.658797003125 0.49218991562500003 0.6567018078125 0.494293475 0.6556094375 0.4949191625 0.65469026875 0.4948512359375 0.6541370468750001 0.49325036562499996 0.6532187406250001 0.492511928125 0.653309409375 0.49040836875 0.6544017796875 0.48713022500000003 0.6550850671874999 0.45597885781249997 0.6597523187500001 0.43387865937500003 0.6621851000000001 0.4238513078125 0.662573959375 0.42252114843750005 0.663860409375 0.422589075 0.66441363125 0.42418994374999996 0.6653319375 0.426428359375 0.665337875 0.4423414890625 0.6642263328125 0.48198626874999995 0.658797003125
0 0.3842092109375 0.3065877140625 0.388108046875 0.30494458125 0.389768465625 0.30329550781250003 0.3903032203125 0.30091753125 0.389604353125 0.298278109375 0.38607257968750003 0.29626730625 0.38250819375 0.29632507812500003 0.3799847609375 0.2979479828125 0.3755239765625 0.2995032078125 0.3700068703125 0.2990987890625 0.3667413265625 0.2996153640625 0.3629819546875 0.3021250078125 0.3620909390625 0.3039356171875 0.3627664734375 0.306833909375 0.36615523906249997 0.309655065625 0.3703101859375 0.3103671265625 0.37393131875 0.3092453296875 0.376773153125 0.3100360390625 0.378863146875 0.3098207109375 0.38257463281250004 0.3083574875 0.3842092109375 0.3065877140625
0 0.384381628125 0.3327700578125 0.38020976093750003 0.3333566234375 0.37791211874999997 0.33475360625 0.37690564375 0.3366114234375 0.3785550734375 0.3404389375 0.38288966874999997 0.3418061203125 0.3938849875 0.3409515625 0.40095272812499994 0.3381843484375 0.4035733171875 0.334749209375 0.40346727031249996 0.33307754218749996 0.402029 0.33123912031249997 0.3978181125 0.33007146249999997 0.384381628125 0.3327700578125
0 0.396943121875 0.380760846875 0.393661721875 0.3840211171875 0.3930269796875 0.3862131734375 0.3945877625 0.38949826718749997 0.3992520375 0.3914856328125 0.40434346718749997 0.39111648906249996 0.4107394109375 0.388084915625 0.413806265625 0.3853217109375 0.4140860328125 0.3834705390625 0.41261628124999994 0.3810166109375 0.40843568281250003 0.378928565625 0.400566346875 0.3790276796875 0.396943121875 0.380760846875
1 0.41156675 0.53209026875 0.41065949375 0.5308060171875 0.4033613890625 0.5291833375 0.373796978125 0.5193936906250001 0.36001560625 0.5135377625 0.3544277390625 0.5105819671875 0.3525486828125 0.5105401625 0.351217521875 0.5118184765625 0.3520908140625 0.51282611875 0.3517555609375 0.5131480625 0.35683835468749997 0.5150427484375 0.3624252234375 0.5179904093750001 0.37142608906249996 0.521361228125 0.3722664171875 0.52210039375 0.40102446406250003 0.5314274859375 0.40948729375 0.5334687203125 0.4102257296875 0.5333780515625001 0.41156675 0.53209026875
1 0.4239310265625 0.5294572578125 0.42904201875 0.525476846875 0.43561802812500006 0.5213082953125 0.43625557343750004 0.5203959296875 0.4438043828125 0.5149930671875 0.45054682812499997 0.5091276484375 0.45332089687500005 0.5073913859375 0.45291771406250003 0.5071601109375 0.453521296875 0.5059711328125001 0.45190856718749994 0.5050460250000001 0.45081177187500004 0.5051806937500001 0.43484324531249996 0.5180505671875 0.4214558640625 0.5275231781249999 0.420717428125 0.5276138453125 0.4166131984375 0.53063655625 0.41282998125 0.5302587328125 0.411499821875 0.5315451828125 0.41156675 0.53209026875 0.41316861875 0.533016709375 0.4176784140625 0.5332970625 0.4231925890625 0.5295479265624999 0.4239310265625 0.5294572578125
0 0.4155851515625 0.4261138953125 0.411633890625 0.424906103125 0.40920164843749995 0.425386425 0.4070435671875 0.4270222796875 0.40182707500000003 0.4276297515625 0.39915360781250003 0.4292875953125 0.3944002328125 0.4333975203125 0.3934750265625 0.43546833124999995 0.394565859375 0.4387863546875 0.3988488 0.4406306015625 0.4039128734375 0.43976932187499995 0.4057580328125 0.43818840625 0.409015553125 0.43688828125 0.41050122499999997 0.43525240781249996 0.413990915625 0.43404764843750004 0.4161686875 0.431674390625 0.41694234531249996 0.42926708125 0.4155851515625 0.4261138953125
0 0.4208764109375 0.47612048281249997 0.419153284375 0.47393715625 0.4168831296875 0.47313406249999995 0.40819818281250003 0.47529878906249995 0.40441113125 0.47569771562499996 0.4022412875 0.476699125 0.400587728125 0.4810973625 0.40147893593750006 0.48359755 0.4035057390625 0.4854710671875 0.41023699843749994 0.4863375203125 0.41362231875 0.48464182187500005 0.41498940624999997 0.48293792656249995 0.4172083265625 0.4824259859375 0.4197109125 0.4807230578125 0.42092319843750003 0.47847660625 0.4208764109375 0.47612048281249997
0 0.419871590625 0.5264707015625001 0.4156869 0.52497775625 0.4128493515625 0.52511970625 0.410716146875 0.5248035515625 0.40765705937499996 0.5253856171875 0.40528465625 0.52698171875 0.403682690625 0.529465959375 0.40505577031250006 0.5333769546875 0.40740435625 0.535177928125 0.4112200546875 0.53617939375 0.416410059375 0.53499709375 0.42010791562499994 0.5329739828125 0.42143092187500003 0.5308212921875 0.4210814265625 0.5280646484375 0.419871590625 0.5264707015625001
0 0.42487999375 0.5677995375 0.42336264687499997 0.5700751875 0.4241975921875 0.5732842390624999 0.42633547031249996 0.5748055296875 0.43027970625 0.57523790625 0.43791964375000003 0.5728216078125 0.44263995625 0.5690708484375 0.44286075468749997 0.5660212078125 0.439798059375 0.5640601671875001 0.43436496093750004 0.5637114999999999 0.42928455000000004 0.5648886015625 0.42487999375 0.5677995375
0 0.4369206859375 0.623129815625 0.4392192953125 0.6238055421875 0.44693208906250004 0.623329253125 0.4502359796875 0.6206112671875 0.45125614843750006 0.61796723125 0.45069974375 0.6162187296875 0.44829598906249996 0.6145071125 0.44313759687500004 0.6136127015625 0.4352514421875 0.6143828 0.4322044046875 0.6164994265625 0.42995757812499996 0.6210035390625 0.43229707812499996 0.623358934375 0.4369206859375 0.623129815625
0 0.431857853125 0.6575773578125 0.42555133281249996 0.6589132625 0.4209029421875 0.6604667484375 0.41716841406249994 0.6630889609375 0.41630681718749996 0.666844909375 0.41878478125 0.6700586796875 0.421438140625 0.6709303375 0.426367390625 0.669689215625 0.43046404687499995 0.6703754 0.43375098593750006 0.6682375765625 0.4371617953125 0.667108571875 0.43877343125 0.6630871046875 0.4364813015625 0.6593219859375 0.431857853125 0.6575773578125
1 0.38976322812499997 0.27245974375 0.3880978140625 0.2740681390625 0.3804246796875 0.2906679734375 0.37308441875 0.303874078125 0.37315234531249997 0.3044273 0.3747640765625 0.3053442734375 0.3765313828125 0.3045657109375 0.377168928125 0.3036533453125 0.3921714609375 0.2738487375 0.392103534375 0.273295515625 0.390501665625 0.27236907499999996 0.38976322812499997 0.27245974375
1 0.36482537187499997 0.3034925125 0.3575720890625 0.3021451109375 0.35228889531249996 0.3016706796875 0.3407822859375 0.299169090625 0.339452125 0.3004555390625 0.34034852187500003 0.301741125 0.3511275546875 0.3043320484375 0.3552691296875 0.304665871875 0.3632938125 0.3061910796875 0.3696846640625 0.306529509375 0.370781459375 0.3063948390625 0.372122478125 0.30510705625 0.37205555 0.3045619703125 0.370442821875 0.3036368625 0.36482537187499997 0.3034925125
1 0.3795455359375 0.3321664046875 0.3761960828125 0.329216546875 0.36971281875 0.3249833015625 0.3692417078125 0.3241988015625 0.3689064546875 0.3245207484375 0.367361653125 0.3241488625 0.3660314921875 0.3254353109375 0.3665695296875 0.326764896875 0.3681374359375 0.3274147265625 0.3735347640625 0.331781309375 0.37634517968750003 0.3333934453125 0.38143135781250004 0.3383680546875 0.3833335171875 0.3386878015625 0.3846755375 0.33740815468749996 0.384607609375 0.3368549328125 0.3807201203125 0.3325754890625 0.3795455359375 0.3321664046875
1 0.42233594218750004 0.35235615625 0.4242159984375 0.352406096875 0.42554715625000006 0.3511277828125 0.42468372499999996 0.350110671875 0.42500812187500003 0.3497900609375 0.42428054375 0.34987939687499997 0.4125371875 0.3454496640625 0.41210004062500005 0.344941775 0.41136160468750005 0.34503244375 0.4035363203125 0.3420788453125 0.3956770734375 0.338848634375 0.3948377453125 0.33811760468749996 0.39369612656249997 0.337976996875 0.3892848390625 0.33544655625 0.3874156421875 0.33539528281250003 0.3860736234375 0.3366749296875 0.3866116625 0.3380045140625 0.38775328125 0.33814512343750003 0.392165565625 0.3406837 0.3995876671875 0.3434060234375 0.40042799531249995 0.3441451875 0.405084503125 0.34553065312500003 0.4094278625 0.347507871875 0.41016630000000004 0.347417203125 0.42190965468749997 0.3518469359375 0.42233594218750004 0.35235615625
1 0.3958773859375 0.386086159375 0.399412996875 0.3845371734375 0.40055461562500005 0.3846777828125 0.40218606718750005 0.3827927765625 0.40465884531249996 0.381655071875 0.40833678906250004 0.37812314062499996 0.4114461125 0.3760649328125 0.4120388359375 0.3748772875 0.4193848625 0.36782289218750003 0.4307274609375 0.3507642453125 0.431263115625 0.34902204375 0.429662246875 0.34810373906250003 0.42892380937499996 0.3481944078125 0.42788408125000005 0.3488836328125 0.4168757375 0.3656122 0.4069254578125 0.3757859140625 0.40045034062499996 0.3807761625 0.3958267984375 0.3796591734375 0.3906794578125 0.3802911875 0.389080971875 0.38244466718750003 0.389216825 0.3835511125 0.390192009375 0.3853885875 0.391792878125 0.38630689218750003 0.3958773859375 0.386086159375
1 0.4002183625 0.3849915921875 0.39931110625 0.3837073390625 0.3950686390625 0.38255181875 0.38944780625000003 0.37932754687500003 0.3718095265625 0.3663888671875 0.3643062546875 0.36004286875 0.364238328125 0.3594896453125 0.363903071875 0.3598115921875 0.36236913125000003 0.359438371875 0.3610281109375 0.36072615625000004 0.36156615 0.362055740625 0.36233855 0.362241684375 0.3699097484375 0.3691409046875 0.3727201640625 0.3707530421875 0.37730126875000003 0.3746665375 0.3784768515625 0.37508375781250003 0.385499153125 0.38065472499999997 0.3927317140625 0.38479596875 0.39888820156250004 0.38627804062500004 0.4002183625 0.3849915921875
1 0.374676165625 0.4535663671875 0.38713556875 0.44560334843750005 0.387863146875 0.4455140125 0.39401386875 0.4408443765625 0.394752303125 0.4407537078125 0.40055691250000003 0.4364073484375 0.40129534843750003 0.43631668125 0.4008921671875 0.436085403125 0.4014957484375 0.434896425 0.3998830203125 0.43397131875 0.3991554421875 0.434060653125 0.392266284375 0.438820959375 0.39153870625 0.43891029374999996 0.385388984375 0.4435880671875 0.384650546875 0.44367873593749996 0.3718997125 0.45223084374999994 0.371161275 0.4523215125 0.3715644578125 0.45255278906249996 0.3709608765625 0.4537417671875 0.3725627453125 0.45466820781250006 0.3743748734375 0.45416492656249996 0.374676165625 0.4535663671875
3 0.4319229203125 0.43339843125 0.43522074218749995 0.45424205781250004 0.4378599125 0.47573637656249995 0.44106193749999995 0.4896052625 0.44343516406249994 0.5150384015625 0.4430509890625 0.524029284375 0.44627611875 0.538176115625 0.4487172734375 0.5641624765625 0.45148314999999994 0.577531609375 0.454045203125 0.613569965625 0.4586510796875 0.6328573328125 0.46158815937500003 0.6506731734375 0.45990269531249994 0.6673801593750001 0.4600714703125 0.6930839718749999 0.46034217968749996 0.6952887249999999 0.4615517265625 0.6959825562499999 0.463051703125 0.6960791640624999 0.4647510828125 0.6947473796875 0.46434556093749996 0.6671154265625 0.4660310265625 0.6504084390625 0.46302601875000005 0.6320393765625 0.4584201421875 0.6127520093750001 0.45663625625000004 0.583051303125 0.4531040703125 0.563351321875 0.45068502187500004 0.5376347703125 0.44745989374999995 0.5234879390625 0.44784406718750003 0.51449705625 0.44638386093750004 0.496499878125 0.445470840625 0.4890639171875 0.4422796765625 0.4751936984375 0.43964050468749993 0.45369937968749996 0.43636578750000005 0.433133696875 0.43623574062500003 0.4138500703125 0.4356603578125 0.4091639515625 0.4329063390625 0.3958016203125 0.429289603125 0.36939804062500003 0.42412568124999994 0.33955078906249997 0.4172250359375 0.3076787875 0.4156639375 0.2888599125 0.41177068281249996 0.278428759375 0.40720115312500005 0.2624897890625 0.4059926046875 0.2618040953125 0.40449262656249996 0.2617074875 0.4027922484375 0.263031134375 0.40299503124999997 0.2646826671875 0.406789778125 0.2773639078125 0.4112889984375 0.28967786875 0.41281613281249996 0.3082201328125 0.419716778125 0.34009213437499997 0.424903803125 0.37021733125 0.42852053906250004 0.39662091093749996 0.43125145624999994 0.409705296875 0.431792875 0.41411480625 0.4319229203125 0.43339843125
1 0.399167015625 0.4220351796875 0.3926331625 0.4113749484375 0.3876804578125 0.40443499687499995 0.3823806375 0.3978101921875 0.3804784765625 0.39749044375000003 0.3791364578125 0.3987700890625 0.3792043859375 0.3993233125 0.3845032046875 0.4059399828125 0.39321092812499997 0.419132853125 0.3981099484375 0.42859816874999995 0.39885415 0.434659209375 0.4004560203125 0.43558565156249995 0.40119445625 0.4354949828125 0.4025246171875 0.4342085328125 0.4017464515625 0.42787088281249996 0.399167015625 0.4220351796875
1 0.4058366359375 0.48245963906249995 0.40771669218750006 0.4825095765625 0.40904785312499997 0.48123126562499996 0.4081735609375 0.4802154890625 0.408508815625 0.4798935421875 0.40778123906249997 0.47998287812499996 0.400751459375 0.477493165625 0.38930939531250003 0.4724648765625 0.388470065625 0.47173384687500003 0.3865669046875 0.4714059625 0.3759981328125 0.46738531562499996 0.375259696875 0.46747598281249997 0.36238558125 0.462904309375 0.361949434375 0.4624045578125 0.36006937968749997 0.4623546171875 0.35873822031249997 0.46363293125 0.3596125109375 0.46464870625000004 0.35927725625 0.46497065156249995 0.36001569375 0.4648799828125 0.3728898078125 0.4694516578125 0.37332595468749996 0.469951409375 0.3740643921875 0.469860740625 0.38693850625000004 0.47443241562500005 0.39764213437499996 0.4795513734375 0.399556153125 0.479877925 0.4058366359375 0.48245963906249995
1 0.408528778125 0.51345273125 0.41049071875000004 0.50510220625 0.4107787671875 0.5014331953125 0.41008758125 0.4805420390625 0.40847485156249996 0.4796169328125 0.407747275 0.4797062671875 0.4064062546875 0.4809940484375 0.4062737828125 0.4829675265625 0.40713550156249995 0.49600063906249997 0.4069758296875 0.50385735 0.4050468546875 0.51247635 0.403891278125 0.521289428125 0.40399316875 0.5221192609374999 0.40559403906249997 0.5230375671874999 0.40633247656249993 0.5229468984375 0.40767449375 0.5216672515624999 0.408528778125 0.51345273125
1 0.4113300046875 0.530162125 0.41059156718749995 0.53025279375 0.4092505484375 0.5315405765625 0.40935144062499995 0.532362275 0.4259890046875 0.564442640625 0.4266652796875 0.5699504578125001 0.42826614999999996 0.5708687625 0.4290045875 0.57077809375 0.430335746875 0.56949978125 0.42962550781250003 0.5637153515625 0.4138730921875 0.5326494296875001 0.41293187187499997 0.5310885671875 0.4113300046875 0.530162125
1 0.40205353125 0.59142965 0.41100042812500004 0.5852935593749999 0.4147133328125 0.582046375 0.42603111718750003 0.5739427453125 0.4305724921875 0.571427925 0.4311421109375 0.569962334375 0.429540240625 0.56903589375 0.4288018046875 0.5691265624999999 0.42355595625 0.5720086640625001 0.4184449625 0.5759890765625 0.41530267343749994 0.5777788078125 0.41160062656249996 0.5810246593749999 0.396503009375 0.5918303875 0.395564171875 0.5933413109375001 0.389560165625 0.599116059375 0.38932580156249996 0.600259703125 0.39092767031250003 0.60118614375 0.3923705796875 0.6007281953125 0.40205353125 0.59142965
1 0.438002984375 0.6197349078125 0.43933314375 0.6184484578125 0.43847070937500005 0.617439484375 0.43879510625 0.617118871875 0.43137300468750006 0.61439655 0.42163031875 0.6080364765625 0.406597290625 0.5919866140625001 0.405433565625 0.591576196875 0.40124478437500005 0.5878953109375 0.3964632796875 0.5854020671875 0.392779571875 0.582782290625 0.3820277390625 0.57430813125 0.3819608109375 0.5737630453125 0.381636415625 0.5740836578125 0.3800916140625 0.573711771875 0.37876045468749997 0.5749900859375 0.37928863281249997 0.576329140625 0.392917809375 0.586960521875 0.3976983140625 0.589445628125 0.403455 0.5937763453125 0.4184988890625 0.6098248749999999 0.422910175 0.6123553171875 0.42786049843749996 0.6162234796875 0.43529345937499997 0.61894446875 0.436122928125 0.6196849671875 0.438002984375 0.6197349078125
1 0.39467679375000003 0.6742740265625 0.39628852187499997 0.6751909984375 0.3977205734375 0.6747343828125001 0.401097225 0.6718010078125001 0.407738778125 0.6651138921874999 0.408968046875 0.6630057468749999 0.41358482656250006 0.657962890625 0.42229259375000006 0.646826871875 0.42222566562499997 0.6462817828125 0.42896572656250004 0.6373445796875 0.4306311421875 0.6357361859374999 0.43056421250000004 0.6351910984375 0.43563786093749995 0.627854153125 0.43977028906250004 0.6189563453125 0.4399706890625 0.6175360921874999 0.43836881875 0.61660965 0.4376303828125 0.61670031875 0.4365906546875 0.6173895453125 0.4328274453125 0.62624201875 0.42741754375 0.633892771875 0.42748547031250006 0.6344459953125 0.4190789953125 0.644983459375 0.4191469234375 0.6455366812500001 0.40686210312500004 0.6610263296875 0.4045251796875 0.6632704796875 0.40425785156250005 0.6641456484375 0.39491015625000003 0.6731222484375 0.39467679375000003 0.6742740265625
1 0.43465686875 0.6441938609375 0.43611373750000004 0.6347822265625 0.4363762984375 0.627763484375 0.43472145937500006 0.617338271875 0.433109728125 0.6164213000000001 0.43238215 0.616510634375 0.4310401328125 0.61779028125 0.432694971875 0.6282154953125 0.43241030625 0.6349644265625 0.43117594375 0.6432256171875 0.4291460765625 0.6510229187500001 0.4242884546875 0.663081846875 0.42439034531250003 0.66391168125 0.42599121406249996 0.6648299875 0.4280947734375 0.6637376171875 0.43210220781249997 0.6537320296875 0.43465686875 0.6441938609375
1 0.420607128125 0.6635338578125001 0.3807198375 0.6608833359374999 0.3670767046875 0.659205640625 0.3657346859375 0.6604852890624999 0.3658026125 0.6610385109375 0.3674143421875 0.6619554828124999 0.37917841874999997 0.6635913734375001 0.41529335156249997 0.6658627375 0.422121346875 0.6667090531250001 0.42321814375000005 0.6665743843749999 0.42455916406250005 0.665286603125 0.42449123593750004 0.6647333796875 0.42287950625 0.6638164078125001 0.420607128125 0.6635338578125001
2 0.41768223125 0.2930880828125 0.43746522656250003 0.290097475 0.43880624687500003 0.28880969218749997 0.43873931875 0.28826460468750004 0.43712658906249996 0.287339496875 0.4312408125 0.2880621796875 0.41734359374999996 0.29033010625 0.393411546875 0.29606814843749996 0.38264913906250003 0.2996275984375 0.37305045468750003 0.3035974671875 0.37101482343750003 0.305243059375 0.37108275 0.3057962828125 0.3726954796875 0.3067213890625 0.373792275 0.3065867203125 0.3847880453125 0.30187549062499996 0.395919671875 0.29827070624999996 0.41768223125 0.2930880828125
2 0.45888567968749994 0.3277347328125 0.45881775312500006 0.3271815109375 0.45720602499999996 0.32626453906249997 0.45424003125 0.326347934375 0.44386656406249997 0.3270600734375 0.41481775781249997 0.33062681875 0.40051735624999996 0.33266346874999997 0.38701246093749997 0.33516400625 0.3856704421875 0.3364436515625 0.3857383703125 0.336996875 0.38735010000000003 0.3379138453125 0.39029298749999997 0.3375525046875 0.40085599375000003 0.3354214453125 0.4151563953125 0.3333847953125 0.44384684218750003 0.32986205156250004 0.4575446625 0.329022515625 0.45888567968749994 0.3277347328125
2 0.43047415781250004 0.47636245156249996 0.45366776875000003 0.47071507968750004 0.4601231640625 0.46852680625 0.461453325 0.46724035781250006 0.46138639687499994 0.4666952703125 0.45978452656249996 0.46576883125 0.458676871875 0.465904834375 0.45295991406249997 0.4680024359375 0.4297663015625 0.47364981093749997 0.42024402343749995 0.47509977968749995 0.40714130937500004 0.47782345781249996 0.40532918125000006 0.47832674218750004 0.4039990203125 0.47961318906250006 0.40406595 0.4801582765625 0.4056678171875 0.4810847171875 0.407513909375 0.4808580453125 0.4165650796875 0.47862357656250004 0.43047415781250004 0.47636245156249996
2 0.45386834374999996 0.3719792625 0.45225561406250003 0.37105415625 0.4500511625 0.371324828125 0.42672169687499995 0.3758657578125 0.40295846874999997 0.38297871875 0.3924643875 0.38567113750000004 0.391133228125 0.3869494515625 0.3912011546875 0.3875026734375 0.392802025 0.388420978125 0.39390968125 0.38828497500000003 0.427429553125 0.3785783984375 0.4525942515625 0.37381213125 0.453935271875 0.37252435 0.45386834374999996 0.3719792625
2 0.4596521421875 0.41908452812499997 0.45804041250000005 0.4181675546875 0.4532283265625 0.41847762343749995 0.3988178046875 0.43131081250000003 0.39737489375 0.43176876093749994 0.39604373593750003 0.4330470734375 0.39611166249999996 0.433600296875 0.39771253125 0.434518603125 0.39918940625 0.43433726562499997 0.42742946562500006 0.4272361796875 0.453565965625 0.4212274640625 0.45837805 0.420917396875 0.45972006875 0.41963775 0.4596521421875 0.41908452812499997