1 0.4454772703125 0.5701768734375 0.44229921406250006 0.568489715625 0.4336740078125 0.5693124984375 0.40533710625 0.579268278125 0.397936565625 0.5831742375 0.39693355 0.5860669281249999 0.40012283125000003 0.5877523078125 0.402255340625 0.5874145515625 0.41171433437499994 0.582630625 0.42827928281250005 0.5767298515625 0.4352259015625 0.5745343593750001 0.4431440140625 0.57382356875 0.44564649687499996 0.5712453265625 0.4454772703125 0.5701768734375
0 0.498119490625 0.7642373250000001 0.4946082578125 0.7637154421875 0.4916910609375 0.7644017062499999 0.48998290000000005 0.7659658609375 0.48748708125 0.7666975 0.48220628750000005 0.770112490625 0.47847022031249997 0.7717304890625 0.47595405 0.7763289296875 0.47760962500000004 0.779662946875 0.480771640625 0.7807403374999999 0.48484718750000005 0.7801034578125 0.48733798437500003 0.778613696875 0.4927299890625 0.7782253890625 0.502230803125 0.773124371875 0.5039074968749999 0.7707804109375 0.50397289375 0.76843293125 0.502889521875 0.766750346875 0.498119490625 0.7642373250000001
2 0.43042625 0.43367016875 0.42724819375 0.4319830109375 0.41605685625 0.4304784 0.41249893281250005 0.43104191875 0.40137124375 0.43444294531249994 0.3657920140625 0.4400781421875 0.363279640625 0.4426665734375 0.36344886718749997 0.443735028125 0.3666368140625 0.4454119953125 0.4022160421875 0.4397767984375 0.4154874640625 0.436036240625 0.4259492609375 0.43765639843750004 0.42809299375 0.4373168640625 0.43059547656249997 0.4347386203125 0.43042625 0.43367016875
2 0.455782396875 0.5707352140624999 0.4556131703125 0.5696667609375 0.4524351140625 0.5679796031250001 0.443006309375 0.568377721875 0.438277478125 0.5707738921875001 0.418070659375 0.576708165625 0.3833664203125 0.583291409375 0.380854046875 0.5858798421875 0.3810232734375 0.5869482968749999 0.3842112203125 0.5886252640625 0.4111652421875 0.5838128499999999 0.43636662031249995 0.5770875140625 0.4445694265625 0.5735978046875 0.4532799140625 0.57331345625 0.455782396875 0.5707352140624999
2 0.39899636250000003 0.6497221421875 0.39648265625 0.6523021640625 0.39665188281249997 0.6533706171875 0.3998411609375 0.6550559953125 0.40853909218749995 0.6547650125 0.4726782046875 0.6451583140625 0.47828335624999996 0.6437186046875001 0.4807970640625 0.6411385843749999 0.4806278375 0.6400701328125 0.4774385578125 0.6383847515625 0.40841261093750003 0.6493173875 0.39899636250000003 0.6497221421875
2 0.4794271015625 0.7107965296875001 0.481940809375 0.7082165093749999 0.48177158281250004 0.70714805625 0.4785823015625 0.7054626765625 0.474317284375 0.7061381890625 0.4620074625 0.7113736421875 0.44777577187500006 0.7136277203125 0.4372698953125 0.71637831875 0.4250028203125 0.7172346015625 0.4225003359375 0.71981284375 0.4226695625 0.720881296875 0.4258476203125 0.7225684546875 0.43170727812500004 0.7227356328125001 0.46775031875 0.715379778125 0.47586917968750003 0.7113600484375 0.4794271015625 0.7107965296875001
2 0.4991103 0.7705656921874999 0.49592101875 0.7688803125 0.49378851093750004 0.76921806875 0.48328396875 0.77197708125 0.47252625468750004 0.7731376203125 0.4534791203125 0.777241021875 0.4313293171875 0.7802058890625 0.4288169421875 0.7827943234375 0.42898616875 0.7838627765624999 0.4321741171875 0.7855397421875 0.4365356375 0.7854008859375 0.4947185890625 0.77509035625 0.4992795265625 0.7716341453125 0.4991103 0.7705656921874999
2 0.3737556859375 0.5088097234375 0.37392491250000004 0.5098781781249999 0.377112859375 0.51155514375 0.38154710468749997 0.511948084375 0.44798661875 0.503063671875 0.45048910312499996 0.5004854296875 0.4503198765625 0.4994169765625 0.44714182031250005 0.49772981875 0.38862174843749997 0.5059118546875 0.37626805937499996 0.506221290625 0.3737556859375 0.5088097234375
1 0.49900735625000003 0.815970446875 0.5004215453125 0.8157464609374999 0.5029339203125 0.8131580265625 0.49617419218750003 0.7704787875 0.49298624375 0.76880181875 0.4915720546875 0.7690258046875 0.489058346875 0.7716058265625 0.495818075 0.8142850656249999 0.49900735625000003 0.815970446875
1 0.5404004703124999 0.75035683125 0.5372224125 0.7486696734375 0.5350899046875 0.7490074296875 0.5187682375 0.7565168671875 0.498096275 0.7641633859375 0.49336611093749994 0.7665511421875 0.4908537359375 0.769139575 0.49102296250000005 0.770208028125 0.4942109109375 0.7718849953125 0.49634341875 0.7715472390625 0.5065108406250001 0.7666597328125 0.536727078125 0.7547677234375 0.5405696953125 0.751425284375 0.5404004703124999 0.75035683125
1 0.49821972968750006 0.7050862421875 0.487631240625 0.707315234375 0.4802608890625 0.7068353859375 0.4777485140625 0.7094238203125001 0.477917740625 0.7104922734375 0.48261638281249997 0.712481909375 0.487050625 0.7128748500000001 0.5020006359375 0.7105070015625 0.5200006765625 0.713667046875 0.521426090625 0.713441284375 0.5239397984374999 0.7108612640625 0.5220919859375 0.7084201015625 0.5047977046875001 0.7051396484375 0.49821972968750006 0.7050862421875
1 0.479173928125 0.70919805625 0.4777485140625 0.7094238203125001 0.4752473640625 0.712010475 0.47420160312500004 0.7192823359375 0.46894458281249995 0.7321455359375 0.46326516250000005 0.7423418093749999 0.4634343890625 0.7434102625000001 0.4666223359375 0.745087228125 0.47001103281249995 0.7434552562500001 0.4711832734375 0.7416310187499999 0.48094880624999997 0.720404196875 0.482363209375 0.7108834359375 0.479173928125 0.70919805625
1 0.513737615625 0.66489816875 0.5097572953125 0.6627947625 0.5054398515625 0.6585628609375 0.4998648890625 0.6556167640624999 0.48699384375 0.6434342562500001 0.480543890625 0.6395401109375001 0.48037466406249996 0.6384716578125 0.47974029375000005 0.6391154484375 0.4767314640625 0.6384967453125 0.4742190875 0.641085178125 0.47535980625 0.6436383343750001 0.48181109062500005 0.647540890625 0.4938897625 0.659296959375 0.4994535015625 0.662244834375 0.5085548656250001 0.6690048046875 0.508722759375 0.6700648453125 0.5093459078125 0.6694228328125 0.5123659609375 0.670039759375 0.5148671109375 0.667453103125 0.513737615625 0.66489816875
1 0.48404805624999997 0.6340607656249999 0.48818659374999995 0.627937628125 0.5043280218749999 0.610064740625 0.5046127171875 0.6072858203125 0.5014247703125 0.605608853125 0.5000105796875001 0.6058328390625001 0.49795079375 0.60670239375 0.49749687187499997 0.608412859375 0.490604009375 0.615524178125 0.490138865625 0.6172364234375001 0.4856632078125 0.6212310640625 0.4815246703125 0.6273542015625 0.47275114062499995 0.6363933375 0.47237127343749996 0.638644015625 0.47556055468749997 0.64032939375 0.47894925156249996 0.6386974203125 0.48404805624999997 0.6340607656249999
0 0.456402678125 0.5661524578125 0.45399957031250004 0.5656534171875001 0.45086302500000003 0.5662623109375 0.4472683046875 0.5660123734375 0.439293765625 0.5674565203124999 0.43699449062499995 0.56848474375 0.4356113046875 0.570575240625 0.43556502343750003 0.5738424671875 0.437290453125 0.5756562093750001 0.442013796875 0.5773659624999999 0.4454399546875 0.5774959890625 0.4489885 0.57636476875 0.452909321875 0.5770028843749999 0.45584184375000003 0.5754690328125001 0.45862051406250004 0.5706392859375 0.45794335156250005 0.56759875625 0.456402678125 0.5661524578125
2 0.4310877859375 0.36411580312499997 0.4109012671875 0.3656744609375 0.346774709375 0.37528779375 0.33902449218749997 0.3770586234375 0.336523340625 0.3796452796875 0.33669256718749996 0.3807137328125 0.339869290625 0.382392478125 0.391739996875 0.3736336484375 0.4110389703125 0.3711203078125 0.42837599531250004 0.3700215890625 0.43193391718749996 0.3694580703125 0.43443506875000004 0.3668714140625 0.4342658421875 0.36580296093750003 0.4310877859375 0.36411580312499997
2 0.4130417609375 0.310106934375 0.3966775609375 0.31269876874999997 0.38645771406249996 0.3126788609375 0.35301099687500004 0.3179763015625 0.34463896250000003 0.3203975578125 0.342136478125 0.3229758 0.3423057046875 0.32404425312499996 0.3454837625 0.3257314109375 0.3538557953125 0.3233101546875 0.38659541875 0.3181247078125 0.396815265625 0.31814461562499996 0.41388656093750004 0.3154407875 0.41640026875 0.3128607671875 0.41623104218750007 0.31179231406249996 0.4130417609375 0.310106934375
3 0.407455578125 0.5051107578125 0.414658215625 0.5367845359375 0.4160426078125 0.5639035531250001 0.42099421093749995 0.5767884375000001 0.43096390937500006 0.6397346390624999 0.43399497499999995 0.6496465625 0.44147169062499997 0.692203621875 0.44675073281250005 0.6979304156249999 0.448957690625 0.7210900671875 0.46179872812499995 0.7699123515624999 0.4661190171875 0.80641505 0.4685046984375 0.8076757671875001 0.471439471875 0.8077542624999999 0.474660275 0.8050622468749999 0.47033998749999995 0.76855955 0.45749895 0.7197372640624999 0.45503882031250004 0.694979140625 0.44974855312499995 0.6892541234375 0.44253623593749997 0.6482937609375 0.43950517031249997 0.6383818359375 0.429451525 0.5749056140625 0.42449858906250004 0.562012315625 0.4231994765625 0.5354317328125 0.4174332625 0.5128271890625 0.41348295 0.4740840046875 0.405764465625 0.46218066718750006 0.40033670781249997 0.441713028125 0.39866761875 0.41737293124999997 0.3937047921875 0.4044898234375 0.3866617 0.364597915625 0.380219915625 0.3377279703125 0.3727323703125 0.3181298859375 0.3716976546875 0.2931459984375 0.369311971875 0.29188528125 0.3663758640625 0.291798375 0.36315639375000003 0.29449880156249997 0.364276390625 0.320021121875 0.37167865624999996 0.3390807734375 0.3781204421875 0.3659507171875 0.3852474796875 0.40637264687499997 0.3902116375 0.41926416718750004 0.390782753125 0.4366719375 0.3958405390625 0.4593800625 0.3973924328125 0.4646019234375 0.405110915625 0.4765052609375 0.407455578125 0.5051107578125
0 0.47417342968750004 0.6334601125 0.47121010781250006 0.6351626968749999 0.4701969453125 0.637410190625 0.46567209062500003 0.638333834375 0.46180943750000003 0.639152596875 0.4575809046875 0.64325470625 0.4584845921875 0.6477254515624999 0.46087544999999996 0.64938205625 0.4630000140625 0.649502634375 0.4739775421875 0.6473327609374999 0.48013373281250005 0.6470476406250001 0.48234911406250003 0.6459982109375 0.48504675625000004 0.6431993281249999 0.48558755 0.637025084375 0.48080870468750003 0.633875278125 0.47417342968750004 0.6334601125
0 0.46901880937499996 0.7115481390625 0.47011816875 0.7133316796875 0.4731055765625 0.714686821875 0.4762660515625 0.7193865625 0.48188324531250004 0.720420053125 0.48451815781249996 0.719985475 0.4886419828125 0.7170383250000001 0.490271990625 0.7138910953125001 0.49054469218749996 0.711036459375 0.4893778375 0.7077371484375 0.4879992671875 0.7065152734375 0.48111589375 0.7038798984375 0.47135278437499994 0.70558145625 0.46880842968750003 0.7079679765625 0.46901880937499996 0.7115481390625
1 0.39773260781249997 0.2917562953125 0.39455455 0.2900691375 0.3931291375 0.2902949015625 0.3906167625 0.292883334375 0.38970891875 0.29630426718749997 0.3902577984375 0.3044188171875 0.39382673281249997 0.3131502953125 0.3973544671875 0.31697258281249996 0.401080284375 0.317469103125 0.403593990625 0.3148890828125 0.40085863125000004 0.3114932359375 0.39737364531249997 0.303291778125 0.396698071875 0.299026378125 0.39773260781249997 0.2917562953125
1 0.4477049796875 0.3308684703125 0.4507138109375 0.331487175 0.45322618437499995 0.3288987421875 0.452096690625 0.3263438078125 0.44978373125 0.3256148875 0.4496145046875 0.324546434375 0.4473980484375 0.324354171875 0.44023967031250005 0.32056360625 0.4246140859375 0.31866605468750003 0.41306399687499995 0.31940015312500003 0.41066709062499995 0.3181412140625 0.40702522031250005 0.31817471406250003 0.40452273749999995 0.32075295625 0.4046919640625 0.321821409375 0.40627537968749994 0.3226658765625 0.40565223125000005 0.323307890625 0.4070776453125 0.3230821265625 0.41026692656249997 0.32476750625 0.418880909375 0.3239465015625 0.4344225453125 0.32531403281250004 0.4421300171875 0.32792237343749997 0.44707060781249996 0.33151226093749997 0.4477049796875 0.3308684703125
1 0.41140894687499996 0.368879821875 0.360625203125 0.3752759796875 0.34798815156249996 0.3783727484375 0.345487 0.3809594046875 0.3456562265625 0.3820278578125 0.3488329515625 0.3837066015625 0.361471334375 0.380618246875 0.3771284390625 0.3781384046875 0.3987403734375 0.3763539828125 0.41225374531250003 0.37421367499999997 0.41476611874999997 0.37162524218750004 0.41459689375000003 0.3705567875 0.41140894687499996 0.368879821875
1 0.4246061015625 0.3738958265625 0.42142804375000004 0.37220866875 0.4200026296875 0.37243443125 0.41749025624999997 0.375022865625 0.4177434296875 0.3766213390625 0.4263067109375 0.3938585296875 0.4301715640625 0.3998093109375 0.438977009375 0.409349978125 0.44270415781250005 0.4098549125 0.4452165328125 0.40726647812500005 0.444963359375 0.4056680046875 0.4371181828125 0.3976138171875 0.4322930625 0.39017655625000003 0.4246061015625 0.3738958265625
1 0.47355322187500004 0.406607471875 0.470375165625 0.40492031562499997 0.46824265625 0.40525807187499996 0.45732672656249995 0.41464515312500005 0.44072036406250004 0.4249335109375 0.42724819375 0.4319830109375 0.42624517968750003 0.4348757015625 0.4294232375 0.43656285937500006 0.43156697031249996 0.436223325 0.4622673171875 0.4182350421875 0.471219965625 0.41025416875 0.4732685265625 0.4093863921875 0.47247748593749994 0.40896836406250003 0.47355322187500004 0.406607471875
1 0.4260345390625 0.43819483124999997 0.42854691562499997 0.4356063984375 0.4283776890625 0.4345379453125 0.42518974062500003 0.432860978125 0.42305723124999994 0.4331987328125 0.4122679953125 0.438736665625 0.4084981 0.442610903125 0.4070726859375 0.4428366671875 0.398585184375 0.44910529375 0.38502906718749996 0.455624775 0.38402605156249997 0.45851746406249994 0.38721533125 0.46020284375 0.3927365375 0.45823311406249995 0.41344991562500005 0.44619901406249995 0.41989018749999996 0.44080657343749996 0.4260345390625 0.43819483124999997
1 0.4586634140625 0.56589788125 0.458832640625 0.566966334375 0.4620219203125 0.5686517140625 0.46344733437499996 0.5684259515625001 0.46541061875 0.5670197406249999 0.46866160937499995 0.5599419218749999 0.47187140000000005 0.5479549125000001 0.4720598046875 0.5353425609375 0.4700330859375 0.5225463609375 0.46760486874999996 0.516368040625 0.4587456671875 0.501911546875 0.4564439328125 0.5011808484375 0.453001478125 0.4978969953125 0.44484141718750003 0.49700753437499995 0.4423277109375 0.49958755468750005 0.44249693749999996 0.5006560078125 0.4441755234375 0.5020287171875 0.44869371406249997 0.502951678125 0.4536468625 0.5065482015625 0.46056174843750003 0.5180268765625 0.4630011875 0.5242034203125 0.4648600125 0.53593958125 0.464954971875 0.5457645984374999 0.46291742031250005 0.5559273703125001 0.4586634140625 0.56589788125
1 0.44647725937500005 0.502759415625 0.4463080328125 0.5016909609375 0.443120084375 0.5000139953125 0.44098757656250004 0.5003517515625 0.4076358171875 0.5154742078125001 0.3970997515625 0.5226106125000001 0.37898269687499997 0.5325863015625 0.3779796828125 0.5354789906249999 0.3811689625 0.537164371875 0.382583153125 0.5369403859374999 0.4112474953125 0.5198265156249999 0.41748702031249996 0.517743015625 0.4370182640625 0.5075433406250001 0.443964884375 0.5053478484375 0.44647725937500005 0.502759415625
0 0.389874696875 0.3161651015625 0.38984179218750004 0.3181366 0.391251215625 0.31969855156250004 0.3947528640625 0.321394825 0.397830471875 0.3211402296875 0.4062458578125 0.3261115546875 0.40869785781249995 0.3266287234375 0.41085793906249995 0.3261744875 0.41426257499999997 0.3241346578125 0.41659050156250005 0.32045430937499997 0.4152719484375 0.3163424921875 0.40916455 0.313739446875 0.40787674531249996 0.310838753125 0.40565577812500003 0.309310471875 0.403491803125 0.308868421875 0.3932960421875 0.31190624218749996 0.389874696875 0.3161651015625
0 0.418686590625 0.3630356640625 0.414669365625 0.3647671875 0.4107986140625 0.364517846875 0.4069394953125 0.366448553125 0.4048296859375 0.3693268125 0.4053995828125 0.3726344328125 0.406661765625 0.3742110796875 0.41105736562499995 0.37624871249999997 0.4153153109375 0.37523798125 0.41591134687500003 0.377403084375 0.41958068437499996 0.38001282187499996 0.42445736875 0.3799303546875 0.4270720375 0.3787141953125 0.42930279687499995 0.37354865 0.42525431718749995 0.365203590625 0.418686590625 0.3630356640625
0 0.432431303125 0.4295493875 0.4212376578125 0.4297009625 0.41571701875 0.42782426874999996 0.41239499999999996 0.42849703437500003 0.41003345625 0.42891418750000004 0.407406640625 0.430416865625 0.40584679531249995 0.43320801875 0.40693534218750005 0.43528649062499997 0.41332327968750004 0.439224953125 0.42624235625000007 0.4408871203125 0.42983159375 0.4395769734375 0.4336083015625 0.43915990625 0.43591798437499996 0.43754359843749996 0.4372842046875 0.435128075 0.43713942499999997 0.43312434843750003 0.432431303125 0.4295493875
0 0.439058584375 0.49652634687499997 0.4367927734375 0.49740265937499994 0.4340601265625 0.5001984625 0.4344530046875 0.5044223953125 0.44282861875 0.50928790625 0.44708323281249995 0.5092004796875 0.4515843609375 0.5050034484375 0.4539579546875 0.4995048125 0.45368915000000004 0.4975897265625 0.45207390781249995 0.496181109375 0.446581815625 0.49441200937499996 0.4418571375 0.49458251249999996 0.439058584375 0.49652634687499997
1 0.4580415984375 0.5665483078125 0.4486240171875 0.5669446484375 0.44611164218750005 0.5695330828125 0.44627953593749997 0.570593121875 0.4494688171875 0.572278503125 0.45461015624999995 0.57255945 0.4665401109375 0.5695746749999999 0.4821972171875 0.5670948328125001 0.4847095921875 0.5645064 0.48454169843750006 0.563446359375 0.4813524171875 0.5617609796874999 0.4656953125 0.564240821875 0.4580415984375 0.5665483078125