1 0.39050951093749997 0.3167628328125 0.3945292359375 0.312438809375 0.40091085781249997 0.30286185625 0.401619671875 0.3024717640625 0.40397157031250003 0.2972287828125 0.4038915046875 0.296659084375 0.4022236765625 0.29574012656250004 0.40146365156249997 0.29584694218749996 0.40040250312500003 0.29656848281250003 0.3983517296875 0.3011967375 0.39475205 0.30575220000000003 0.394832115625 0.3063218984375 0.3849918078125 0.3187001953125 0.38481078125 0.3201694671875 0.38649096250000003 0.32109523281249996 0.387919771875 0.32031347656250003 0.3883398171875 0.32054491875 0.38825975156250003 0.319975221875 0.39050951093749997 0.3167628328125
1 0.42832981718749996 0.47606138906249995 0.42666198906249997 0.47514243125 0.42590196406249997 0.475249246875 0.4187732484375 0.47942925937499997 0.41004559687500003 0.48326158125 0.3913592921875 0.4931154703125 0.390810609375 0.49464495625 0.3924784359375 0.495563915625 0.3943272890625 0.49501360156249996 0.41192476562499997 0.48560321249999994 0.424231203125 0.47982409375 0.42777995625000004 0.4775824984375 0.4284098828125 0.47663108750000005 0.42832981718749996 0.47606138906249995
1 0.42112510312499996 0.44669368593750003 0.4197651828125 0.44804670937499996 0.41981170468749995 0.45932597656249996 0.422493028125 0.475728340625 0.42417203125 0.476645728125 0.42493205781250004 0.47653891406250004 0.4262819765625 0.4751958390625 0.4236283328125 0.459071515625 0.4237531203125 0.4489300734375 0.4235541328125 0.44751420781249995 0.42187395156249996 0.4465884421875 0.42112510312499996 0.44669368593750003
1 0.393098628125 0.29123015625000004 0.3821947921875 0.287850146875 0.37187995625000003 0.285822646875 0.3705312140625 0.2871741 0.3714790484375 0.288484721875 0.3862807546875 0.292188346875 0.3998137859375 0.29781312187500003 0.40174270312499993 0.297832503125 0.403091446875 0.29648105 0.40218364375000004 0.295455278125 0.4025236234375 0.295117021875 0.40176359687499996 0.2952238359375 0.395646578125 0.2928968453125 0.393098628125 0.29123015625000004
2 0.47895178281249995 0.514944496875 0.4803128765625 0.5135998500000001 0.4802328109375 0.513030153125 0.47855380781249995 0.512112765625 0.4607714546875 0.5146119125 0.4487346484375 0.51687598125 0.43867914687500004 0.5194510890624999 0.4295703046875 0.5233284421875 0.4282215609375 0.5246798953125 0.42830162656250004 0.52524959375 0.42996945625 0.5261685515625001 0.4311094921875 0.5260083296875 0.44130598593750003 0.5216791 0.44913379999999997 0.519716090625 0.461169428125 0.51744364375 0.47895178281249995 0.514944496875
2 0.422513921875 0.473119671875 0.4211640015625 0.4744627484375 0.4212440671875 0.4750324453125 0.4229118953125 0.4759514046875 0.45513005156249997 0.4717139125 0.46849470625 0.4707070578125 0.47114361718750003 0.47033477812499996 0.47249236093749997 0.46898332500000006 0.47241347187500005 0.46842200468749995 0.470744465625 0.46749466875 0.46346769375 0.46794494531249997 0.422513921875 0.473119671875
0 0.427801921875 0.42526829375 0.42497957656249996 0.4265961765625 0.4210458390625 0.4264228390625 0.41814469218749994 0.42800101250000006 0.41239807500000003 0.4292016421875 0.40879477499999994 0.4329203640625 0.40875330156249995 0.4356259015625 0.41026187812500003 0.43808796250000004 0.41222973906249993 0.43919542656250005 0.42327722031250004 0.43816394843750006 0.4276818265625 0.4352809265625 0.431523075 0.434228471875 0.43528278125000003 0.429838471875 0.43441713593750003 0.4270041203125 0.42993200624999994 0.42509707968750005 0.427801921875 0.42526829375
0 0.42234335625 0.3813193921875 0.41695499375 0.38255510625 0.41198845312500004 0.3841159875 0.4099462375 0.386291090625 0.4109532609375 0.3909424 0.413985946875 0.392652028125 0.428506965625 0.3901413453125 0.43263395937500004 0.3877159640625 0.43435608906249995 0.384885290625 0.4335557484375 0.3821101078125 0.4295500625 0.38028946874999997 0.426944084375 0.3805617359375 0.42501411093749997 0.3816702296875 0.42234335625 0.3813193921875
2 0.45862634843750005 0.42522497968749995 0.45446856406249997 0.42580931875 0.44639173281250005 0.42608156093750005 0.42672049375 0.4288461734375 0.4166526390625 0.43141447343749995 0.4153038953125 0.4327659265625 0.41538278437500004 0.43332724687499996 0.41705178906249996 0.4342545828125 0.42748730156250003 0.43162606718749996 0.44678970625 0.42891329218749996 0.46171444375000004 0.42797765625000006 0.4630743625 0.42662463281249996 0.46299547499999993 0.4260633125 0.4613152921875 0.425137546875 0.45862634843750005 0.42522497968749995
2 0.461533928125 0.3799806859375 0.451947046875 0.38045660937500003 0.43673353906249995 0.38201377812500004 0.4197000328125 0.38440768125 0.4148222578125 0.3853836828125 0.41346233750000005 0.38673670625 0.4135412265625 0.3872980265625 0.41522140781249994 0.38822379218749997 0.43675267656249994 0.38490729375 0.45234619687500005 0.38329671875 0.46003183906249995 0.3830794515625 0.46193190156249997 0.382812415625 0.463281821875 0.381469340625 0.46320175625 0.3808996421875 0.461533928125 0.3799806859375
0 0.41516547031249995 0.33900469375000003 0.4127266890625 0.3404666265625 0.40857124218749996 0.3409053984375 0.404582428125 0.3427731265625 0.40085662031249997 0.34513358125 0.39991859375 0.3474610609375 0.4010813203125 0.3503818109375 0.40527643125 0.3522527203125 0.4117019734375 0.35166577499999996 0.41566546249999997 0.3495367609375 0.417860815625 0.3491000734375 0.42076605625 0.34730774062499997 0.42266348281250005 0.3444268015625 0.4222660171875 0.34086880937499997 0.4178037859375 0.3385570140625 0.41516547031249995 0.33900469375000003
0 0.4396698234375 0.5631564874999999 0.437559809375 0.563957090625 0.4354228546875 0.5658635765625 0.43438015781250006 0.568581675 0.435737178125 0.5730470999999999 0.438231653125 0.5752253640625 0.4414671546875 0.575701875 0.44482309062500003 0.5746834515625 0.44834648125000004 0.571855928125 0.44847810781249997 0.565088159375 0.44733256718750003 0.5633439796874999 0.4454641546875 0.5625386453125001 0.4396698234375 0.5631564874999999
2 0.4509215421875 0.60104558125 0.44956162343750006 0.6023986046875 0.4496405109375 0.6029599234374999 0.45132069374999995 0.6038856890625001 0.45438965 0.60374485 0.49209343906249997 0.600180234375 0.499280146875 0.5991702078125 0.5006400656250001 0.597817184375 0.5005611765625 0.5972558640625001 0.4988809953125 0.5963301000000001 0.482187471875 0.598385746875 0.4509215421875 0.60104558125
2 0.4794142828125 0.5594332265624999 0.4755564453125 0.559394459375 0.464841878125 0.5600374125 0.44810832031250003 0.5618082109375 0.4398007125 0.5658719750000001 0.43923967499999994 0.5673946546875 0.4409186796875 0.5683120421875001 0.441667528125 0.5682067984375 0.44888748593749994 0.5645949124999999 0.46485984062499996 0.5629225515625 0.478304559375 0.5624853937500001 0.479813434375 0.5622733359375001 0.48117335156249996 0.5609203125 0.4810932859375 0.5603506140625 0.4794142828125 0.5594332265624999
0 0.41622322343749996 0.47490937187500004 0.4163622671875 0.4768718953125 0.4185584984375 0.47911770468750003 0.42146398593749995 0.47959787656249997 0.4240648328125 0.4808299640625 0.42922101250000005 0.481267209375 0.4374010015625 0.47751185625000003 0.440813115625 0.4738114609375 0.439549621875 0.4692816296875 0.437499990625 0.4681600296875 0.435322228125 0.4680730984375 0.431023978125 0.4698476203125 0.42581905000000003 0.470117784375 0.4230737828125 0.471588615625 0.41790073281250006 0.4728965890625 0.41622322343749996 0.47490937187500004
2 0.4474541546875 0.290827228125 0.4473740890625 0.29025753125 0.44570625937499997 0.28933857343749997 0.42977276093750005 0.2912874046875 0.41693707187499995 0.29338181875 0.4132381890625 0.2944740703125 0.40226253281249996 0.29601659687500004 0.40090261250000003 0.297369621875 0.400982678125 0.2979393171875 0.40266168437500005 0.29885670625 0.41363734062499996 0.297314178125 0.417335046875 0.29621354843750003 0.430550746875 0.2940657296875 0.446104234375 0.292170303125 0.4474541546875 0.290827228125
2 0.45357241718749997 0.33711827968749997 0.4549335140625 0.335773634375 0.4548534484375 0.3352039359375 0.45317444374999993 0.3342865484375 0.450525534375 0.3346588296875 0.43966879687500005 0.337047525 0.4268442875 0.3391403671875 0.4053721890625 0.3456352296875 0.40427100625 0.346071921875 0.4029222640625 0.347423375 0.4030023296875 0.347993071875 0.4046701578125 0.34891203125 0.4058101953125 0.348751809375 0.42724343749999993 0.34198047656249997 0.45059470468749996 0.3378272453125 0.45357241718749997 0.33711827968749997
1 0.41812371875 0.554445990625 0.4186638625 0.555531978125 0.4357715671875 0.564695384375 0.439778640625 0.5684722640625 0.44174759375 0.568776496875 0.443108690625 0.5674318515625 0.443028625 0.566862153125 0.4381414265625 0.5623375421875 0.42145376562500003 0.5534055765625 0.4194736375 0.553102915625 0.41812371875 0.554445990625
1 0.434541746875 0.56689300625 0.4325627953125 0.5665987234375 0.43121287500000005 0.5679417984375 0.4317530203125 0.5690277859374999 0.435139884375 0.5711489796875 0.4358887328125 0.5710437359375 0.439196709375 0.5726036125 0.44113680625 0.572621425 0.442486725 0.5712783484374999 0.44156656875 0.57024576875 0.441907725 0.569915890625 0.43830980156250005 0.5689691703124999 0.434541746875 0.56689300625
1 0.46918131093750004 0.57996583125 0.46504266562499996 0.5834436859375 0.4535622078125 0.5951810656250001 0.45016151562499995 0.6011523953125 0.45024158124999997 0.6017220921875001 0.4519094109375 0.6026410515625 0.45373058437499997 0.6018126953125 0.45649017187499996 0.5967943484375 0.47138928281250003 0.581970778125 0.4716091640625 0.580777975 0.4699413375 0.5798590156250001 0.46918131093750004 0.57996583125
0 0.4475210578125 0.5980975921875 0.4459282875 0.6003889390625 0.44671984218749994 0.6035070921875 0.44862196093750006 0.6059309296875 0.4507815875 0.6069430953125 0.4607484484375 0.606089121875 0.46436202812499994 0.6049575984375 0.467107821875 0.6029228296875 0.4679588609375 0.6012739593750001 0.4676132046875 0.5980845968749999 0.46652182656249996 0.5967258015625 0.464251628125 0.59590004375 0.45962914374999997 0.5967461890625 0.4497780921875 0.59688333125 0.4475210578125 0.5980975921875
1 0.4548194125 0.6013691953125 0.45315040624999997 0.6004418593749999 0.4501214828125 0.600867546875 0.43434811562500003 0.6039557734375001 0.4313992578125 0.604951159375 0.421591315625 0.6066115062499999 0.4202425734375 0.607962959375 0.4203226390625 0.60853265625 0.4219904671875 0.609451615625 0.42653944062500004 0.6088122984375001 0.4347460890625 0.6067875046875 0.45354955781250006 0.6032819671875 0.4548983015625 0.6019305140625 0.4548194125 0.6013691953125
1 0.417195828125 0.49845493125000007 0.4164469796875 0.498560175 0.4150870609375 0.49991320000000006 0.41520598125 0.5007593671875 0.4230982765625 0.5129607640625 0.42788158125000003 0.5250181515625 0.42954941093750004 0.5259371093749999 0.43030943437499997 0.5258302953125 0.43167053125 0.52448565 0.43151039999999996 0.5233462546875 0.42684719375 0.5121434125000001 0.4193349109375 0.499888609375 0.417195828125 0.49845493125000007
1 0.38641754375000004 0.430460821875 0.3873765546875 0.4317698734375 0.39807022812500004 0.4337355875 0.4110451515625 0.4353892359375 0.41604184999999994 0.435259403125 0.41739176875000006 0.43391632812500003 0.41731170312500004 0.4333466296875 0.4156438765625 0.43242767187500003 0.407496978125 0.43212026875 0.3877774625 0.429107796875 0.38641754375000004 0.430460821875
1 0.4065953390625 0.41199917499999994 0.40523424218750004 0.41334382031250005 0.40535434062500003 0.414198365625 0.4137856015625 0.4274773734375 0.41492388281250003 0.432819334375 0.4165917125 0.43373829375 0.4173517359375 0.43363147968750004 0.41871283281249994 0.43228683281249997 0.41753451874999997 0.42666002187499996 0.40948326718750006 0.413327609375 0.4073553625 0.4118923609375 0.4065953390625 0.41199917499999994
1 0.3868740203125 0.38699629375 0.37275051875 0.38811834218749997 0.37138942343750003 0.3894629875 0.3714694890625 0.39003268593749996 0.3731484921875 0.3909500734375 0.3995366453125 0.3892662421875 0.41504038125 0.3896930640625 0.41616924375000003 0.3895344125 0.41753033906250003 0.38818976875 0.4174502734375 0.3876200703125 0.41577009218749994 0.3866943046875 0.40414654531250005 0.38630310625000003 0.3868740203125 0.38699629375
1 0.4241798375 0.3805999484375 0.42409977187500003 0.38003025 0.42966044062500003 0.37288393124999997 0.43268112031249994 0.366966009375 0.43663195625 0.36207071874999996 0.4390227078125 0.3571042078125 0.4389426421875 0.356534509375 0.43726363749999997 0.355617121875 0.43650361406249993 0.3557239375 0.435453640625 0.3564439078125 0.43336401249999995 0.3607956921875 0.42941199843750005 0.365682603125 0.42639249687499997 0.371608903125 0.41701108906249995 0.3844951125 0.4159511171875 0.38522503124999996 0.41577009218749994 0.3866943046875 0.4174502734375 0.3876200703125 0.41887908124999995 0.38683831562500004 0.4192991265625 0.3870697546875 0.4241798375 0.3805999484375
1 0.405850228125 0.349036659375 0.407211325 0.3476920125 0.407131259375 0.347122315625 0.4054510765625 0.34619655 0.404311040625 0.34635677187499997 0.396604503125 0.349182703125 0.3853677546875 0.3516248078125 0.3719822046875 0.3552403296875 0.3705133640625 0.35573723749999997 0.3691646234375 0.35708869062500004 0.36924351093749996 0.357650009375 0.370912515625 0.358577346875 0.3724213890625 0.35836528749999996 0.3835380390625 0.3550686390625 0.3973824890625 0.35196102812499996 0.405850228125 0.349036659375
1 0.4004734734375 0.3217273078125 0.39879446875 0.32080991875 0.39803444374999997 0.3209167328125 0.3966845234375 0.322259809375 0.396804621875 0.3231143546875 0.3997905796875 0.32789762499999997 0.4026367234375 0.33444339375 0.406211103125 0.346089734375 0.4078801078125 0.34701707187499997 0.40864013125 0.34691025625 0.409988875 0.345558803125 0.4097898875 0.34414293749999997 0.405806640625 0.33226358437500003 0.4004734734375 0.3217273078125
1 0.4322286375 0.528456775 0.432148571875 0.527887078125 0.4318085921875 0.528225334375 0.430208475 0.5278692656249999 0.4288597328125 0.52922071875 0.42943873281249995 0.5305831765625 0.4349947125 0.5344328468749999 0.4386618078125 0.5385479828124999 0.4402687078125 0.541790759375 0.44194771250000003 0.5427081484375 0.44270773906249994 0.5426013328125 0.44405765781250006 0.5412582578125 0.44239954687500005 0.537732203125 0.43778461718750006 0.5323064453125 0.4322286375 0.528456775
0 0.4036268265625 0.291612971875 0.4008208578125 0.292084215625 0.3973814859375 0.2939687015625 0.396083371875 0.2956804046875 0.39591899062499997 0.2987278640625 0.3975675046875 0.30056367812499996 0.40304199531249996 0.30156276875 0.4093175984375 0.30161201875 0.4148823109375 0.2991981640625 0.4161643265625 0.295506659375 0.4131473671875 0.292368075 0.40928418750000006 0.29188580468750003 0.40615409218750004 0.2924026015625 0.4036268265625 0.291612971875
0 0.42855524999999994 0.52056635 0.42632467968750004 0.5217256296875 0.425307146875 0.5232441203125 0.4253521921875 0.5317555390625001 0.427177215625 0.5338741078125 0.4318563578125 0.5347286765625 0.43420635937499996 0.5336893046875 0.43647030156250005 0.5310644156250001 0.43808545781249997 0.52366098125 0.4369645390625 0.5211188078125 0.43519137499999994 0.51985583125 0.43272357812499995 0.519570446875 0.42855524999999994 0.52056635
3 0.469863071875 0.601279728125 0.4704456265625 0.6191304109375 0.4716945859375 0.61982630625 0.47325466875 0.6198975265625 0.474983425 0.618492665625 0.47475880937500003 0.6031888640624999 0.4691604171875 0.5825745 0.46760795625 0.566013484375 0.463679146875 0.5408158937499999 0.4550679921875 0.501521946875 0.44838688906249996 0.43476316718749997 0.443283875 0.3984533375 0.44128754218750005 0.3897633546875 0.4310688640625 0.3252445984375 0.42439487187499997 0.29146226875000003 0.42118136718750004 0.27686900312499996 0.4199224078125 0.2761830578125 0.4183735015625 0.2761102671875 0.41664356874999997 0.27750675 0.417082753125 0.2806317078125 0.426531065625 0.32588234374999997 0.4367497453125 0.3904011 0.438746078125 0.3990910828125 0.4438490921875 0.4354009125 0.45053019531249994 0.5021596921875 0.4591813828125 0.5417384875 0.46307015781249994 0.5666512296875 0.464662653125 0.5834970921875 0.469863071875 0.601279728125