1 0.4993359375 0.3445787546875 0.507607421875 0.3475531140625 0.508271484375 0.3475531140625 0.5095898437499999 0.346564103125 0.50892578125 0.3453260078125 0.501982421875 0.342842490625 0.5003320312499999 0.3416043953125 0.49966796875 0.3416043953125 0.49834960937500006 0.34259340625 0.49834960937500006 0.343340659375 0.4993359375 0.3445787546875
2 0.47123046874999996 0.37260805937499997 0.46991210937499994 0.3736043953125 0.46991210937499994 0.37410256406250003 0.47123046874999996 0.375091575 0.483134765625 0.37410256406250003 0.48478515624999996 0.3736043953125 0.515546875 0.37410256406250003 0.522822265625 0.37583882812499997 0.52380859375 0.37583882812499997 0.52513671875 0.37484249062499997 0.52513671875 0.374344321875 0.52380859375 0.37335531093749996 0.515869140625 0.37161904687499997 0.48445312500000004 0.37112087968749996 0.482802734375 0.37161904687499997 0.47685546875 0.37186813124999996 0.47123046874999996 0.37260805937499997
2 0.45767578125 0.49590476250000004 0.45899414062500005 0.4968937734375 0.4666015625 0.4964029296875 0.5092578125 0.4964029296875 0.5162011718749999 0.4966520140625 0.520498046875 0.49764102499999996 0.5277734374999999 0.49739194062500003 0.5291015625 0.4964029296875 0.5291015625 0.49590476250000004 0.5277734374999999 0.4949157515625 0.520830078125 0.49515750937499997 0.5165332031250001 0.4941684984375 0.4666015625 0.4939194140625 0.45899414062500005 0.49441758281250003 0.45767578125 0.49540659375 0.45767578125 0.49590476250000004
0 0.5057031249999999 0.3776483515625 0.507548828125 0.3778241765625 0.513779296875 0.376747253125 0.516865234375 0.3777362640625 0.519013671875 0.37927472500000003 0.5230859375 0.379472528125 0.525146484375 0.3788498171875 0.5276171875 0.3766520140625 0.5280175781249999 0.374388278125 0.526533203125 0.3720366296875 0.524169921875 0.370336996875 0.5203125 0.3688571421875 0.514638671875 0.36872527499999996 0.5116308593750001 0.36749450625 0.50962890625 0.3673333328125 0.50630859375 0.3679047625 0.5031152343749999 0.3703516484375 0.50173828125 0.371838828125 0.5015625 0.37466666718749997 0.50328125 0.37650549375 0.5057031249999999 0.3776483515625
1 0.515546875 0.36913553125 0.5162011718749999 0.3736043953125 0.517529296875 0.37459340625 0.51818359375 0.37459340625 0.51951171875 0.3736043953125 0.51951171875 0.37236630000000004 0.517529296875 0.3649230765625 0.517529296875 0.36219047656250003 0.516865234375 0.3597142859375 0.515546875 0.3587179484375 0.5148828125 0.3587179484375 0.5135546875 0.3597142859375 0.5142187500000001 0.3651721609375 0.515546875 0.36913553125
1 0.52380859375 0.3763296703125 0.5357128906249999 0.3763296703125 0.5370410156250001 0.375340659375 0.5370410156250001 0.37484249062499997 0.5357128906249999 0.3738534796875 0.52314453125 0.3736043953125 0.521826171875 0.37459340625 0.521826171875 0.375091575 0.52380859375 0.3763296703125
2 0.47189453124999997 0.40188278437499997 0.490078125 0.40188278437499997 0.49966796875 0.4031208796875 0.50595703125 0.4033699640625 0.507939453125 0.403619046875 0.51388671875 0.40585347968749996 0.5198437499999999 0.40585347968749996 0.522822265625 0.40833699687499997 0.52314453125 0.4090769234375 0.524140625 0.40932600781249995 0.5248046875 0.40932600781249995 0.526123046875 0.40833699687499997 0.5257910156250001 0.40709157500000004 0.524140625 0.4061025640625 0.521826171875 0.403619046875 0.5142187500000001 0.4033699640625 0.508271484375 0.4011428578125 0.5 0.4006446890625 0.490078125 0.39940659375 0.47189453124999997 0.39940659375 0.47056640625 0.4003956046875 0.47056640625 0.40089377343750005 0.47189453124999997 0.40188278437499997
0 0.515595703125 0.4089450546875 0.5219140624999999 0.41182417656250003 0.524697265625 0.412065934375 0.526708984375 0.41145054999999997 0.5314062500000001 0.40641025624999993 0.5311621093750001 0.40413919375 0.52833984375 0.40213919374999996 0.5253125 0.40211721562499997 0.52125 0.40074725312500004 0.5170019531250001 0.40016117187500005 0.5136132812499999 0.400205128125 0.5116601562499999 0.40095970625 0.5082128906250001 0.4036337 0.50869140625 0.40709157500000004 0.51083984375 0.40831501875000004 0.515595703125 0.4089450546875
1 0.520830078125 0.4061025640625 0.520830078125 0.406842490625 0.5221582031249999 0.40783882812499994 0.522822265625 0.40783882812499994 0.5244726562500001 0.40635164843749993 0.532080078125 0.38749450625000004 0.53373046875 0.3820366296875 0.5324121093749999 0.38104761875 0.531748046875 0.38104761875 0.5300878906250001 0.3827838828125 0.524140625 0.39940659375 0.520830078125 0.4061025640625
1 0.526123046875 0.41106227031250003 0.53373046875 0.4142857140625 0.538359375 0.417018315625 0.53935546875 0.417018315625 0.540673828125 0.416021978125 0.540009765625 0.41503296718750005 0.5403417968750001 0.4147838828125 0.5380273437499999 0.41379487187499997 0.53736328125 0.41304761875 0.5284375 0.40932600781249995 0.5257910156250001 0.40734065937499997 0.524140625 0.406842490625 0.522822265625 0.40783882812499994 0.522822265625 0.40833699687499997 0.526123046875 0.41106227031250003
2 0.45999023437500003 0.42768498125 0.45999023437500003 0.42818315 0.46130859375 0.4291721609375 0.47982421875 0.4286739921875 0.484130859375 0.42818315 0.512568359375 0.4284249078125 0.512568359375 0.4291721609375 0.5105859374999999 0.43041025624999996 0.51025390625 0.431157509375 0.51025390625 0.431655678125 0.511572265625 0.43264468906250003 0.512236328125 0.43264468906250003 0.51322265625 0.4323956046875 0.5135546875 0.431655678125 0.517529296875 0.4286739921875 0.517861328125 0.42793406562499997 0.517861328125 0.42743589687499994 0.5165332031250001 0.4264468859375 0.512900390625 0.42594871718749994 0.484130859375 0.425699634375 0.47982421875 0.4261978015625 0.46130859375 0.4266886453125 0.45999023437500003 0.42768498125
0 0.513349609375 0.43503296718750006 0.517529296875 0.4338974359375 0.5191015625000001 0.43217582343750005 0.52568359375 0.4312380953125 0.527587890625 0.428842490625 0.526240234375 0.4261025640625 0.52322265625 0.4243076921875 0.513203125 0.4231941390625 0.5101171875 0.4236483515625 0.508134765625 0.424886446875 0.50734375 0.4264835171875 0.507861328125 0.42831501875000005 0.507041015625 0.43106227031250005 0.508583984375 0.4335091578125 0.510283203125 0.4346959703125 0.513349609375 0.43503296718750006
1 0.5257910156250001 0.4264468859375 0.5148828125 0.4271868125 0.5135546875 0.42818315 0.5135546875 0.4286739921875 0.5148828125 0.4296703296875 0.516865234375 0.4296703296875 0.5257910156250001 0.42892307656249995 0.538359375 0.4269377296875 0.5462988281250001 0.42495238124999996 0.5476171875 0.42396337031250003 0.5476171875 0.42346520156249995 0.5462988281250001 0.422476190625 0.545302734375 0.422476190625 0.5390234375 0.4242124546875 0.5324121093749999 0.42545055 0.5257910156250001 0.4264468859375
1 0.504296875 0.44876923125 0.504296875 0.44951648281249995 0.505625 0.45050549375 0.5062792968750001 0.45050549375 0.507607421875 0.44951648281249995 0.50892578125 0.44703296718749996 0.5105859374999999 0.4408351640625 0.51388671875 0.431655678125 0.51388671875 0.430908425 0.512568359375 0.42991941406249995 0.5119042968749999 0.42991941406249995 0.51025390625 0.431655678125 0.50595703125 0.445794871875 0.504296875 0.44876923125
2 0.48709960937499996 0.45695970625 0.46263671874999995 0.45794871718749997 0.45601562500000004 0.4584468859375 0.454697265625 0.45943589687499997 0.454697265625 0.459934065625 0.45601562500000004 0.4609230765625 0.45833007812500004 0.4609230765625 0.47123046874999996 0.459934065625 0.48709960937499996 0.45943589687499997 0.5264550781249999 0.45943589687499997 0.529765625 0.45769963437500005 0.5300878906250001 0.45695970625 0.5300878906250001 0.4564615390625 0.52876953125 0.4554652015625 0.52810546875 0.4554652015625 0.527119140625 0.4557142859375 0.5257910156250001 0.45695970625 0.48709960937499996 0.45695970625
0 0.53345703125 0.457479853125 0.5322851562500001 0.4551721609375 0.529736328125 0.45369963437500005 0.526337890625 0.45325274687499995 0.520517578125 0.454542125 0.5175195312499999 0.45410256406249994 0.51521484375 0.45489377343750004 0.51265625 0.4572893765625 0.513466796875 0.460161171875 0.51591796875 0.46222710625 0.519697265625 0.4626446890625 0.525556640625 0.46368498125 0.5281445312499999 0.46295970625000005 0.53322265625 0.4591721609375 0.53345703125 0.457479853125
1 0.5340625 0.4519926734375 0.52876953125 0.45422710625 0.5284375 0.45497435937499997 0.527119140625 0.4557142859375 0.5267871093750001 0.45695970625 0.52810546875 0.45794871718749997 0.52943359375 0.45745055 0.529765625 0.45769963437500005 0.5300878906250001 0.45695970625 0.5324121093749999 0.4554652015625 0.5476171875 0.44827106250000004 0.554892578125 0.445794871875 0.561181640625 0.4443076921875 0.5625 0.4433113546875 0.5625 0.4428131875 0.561181640625 0.4418241765625 0.560185546875 0.4418241765625 0.550263671875 0.44454944999999996 0.5376953125 0.4497655671875 0.5340625 0.4519926734375
1 0.527451171875 0.4621684984375 0.5284375 0.46265934062499997 0.530751953125 0.465391940625 0.531748046875 0.46589010937499997 0.544638671875 0.47878388281250006 0.54728515625 0.48226373593750005 0.5476171875 0.4820146515625 0.5489453125 0.48250549375 0.550263671875 0.4815164828125 0.550263671875 0.48101831562499997 0.546630859375 0.47704761875 0.546630859375 0.47655677656249995 0.545634765625 0.4760586078125 0.541669921875 0.4720879125 0.541669921875 0.47158974374999996 0.5376953125 0.46811721562499997 0.5367089843749999 0.46663003593749997 0.5357128906249999 0.46613919375 0.5333984375 0.46340659375 0.530419921875 0.4609230765625 0.5277734374999999 0.45745055 0.526123046875 0.45695970625 0.5248046875 0.45794871718749997 0.5248046875 0.4584468859375 0.527451171875 0.4621684984375
0 0.5322265625 0.49731868125 0.531875 0.4943663 0.530771484375 0.49286446875 0.52794921875 0.491794871875 0.5237695312499999 0.49141391875 0.5179785156250001 0.491882784375 0.5146875 0.49361904687499997 0.51306640625 0.4965787546875 0.514052734375 0.49922344374999994 0.51646484375 0.5004542125 0.5207421875 0.500388278125 0.5223925781250001 0.500344321875 0.52568359375 0.50158974375 0.529931640625 0.5001904765625 0.5322265625 0.49731868125
1 0.527451171875 0.4775457875 0.5264550781249999 0.48424175781249995 0.5244726562500001 0.4901978015625 0.52380859375 0.4964029296875 0.52513671875 0.49739194062500003 0.5257910156250001 0.49739194062500003 0.527119140625 0.4964029296875 0.5277734374999999 0.4904468859375 0.52943359375 0.48573626406250003 0.530419921875 0.47928205156250003 0.53306640625 0.4693626375 0.53306640625 0.46861538437499994 0.531748046875 0.4676263734375 0.531083984375 0.4676263734375 0.529765625 0.46861538437499994 0.52943359375 0.46961172187500005 0.527451171875 0.4775457875
1 0.5340625 0.501611721875 0.541005859375 0.5053333328125 0.551591796875 0.5132673999999999 0.55357421875 0.516 0.55390625 0.515750915625 0.555224609375 0.516249084375 0.55654296875 0.515252746875 0.5562207031249999 0.5140146515625 0.555556640625 0.5137655671875 0.55357421875 0.51104029375 0.544970703125 0.50458608125 0.542001953125 0.5030989015625 0.540673828125 0.5018608062500001 0.540009765625 0.5018608062500001 0.52943359375 0.4968937734375 0.52810546875 0.49615384687499997 0.5277734374999999 0.49540659375 0.526123046875 0.4949157515625 0.5248046875 0.49590476250000004 0.526123046875 0.49813919375 0.5340625 0.501611721875
2 0.45634765625 0.5269157515625 0.455029296875 0.5279047625 0.455029296875 0.5284029296874999 0.45634765625 0.529391940625 0.45734375 0.529391940625 0.46626953125000004 0.527655678125 0.50529296875 0.5236923078125 0.5142187500000001 0.52095970625 0.5148828125 0.5197216124999999 0.5135546875 0.518725275 0.512568359375 0.518725275 0.503310546875 0.5214578750000001 0.464287109375 0.525428571875 0.45634765625 0.5269157515625
1 0.520498046875 0.336886446875 0.515869140625 0.340109890625 0.515546875 0.3408571421875 0.51322265625 0.34259340625 0.5105859374999999 0.34358241718750004 0.51025390625 0.3443296703125 0.508271484375 0.34556776562499997 0.507939453125 0.3468131875 0.5092578125 0.34780219843750004 0.510908203125 0.3475531140625 0.511240234375 0.3468131875 0.5135546875 0.3450769234375 0.5162011718749999 0.3440805859375 0.5165332031250001 0.343340659375 0.5234765625 0.3381245421875 0.52380859375 0.336886446875 0.522490234375 0.3358974359375 0.521826171875 0.3358974359375 0.521162109375 0.336388278125 0.520830078125 0.3361465203125 0.520498046875 0.336886446875
0 0.504990234375 0.35025641093750004 0.509443359375 0.350754578125 0.5143164062500001 0.3523516484375 0.517412109375 0.3524395609375 0.5195703125 0.3518241765625 0.5217871093750001 0.349663003125 0.522333984375 0.3461904765625 0.519306640625 0.343457875 0.513173828125 0.34311355312499997 0.50978515625 0.3417582421875 0.506552734375 0.341846153125 0.5047265624999999 0.3427399265625 0.50236328125 0.34459340625 0.501787109375 0.346293040625 0.50294921875 0.34859340625 0.504990234375 0.35025641093750004
2 0.46263671874999995 0.34706227031250003 0.46130859375 0.34805128281250003 0.46130859375 0.34854945000000004 0.46263671874999995 0.34953846093749996 0.463623046875 0.34953846093749996 0.47056640625 0.348300365625 0.49537109375000005 0.34730402968749996 0.5006640625000001 0.34730402968749996 0.50462890625 0.34780219843750004 0.5095898437499999 0.3475531140625 0.5165332031250001 0.3492893765625 0.517529296875 0.3492893765625 0.51884765625 0.348300365625 0.51884765625 0.34780219843750004 0.517529296875 0.3468131875 0.5099218750000001 0.3450769234375 0.50462890625 0.3453260078125 0.5006640625000001 0.34482783906250003 0.49503906249999996 0.34482783906250003 0.483466796875 0.3450769234375 0.46758789062500006 0.346065934375 0.46263671874999995 0.34706227031250003
1 0.47883789062500004 0.322747253125 0.48478515624999996 0.32398534843750004 0.5049609375 0.324981684375 0.511240234375 0.3257216125 0.512900390625 0.3257216125 0.5142187500000001 0.32473260000000004 0.5142187500000001 0.32423443281250003 0.512900390625 0.323245421875 0.50099609375 0.322249084375 0.48776367187499997 0.3217582421875 0.47883789062500004 0.3202637359375 0.47750976562499997 0.3212600734375 0.47750976562499997 0.3217582421875 0.47883789062500004 0.322747253125
1 0.5254589843749999 0.308358975 0.522822265625 0.31059340625 0.522822265625 0.3110842484375 0.5191796875 0.314564103125 0.5191796875 0.3150549453125 0.515546875 0.318527471875 0.51388671875 0.3207619046875 0.512236328125 0.32423443281250003 0.512236328125 0.324981684375 0.5135546875 0.3259706953125 0.5142187500000001 0.3259706953125 0.515546875 0.324981684375 0.5162011718749999 0.322747253125 0.51818359375 0.320021978125 0.521826171875 0.316542125 0.521826171875 0.3160512828125 0.5254589843749999 0.31257875468749996 0.5254589843749999 0.3120805859375 0.52810546875 0.30984615312499997 0.52810546875 0.3093479859375 0.529765625 0.308109890625 0.5300878906250001 0.30687179531250003 0.52876953125 0.3058754578125 0.52810546875 0.3058754578125 0.527451171875 0.3063736265625 0.527119140625 0.30612454218749996 0.5254589843749999 0.308358975
0 0.5088769531249999 0.328791209375 0.511083984375 0.32968498125 0.516279296875 0.329978021875 0.521123046875 0.32859340625 0.5227929687499999 0.325619046875 0.522451171875 0.3239633703125 0.520390625 0.3210769234375 0.5165625 0.3199926734375 0.51130859375 0.3201978015625 0.5087890625 0.32157509218749997 0.507275390625 0.325201465625 0.50734375 0.3266373625 0.5088769531249999 0.328791209375
2 0.469580078125 0.32349450625 0.46825195312499995 0.3244835171875 0.46825195312499995 0.324981684375 0.469580078125 0.3259706953125 0.47982421875 0.32473260000000004 0.48544921875 0.3244835171875 0.502978515625 0.324981684375 0.515869140625 0.3259706953125 0.51818359375 0.3259706953125 0.51951171875 0.324981684375 0.51951171875 0.3244835171875 0.51818359375 0.32349450625 0.515869140625 0.323245421875 0.492724609375 0.322 0.48544921875 0.322 0.47950195312500005 0.322249084375 0.4708984375 0.323245421875 0.469580078125 0.32349450625
3 0.483466796875 0.3120805859375 0.482802734375 0.31406593437499997 0.482802734375 0.316791209375 0.483798828125 0.3175384609375 0.483798828125 0.322 0.48611328125000003 0.3244835171875 0.48677734375000004 0.32646886406250003 0.48511718750000005 0.3326739921875 0.48511718750000005 0.3353992671875 0.48544921875 0.33837362656250003 0.48709960937499996 0.341846153125 0.48709960937499996 0.3577289375 0.48809570312500006 0.36219047656250003 0.48809570312500006 0.372117215625 0.48909179687500004 0.37583882812499997 0.48809570312500006 0.38377289375 0.48875976562499995 0.3919633703125 0.488427734375 0.4363663 0.49107421875 0.45943589687499997 0.49107421875 0.46265934062499997 0.490078125 0.4676263734375 0.4907421875 0.48523809531250006 0.4907421875 0.49218314999999996 0.48974609375 0.5003736265625001 0.490078125 0.5142637359375 0.487431640625 0.52418315 0.488427734375 0.5561904765625 0.48709960937499996 0.568344321875 0.48709960937499996 0.5738021984375 0.48809570312500006 0.5916630031250001 0.48544921875 0.6018315015625 0.48544921875 0.6608791203125 0.48478515624999996 0.6695604390625001 0.48511718750000005 0.6866739921875 0.48709960937499996 0.698336996875 0.487431640625 0.7052820515625 0.488427734375 0.706021978125 0.48974609375 0.7062710625 0.49140625 0.7052820515625 0.49140625 0.7020586078125 0.48909179687500004 0.6866739921875 0.48875976562499995 0.6794798531249999 0.48875976562499995 0.6695604390625001 0.4894140625 0.6608791203125 0.48909179687500004 0.6122490843749999 0.4894140625 0.6020805859375 0.492060546875 0.5919120875 0.49107421875 0.5735531140625 0.49107421875 0.56859340625 0.49239257812500004 0.556432234375 0.49140625 0.5244322343750001 0.49404296875 0.5145128203125 0.493720703125 0.5003736265625001 0.49470703125000004 0.49218314999999996 0.49404296875 0.4678754578125 0.49503906249999996 0.462908425 0.49503906249999996 0.45943589687499997 0.49239257812500004 0.43611721562500005 0.492724609375 0.3919633703125 0.492060546875 0.38377289375 0.493056640625 0.37583882812499997 0.492060546875 0.372117215625 0.492060546875 0.3619413921875 0.49107421875 0.35747985312499997 0.49107421875 0.3413553109375 0.48974609375 0.3388717953125 0.48909179687500004 0.3353992671875 0.48909179687500004 0.3326739921875 0.4907421875 0.32621977968750004 0.490078125 0.3237362640625 0.48776367187499997 0.3212600734375 0.48776367187499997 0.316542125 0.48677734375000004 0.3158021984375 0.487431640625 0.3115824171875 0.4864453125 0.3093479859375 0.48544921875 0.308608059375 0.484130859375 0.308358975 0.482470703125 0.3093479859375 0.482470703125 0.310344321875 0.483466796875 0.3120805859375
2 0.44577148437499997 0.6308571421875 0.4566796875 0.632344321875 0.48511718750000005 0.63259340625 0.492060546875 0.633091575 0.516865234375 0.63358974375 0.517197265625 0.633838828125 0.515546875 0.63581685 0.515546875 0.63631501875 0.516865234375 0.6373113546875 0.518515625 0.6368131875 0.521826171875 0.63259340625 0.521826171875 0.6320952375 0.520498046875 0.6311062265625 0.492060546875 0.630608059375 0.48511718750000005 0.630117215625 0.4566796875 0.6298681312500001 0.44577148437499997 0.628380953125 0.444443359375 0.6293699640625 0.444443359375 0.6298681312500001 0.44577148437499997 0.6308571421875
2 0.45701171875 0.695113553125 0.459326171875 0.6953553109375 0.474541015625 0.6963516484375 0.49404296875 0.6966007328125 0.5142187500000001 0.6963516484375 0.51818359375 0.6953553109375 0.52380859375 0.6993260078125 0.5244726562500001 0.6993260078125 0.5257910156250001 0.698336996875 0.5254589843749999 0.697340659375 0.51884765625 0.6926300359375 0.5135546875 0.69386813125 0.507275390625 0.6941172156250001 0.474541015625 0.69386813125 0.45701171875 0.6926300359375 0.45568359375 0.693619046875 0.45568359375 0.6941172156250001 0.45701171875 0.695113553125
1 0.506611328125 0.67476923125 0.506611328125 0.6752674 0.507939453125 0.6762564109375 0.5095898437499999 0.6757582421875 0.51025390625 0.675018315625 0.51455078125 0.668564103125 0.515546875 0.6663296703125 0.522490234375 0.6576483515625 0.522490234375 0.657157509375 0.521162109375 0.656161171875 0.520498046875 0.656161171875 0.51951171875 0.656659340625 0.515546875 0.6613699640624999 0.506611328125 0.67476923125
1 0.520830078125 0.6588937734375 0.5221582031249999 0.6598827843749999 0.52943359375 0.6596337 0.539677734375 0.6606300359375 0.5476171875 0.662117215625 0.5489453125 0.662117215625 0.550263671875 0.6611208796875 0.550263671875 0.6606300359375 0.5489453125 0.6596337 0.540009765625 0.6581465203125 0.529765625 0.657157509375 0.5254589843749999 0.657157509375 0.5221582031249999 0.6573992671875 0.520830078125 0.6583956046874999 0.520830078125 0.6588937734375
0 0.5258984375 0.6622857140625 0.527578125 0.6604835171875 0.52759765625 0.6571501828125 0.523828125 0.653750915625 0.521259765625 0.6523296703125 0.516826171875 0.6517655671875 0.512255859375 0.6524908421875 0.509306640625 0.6535970703125 0.508056640625 0.6554212453125 0.508642578125 0.6588278390625 0.51146484375 0.66050549375 0.51650390625 0.66249816875 0.519580078125 0.662249084375 0.524208984375 0.6629890109375001 0.5258984375 0.6622857140625
2 0.48544921875 0.6578974359374999 0.45833007812500004 0.6581465203125 0.4480859375 0.6573992671875 0.4467578125 0.6583956046874999 0.4467578125 0.6588937734375 0.4480859375 0.6598827843749999 0.45799804687499995 0.6606300359375 0.48544921875 0.660380953125 0.49470703125000004 0.659384615625 0.508271484375 0.6586446890625 0.51818359375 0.6573992671875 0.522490234375 0.66013186875 0.5234765625 0.66013186875 0.5248046875 0.65913553125 0.524140625 0.6581465203125 0.5244726562500001 0.6578974359374999 0.5221582031249999 0.656908425 0.5198437499999999 0.6551721609375 0.517529296875 0.6549230765625 0.508271484375 0.656161171875 0.49470703125000004 0.656908425 0.48544921875 0.6578974359374999
1 0.49735351562499996 0.6442564109375 0.497685546875 0.64450549375 0.497021484375 0.64549450625 0.49834960937500006 0.6464908421875 0.5 0.6462417578124999 0.502314453125 0.64450549375 0.507607421875 0.64177289375 0.511572265625 0.638798534375 0.51884765625 0.63631501875 0.51951171875 0.6350769234375 0.51818359375 0.6340805859375 0.517529296875 0.6340805859375 0.5099218750000001 0.636564103125 0.50595703125 0.6395384609375 0.49735351562499996 0.6442564109375
1 0.5370410156250001 0.6251501828125 0.531083984375 0.6281318687499999 0.51818359375 0.63358974375 0.517197265625 0.6340805859375 0.5165332031250001 0.6353260078125 0.517861328125 0.63631501875 0.520498046875 0.6355750921875 0.5324121093749999 0.630117215625 0.53306640625 0.630117215625 0.5333984375 0.629619046875 0.53935546875 0.6266446890624999 0.5476171875 0.6234139187500001 0.54861328125 0.6229230765625 0.54927734375 0.6216776562499999 0.54794921875 0.6206886453125 0.54728515625 0.6206886453125 0.542001953125 0.6231648359374999 0.53736328125 0.624659340625 0.5370410156250001 0.6251501828125
0 0.51015625 0.6348864468750001 0.510966796875 0.636842490625 0.5147167968749999 0.6391941390625 0.519169921875 0.6400146515625 0.5232812499999999 0.6392674 0.525341796875 0.636791209375 0.53068359375 0.6338681312500001 0.5315820312499999 0.6320366296875 0.530966796875 0.6304249078125 0.529267578125 0.6293260078125 0.52478515625 0.62876923125 0.522509765625 0.627882784375 0.519384765625 0.6284029296875 0.51615234375 0.6279047624999999 0.51359375 0.6286300359375 0.511552734375 0.630725275 0.51015625 0.6348864468750001
1 0.52876953125 0.5988571421875 0.52876953125 0.5993553109375 0.5300878906250001 0.600344321875 0.531083984375 0.600344321875 0.54728515625 0.597619046875 0.54861328125 0.5966227109375 0.54861328125 0.5961245421875 0.54728515625 0.59513553125 0.5462988281250001 0.59513553125 0.531083984375 0.597619046875 0.5300878906250001 0.59786080625 0.52876953125 0.5988571421875
1 0.5347265625000001 0.5901758234375001 0.52876953125 0.5933992671875 0.5267871093750001 0.5956337 0.52513671875 0.5966227109375 0.5248046875 0.59786080625 0.526123046875 0.5988571421875 0.5277734374999999 0.598608059375 0.529765625 0.5963736265625 0.5370410156250001 0.5916630031250001 0.545302734375 0.5879413921875 0.554892578125 0.5849670328125 0.555888671875 0.583472528125 0.554560546875 0.5824835171875 0.55357421875 0.5824835171875 0.54794921875 0.5842197796875 0.535380859375 0.589428571875 0.5347265625000001 0.5901758234375001
0 0.53474609375 0.6009377296875 0.5343652343749999 0.5963296703125 0.531845703125 0.5940805859375 0.52884765625 0.592908425 0.51611328125 0.5929010984375 0.513876953125 0.5937875453125 0.511435546875 0.59618315 0.51083984375 0.5983736265624999 0.51197265625 0.6004395609375 0.51345703125 0.6014212453125001 0.515986328125 0.601926740625 0.518564453125 0.6014432234375 0.5198437499999999 0.6013992671875 0.523232421875 0.6032600734375 0.5311914062499999 0.603567765625 0.53474609375 0.6009377296875
2 0.45601562500000004 0.5956337 0.45601562500000004 0.5961245421875 0.45734375 0.5971208796874999 0.4623046875 0.5973699640625 0.47552734374999994 0.5973699640625 0.478173828125 0.5968717953125 0.487431640625 0.5971208796874999 0.48909179687500004 0.5966227109375 0.49107421875 0.5973699640625 0.50859375 0.597619046875 0.5148828125 0.598608059375 0.5257910156250001 0.598608059375 0.5300878906250001 0.600344321875 0.530751953125 0.600344321875 0.532080078125 0.5993553109375 0.531416015625 0.598109890625 0.526123046875 0.5961245421875 0.51521484375 0.5961245421875 0.50892578125 0.59513553125 0.504296875 0.594886446875 0.49140625 0.594886446875 0.48809570312500006 0.5938974359375 0.48677734375000004 0.5946373625 0.45734375 0.5946373625 0.45601562500000004 0.5956337
1 0.5 0.5648717953125 0.493388671875 0.5673479859375 0.492724609375 0.56859340625 0.49404296875 0.5695824171874999 0.49470703125000004 0.5695824171874999 0.49966796875 0.5675970703125001 0.5062792968750001 0.5661098906250001 0.5099218750000001 0.5648717953125 0.5191796875 0.56313553125 0.520498046875 0.56213919375 0.520498046875 0.5616483515625 0.5191796875 0.5606520140625 0.51818359375 0.5606520140625 0.51025390625 0.56213919375 0.506611328125 0.563384615625 0.5 0.5648717953125
0 0.5205957031249999 0.7021978015625 0.5239453125 0.7021758234375 0.5263671875 0.7013992671875 0.528701171875 0.6986300359375 0.52880859375 0.6953040296874999 0.527197265625 0.6921978015625 0.525595703125 0.6910989015625 0.52099609375 0.6900366296875 0.513896484375 0.6906227109375 0.512216796875 0.6923076921875 0.511708984375 0.6949450546875 0.5130078124999999 0.6974139187499999 0.5166796875 0.6990109890625 0.518681640625 0.7013699640625 0.5205957031249999 0.7021978015625
1 0.5426562500000001 0.6782417578125 0.5201757812500001 0.6953553109375 0.5198437499999999 0.6963516484375 0.521162109375 0.697340659375 0.5221582031249999 0.697340659375 0.527451171875 0.693619046875 0.532080078125 0.6896556781250001 0.545634765625 0.6794798531249999 0.546630859375 0.6779926734374999 0.5505957031250001 0.67476923125 0.5505957031250001 0.6742710625 0.54927734375 0.6732820515625 0.54861328125 0.6732820515625 0.544638671875 0.6757582421875 0.544638671875 0.6762564109375 0.5426562500000001 0.6782417578125
1 0.522822265625 0.5648717953125 0.5267871093750001 0.566608059375 0.54927734375 0.57231501875 0.550263671875 0.57231501875 0.551591796875 0.57131868125 0.551591796875 0.5708205125 0.550263671875 0.5698315015625 0.52810546875 0.5643736265625 0.5234765625 0.5626373625000001 0.5221582031249999 0.5636263734375 0.5221582031249999 0.5641245421875001 0.522822265625 0.5648717953125
0 0.509404296875 0.5649450546875 0.511611328125 0.565340659375 0.513876953125 0.5646666671875 0.51658203125 0.5655164828125 0.520302734375 0.5680073265625001 0.52275390625 0.5685128203125001 0.52529296875 0.5681245421875001 0.5273828125 0.56659340625 0.52828125 0.5638754578125 0.527685546875 0.561472528125 0.5245898437500001 0.55931868125 0.522822265625 0.5568351640625 0.5208398437499999 0.5557435890625 0.518603515625 0.5553699640625 0.5097265625 0.556520146875 0.506611328125 0.5582417578125 0.50515625 0.5598315015625001 0.505234375 0.5615604390625 0.50669921875 0.56341391875 0.509404296875 0.5649450546875
1 0.52943359375 0.7050329671875 0.531748046875 0.706021978125 0.5324121093749999 0.70676923125 0.5367089843749999 0.7085054937499999 0.53935546875 0.7102417578125 0.540009765625 0.7102417578125 0.545634765625 0.712974359375 0.5476171875 0.7134652015625 0.5489453125 0.712476190625 0.5482812499999999 0.7112380953125 0.541337890625 0.7082564109375 0.53869140625 0.706520146875 0.5380273437499999 0.706520146875 0.531083984375 0.7027985343750001 0.5254589843749999 0.69858608125 0.5248046875 0.697091575 0.5234765625 0.6961025640625 0.522822265625 0.6961025640625 0.521494140625 0.697091575 0.522822265625 0.700073259375 0.52943359375 0.7050329671875
2 0.477177734375 0.5613992671875 0.467919921875 0.5611501828125001 0.4666015625 0.56213919375 0.4666015625 0.5626373625000001 0.467919921875 0.5636263734375 0.477177734375 0.5638754578125 0.483134765625 0.56313553125 0.5062792968750001 0.562388278125 0.51455078125 0.5613992671875 0.52380859375 0.5653626375 0.5244726562500001 0.5653626375 0.5257910156250001 0.5643736265625 0.52513671875 0.56313553125 0.524140625 0.5626373625000001 0.51521484375 0.5589157515625 0.51388671875 0.5589157515625 0.5062792968750001 0.5599120875 0.483134765625 0.5606520140625 0.477177734375 0.5613992671875
1 0.506611328125 0.5269157515625 0.507939453125 0.529641025 0.50892578125 0.53013919375 0.51025390625 0.5318754578125 0.51951171875 0.5380805859375 0.522822265625 0.5408058609374999 0.52876953125 0.5437802203125 0.531416015625 0.5457655671875 0.5324121093749999 0.5457655671875 0.53373046875 0.54477655625 0.5333984375 0.5437802203125 0.530419921875 0.5415531140625001 0.524140625 0.53832234375 0.510908203125 0.5284029296874999 0.5099218750000001 0.5264175828125001 0.5095898437499999 0.521208790625 0.508271484375 0.5202197796875 0.507607421875 0.5202197796875 0.5062792968750001 0.521208790625 0.5062792968750001 0.523934065625 0.506611328125 0.5269157515625
1 0.510908203125 0.5202197796875 0.512236328125 0.521208790625 0.512900390625 0.521208790625 0.51455078125 0.5197216124999999 0.516865234375 0.5137655671875 0.520830078125 0.50632234375 0.520830078125 0.5055824171875 0.51951171875 0.50458608125 0.51884765625 0.50458608125 0.517197265625 0.506073259375 0.510908203125 0.519472528125 0.510908203125 0.5202197796875
0 0.5042187499999999 0.527926740625 0.510869140625 0.527699634375 0.514677734375 0.5246739921875 0.51732421875 0.5240219781250001 0.51896484375 0.52250549375 0.518818359375 0.5202857140625 0.51541015625 0.516974359375 0.5066796874999999 0.5167619046875 0.50388671875 0.518161171875 0.500517578125 0.519252746875 0.49880859375000003 0.52204395625 0.5005566406249999 0.526073259375 0.5042187499999999 0.527926740625