2 0.5545338671875 0.271451678125 0.55175605625 0.26965669999999997 0.548462015625 0.26988704218750004 0.532130240625 0.2730182921875 0.48670267031250003 0.2766882859375 0.478071034375 0.276297259375 0.47557006875 0.2784613640625 0.47563927968749997 0.279451134375 0.478416546875 0.28123831875 0.48639353124999996 0.2816751234375 0.5331304046875001 0.2779135734375 0.55210156875 0.27459775937500003 0.554603078125 0.2724414484375 0.5545338671875 0.271451678125
2 0.5333083875 0.394098240625 0.555642803125 0.39154185625000004 0.5595675515625 0.390774021875 0.5678880078125 0.386714978125 0.569034946875 0.384152165625 0.566257134375 0.3823571890625 0.564937440625 0.3824494703125 0.55790234375 0.38592524375 0.5546426390625 0.38664657343750003 0.46871241093749993 0.3981140109375 0.46478820625 0.39888963906249997 0.4622970890625 0.40104522343750004 0.46236629999999995 0.40203499374999996 0.46513371875000004 0.40383069843749997 0.46909280156250005 0.4035538515625 0.49395266718749997 0.3993328703125 0.512362334375 0.39754432031250003 0.5333083875 0.394098240625
2 0.57330839375 0.49260262031249996 0.566055271875 0.4931098078125 0.5569760734375 0.49572607656249995 0.46272389374999995 0.5018234421875001 0.460222384375 0.503979753125 0.46029159531249997 0.5049695234375 0.46306940625 0.5067645015625 0.5579762374999999 0.5006213578125001 0.567065828125 0.4980043625 0.57365390625 0.4975436796875 0.5761444796874999 0.49538030156249996 0.57607526875 0.49439053125 0.57330839375 0.49260262031249996
2 0.5785127937500001 0.6049585859375 0.5757349828125 0.6031636078125 0.5737606375000001 0.60330166875 0.5627659140625 0.60704649375 0.49553109375000004 0.6112546203125 0.476948128125 0.6105648484375 0.4744471609375 0.612728953125 0.47451637343749997 0.6137187234375 0.477293640625 0.6155059078125 0.49587660624999996 0.6161956796875 0.56377646875 0.6119410484375 0.5760804953124999 0.6081046671875 0.5785814609375 0.6059405625000001 0.5785127937500001 0.6049585859375
2 0.5836131046874999 0.7158259984375 0.5725257734375 0.71809713125 0.5475170921875 0.7203392984375 0.5026510203125001 0.7224820296875001 0.4940438703125 0.7225905109374999 0.485997675 0.721163934375 0.4835071 0.7233273125 0.4835763109375 0.724317084375 0.4863431875 0.72610499375 0.4930800796875 0.727623125 0.5029965328125 0.7274230890625 0.564332803125 0.7241286484375 0.5813644984375 0.7214496765625 0.5839591625 0.7207748515625 0.5864601265625 0.718610746875 0.586390915625 0.717620975 0.5836131046874999 0.7158259984375
0 0.561186921875 0.2780427015625 0.561893575 0.27560465624999997 0.5596898328125001 0.2723128640625 0.5564599671875 0.26957838125 0.5463646171875001 0.2678173703125 0.5435983531249999 0.2679794796875 0.54150555625 0.2694102015625 0.5392422078125 0.2727324265625 0.5396974140624999 0.27640493125 0.5441662375 0.2804311359375 0.54509646875 0.28283303437499996 0.5482250343749999 0.2860601578125 0.5502297515625 0.2869537421875 0.552203515625 0.28695669218750003 0.557402909375 0.2847057046875 0.5582009109375 0.27999011406249996 0.561186921875 0.2780427015625
0 0.574171109375 0.3854768 0.5702394734375 0.38091964375 0.568206853125 0.3800749984375 0.5649632078125 0.379980721875 0.56292208125 0.38035839843749997 0.556769775 0.383467009375 0.5540713687500001 0.387884753125 0.554936009375 0.39233527968750004 0.5565365484375 0.39551262187499997 0.5624320359375 0.39813902031250004 0.564751546875 0.3977105515625 0.5678534625 0.39592732812500003 0.5688002765625 0.393190553125 0.5737248515625 0.3898466984375 0.5745912609375 0.387154703125 0.574171109375 0.3854768
0 0.5765308578125 0.49209534687499995 0.5728932203125 0.490697253125 0.5696789671875 0.49117262500000003 0.5624881640625 0.48958442343749997 0.5593313546875 0.4899852953125 0.5575157796875 0.49164724218750006 0.5553238515625 0.49808144218750006 0.5571805046875 0.5005908546875 0.56297833125 0.5022686296875001 0.5694836765625 0.5024167640625 0.571721803125 0.5015710796875 0.5738399265624999 0.49945724062499997 0.5768168499999999 0.49887315781249997 0.5783741296875 0.4978479671875 0.5790135671875001 0.4951953390625 0.5765308578125 0.49209534687499995
0 0.5759440828125 0.60242065 0.57426036875 0.6016377562499999 0.5718572921875 0.6016178375 0.5666810453125 0.6031545328125001 0.561379734375 0.6061879718750001 0.5607949046875 0.609173540625 0.57128371875 0.61880126875 0.5734613093750001 0.61947914375 0.5754405953124999 0.619262421875 0.5792792015625 0.617412021875 0.5805117734375 0.6157751796875 0.5808963328125001 0.6132108578125 0.5797948265625 0.6111968515624999 0.5803340921875 0.6089036484375 0.579703646875 0.6061596921875 0.5759440828125 0.60242065
0 0.585707175 0.7136668515625 0.578924275 0.714626715625 0.5749160718749999 0.7144997546875 0.571485634375 0.7156167703125 0.5696676968750001 0.71799155625 0.569506515625 0.7195691421875 0.5706748421875 0.7211947296875 0.5777298578125001 0.725619625 0.5800803234374999 0.726081790625 0.5841647203125 0.7255064124999999 0.5900034390625 0.7210492046875 0.5905635609375001 0.7184569421875 0.5892867859375001 0.71528045625 0.5876431140625 0.7140248671875 0.585707175 0.7136668515625
1 0.5697687171875 0.612516640625 0.5713652578125 0.6163834406250001 0.5730599828125 0.6500268640625 0.5758274015625 0.6518225671875 0.577147096875 0.6517302859375 0.5796480609375 0.6495661796875 0.5779184578125001 0.615423975 0.5763567968750001 0.6120559562500001 0.573589921875 0.610268046875 0.5722702265625 0.610360328125 0.5697687171875 0.612516640625
1 0.6024952390625 0.2566794515625 0.600510503125 0.2568182375 0.5857055124999999 0.2628187234375 0.555326396875 0.273377646875 0.5527562203125 0.2745519828125 0.5516196734375 0.2771140671875 0.5543870921875 0.27890977031249997 0.5563718296875 0.27877098437500003 0.60027003125 0.262787053125 0.60412556875 0.26102944687499996 0.6053313265625 0.2594571328125 0.605262115625 0.2584673625 0.6024952390625 0.2566794515625
1 0.55324015625 0.2814725828125 0.5531366109375 0.2799918234375 0.550369190625 0.27819612031249996 0.5490494953125 0.2782884015625 0.5471443625 0.27941623125000004 0.5442301671875 0.285078621875 0.5419732109375001 0.3001399359375 0.54234470625 0.3150096171875 0.5433203828125001 0.319405390625 0.546087803125 0.3212010953125 0.547407496875 0.3211088125 0.5499084625 0.3189447078125 0.548561290625 0.2996792515625 0.5503608390625 0.28763375468749997 0.55324015625 0.2814725828125
1 0.5800291234375 0.380399546875 0.5639393171875 0.386991096875 0.5627923796875 0.389553909375 0.5655592546875 0.39134181875 0.5739941921875 0.3887706015625 0.6168922296875 0.3678913875 0.6187973625 0.36676355781250003 0.6199443015625 0.3642007453125 0.6171670359375 0.3624135625 0.615847340625 0.36250584375 0.5800291234375 0.380399546875
1 0.55515255625 0.40349579843749994 0.5594207765625 0.3982321140625 0.5644227078124999 0.39390390468750003 0.5649394812499999 0.3918863796875 0.5621616687500001 0.3900914015625 0.5608419765625 0.390183684375 0.5551609078124999 0.39405816250000003 0.5552301187500001 0.395047934375 0.5514781265625001 0.3982862984375 0.5484952640625 0.4029667109375 0.5462461140625 0.4085825953125 0.5426325453125 0.4138005015625 0.54270175625 0.414790271875 0.5454795671875 0.4165852484375 0.5487043953125 0.4153651375 0.5529034046875 0.4091116828125 0.55515255625 0.40349579843749994
1 0.5954748671875 0.45927204843749997 0.5954056546875 0.458282278125 0.59262784375 0.45648730156250006 0.5913081499999999 0.4565795828125 0.5894030171875 0.4577074125 0.58527321875 0.4649506375 0.57723055625 0.482390084375 0.5680296171875 0.49297174843749997 0.5675477234375 0.49548805625 0.5703249890625 0.4972752390625 0.572884775 0.49610163125 0.57358469375 0.49655390937500005 0.5771529953125001 0.49083794843749995 0.5827065765625 0.48499099531249995 0.5954748671875 0.45927204843749997
1 0.564185965625 0.504157740625 0.5677548125 0.49844957343749996 0.5676856 0.49745980312500004 0.5649083328125 0.49567262031250003 0.56359903125 0.495764175 0.5616829609375 0.49688493906250003 0.557529221875 0.5036364468750001 0.5525974515625001 0.5183757499999999 0.5496838046875 0.5240459328125 0.5482969375 0.5325853515625 0.5510638140624999 0.5343732625000001 0.55238350625 0.53428098125 0.5548850171875 0.5321246687500001 0.556306215625 0.5240762375 0.5592547437500001 0.5189048374999999 0.564185965625 0.504157740625
1 0.586114203125 0.5716518921875 0.5847945078125 0.571744175 0.582303390625 0.5738997593749999 0.574769153125 0.598759315625 0.570708565625 0.6069923109375 0.570777778125 0.6079820812500001 0.57355504375 0.6097692640625 0.5767798703125 0.6085491515625 0.5797283984375 0.6033777515625001 0.581815184375 0.595290609375 0.5868744390625 0.58252378125 0.58889146875 0.5734390765625 0.586114203125 0.5716518921875
3 0.532076709375 0.6131709328125 0.5301895562500001 0.5482538140625 0.520654034375 0.42129721875000004 0.519701153125 0.3225528390625 0.514552253125 0.24892014375 0.5124743625 0.24757744375000001 0.509800640625 0.24727101875000002 0.5066444796875 0.2494731078125 0.5117933796874999 0.3231058046875 0.5127462609375 0.42185018437500005 0.5222817828124999 0.5488067796875 0.52413405625 0.6132251171875 0.5330492609374999 0.740718478125 0.5353039890625 0.7634055234375 0.53873590625 0.7651469296875 0.5413305703125 0.7644721031249999 0.5432117625 0.7628525578125 0.532076709375 0.6131709328125
1 0.591009465625 0.6889946953125 0.58910433125 0.690122525 0.5836542921875 0.6974502375 0.5730763343749999 0.7165628015625 0.5725944390625 0.7190791078125 0.5753618578124999 0.7208748125 0.5785866875 0.7196547 0.58850999375 0.7005879140625 0.5951756375 0.6916793671875 0.5951069703125 0.690697390625 0.5923291578125001 0.6889024125 0.591009465625 0.6889946953125
1 0.5770942375 0.717276453125 0.5746036625000001 0.71943983125 0.5763640624999999 0.7352070015625001 0.58291299375 0.7625589875000001 0.5856902609375 0.7643461703125001 0.5869995640625 0.764254615625 0.5895010734375 0.7620983046875 0.5893283171875 0.759627775 0.5819171 0.7293522546875 0.5811917421875 0.718979146875 0.57841393125 0.7171841703124999 0.5770942375 0.717276453125