1 0.564356478125 0.49854423125 0.5708822421875 0.49525903437499996 0.5722260953125 0.49542403906250004 0.5730271328125001 0.49449876406250004 0.5836468515625 0.4912003953125 0.5916402890625 0.4870717765625 0.6051329562500001 0.4825947484375 0.619057528125 0.47460013593749995 0.619181346875 0.47359170937500006 0.61674128125 0.471244846875 0.61473079375 0.47099799062500003 0.60086764375 0.478492359375 0.59312086875 0.4806120640625 0.5779752890625 0.48744118593749997 0.568700396875 0.4908966171875 0.5673565453125 0.4907316125 0.560819221875 0.49402345 0.5594859515625 0.49385974531250004 0.5600911640625 0.49444184062499996 0.5584996734375001 0.49629369062500006 0.5609407156249999 0.49863261249999996 0.564356478125 0.49854423125
1 0.5585620703124999 0.49578550625 0.552520025 0.49504363749999997 0.4892065546875 0.4893169796875 0.48512415625000005 0.489323509375 0.4821888125 0.4910103546875 0.48206499375 0.49201878125 0.484506034375 0.49435770312500005 0.512203215625 0.496227075 0.5511728703125 0.5005041625 0.5579439500000001 0.5008197015625 0.56087831875 0.499140796875 0.5610021374999999 0.49813236875 0.5585620703124999 0.49578550625
2 0.5518533890625 0.49496178437499994 0.559782103125 0.4969589375 0.562717446875 0.49527209218749996 0.562840290625 0.49427160625 0.560400225 0.49192474375 0.5571073078125 0.4910126390625 0.5269806390625 0.48679770468749994 0.5141060953125 0.4862405390625 0.447562103125 0.47909359531250006 0.41535197031250004 0.4751386875 0.39400589375 0.4714940890625 0.39108113125 0.47318223281250005 0.3909582875 0.47418272031250003 0.39338777187499996 0.4765282828125 0.4140672125 0.4800910296875 0.4933005078125 0.48930380937500006 0.52636251875 0.4918318984375 0.5518533890625 0.49496178437499994
0 0.5874541109375 0.3897723546875 0.58843825625 0.3850813265625 0.5853959265625 0.381515984375 0.5785906609375 0.37972931249999997 0.5733646 0.38012738281249997 0.568006453125 0.3795017265625 0.5655963125000001 0.3806727328125 0.5632140546875 0.3842410046875 0.5633796156249999 0.3871790828125 0.5643278578125 0.3886415453125 0.5675366187499999 0.3910263703125 0.570405728125 0.391628515625 0.5723590453125 0.39391561249999996 0.5749411953125 0.3946679046875 0.5793341234375 0.4001803578125 0.586554475 0.40112332500000003 0.589719803125 0.4000128046875 0.5916600671875 0.39488302656249996 0.5904509796874999 0.39169591875 0.5874541109375 0.3897723546875
1 0.5816680359374999 0.39079483125 0.57874425 0.3924750359375 0.579101825 0.395073984375 0.5927205234375 0.4228124453125 0.602366759375 0.45517323750000005 0.6048078 0.45751215937499995 0.606151653125 0.45767716406250003 0.6090754406250001 0.4559969609375 0.6092606828125 0.45448829062499996 0.6000449984375 0.4242195625 0.5848995328125 0.3922071796875 0.5816680359374999 0.39079483125
2 0.582901953125 0.38634403281249996 0.5804618859375 0.38399717031249997 0.5590534140625001 0.38086075468749997 0.5146459531249999 0.376431834375 0.41004657812499995 0.3630728015625 0.40711123593750004 0.364759646875 0.406987415625 0.3657680734375 0.40942845781250004 0.3681069953125 0.42009571875 0.369932615625 0.51402783125 0.381466028125 0.5591019265625 0.38597680156249997 0.579843765625 0.3890313640625 0.5827781328125 0.387352459375 0.582901953125 0.38634403281249996
2 0.5624500078125 0.2811152078125 0.45321386406249997 0.266679065625 0.41612029687499996 0.2636559625 0.41319553593749997 0.2653441078125 0.41307269062499996 0.26634459375 0.41550217656250005 0.2686901578125 0.453262378125 0.2717951125 0.5725615421875 0.2874668375 0.5786659859375 0.28770052343749997 0.5816003546874999 0.28602161875 0.5817241734375 0.2850131921875 0.57928410625 0.2826663296875 0.5624500078125 0.2811152078125
1 0.5633158796875 0.23522265468749998 0.561972028125 0.23505764999999998 0.5590366859375 0.23674449531250003 0.55885144375 0.23825316562499999 0.5654015593749999 0.2681865421875 0.5697639015625 0.282521025 0.572747759375 0.2859502265625 0.5740916109375 0.28611523125 0.5770259796875 0.2844363265625 0.5772112203125 0.28292765625 0.5726530578125 0.2701005453125 0.5657559484375 0.2375695171875 0.5633158796875 0.23522265468749998
3 0.456824378125 0.7142955421875 0.45712371875 0.750610709375 0.45275056874999997 0.8139579375 0.4545863953125 0.8157147640625 0.457201121875 0.81655165625 0.46080310156250004 0.8149466640625 0.4616064640625 0.8084038 0.4655606171875 0.742957865625 0.46486633125 0.71528296875 0.46847900468750003 0.6748377718749999 0.47082767031249995 0.6557094218749999 0.474077703125 0.6402623609375 0.48039661875000006 0.5832877625 0.48147906406249996 0.552252346875 0.4858951 0.505264284375 0.4887090640625 0.460126771875 0.50419305 0.356239434375 0.506063625 0.3298950328125 0.506002315625 0.291553771875 0.5112702312499999 0.2431388921875 0.5094344015625001 0.241382065625 0.5068187 0.2405531125 0.5032176984375 0.24215016562499997 0.5003737546875 0.26531222187500003 0.4979497828125 0.2905650453125 0.4980110921875 0.32890630625 0.49614051718749996 0.3552507078125 0.48065653125 0.45913804531249996 0.47784256718749996 0.5042755578125 0.4733756890625 0.5517651625 0.4723440859375 0.5822990359375 0.4580025015625 0.6991018671875 0.456824378125 0.7142955421875
1 0.5401799375 0.318237875 0.5403037562499999 0.3172294484375 0.54549625 0.313780546875 0.5486782578125 0.3100847875 0.5552664203125001 0.30629140781249997 0.55838700625 0.3030958921875 0.5737686671875 0.294256559375 0.575852134375 0.29399653125 0.5786035890625 0.2882087078125 0.5761635218750001 0.28586184531250003 0.57481966875 0.285696840625 0.5718949062500001 0.287384984375 0.5709086296875 0.2898189296875 0.5556507859375001 0.29764983749999996 0.5495440171875 0.303033740625 0.5452034 0.305055825 0.5405019046875 0.31010448749999997 0.5353094109375001 0.313553390625 0.5343337140625 0.315988634375 0.5367631984375001 0.31833419687500003 0.5395747234375 0.31765577968750003 0.5401799375 0.318237875
0 0.5737286796875 0.27848613437499997 0.570941790625 0.2794013203125 0.5676595578125 0.28260116874999996 0.5673339609375 0.287614859375 0.5726436984375 0.29379602656250003 0.5764145921875 0.294839359375 0.580311540625 0.2946810984375 0.5858100421875 0.291801734375 0.5881496359375 0.28963067656249997 0.5884956156250001 0.28331375625 0.5871175734375 0.2816776203125 0.582159509375 0.27936816875 0.5737286796875 0.27848613437499997
0 0.5465952703125 0.7919990515625 0.5470018265625 0.7886879171875 0.546618590625 0.7870852671875 0.5440936125 0.7842927343749999 0.539778928125 0.7821670625 0.5322355671875 0.781055471875 0.5252953421875 0.7836046734375001 0.5229558390625 0.7869122125 0.5225976015625 0.7900922578125 0.5248114140625 0.7925322421875001 0.5253779796875 0.7950037109375 0.5284771953125 0.7967061 0.5282081984375 0.8000341234375 0.531369159375 0.8034205906249999 0.5334102484375001 0.8043804906249999 0.537646896875 0.8047797843750001 0.54267514375 0.8035433578125 0.54478323125 0.8005459265624999 0.54460621875 0.795164240625 0.5465952703125 0.7919990515625
1 0.5373940187499999 0.7957295078125 0.5360607484375 0.7955658031249999 0.5331254046875 0.797252646875 0.53221113125 0.7991876484375 0.526013821875 0.8219299046874999 0.5198931703125 0.8329380375 0.5197079296875 0.8344467078125 0.5221383890625 0.8367843296874999 0.523482240625 0.836949334375 0.526416609375 0.8352704296875 0.5336981984375 0.8203183812500001 0.539834084375 0.7980763703125 0.5373940187499999 0.7957295078125
1 0.5473461296875 0.792357228125 0.5691389671875 0.7868520718750001 0.5774381640625 0.7858318859375 0.5865902125 0.783376940625 0.5954946234375 0.7829388500000001 0.5984299656250001 0.7812520046875 0.5985537859375001 0.780243578125 0.5961137187500001 0.7778967156250001 0.59410323125 0.7776498593750001 0.5865311156249999 0.7782595953125 0.58019059375 0.780036121875 0.571891396875 0.7810563078125 0.5438204296875 0.78782980625 0.540157028125 0.7899350421875 0.5338049484375 0.7917182109375 0.5344101609374999 0.79230030625 0.5328292515624999 0.7941534546875 0.5352597109375 0.7964910781250001 0.538675475 0.7964026953125 0.5473461296875 0.792357228125
1 0.6081591828125 0.3470250359375 0.605718140625 0.3446861140625 0.6043742875 0.34452110937499997 0.60223998125 0.34528267968750004 0.598206096875 0.35040525625 0.5818694875 0.3780443421875 0.5773413015625 0.387192684375 0.577156059375 0.3887013546875 0.5795961265625 0.3910482171875 0.580939978125 0.391213221875 0.5838647406249999 0.38952507812500003 0.5964131546875 0.3650075953125 0.6079729656249999 0.348541646875 0.6081591828125 0.3470250359375
2 0.3988173875 0.7817853265625 0.41211092968749996 0.7844411984375 0.47322867031250004 0.79142966875 0.48817512656249995 0.791733446875 0.5070187390625 0.7935393671875001 0.5317330375 0.7919715968750001 0.5358778328125 0.7914568828124999 0.5388131765625 0.7897700375000001 0.5389360203125 0.7887695515625001 0.5364959546875 0.7864226890625 0.5344854671875 0.7861758328125 0.5069702234375 0.7884233203125001 0.4887932484375 0.786699253125 0.47384679218750003 0.7863954734374999 0.4133956859375 0.77948885625 0.40010214375 0.776832984375 0.38370190000000004 0.7717483984375 0.3816914125 0.7715015421875 0.37875606875 0.7731883859375001 0.37863225 0.7741968140625 0.38302138124999996 0.7772907765625 0.3988173875 0.7817853265625
0 0.5531109953125 0.710239696875 0.556106759375 0.7086731109375 0.55717585625 0.7067893609375 0.5571800015624999 0.7042187046875 0.5548670453125 0.69882461875 0.554936134375 0.6947627625 0.5526703921875 0.6923083437499999 0.5490588187500001 0.6903173625 0.5441715625 0.689443240625 0.5410616625 0.690189803125 0.53855774375 0.6898501203125 0.534199628125 0.6907900062500001 0.531073740625 0.694291153125 0.5313853734375 0.6967393796875 0.53349460625 0.6995937062500001 0.538140528125 0.7015585484375 0.53925793125 0.7031304421875 0.5411787234375 0.7041078125 0.5435471890625 0.7073002515625 0.5464557671875 0.709680459375 0.549163778125 0.7105449265625 0.5531109953125 0.710239696875
1 0.54834884375 0.700998453125 0.5454135 0.7026852984375 0.532426578125 0.7419714234375 0.5278359953125 0.7516279515625001 0.5276497796874999 0.7531445609375 0.5300802390625 0.755482184375 0.5314240906250001 0.7556471890625 0.5352113109375 0.7525335265625 0.5507760015625001 0.70896160625 0.5521327625 0.7035103203124999 0.549692696875 0.7011634578125 0.54834884375 0.700998453125
1 0.587702978125 0.6577924656249999 0.5878267968750001 0.6567840390625 0.5853963375 0.654446415625 0.5840524859375 0.6542814109374999 0.5819191531250001 0.655035040625 0.5657839953125 0.6699236375 0.550017965625 0.6874045421874999 0.5455512031249999 0.6960526421875 0.5453649875 0.697569253125 0.547806028125 0.699908175 0.5491392984375 0.7000718796875 0.5520736671875001 0.698392975 0.5558123734375 0.6901632656250001 0.5646101484375 0.6794838421875 0.587702978125 0.6577924656249999
2 0.52950425625 0.699200475 0.54658599375 0.69873474375 0.54950978125 0.6970545390625 0.5496336 0.6960461125 0.547204115625 0.6937005484375 0.5445164109375 0.6933705406249999 0.5246855453125 0.69400650625 0.49083308125 0.6924049906249999 0.44642561875000003 0.6879760703125 0.38006784374999997 0.6793125156250001 0.37714308124999996 0.681000659375 0.3770192625 0.6820090859375 0.37944972187500003 0.684346709375 0.39482575781249996 0.68675049375 0.44648471562500003 0.6930934171875001 0.490214959375 0.6974391859375 0.52950425625 0.699200475
0 0.539608503125 0.5883899078125 0.53756621875 0.5893642781249999 0.535145846875 0.59210574375 0.5345342515625 0.5942874703125 0.53583995 0.5978249640625 0.5384638296875 0.5995495890625 0.5388817218749999 0.60471905 0.540326046875 0.609401975 0.5424215640625001 0.610618421875 0.5465757703125 0.6114267171875001 0.5505494796875 0.610205890625 0.556555425 0.5987323078125 0.5572107109375 0.5939203 0.55534290625 0.5911117359375 0.5525279875 0.5897182984375 0.539608503125 0.5883899078125
1 0.524511115625 0.617833465625 0.5282359375000001 0.6152279875 0.5403847515625 0.6105859546875 0.54197526875 0.6087420453125 0.550031103125 0.6041052421875001 0.5502163437500001 0.602596571875 0.547776278125 0.600249709375 0.5464430078125 0.6000860046875001 0.5339851328125 0.607245134375 0.525438296875 0.610282175 0.5217124984375 0.6128955953124999 0.5196405890625 0.61314898125 0.506505496875 0.620224959375 0.500102575 0.62250966875 0.49911629687500003 0.6249436140625 0.5015573375 0.6272825359375 0.5049731000000001 0.6271941546875001 0.5130289343750001 0.6225573515625 0.524511115625 0.617833465625
1 0.57066446875 0.5580928484375 0.568224403125 0.5557459859375 0.56688055 0.55558098125 0.5647462437499999 0.5563425515625 0.5623652734375 0.5591130343749999 0.5489769140625 0.579448984375 0.5432762343750001 0.592547884375 0.5430909921875 0.5940565546875 0.5455320343750001 0.5963954765625 0.5468758874999999 0.5965604812499999 0.5497996734374999 0.5948802765625001 0.555624171875 0.58077295 0.570479228125 0.5596015171875 0.57066446875 0.5580928484375
2 0.544682484375 0.5922047046875 0.52967363125 0.592409109375 0.39127263437500004 0.57694701875 0.3883478734375 0.5786351625 0.38822502812500004 0.57963565 0.3906545140625 0.5819812125 0.529055509375 0.597443303125 0.5467520671874999 0.5975689078124999 0.5496758546875 0.595888703125 0.5497996734374999 0.5948802765625001 0.5473701890625 0.5925347140625 0.544682484375 0.5922047046875
0 0.573603121875 0.49470650781250003 0.5724200453125 0.492094859375 0.57015344375 0.49017229999999995 0.55997284375 0.4872699640625 0.55510139375 0.48792919687499997 0.5520652140625 0.48711309687500004 0.5496546953125 0.48732490625 0.5441069015625 0.4903433 0.5435777875000001 0.4944776328125 0.54562421875 0.4974935109375 0.548424940625 0.498740125 0.5492081296875 0.501721796875 0.5536170203124999 0.505092228125 0.5589225453125 0.5055341015625 0.5650067609375 0.5033956421875 0.5665752546875 0.50208099375 0.5673042234375 0.4999056171875 0.573329875 0.496494534375 0.573603121875 0.49470650781250003