1 0.5171694703124999 0.45995869218749996 0.514533703125 0.4621255578125 0.5169313640625 0.471315521875 0.51820835 0.483465240625 0.5194617015625 0.4885269515625 0.5224795765625 0.49009959687500004 0.5238956890625001 0.4899507578125 0.5265314546875 0.48778388906250003 0.5239631874999999 0.47010759531249996 0.5216142671874999 0.4613813609375 0.5185855828125 0.459809853125 0.5171694703124999 0.45995869218749996
0 0.533605009375 0.4573368203125 0.5299710875 0.45479023593749995 0.5251604375000001 0.45435815156250003 0.5218968109375 0.45512674531249997 0.51886650625 0.45457966875 0.511957028125 0.45591178593750004 0.5080284921875 0.4562814125 0.5019574515625 0.45831163750000004 0.4975650296875 0.46217067656250005 0.4973861984375 0.4635888171875 0.49851025625 0.46502870625000003 0.5054617953125 0.467320365625 0.5162236421874999 0.46728564375000003 0.52710639375 0.4655936234375 0.530928765625 0.464109909375 0.534226253125 0.4613757875 0.53463134375 0.459926653125 0.533605009375 0.4573368203125
0 0.517197478125 0.41467902187499994 0.5168443 0.411318765625 0.513849228125 0.407363396875 0.5066948546875001 0.40251797343750007 0.5017717937499999 0.40174426093750004 0.49412904687500003 0.403066890625 0.48783180625 0.40460875625000003 0.4856011953125 0.40605500625 0.48510343906250003 0.40776633906250004 0.4863411046875 0.4121588796875 0.4878606953125 0.4129945734375 0.49558655468749996 0.414750421875 0.49815690312500005 0.41476879218749996 0.5031873859375 0.41874826406250004 0.5081546875 0.4199429015625 0.5113322703125001 0.419291546875 0.5159717015624999 0.41643080781249997 0.517197478125 0.41467902187499994
2 0.539262271875 0.6361540359375 0.5237940734375 0.6387247281249999 0.4799161984375 0.6433364781249999 0.4772804328125 0.64550334375 0.47737866249999994 0.6464379390625 0.48040734687500003 0.648009446875 0.5249878734375 0.64332384375 0.546833984375 0.6400828062499999 0.5494697515625 0.637915940625 0.549371521875 0.6369813468750001 0.5463428359375 0.6354098390625 0.539262271875 0.6361540359375
2 0.537324384375 0.576849515625 0.5210444937500001 0.5785606 0.509874121875 0.5811556359375001 0.4702337765625 0.5853220046875001 0.4675980109375 0.587488871875 0.467695490625 0.5884163328125 0.47072417499999997 0.589987840625 0.5103645203125 0.585821471875 0.5215356421874999 0.58323356875 0.5378155328124999 0.5815224828125001 0.5404513 0.5793556171875001 0.5403530703125 0.5784210234375 0.537324384375 0.576849515625
2 0.5287741968749999 0.5158812859374999 0.5245258578125 0.5163278046875 0.481040903125 0.524677928125 0.46121532500000006 0.52676168125 0.4585795609375 0.5289285484375 0.458677790625 0.5298631421875 0.4617064734375 0.53143465 0.48223470312499994 0.529277046875 0.504635746875 0.5245567 0.5292653453125 0.5205542546874999 0.5319011109375 0.5183873875 0.53180288125 0.51745279375 0.5287741968749999 0.5158812859374999
2 0.5292497625 0.4591578546875 0.526221828125 0.45759347968749997 0.5233896015624999 0.4578911578125 0.463330065625 0.46514858906249995 0.4521481359375 0.46773762812499997 0.44952317812500003 0.46990335781250003 0.4496214078125 0.4708379515625 0.452639284375 0.4724105953125 0.464533928125 0.469739434375 0.477932853125 0.4678622984375 0.5232268390625 0.46310170937499995 0.5267122265624999 0.4622593140625 0.5293479921875 0.46009244687499995 0.5292497625 0.4591578546875
2 0.5080872359375 0.40755064531249996 0.50798900625 0.40661605156249997 0.5034947187500001 0.40472251875 0.49914815 0.4042344421875 0.4934836984375 0.4048298 0.44150206875000003 0.4140729625 0.43801668125 0.41491535781250005 0.435380165625 0.4170750890625 0.4354783953125 0.41800968281250006 0.43850708125000004 0.41958119062500004 0.44133930625 0.4192835125 0.456006625 0.4158520796875 0.49397484843750006 0.4095027703125 0.49822318593750003 0.4090562515625 0.5054507187499999 0.4097103765625 0.5080872359375 0.40755064531249996
3 0.5056744203125 0.616068521875 0.5107393265625 0.6438765078124999 0.5177029015625 0.6625046109375 0.521867946875 0.6885101265625 0.524145240625 0.68969175625 0.52702620625 0.6898578078125001 0.5303646234375 0.687617090625 0.5276385765625 0.66854360625 0.5261500875 0.6611407093749999 0.5191865124999999 0.642512609375 0.514160284375 0.615176621875 0.50660733125 0.590940959375 0.5000704781249999 0.5491283328125001 0.49825360312500006 0.5318419171875 0.49770597499999997 0.4790057 0.4926081203125 0.444125109375 0.48246029687499997 0.4088231609375 0.48075744374999996 0.3858624640625 0.47362029687499996 0.3724460515625 0.4713538125 0.371263284375 0.46847284843750003 0.3710972328125 0.46513443125 0.3733379515625 0.46533089062500005 0.3752071375 0.4723095078125 0.38721923125 0.47396362031250006 0.409716196875 0.482721184375 0.4385498421875 0.4875888828125 0.46448150625 0.48997934374999996 0.493984359375 0.48975692656250003 0.5327349546875 0.4965246859375 0.5835036375 0.5004108359375 0.6000965 0.5056744203125 0.616068521875
1 0.5320480812499999 0.5197857109374999 0.5290201453125001 0.5182213375 0.5276040328125 0.5183701765625 0.524352284375 0.521539490625 0.5205305625000001 0.532804121875 0.515700690625 0.5413399578125 0.50880154375 0.5505693515625001 0.508899771875 0.55150394375 0.5119284578125 0.5530754531250001 0.51536510625 0.551769328125 0.5204401765625 0.545566409375 0.527660615625 0.5325307890625 0.5321958 0.5211911687499999 0.5320480812499999 0.5197857109374999
1 0.5750089390625 0.49969001406249997 0.5736036359375001 0.49983771718750003 0.5469763921874999 0.512078321875 0.5310406796875 0.5170640515625 0.5284049125 0.51923091875 0.52850239375 0.520158378125 0.531531078125 0.5217298875 0.533660653125 0.5215060593749999 0.5502510265625 0.51598988125 0.559057434375 0.51128461875 0.5768667109375001 0.5037432796875 0.5780376234375 0.501261521875 0.5750089390625 0.49969001406249997
0 0.5366555156249999 0.5157886625 0.527324334375 0.5132133453125001 0.52107539375 0.5138629203125 0.5177702156249999 0.5155880140625 0.5129300140625 0.516226575 0.51090448125 0.5177522546875 0.50525221875 0.519399446875 0.50391553125 0.5220717406250001 0.5047388500000001 0.5249137328125 0.5059681953124999 0.5260035390625 0.5132365328125 0.5269419 0.5188320015625 0.52693805625 0.5264051359375 0.5251611046875 0.5330508015625 0.525270484375 0.5389401968749999 0.5230718125 0.5410888859375 0.5199102390625 0.540440840625 0.5177999890625 0.5366555156249999 0.5157886625
0 0.5360997828125 0.5737251109375 0.5336789640624999 0.5737775828125 0.5266818828125001 0.5757320203125 0.5213303687499999 0.5797207171875 0.5213579328125 0.5827906078125 0.52239145 0.5843049312499999 0.5272703328125 0.5853862375000001 0.536658071875 0.5908913515625 0.542844840625 0.5903781453125 0.5450851375 0.5895439921875 0.54917000625 0.5862943265625 0.5502918671875 0.58344985625 0.5474178890625 0.5787748734375 0.5415164203125 0.5751394046875 0.5360997828125 0.5737251109375
0 0.5596121843749999 0.641242715625 0.55675233125 0.6377419875 0.5534630828125 0.6368109796875 0.549027403125 0.6331873515625001 0.54330115 0.63205084375 0.539248328125 0.6321738625 0.536885246875 0.632775675 0.5352771171875 0.6341132203125001 0.5328045765625 0.6411606375 0.5332216171875 0.6453364765625 0.534507390625 0.647899040625 0.5365578609375 0.648794346875 0.5414463031250001 0.649030715625 0.5465317671875 0.6502057203125 0.550840153125 0.6498105953125 0.556954559375 0.6479849953125 0.5586113640625 0.6463826609375001 0.5596121843749999 0.641242715625
1 0.5297519312500001 0.3958244140625 0.5037894078125 0.40752629999999995 0.5026184953125 0.41000805625 0.5056471796875 0.41157956562500003 0.5070632921875 0.4114307265625 0.5459335921874999 0.393178734375 0.5479541265625001 0.39202144843750003 0.5491250390625 0.3895396921875 0.54609635625 0.38796818437499997 0.5446802421875 0.3881170234375 0.5297519312500001 0.3958244140625
1 0.53554534375 0.41694140468749996 0.5194390234374999 0.41344080468750005 0.5120142828125 0.41091035624999994 0.5076677125 0.4104222796875 0.5050319484375 0.4125891453125 0.505130178125 0.41352374062499997 0.5066940093750001 0.414780359375 0.5148206546874999 0.417229821875 0.5235625296875 0.41866970156249994 0.52952166875 0.42087812500000005 0.5389661953125 0.422244153125 0.540382309375 0.4220953140625 0.543018825 0.41993558281250004 0.5405945625 0.417355628125 0.53554534375 0.41694140468749996
1 0.5221691984375 0.45990205156249997 0.5251978828125 0.461473559375 0.5423876953125 0.4615566734375 0.545922571875 0.46118514218750006 0.5485583390625 0.45901827656250005 0.548460109375 0.4580836828125 0.5454321734375001 0.45651930937499996 0.524707484375 0.4568077265625 0.52207171875 0.45897459218750003 0.5221691984375 0.45990205156249997
1 0.5941437328125 0.572767396875 0.5911150468749999 0.5711958890625 0.587580171875 0.5715674187500001 0.58201395 0.5730973703125 0.543333015625 0.5795288015625 0.539846878125 0.5803640624999999 0.5372111125 0.582530928125 0.5373093421874999 0.5834655234375 0.5403380265625 0.58503703125 0.5438729046875 0.5846655000000001 0.5494391249999999 0.58313555 0.5916061953125 0.57586885625 0.5942419625 0.5737019906249999 0.5941437328125 0.572767396875
1 0.5498619203125 0.6416471828125 0.546833984375 0.6400828062499999 0.5454178734374999 0.640231646875 0.5433973375 0.6413889312500001 0.5356212171875 0.655896728125 0.53417925 0.6626627109375 0.531233753125 0.6686418046875 0.5313807234375 0.6700401281249999 0.5344094078125 0.6716116359375001 0.5358255203125 0.671462796875 0.5390657078125 0.6682874859375 0.5444771140625 0.651662328125 0.54996015 0.6425817765625 0.5498619203125 0.6416471828125
1 0.5620411921875 0.641788071875 0.548963559375 0.6398589796875 0.5463270437500001 0.6420187125 0.5479891046875001 0.644209925 0.5581857734375 0.6459729656250001 0.5737859000000001 0.65141660625 0.5906056796875 0.65484221875 0.5920217921875001 0.6546933796875 0.5946575578125 0.6525265124999999 0.5929962453125001 0.6503424359375 0.5783927109375 0.647621590625 0.562852884375 0.642647678125 0.5620411921875 0.641788071875
1 0.564434934375 0.555584996875 0.5655563578125 0.5526323765625001 0.5625276734375 0.55106086875 0.561111559375 0.5512097078125 0.5590802171875 0.5523681296875 0.553400721875 0.5595794953125 0.54106653125 0.5783460359375 0.5377173046875 0.580587890625 0.5372598515625 0.582994659375 0.5402885375 0.5845661671875 0.543774675 0.5837309078125 0.5443296046875 0.5822515984375001 0.547678834375 0.58000974375 0.558695140625 0.5623266359375 0.564434934375 0.555584996875