2 0.48213867187500004 0.343091575 0.4808203125 0.3440805859375 0.4808203125 0.3445787546875 0.48213867187500004 0.34556776562499997 0.483134765625 0.34556776562499997 0.5036328125 0.3416043953125 0.5198437499999999 0.3393699640625 0.524140625 0.3416043953125 0.5248046875 0.3416043953125 0.526123046875 0.340608059375 0.5254589843749999 0.339619046875 0.5257910156250001 0.3393699640625 0.521826171875 0.33713553125 0.51951171875 0.336886446875 0.5062792968750001 0.3386227109375 0.483134765625 0.342842490625 0.48213867187500004 0.343091575
0 0.5387890625 0.64545055 0.5426660156249999 0.644571428125 0.544150390625 0.6436190468749999 0.546533203125 0.6388571421875 0.5441308593749999 0.6355164828125 0.535673828125 0.633025640625 0.5319921875 0.63432234375 0.530078125 0.6362783875 0.52830078125 0.6383296703125 0.528486328125 0.640300365625 0.534423828125 0.644073259375 0.5387890625 0.64545055
2 0.484130859375 0.6392893765625 0.48909179687500004 0.6400366296875 0.526123046875 0.6402857140625 0.532734375 0.6395384609375 0.5360449218750001 0.6397875453124999 0.5370410156250001 0.6405347984375 0.53736328125 0.64177289375 0.53869140625 0.64276923125 0.53935546875 0.64276923125 0.540673828125 0.64177289375 0.539677734375 0.63854945 0.538359375 0.6375531140625 0.536376953125 0.6373113546875 0.530751953125 0.6370622703125 0.526123046875 0.6378021984375 0.5006640625000001 0.6378021984375 0.4894140625 0.6375531140625 0.484130859375 0.6368131875 0.482802734375 0.6378021984375 0.482802734375 0.6383003656249999 0.484130859375 0.6392893765625
1 0.53306640625 0.6105128203125 0.54728515625 0.6157289375 0.554228515625 0.6174652015625 0.5625 0.61895238125 0.56349609375 0.61895238125 0.564814453125 0.61795604375 0.564814453125 0.6174652015625 0.56349609375 0.6164688640625 0.558203125 0.6157289375 0.54861328125 0.61349450625 0.5360449218750001 0.609025640625 0.53439453125 0.6075384609375 0.53373046875 0.6075384609375 0.5324121093749999 0.6085347984375 0.5324121093749999 0.60977289375 0.53306640625 0.6105128203125
1 0.530751953125 0.606300365625 0.530751953125 0.6077875453125 0.532080078125 0.6087765562499999 0.532734375 0.6087765562499999 0.5340625 0.6077875453125 0.53439453125 0.606300365625 0.5360449218750001 0.5916630031250001 0.538359375 0.57777289375 0.539677734375 0.5730549453125 0.539677734375 0.57181685 0.538359375 0.5708205125 0.5376953125 0.5708205125 0.536376953125 0.57181685 0.5324121093749999 0.5936483515625001 0.530751953125 0.606300365625
0 0.5323144531249999 0.6135091578125 0.5371484375 0.6128791203125 0.539580078125 0.6096776562499999 0.5389062499999999 0.6055970703125 0.53654296875 0.6035824171875 0.533544921875 0.602564103125 0.528974609375 0.6020512828125 0.5267578125 0.6024322343749999 0.5252050781250001 0.6036703296875 0.524130859375 0.6065347984375 0.5253125 0.6093113546875 0.528173828125 0.6102783875 0.530625 0.612791209375 0.5323144531249999 0.6135091578125
2 0.47619140625 0.6053040296875001 0.47486328125000005 0.606300365625 0.47486328125000005 0.606798534375 0.47619140625 0.6077875453125 0.5 0.6080366296874999 0.51025390625 0.6085347984375 0.52380859375 0.6082857140625 0.52943359375 0.6072893765625 0.53306640625 0.610021978125 0.5347265625000001 0.6105128203125 0.5360449218750001 0.609523809375 0.5357128906249999 0.6085347984375 0.531416015625 0.6053040296875001 0.530419921875 0.6048131875 0.5291015625 0.6048131875 0.5234765625 0.6058021984375 0.51818359375 0.6060512828125 0.47619140625 0.6053040296875001
1 0.53306640625 0.57777289375 0.532734375 0.5780146515625 0.535048828125 0.5792600734375 0.5426562500000001 0.5804981687499999 0.554560546875 0.583472528125 0.555556640625 0.583472528125 0.556875 0.5824835171875 0.556875 0.5819853484374999 0.554892578125 0.580747253125 0.54298828125 0.5780146515625 0.5367089843749999 0.577025640625 0.535380859375 0.5760366296874999 0.53373046875 0.5757875453125 0.5324121093749999 0.57677655625 0.5324121093749999 0.577274725 0.53306640625 0.57777289375
1 0.52943359375 0.5757875453125 0.530751953125 0.57677655625 0.531416015625 0.57677655625 0.532734375 0.5757875453125 0.531748046875 0.5524688640625001 0.531416015625 0.5499853484375 0.5300878906250001 0.5489963375 0.52943359375 0.5489963375 0.52810546875 0.5499853484375 0.5291015625 0.57131868125 0.52943359375 0.5757875453125
0 0.5213085937499999 0.5804029296875 0.524453125 0.5810842484375 0.52853515625 0.5801465203125 0.5302050781250001 0.5810549453125 0.533408203125 0.5814652015624999 0.535849609375 0.5810842484375 0.537578125 0.5800146515625 0.538544921875 0.5763076921875 0.5372656250000001 0.5739413921875001 0.5344921874999999 0.5723516484375 0.53267578125 0.571838828125 0.529248046875 0.5723736265625 0.5270703125 0.5718974359375 0.5226464843749999 0.5728571421875001 0.519560546875 0.5739267406249999 0.51830078125 0.5764542125000001 0.5187109375000001 0.5780879125 0.5213085937499999 0.5804029296875
2 0.478173828125 0.5760366296874999 0.483798828125 0.576527471875 0.51455078125 0.57677655625 0.521494140625 0.577025640625 0.52513671875 0.57777289375 0.530751953125 0.57677655625 0.5333984375 0.5785128203125 0.53439453125 0.5785128203125 0.5357128906249999 0.5775238093749999 0.535048828125 0.576527471875 0.535380859375 0.5762783875 0.531748046875 0.574300365625 0.5254589843749999 0.5752893765625 0.521826171875 0.574542125 0.483798828125 0.5740512828125001 0.478173828125 0.5735531140625 0.47685546875 0.574542125 0.47685546875 0.57504029375 0.478173828125 0.5760366296874999
1 0.507939453125 0.5370842484375 0.506611328125 0.5380805859375 0.506611328125 0.538571428125 0.507939453125 0.539567765625 0.52943359375 0.5403076921875 0.530419921875 0.53981685 0.5324121093749999 0.5368351640625 0.5324121093749999 0.5363443218749999 0.531083984375 0.5353479859375 0.530419921875 0.5353479859375 0.52943359375 0.535846153125 0.52810546875 0.5378315015624999 0.507939453125 0.5370842484375
1 0.530419921875 0.539567765625 0.53439453125 0.5455164828125 0.538359375 0.5499853484375 0.545302734375 0.5606520140625 0.5459667968749999 0.5613992671875 0.5476171875 0.561890109375 0.5489453125 0.5609010984375 0.5489453125 0.5604029296874999 0.54365234375 0.5532087906250001 0.540673828125 0.548249084375 0.5376953125 0.545025640625 0.53439453125 0.5403076921875 0.531748046875 0.5355970703125 0.5300878906250001 0.5350989015625001 0.52876953125 0.5360952375 0.52876953125 0.5365860812500001 0.530419921875 0.539567765625
0 0.5372851562500001 0.542542125 0.5383203125 0.5404175828125 0.53845703125 0.5355970703125 0.536328125 0.5333992671875001 0.534404296875 0.5325347984375 0.528662109375 0.5322564109375 0.523427734375 0.532842490625 0.5200781250000001 0.535340659375 0.5194140625 0.5369304031250001 0.52080078125 0.5396263734375 0.5233203125 0.5407472531249999 0.528857421875 0.5438021984375 0.53248046875 0.5441098906249999 0.5355566406250001 0.5436263734375 0.5372851562500001 0.542542125
1 0.53373046875 0.657157509375 0.531416015625 0.665091575 0.531416015625 0.6660879125 0.532734375 0.6670769234375 0.5333984375 0.6670769234375 0.5347265625000001 0.6660879125 0.535048828125 0.665091575 0.538359375 0.6499633703125001 0.540673828125 0.6420219781250001 0.540673828125 0.6410329671875 0.53935546875 0.6400366296875 0.53869140625 0.6400366296875 0.53736328125 0.6410329671875 0.5370410156250001 0.6420219781250001 0.53373046875 0.657157509375
1 0.49503906249999996 0.63259340625 0.501318359375 0.6333406593750001 0.507607421875 0.6348278390625001 0.51455078125 0.63581685 0.532080078125 0.6397875453124999 0.53306640625 0.6397875453124999 0.53439453125 0.638798534375 0.53439453125 0.6383003656249999 0.53306640625 0.6373113546875 0.531083984375 0.6368131875 0.52513671875 0.63581685 0.5148828125 0.6333406593750001 0.49404296875 0.6298681312500001 0.492724609375 0.6308571421875 0.492724609375 0.6313553109375001 0.49503906249999996 0.63259340625
2 0.495703125 0.675018315625 0.48875976562499995 0.6745201468750001 0.487431640625 0.6755091578125 0.487431640625 0.6760073265625001 0.48875976562499995 0.6770036625 0.495703125 0.67749450625 0.52876953125 0.6752674 0.540009765625 0.67377289375 0.54431640625 0.678981684375 0.5459667968749999 0.6794798531249999 0.54728515625 0.6784908421875 0.546630859375 0.6770036625 0.542001953125 0.6715457875 0.540009765625 0.6710476187500001 0.531416015625 0.6725347984375001 0.51951171875 0.6735311359375 0.495703125 0.675018315625
0 0.545361328125 0.6817582421874999 0.548544921875 0.68149450625 0.55037109375 0.6806373625 0.5518164062500001 0.678725275 0.5519433593749999 0.676380953125 0.549794921875 0.673706959375 0.5496289062499999 0.6715311359375 0.5486523437499999 0.6703076921875 0.54146484375 0.6678974359375001 0.539326171875 0.6684688640625 0.5364648437499999 0.6709230765624999 0.53541015625 0.6727912093749999 0.5355761718750001 0.67422710625 0.540966796875 0.6803956046875 0.545361328125 0.6817582421874999
1 0.5267871093750001 0.6839487171874999 0.517197265625 0.691882784375 0.517197265625 0.6926300359375 0.518515625 0.693619046875 0.5198437499999999 0.6933772890625 0.530751953125 0.6846886453125001 0.5380273437499999 0.68022710625 0.544970703125 0.6770036625 0.545634765625 0.6757582421875 0.54431640625 0.67476923125 0.54365234375 0.67476923125 0.536376953125 0.6779926734374999 0.5277734374999999 0.683699634375 0.5267871093750001 0.6839487171874999
0 0.5287109375 0.341296703125 0.528193359375 0.33865934062499997 0.5257421875 0.3356337 0.520478515625 0.33336996406249997 0.51607421875 0.3341465203125 0.51341796875 0.335296703125 0.5118750000000001 0.3380073265625 0.5121386718750001 0.3398974359375 0.5151953125000001 0.3427179484375 0.521103515625 0.3451648359375 0.52552734375 0.3448058609375 0.5287109375 0.341296703125
1 0.54728515625 0.67923076875 0.54927734375 0.6809670328124999 0.550263671875 0.6812161171875 0.5532421875 0.68345055 0.554228515625 0.683699634375 0.55720703125 0.6859340656249999 0.558203125 0.6861758234375 0.560517578125 0.6879194140625 0.56349609375 0.68940659375 0.564814453125 0.6906446890625 0.565478515625 0.6906446890625 0.568125 0.69213186875 0.5687792968750001 0.6928791203125 0.570439453125 0.6931282046875 0.5717578125 0.69213186875 0.57109375 0.6911428578125001 0.57142578125 0.6908937734375 0.5664648437500001 0.68841025625 0.5631640625000001 0.6859340656249999 0.5621679687500001 0.68568498125 0.555888671875 0.6814652015625 0.5529101562500001 0.679978021875 0.5489453125 0.6770036625 0.543984375 0.6757582421875 0.5426562500000001 0.676754578125 0.54365234375 0.6782417578125 0.54728515625 0.67923076875
1 0.5277734374999999 0.49540659375 0.521494140625 0.4986300359375 0.521826171875 0.49887912031250004 0.521162109375 0.49987545781250003 0.522490234375 0.50086446875 0.524140625 0.500615384375 0.5248046875 0.49987545781250003 0.531083984375 0.4966520140625 0.53439453125 0.4939194140625 0.5357128906249999 0.49342124531250003 0.53869140625 0.4911941390625 0.539677734375 0.4909450546875 0.53935546875 0.49069597031249995 0.540009765625 0.48969963437499997 0.53869140625 0.48871062343749994 0.5376953125 0.48871062343749994 0.5340625 0.4911941390625 0.53306640625 0.491435896875 0.5277734374999999 0.49540659375
0 0.5162011718749999 0.503435896875 0.518232421875 0.5041978015625 0.5257421875 0.5043516484375 0.528310546875 0.505157509375 0.5323046875 0.5040073265625 0.533916015625 0.5017216125 0.534306640625 0.49981685000000003 0.5328515625 0.4969010984375 0.529560546875 0.495655678125 0.523701171875 0.4959487171875 0.5198339843750001 0.49499633750000005 0.516220703125 0.4958241765625 0.513466796875 0.4988351640625 0.51359375 0.5010329671875 0.5162011718749999 0.503435896875
2 0.47883789062500004 0.5050842484375 0.47784179687500006 0.5053333328125 0.47652343750000004 0.50632234375 0.47652343750000004 0.5068205125 0.47784179687500006 0.5078095234375 0.47883789062500004 0.5078095234375 0.497021484375 0.504336996875 0.5162011718749999 0.502109890625 0.520830078125 0.50086446875 0.5300878906250001 0.5013626375 0.531416015625 0.5003736265625001 0.531416015625 0.49987545781250003 0.5300878906250001 0.49887912031250004 0.520498046875 0.49838827812500003 0.515869140625 0.4996263734375 0.49834960937500006 0.501611721875 0.47883789062500004 0.5050842484375
1 0.5221582031249999 0.46861538437499994 0.546630859375 0.47804395624999996 0.54728515625 0.47804395624999996 0.54861328125 0.47704761875 0.54794921875 0.47580952343750005 0.5291015625 0.4683663 0.521826171875 0.46589010937499997 0.520498046875 0.4668791203125 0.520498046875 0.4673772890625 0.5221582031249999 0.46861538437499994
1 0.520498046875 0.45249084218749996 0.520498046875 0.45794871718749997 0.51951171875 0.46043223437499997 0.51951171875 0.46464468906249995 0.520830078125 0.4668791203125 0.521826171875 0.4673772890625 0.522490234375 0.4673772890625 0.52380859375 0.466380953125 0.522822265625 0.4643956046875 0.522822265625 0.46068131875 0.52380859375 0.4581978015625 0.52380859375 0.4527399265625 0.5248046875 0.4472820515625 0.5248046875 0.44604395625000004 0.5234765625 0.44504761875 0.522822265625 0.44504761875 0.521494140625 0.44604395625000004 0.521162109375 0.44753113593749994 0.520498046875 0.45249084218749996
0 0.5270117187500001 0.47504029374999995 0.5284960937500001 0.470974359375 0.527568359375 0.46928937656249997 0.5274023437500001 0.46504761875 0.5259667968749999 0.46339194062500005 0.521513671875 0.4622857140625 0.517578125 0.46354578750000003 0.5161718750000001 0.46514285781250003 0.51541015625 0.46901831562499996 0.5152050781249999 0.47255677656249995 0.52001953125 0.47639560468750003 0.523212890625 0.47687912031249996 0.5270117187500001 0.47504029374999995
2 0.5198437499999999 0.46886446875 0.501982421875 0.46911355312499997 0.492060546875 0.47010256406249995 0.483466796875 0.4703516484375 0.47685546875 0.4713479859375 0.47552734374999994 0.472336996875 0.47552734374999994 0.47283516406250004 0.47685546875 0.47382417656250003 0.478173828125 0.47382417656250003 0.483798828125 0.47283516406250004 0.49239257812500004 0.47258608124999996 0.502314453125 0.47158974374999996 0.5221582031249999 0.4713479859375 0.5234765625 0.4703516484375 0.52380859375 0.46564102500000004 0.522490234375 0.46464468906249995 0.521826171875 0.46464468906249995 0.520498046875 0.46564102500000004 0.520498046875 0.4678754578125 0.5198437499999999 0.46886446875
1 0.4894140625 0.43611721562500005 0.5 0.4386007328125 0.511240234375 0.44232234375 0.5119042968749999 0.44232234375 0.51322265625 0.4413260078125 0.512568359375 0.4400879125 0.507939453125 0.43835164843749996 0.5006640625000001 0.43611721562500005 0.48875976562499995 0.43339194062499997 0.487431640625 0.43438095312499997 0.487431640625 0.4348791203125 0.4894140625 0.43611721562500005
1 0.535380859375 0.43140659374999996 0.53306640625 0.4321465203125 0.530419921875 0.433882784375 0.524140625 0.4363663 0.517529296875 0.4400879125 0.516865234375 0.4400879125 0.517197265625 0.440336996875 0.5165332031250001 0.4413260078125 0.517861328125 0.44232234375 0.51951171875 0.442073259375 0.526123046875 0.43835164843749996 0.5324121093749999 0.43586813125 0.535048828125 0.43413186875000004 0.5390234375 0.43264468906250003 0.5403417968750001 0.43140659374999996 0.541337890625 0.431157509375 0.541669921875 0.43041025624999996 0.541669921875 0.42991941406249995 0.5403417968750001 0.42892307656249995 0.539677734375 0.42892307656249995 0.53869140625 0.4291721609375 0.53736328125 0.43041025624999996 0.535380859375 0.43140659374999996
0 0.526572265625 0.4440073265625 0.527353515625 0.4423736265625 0.526513671875 0.43909157499999996 0.524609375 0.437208790625 0.5213671875 0.43643223437499995 0.51806640625 0.4373040296875 0.51326171875 0.43663736249999996 0.5078515625 0.43821977968750003 0.5059179687500001 0.439567765625 0.50556640625 0.4415311359375 0.5069921875000001 0.4438315015625 0.509638671875 0.44486446874999996 0.511962890625 0.4458095234375 0.520947265625 0.44599267343750004 0.52509765625 0.4449963375 0.526572265625 0.4440073265625
2 0.483466796875 0.44306227031249995 0.483466796875 0.4435604390625 0.48478515624999996 0.44454944999999996 0.48677734375000004 0.44454944999999996 0.50595703125 0.44306227031249995 0.512900390625 0.442073259375 0.52314453125 0.44257142812500005 0.5244726562500001 0.4415750921875 0.5244726562500001 0.44107692343749993 0.52314453125 0.4400879125 0.512900390625 0.43958974375000004 0.50595703125 0.44058608125000004 0.48478515624999996 0.442073259375 0.483466796875 0.44306227031249995
1 0.532080078125 0.4142857140625 0.5367089843749999 0.41503296718750005 0.5505957031250001 0.416021978125 0.559189453125 0.416021978125 0.560517578125 0.41503296718750005 0.560517578125 0.4145347984375 0.559189453125 0.41354578750000004 0.545634765625 0.413296703125 0.532080078125 0.4118095234375 0.530751953125 0.41279853437499997 0.530751953125 0.413296703125 0.532080078125 0.4142857140625
1 0.52876953125 0.412300365625 0.5300878906250001 0.413296703125 0.530751953125 0.413296703125 0.532080078125 0.412300365625 0.532734375 0.397663003125 0.532734375 0.3909670328125 0.531416015625 0.389978021875 0.530751953125 0.389978021875 0.52943359375 0.3909670328125 0.52876953125 0.4088278390625 0.52876953125 0.412300365625
0 0.533203125 0.41753846093749997 0.5365527343750001 0.415296703125 0.536845703125 0.4118315015625 0.53494140625 0.4089377296875 0.5331640625 0.40794139218750003 0.525361328125 0.4064835171875 0.522451171875 0.4066520140625 0.520263671875 0.40767765625 0.5186425781249999 0.40989010937500003 0.5184765625 0.41195604374999995 0.519287109375 0.41328205156250003 0.526875 0.4170622703125 0.533203125 0.41753846093749997
2 0.48015625 0.4088278390625 0.4894140625 0.4088278390625 0.51818359375 0.41131135468749996 0.527451171875 0.41279853437499997 0.5324121093749999 0.4145347984375 0.53306640625 0.4145347984375 0.53439453125 0.41354578750000004 0.53373046875 0.412300365625 0.530751953125 0.41106227031250003 0.522822265625 0.40932600781249995 0.496689453125 0.406842490625 0.4894140625 0.40635164843749993 0.48015625 0.40635164843749993 0.47883789062500004 0.40734065937499997 0.47883789062500004 0.40783882812499994 0.48015625 0.4088278390625
1 0.532734375 0.372117215625 0.532734375 0.37260805937499997 0.536376953125 0.375340659375 0.5403417968750001 0.3800512828125 0.546630859375 0.38476923125 0.5482812499999999 0.3852600734375 0.549599609375 0.3842710625 0.54927734375 0.38327472500000004 0.5426562500000001 0.37831501875 0.53935546875 0.37459340625 0.53935546875 0.37410256406250003 0.5357128906249999 0.3713699640625 0.53306640625 0.36864468906250003 0.53306640625 0.3681465203125 0.532734375 0.3683956046875 0.531416015625 0.3678974359375 0.5300878906250001 0.368886446875 0.5300878906250001 0.36938461562499997 0.532734375 0.372117215625
1 0.531416015625 0.36591208750000004 0.531083984375 0.3671501828125 0.5324121093749999 0.3681465203125 0.5340625 0.36764835156250003 0.5390234375 0.360205128125 0.542001953125 0.354747253125 0.542001953125 0.3540073265625 0.540673828125 0.3530109890625 0.540009765625 0.3530109890625 0.5390234375 0.3535091578125 0.5360449218750001 0.3592161171875 0.531416015625 0.36591208750000004
0 0.5318261718749999 0.3770842484375 0.5362890625000001 0.37424908437500004 0.53787109375 0.37086446875 0.537919921875 0.366021978125 0.535751953125 0.3641758234375 0.530986328125 0.363663003125 0.5277734374999999 0.3653113546875 0.5243261718750001 0.3689890109375 0.523681640625 0.3713772890625 0.524921875 0.375091575 0.5275000000000001 0.37682051250000004 0.5318261718749999 0.3770842484375
2 0.511240234375 0.368886446875 0.49239257812500004 0.3696337 0.482470703125 0.3706227109375 0.48115234375 0.37161904687499997 0.48115234375 0.372117215625 0.482470703125 0.3731062265625 0.484130859375 0.3731062265625 0.492724609375 0.372117215625 0.5036328125 0.37161904687499997 0.531416015625 0.3713699640625 0.5324121093749999 0.3708717953125 0.53439453125 0.3673992671875 0.53439453125 0.366659340625 0.53306640625 0.365663003125 0.5324121093749999 0.365663003125 0.531416015625 0.366161171875 0.52943359375 0.36913553125 0.511240234375 0.368886446875
1 0.51322265625 0.3453260078125 0.512900390625 0.346065934375 0.5095898437499999 0.34854945000000004 0.507607421875 0.35077655625 0.50595703125 0.35177289375 0.505625 0.3530109890625 0.506943359375 0.3540073265625 0.50859375 0.35375824218749996 0.50892578125 0.3530109890625 0.512236328125 0.3505347984375 0.512568359375 0.3497875453125 0.515869140625 0.34730402968749996 0.51818359375 0.34482783906250003 0.524140625 0.340358975 0.5244726562500001 0.3393699640625 0.52314453125 0.33837362656250003 0.522490234375 0.33837362656250003 0.517197265625 0.341846153125 0.516865234375 0.34259340625 0.51322265625 0.3453260078125
1 0.5248046875 0.341846153125 0.549931640625 0.3450769234375 0.551259765625 0.3450769234375 0.5525781249999999 0.3440805859375 0.5525781249999999 0.34358241718750004 0.551259765625 0.34259340625 0.535048828125 0.3408571421875 0.52380859375 0.3391208796875 0.522490234375 0.340109890625 0.522490234375 0.340608059375 0.5248046875 0.341846153125
1 0.501982421875 0.4966520140625 0.51951171875 0.50086446875 0.520498046875 0.50086446875 0.521826171875 0.49987545781250003 0.521826171875 0.4993772890625 0.520498046875 0.49838827812500003 0.501318359375 0.4939194140625 0.5 0.4949157515625 0.5 0.49540659375 0.501982421875 0.4966520140625
2 0.493056640625 0.5375824171875 0.483798828125 0.5375824171875 0.482470703125 0.538571428125 0.482470703125 0.539069596875 0.483798828125 0.5400659343750001 0.493388671875 0.5400659343750001 0.5016503906249999 0.5393186812499999 0.522490234375 0.538571428125 0.5284375 0.5378315015624999 0.5347265625000001 0.5378315015624999 0.5360449218750001 0.5368351640625 0.5360449218750001 0.5363443218749999 0.5347265625000001 0.5353479859375 0.52810546875 0.5353479859375 0.517861328125 0.5363443218749999 0.5062792968750001 0.5365860812500001 0.493056640625 0.5375824171875
3 0.5006640625000001 0.3215091578125 0.5 0.33142857187499997 0.5006640625000001 0.3393699640625 0.501982421875 0.34358241718750004 0.502314453125 0.34780219843750004 0.501982421875 0.35723076875 0.5003320312499999 0.366161171875 0.5006640625000001 0.37558974375 0.49900390625 0.3842710625 0.4993359375 0.3964249078125 0.5003320312499999 0.40138461562499994 0.5003320312499999 0.40436629999999996 0.49801757812499997 0.4155311359375 0.49966796875 0.42545055 0.49966796875 0.4291721609375 0.498681640625 0.433882784375 0.49966796875 0.4413260078125 0.497685546875 0.4443076921875 0.497021484375 0.450754578125 0.49735351562499996 0.4713479859375 0.498681640625 0.47804395624999996 0.49801757812499997 0.49739194062500003 0.498681640625 0.5013626375 0.501318359375 0.5058315015625 0.501318359375 0.55122344375 0.5006640625000001 0.556930403125 0.502646484375 0.5653626375 0.502646484375 0.5747912093750001 0.501318359375 0.57777289375 0.501318359375 0.5842197796875 0.503310546875 0.5884395609374999 0.5036328125 0.609523809375 0.50595703125 0.621926740625 0.50859375 0.6311062265625 0.5099218750000001 0.6400366296875 0.5095898437499999 0.6544249078125 0.51025390625 0.6576483515625 0.511240234375 0.6725347984375001 0.5105859374999999 0.68345055 0.512236328125 0.693619046875 0.51322265625 0.6943663 0.51455078125 0.694615384375 0.5162011718749999 0.693619046875 0.5162011718749999 0.69213186875 0.51455078125 0.68345055 0.51521484375 0.6725347984375001 0.5142187500000001 0.6576483515625 0.5135546875 0.6544249078125 0.51388671875 0.6397875453124999 0.512568359375 0.6311062265625 0.5099218750000001 0.621926740625 0.507607421875 0.609274725 0.507275390625 0.5879413921875 0.50529296875 0.5837216125 0.50529296875 0.5780146515625 0.506611328125 0.57504029375 0.506611328125 0.5651208796875 0.50462890625 0.55668131875 0.50529296875 0.55122344375 0.50529296875 0.5053333328125 0.502646484375 0.50086446875 0.501982421875 0.4971428578125 0.501982421875 0.491435896875 0.502646484375 0.4877216125 0.502646484375 0.47804395624999996 0.501318359375 0.4713479859375 0.50099609375 0.45100366249999996 0.5016503906249999 0.44504761875 0.5036328125 0.442073259375 0.502646484375 0.43586813125 0.5036328125 0.4291721609375 0.5036328125 0.42545055 0.501982421875 0.4155311359375 0.504296875 0.404615384375 0.504296875 0.40138461562499994 0.503310546875 0.3964249078125 0.502978515625 0.3842710625 0.50462890625 0.37558974375 0.504296875 0.36641025625 0.505625 0.3604542125 0.5062792968750001 0.34780219843750004 0.50595703125 0.343340659375 0.50462890625 0.3391208796875 0.5039648437500001 0.33142857187499997 0.50462890625 0.3215091578125 0.501982421875 0.30910622656250003 0.5039648437500001 0.2976923078125 0.502978515625 0.2969450546875 0.5016503906249999 0.2966959703125 0.5 0.2976923078125 0.49801757812499997 0.30761172187499997 0.5006640625000001 0.3215091578125
2 0.48148437499999996 0.310344321875 0.482802734375 0.3113333328125 0.49636718750000003 0.3110842484375 0.5016503906249999 0.3115824171875 0.50859375 0.3115824171875 0.512900390625 0.3128278390625 0.5142187500000001 0.3128278390625 0.5191796875 0.3115824171875 0.5257910156250001 0.314564103125 0.5264550781249999 0.314564103125 0.5277734374999999 0.313567765625 0.527119140625 0.3123296703125 0.5198437499999999 0.30910622656250003 0.5135546875 0.310344321875 0.5092578125 0.30910622656250003 0.48875976562499995 0.308608059375 0.482802734375 0.3088571421875 0.48148437499999996 0.30984615312499997 0.48148437499999996 0.310344321875
0 0.5116503906250001 0.3155824171875 0.516630859375 0.31538461562500003 0.518427734375 0.3164249078125 0.525625 0.3181684984375 0.527880859375 0.317641025 0.52986328125 0.31581685 0.5308300781249999 0.312 0.528798828125 0.308615384375 0.526875 0.3073992671875 0.5154687499999999 0.30676923125 0.510009765625 0.30940659375 0.5087890625 0.3109450546875 0.508681640625 0.3124249078125 0.509892578125 0.314527471875 0.5116503906250001 0.3155824171875
1 0.521826171875 0.3115824171875 0.521826171875 0.3123296703125 0.52314453125 0.31331868125 0.52380859375 0.31331868125 0.5254589843749999 0.3118315015625 0.536376953125 0.29049816875 0.538359375 0.2877655671875 0.53869140625 0.286527471875 0.53736328125 0.2855384609375 0.5367089843749999 0.2855384609375 0.5357128906249999 0.2860293046875 0.5333984375 0.28950183125 0.521826171875 0.3115824171875
1 0.5254589843749999 0.3150549453125 0.531083984375 0.3158021984375 0.54728515625 0.319274725 0.5525781249999999 0.3207619046875 0.55357421875 0.3207619046875 0.554892578125 0.31977289375 0.554892578125 0.319274725 0.5529101562500001 0.3180366296875 0.531416015625 0.31331868125 0.5284375 0.313069596875 0.5257910156250001 0.3115824171875 0.52513671875 0.3115824171875 0.52380859375 0.31257875468749996 0.52380859375 0.31331868125 0.5254589843749999 0.3150549453125