0 0.511933515625 0.4117766703125 0.509678034375 0.4123832546875 0.50780085 0.41421617031249996 0.5078914250000001 0.4164673453125 0.5090031546875 0.41814166718749995 0.5153856203125 0.4212284171875 0.5191020015625 0.42173375156250004 0.5223919109375 0.420957578125 0.5235612734374999 0.4186970921875 0.5218310703125 0.41542333124999997 0.5180864109375001 0.412702534375 0.5145071140625 0.41155226718750004 0.511933515625 0.4117766703125
1 0.4989866015625 0.660003715625 0.5008361906250001 0.659146084375 0.500289696875 0.65777165625 0.5007548625 0.6575559640625 0.49600321718749996 0.6543589859375001 0.48897410468749997 0.6481613859375 0.4825910015625 0.6408503234375 0.4824441765625 0.639568340625 0.48110332343750006 0.6380325578125 0.4789804859375 0.638202978125 0.47630810781250005 0.637013303125 0.474448965625 0.63786890625 0.4743210203125 0.6384708421874999 0.4758182515625 0.6412906406250001 0.4768843328125 0.642146375 0.479683134375 0.642741278125 0.4846533828125 0.6488083312499999 0.48719629218750005 0.6506071078125 0.49129085312500004 0.654922684375 0.4957037546875 0.6577405828125 0.4970446078125 0.6592763671874999 0.4989866015625 0.660003715625
1 0.47783935624999996 0.6376533453125 0.4639130640625 0.64032545625 0.4502300640625 0.6418059953124999 0.44889853906250005 0.642152103125 0.44778736406249997 0.6434812578125 0.44912821718749996 0.6450170390625 0.449930603125 0.6451875921875 0.4775398953125 0.64103494375 0.47886186875 0.64068680625 0.4799825953125 0.63935968125 0.4786417421875 0.6378238984375 0.47783935624999996 0.6376533453125
0 0.470863459375 0.6332720703125 0.46748340156249996 0.6346132765625 0.4662989609375 0.6366159078125 0.46747626875000003 0.63920293125 0.4718699125 0.6423462828125001 0.4743908484375 0.6433090359375 0.482015034375 0.6421509375000001 0.483549884375 0.6397209796875 0.481122546875 0.6354527062499999 0.47850513125000005 0.6341923281249999 0.474539671875 0.6342482046875 0.470863459375 0.6332720703125
2 0.4803837890625 0.6394449578125 0.47904293593749997 0.637909175 0.47123964375 0.635306834375 0.46951647812499997 0.635569696875 0.45039958750000003 0.6311917109375 0.4485499984375 0.63204934375 0.44842205156250003 0.63265128125 0.44976290468749996 0.6341870640625 0.4540929546875 0.6354220109375001 0.4700738234375 0.63881885 0.47179699062499997 0.6385559859375001 0.4784062546875 0.640904528125 0.4802573671875 0.640039728125 0.4803837890625 0.6394449578125
1 0.464977153125 0.6333465687500001 0.467674221875 0.6304745984375 0.4721569078125 0.6270459625 0.48434068437500005 0.6149110046875 0.48520704375 0.6147805890625 0.48592657812500006 0.6133681875 0.48458724843749995 0.6118252390625 0.48378486093750006 0.6116546875 0.482854528125 0.6120860718750001 0.4825173078125 0.6116998265625 0.48238936250000003 0.6123017640625 0.48106891249999995 0.6126427359375 0.4792911 0.61508845625 0.4698139453125 0.624353475 0.46064557968750003 0.6321187875 0.46051915781249997 0.632713559375 0.46185848749999997 0.6342565078125 0.46398284843750004 0.634078921875 0.464977153125 0.6333465687500001
1 0.5053822125 0.618125253125 0.499383415625 0.61685016875 0.48544405468749996 0.6116927921875 0.4835929421875 0.6125575921874999 0.4834665203125 0.6131523624999999 0.48480585 0.6146953125 0.49134311249999996 0.617335625 0.5086104140625001 0.6225712453125001 0.5138707953125 0.6233748078125 0.515720384375 0.6225171734375 0.5158483296874999 0.6219152375 0.514507478125 0.6203794546875 0.5096482890625 0.61966116875 0.5053822125 0.618125253125
0 0.47691169999999994 0.609984040625 0.4724543546875 0.610287378125 0.4707003453125 0.6129029312500001 0.4714336828125 0.6154180546875 0.475136284375 0.617538228125 0.48038504687500005 0.61811463125 0.486868184375 0.6176277359375 0.48836447187500004 0.6168822484375001 0.4904330078125 0.6144309140625 0.4899636734375 0.6119419484375 0.4868537234375 0.6099926828125 0.480508390625 0.609220646875 0.47691169999999994 0.609984040625
2 0.486710084375 0.61165481875 0.48590769843750004 0.6114842656249999 0.479473690625 0.6123036609375 0.4577033015625 0.608619921875 0.4558441609375 0.6094755234375 0.45571621406249996 0.6100774609374999 0.45706662031249995 0.6116152734375 0.46466063750000003 0.6132294328125 0.46718466718749996 0.6131442890625001 0.47922712812499996 0.6153894249999999 0.4869302109375 0.614517725 0.4880509375 0.6131906015624999 0.486710084375 0.61165481875
1 0.4868680625 0.59320388125 0.486075228125 0.593035359375 0.48421608593750004 0.5938909625 0.4839994765625 0.5988555125 0.481387253125 0.611145059375 0.47860932500000003 0.6202687 0.47995972968749995 0.6218065125 0.4807525640625 0.621975034375 0.48261170625 0.6211194328125 0.483449634375 0.619103065625 0.48799230624999995 0.5997042140625 0.48821846718749995 0.5947416953125 0.4868680625 0.59320388125
1 0.4835134390625 0.589352659375 0.4772116640625 0.5836317171875 0.461511378125 0.574969359375 0.4596617890625 0.5758269921875 0.460145834375 0.577495221875 0.4743053203125 0.5855155062499999 0.47705902812499995 0.5882952984375 0.4803323234375 0.5905564015625 0.481818478125 0.593381334375 0.48289411250000003 0.5942391 0.48368694687499997 0.5944076234375 0.4855476125 0.5935448531249999 0.48431582500000003 0.5895232125 0.4835134390625 0.589352659375
0 0.4794059828125 0.58847959375 0.4785057828125 0.5899434671875 0.4771081234375 0.5924325453125 0.47758024218750006 0.594532640625 0.47906577187500005 0.5959044437500001 0.4870862625 0.5988001109375001 0.4891776796875 0.5984956859375 0.49125559062499996 0.596892678125 0.4916507859375 0.5949394890625 0.49021515468750004 0.5922526203125 0.4852997515625 0.588698778125 0.482772721875 0.5877646890625 0.4809202640625 0.5877903578125 0.4794059828125 0.58847959375
2 0.47941154375000006 0.5909898171875 0.45982948593749995 0.586827521875 0.45635624375 0.5854601296874999 0.45450513125 0.586324928125 0.45437870937499997 0.5869196984375 0.45571803906249997 0.5884626484375 0.4591928046875 0.5898228750000001 0.479166503125 0.5940684140625 0.48289411250000003 0.5942391 0.4865686 0.5965854796875 0.4884197140625 0.5957206796875 0.4879452203125 0.5940544796875 0.4843251515625 0.5914051046875 0.47941154375000006 0.5909898171875
1 0.49644296250000003 0.5717364890625001 0.5015376390624999 0.5693741453125 0.505922334375 0.5684262343750001 0.50870225625 0.5671372156250001 0.509348265625 0.566023753125 0.5080074125 0.5644879703125001 0.5072145781249999 0.5643194484375 0.5035698203125001 0.5657317171875 0.50098029375 0.5661249953125 0.49727003906249995 0.567845396875 0.49601356250000006 0.5678854 0.49542045 0.56870303125 0.48754585156249997 0.5723543921875 0.4868902890625 0.5734658234375 0.48822962031249995 0.575008771875 0.4903539796875 0.5748311859374999 0.49584985000000004 0.5725541187500001 0.49644296250000003 0.5717364890625001
1 0.48846663125 0.5719209765625 0.48661551875000003 0.572785775 0.48213482656249995 0.5840490359375 0.47950372343750003 0.594454659375 0.48084457656249996 0.5959904421875 0.4816469625 0.5961609953125 0.4834965515625 0.5953033609375 0.4872934765625 0.5813857234375 0.49029000624999997 0.5751321546875 0.4906083484375 0.573634478125 0.48926901875000006 0.5720915296875 0.48846663125 0.5719209765625
0 0.4836754890625 0.5696143640625 0.481364996875 0.5713252171875001 0.4813810890625 0.573598009375 0.483517728125 0.5773551125 0.48552597343750004 0.579414728125 0.4874891375 0.5803712671875 0.48968852187499995 0.5804043609375 0.4929468 0.578086078125 0.493782578125 0.5746237468750001 0.49340830625 0.5731436249999999 0.489907459375 0.56998033125 0.4860197046875 0.5691539624999999 0.4836754890625 0.5696143640625
2 0.4816750015625 0.570477371875 0.4569874171875 0.5668026937499999 0.455128275 0.5676582984375 0.45500032968750004 0.5682602343750001 0.45635073437499996 0.5697980484375 0.4591495359375 0.5703929515625 0.4814379890625 0.573565165625 0.4894332 0.5752646 0.49128431250000004 0.5743998015625 0.49141073437499994 0.5738050296874999 0.4900714046875 0.57226208125 0.4816750015625 0.570477371875
1 0.5112356140625 0.5689339625 0.5106986703125 0.5675615671875 0.5111638375 0.567345875 0.51036145 0.567175321875 0.509020596875 0.5656395390625 0.5056098046875 0.56397834375 0.50145279375 0.5599565703125 0.4981794984375 0.55769546875 0.495488240625 0.554621871875 0.49355580000000004 0.5538965515625 0.49170620937500004 0.5547541859375 0.4922446765625 0.556119415625 0.491779509375 0.556335109375 0.4929191171875 0.55689190625 0.4956088515625 0.5599726671874999 0.49854492656250005 0.561847525 0.5027034609375 0.5658621328125 0.5061127296875 0.56753049375 0.5074535828125 0.569066278125 0.509386025 0.569791596875 0.5112356140625 0.5689339625
1 0.4901842890625 0.555996034375 0.49230712656250003 0.5558256125 0.49633572031249995 0.552607534375 0.4985880265625 0.5518280109375 0.4987144484375 0.551233240625 0.5030162921875 0.548702375 0.5070993078125 0.5451812968749999 0.5094140625 0.544107971875 0.510133596875 0.5426955718750001 0.5087942671875 0.541152621875 0.5079918812499999 0.5409820703125 0.5070711 0.5414154859375 0.5067338796875 0.5410292390625 0.506605934375 0.5416311781250001 0.5038260125 0.5429201953125 0.5001986109375001 0.54622355 0.49531473281249994 0.549566909375 0.4930528734375 0.550344403125 0.49292645156250003 0.5509391734375 0.490018584375 0.552830128125 0.4888434359375 0.55446025 0.4901842890625 0.555996034375
0 0.49027424843749995 0.5595652609374999 0.49519893281250005 0.5599754124999999 0.49886413125000006 0.556635153125 0.4987628125 0.5532133046875 0.4963625125 0.55102541875 0.4924135953125 0.549594365625 0.486559203125 0.551068728125 0.48465697656250006 0.5525967328125 0.4841452421875 0.5539709171875 0.48479361093750006 0.555711521875 0.4867554890625 0.5575665484375001 0.49027424843749995 0.5595652609374999
2 0.4947498265625 0.55415035 0.48882455625 0.5525763296874999 0.48430258750000005 0.5522442875 0.4683217203125 0.5488474484375 0.46646257812499997 0.549703053125 0.4663346328125 0.5503049890625 0.4676850375 0.551842803125 0.48366590625 0.5552396421875 0.4885890671875 0.555656959375 0.4941131453125 0.5571457046875 0.4959722859375 0.5562901015625 0.4961002328125 0.5556881640625 0.4947498265625 0.55415035
1 0.5070562078124999 0.5552008093749999 0.5065192640625 0.5538284140624999 0.5069844296875 0.553612721875 0.5041027765625 0.551434865625 0.49637882031249997 0.542588021875 0.4955575546875 0.540533546875 0.49482869375 0.54006405625 0.4944710703125 0.53780105625 0.493131740625 0.5362581078125 0.492329353125 0.53608755625 0.490478240625 0.5369523546875 0.4902878453125 0.5378480953125 0.49063439375 0.5401162296875001 0.4913728078125 0.5405877515624999 0.491856853125 0.5422559796875001 0.4937442015625 0.5451661890625 0.49979160624999996 0.552083840625 0.5009216624999999 0.5526386078125001 0.5032741765625001 0.555333125 0.5052066187500001 0.55605844375 0.5070562078124999 0.5552008093749999
1 0.5043212109375 0.5248555015624999 0.5071651046875 0.5232655171875 0.5078846390625 0.521853115625 0.5065453093750001 0.520310165625 0.5057429234375 0.5201396140625001 0.5048125906250001 0.5205709984375 0.5044753703125 0.5201847546875 0.504347425 0.5207866906249999 0.5015035296875 0.522376678125 0.493621596875 0.531980771875 0.48946657968749996 0.5357936203125 0.48933863281249995 0.5363955578125 0.49068903906249994 0.537933371875 0.4928133984375 0.537755784375 0.49379662812499997 0.5370285671875 0.5043212109375 0.5248555015624999
0 0.482066109375 0.5339734421875 0.48189631874999994 0.5353828593750001 0.4840961265625 0.5382321609375 0.49260486718749996 0.541695965625 0.4947177375 0.5414784906250001 0.49692272031250007 0.5402170578125001 0.497525278125 0.5386974078125 0.4969896453125 0.5359097421875 0.4950993578125 0.5337179171875001 0.4879100171875 0.5317029453125001 0.48335531875 0.5326521718749999 0.482066109375 0.5339734421875
2 0.4928227265625 0.539637675 0.49468186718749996 0.5387820734375001 0.4945350421875 0.5375000890625 0.491781334375 0.5347202953125 0.486193284375 0.53353251875 0.4796029 0.5330678984375 0.46928208437499996 0.5305670640625 0.46743249374999996 0.5314246984375 0.46730454843749997 0.532026634375 0.4686454015625 0.5335624171875 0.4709790359375 0.5343730140625 0.47896469531249997 0.5360704171874999 0.48555660312500004 0.5365278703125 0.489950625 0.5374618484375 0.49202989218750004 0.539469153125 0.4928227265625 0.539637675
1 0.5275137828124999 0.53166514375 0.52057685 0.5289323875 0.5118963484375 0.5245857390625 0.5056978296875 0.522324503125 0.50041856875 0.5196370203125 0.49856897812499995 0.520494653125 0.499105921875 0.52186705 0.49865030781249997 0.5220847734375 0.4994431421875 0.5222532953125001 0.4997179140625 0.5229333421875 0.5253458515625 0.5340204546875 0.5267491546875 0.535262434375 0.5275515421875 0.5354329859375 0.529402653125 0.5345681875 0.5292558281249999 0.5332862031250001 0.5275137828124999 0.53166514375
1 0.5024356875 0.5003304796875 0.500586096875 0.5011881140625001 0.4961678546875 0.51215756875 0.4950942125 0.5191344265625 0.49644461875 0.5206722390625 0.497237453125 0.5208407609375 0.49909659531250006 0.519985159375 0.501390478125 0.5091932890625 0.5040686671875 0.504437396875 0.5045789265625 0.502036815625 0.5032380734374999 0.5005010328124999 0.5024356875 0.5003304796875
0 0.496262125 0.5153307593750001 0.49200774843749995 0.5152428375 0.4899729 0.5166902265625 0.48979451249999995 0.5183749343749999 0.49195023281249994 0.52265288125 0.4935697765625 0.523910865625 0.49875854531249997 0.5255680093749999 0.5031761593749999 0.525263715625 0.5050284296875 0.523313159375 0.5042667437499999 0.5201329203125 0.5027939671875 0.5184193015624999 0.4990323984375 0.516106840625 0.496262125 0.5153307593750001
2 0.465785975 0.5116465015625 0.46565802968750003 0.512248440625 0.46699888281249996 0.5137842218750001 0.49570620468750004 0.52020071875 0.4997179140625 0.5229333421875 0.5005203 0.52310389375 0.5023698890625 0.5222462625000001 0.50188584375 0.5205780328125 0.49674407968749995 0.5172906421875 0.4676355640625 0.5107888703125 0.465785975 0.5116465015625
1 0.48779033125 0.512256778125 0.494898309375 0.504368084375 0.5009684109375 0.49938946875 0.501094834375 0.498794696875 0.49974595156249996 0.4972497171875 0.4989531171875 0.49708119531249995 0.4976215921875 0.497427303125 0.4949884953125 0.49999830625 0.49313890625 0.5008559390625 0.48497265 0.5097779546875 0.48265789375 0.5108512796875 0.47943168593749996 0.5142399109375 0.47930526249999994 0.5148346828125 0.48064459375 0.5163776312499999 0.48277850625 0.5162020765625 0.485475575 0.5133301046875001 0.48779033125 0.512256778125
0 0.4951145890625 0.49452019687500004 0.4914981796875 0.4965975828125 0.4912951625 0.4980224046875 0.492251009375 0.4996785734375 0.4953845875 0.502643965625 0.49969093906250006 0.5044131328125 0.5026366359375001 0.5047396734375 0.5047038374999999 0.504220390625 0.505892540625 0.5028552890625 0.5060402046875 0.500939359375 0.502716221875 0.496098525 0.49775698906250004 0.49434786875 0.4951145890625 0.49452019687500004
2 0.5021624390625 0.49964326718749996 0.500885559375 0.49780651562499995 0.49135910000000005 0.4954670375 0.4751863140625 0.4929731046875 0.473327171875 0.4938287078125 0.4731992265625 0.49443064375 0.47454963125000005 0.4959684578125 0.4983164359375 0.5000765484375 0.4995917921875 0.501920465625 0.5007233703125 0.502468065625 0.5015257578125001 0.50263861875 0.503375346875 0.5017809859375 0.503302046875 0.5002000640625 0.5021624390625 0.49964326718749996
1 0.5038612171875 0.48183440156249996 0.5061759718750001 0.4807610765625 0.506367890625 0.47985817031250005 0.5050270375 0.4783223875 0.5042246515625 0.4781518359375 0.503303871875 0.47858524999999996 0.5029666500000001 0.47819900468750004 0.5000587828125 0.480089959375 0.497892846875 0.49027989375000003 0.4967741109375 0.499441640625 0.49666656875 0.5019203328125 0.49801545 0.5034653125 0.498808284375 0.503633834375 0.5006593984375 0.502769034375 0.5019496484375 0.4908276265625 0.5038612171875 0.48183440156249996
1 0.52422678125 0.48428332812499997 0.5160847453125 0.48130190781250004 0.50542823125 0.4784076640625 0.5035690890625 0.4792632671875 0.50344114375 0.47986520468749994 0.50479155 0.4814030171875 0.5150468703125 0.4842119859375 0.52164658125 0.486558496875 0.5310654968749999 0.491376665625 0.532269078125 0.4916324953125 0.5341186671875 0.4907748625 0.5342466124999999 0.4901729265625 0.532905759375 0.48863714218750004 0.52422678125 0.48428332812499997
0 0.493966390625 0.47606125156249995 0.4927819734375 0.4775470984375 0.4929062109375 0.4793111125 0.49483470937499996 0.481511059375 0.49724419375 0.4826223859375 0.506312453125 0.484205378125 0.5084281125000001 0.48359903125 0.510128503125 0.481893309375 0.5102344750000001 0.480455346875 0.5088473015625 0.47768141249999996 0.504772990625 0.4755721046875 0.49763758593749996 0.47475945781249995 0.493966390625 0.47606125156249995
2 0.49543660625 0.476283878125 0.47427820781249996 0.47366643125 0.47241906718750004 0.47452203437499996 0.472291121875 0.475123971875 0.4736415265625 0.4766617828125 0.475637940625 0.477086134375 0.494799925 0.47927923281249996 0.5063867703125 0.48174209218749997 0.508236359375 0.480884459375 0.5083643062500001 0.480282521875 0.507023453125 0.47874673906250004 0.49543660625 0.476283878125
1 0.5045221203125 0.4669356140625 0.5091967234375 0.4626040734375 0.5148394203125 0.461608990625 0.5145021984375 0.46122274531249996 0.515960146875 0.460281865625 0.5161505421875 0.45938612812499996 0.5148112125 0.45784317812499997 0.51286921875 0.45711582812499996 0.5102796921875 0.45750910625 0.509232490625 0.4585372921875 0.50744535 0.45910112343750004 0.495845134375 0.4704164234375 0.4898316703125 0.4810468046875 0.489641275 0.48194254374999995 0.49098060468750004 0.48348549375000005 0.49178299062499997 0.4836560453125 0.49363410312499995 0.4827912453125 0.49912798125 0.47267955468749995 0.5045221203125 0.4669356140625
1 0.5111460515624999 0.457378690625 0.5092964624999999 0.45823632343750004 0.5091685171875 0.4588382609375 0.5105093703125 0.46037404375 0.5120406187500001 0.4610140875 0.539710065625 0.47034065937499997 0.5413148390625 0.4706817640625 0.543164428125 0.46982413125000005 0.5432923734374999 0.46922219531250003 0.5419515203125 0.4676864125 0.5404107203125 0.4670443390625 0.5111460515624999 0.457378690625
0 0.5042364890625 0.4555505125 0.5020910875 0.455686178125 0.5007018125 0.4564918609375 0.4993891890625 0.45820510781249996 0.49966293281249996 0.46015818125 0.5041762921874999 0.46405347812500003 0.5076149390625 0.46511393125 0.509834125 0.465053865625 0.51565181875 0.46079303437499997 0.5157117546875 0.4579746765625 0.5130259749999999 0.45619047031250004 0.5079011312499999 0.45526592343749994 0.5042364890625 0.4555505125
2 0.49514829687499995 0.4599325546875 0.5017402046874999 0.460390009375 0.5077294484375 0.4616630625 0.512167040625 0.460419315625 0.512969428125 0.4605898671875 0.5126322078125 0.46020362343750004 0.5136904859375 0.4591703015625 0.5123496328125 0.45763451875000005 0.5115472453125001 0.45746396562499997 0.5075732953125 0.4584991859375 0.5019756937500001 0.457309378125 0.49539333750000003 0.4568539546875 0.486595740625 0.45498396718749995 0.48128246093750005 0.4544762390625 0.479421796875 0.45533900781250003 0.47929537499999997 0.4559337796875 0.48064425625 0.4574787578125 0.482239478125 0.45781783281250005 0.485959059375 0.457979321875 0.49514829687499995 0.4599325546875
1 0.51690163125 0.44011755937499997 0.51896201875 0.44024094218750004 0.5396081640625 0.43742434843750005 0.5407288921875 0.436097225 0.5393880390625 0.43456144218750004 0.538585653125 0.434390890625 0.5166815062500001 0.437254653125 0.515560778125 0.438581778125 0.51690163125 0.44011755937499997
1 0.5236443515625 0.45752624375 0.5225767453125 0.456677675 0.520395746875 0.4512034984375 0.5193201125 0.45034573125 0.5185083984375 0.44829328906250004 0.5173217046875 0.44208675781249995 0.5178304406249999 0.43969334218749995 0.5164911109375 0.43815039218749996 0.515688725 0.4379798390625 0.5138376124999999 0.4388446390625 0.513264903125 0.44153902343749996 0.5141783484375 0.4470583421875 0.5154101359375 0.4510799828125 0.51647621875 0.4519357171875 0.5189944375 0.457796140625 0.5199340968749999 0.45924664687499994 0.5203992625 0.4590309546875 0.521876090625 0.45997399687499996 0.5237256796875001 0.4591163640625 0.5236443515625 0.45752624375
0 0.50389210625 0.439322084375 0.50498303125 0.4418458078125 0.508069178125 0.44362524062500003 0.5168298765625 0.44407183593750005 0.5209722 0.4423384171875 0.5224397484375001 0.440366003125 0.5217835265625 0.43776990624999995 0.5178435125 0.4354045359375 0.5074494421875 0.43634836093749996 0.5048110218749999 0.4373004625 0.50389210625 0.439322084375
2 0.51902446875 0.439947140625 0.520082746875 0.43891381718750005 0.51874189375 0.4373780359375 0.5179395078125 0.4372074828125 0.513500390625 0.4384583953125 0.50418473125 0.43709993281250004 0.4810110390625 0.4321742125 0.47915037343750005 0.4330369796875 0.4790239515625 0.4336317515625 0.4803728328125 0.43517673125 0.503546525 0.4401024515625 0.51365654375 0.44162226875000005 0.518570378125 0.44015769687499995 0.5193632125 0.44032621875 0.51902446875 0.439947140625
1 0.550089646875 0.435270796875 0.5236950874999999 0.419946353125 0.5194741031250001 0.41622554687499996 0.51868126875 0.416057025 0.5168206046875 0.41691979375 0.51669418125 0.4175145640625 0.5197211375 0.42098157187499996 0.5290121078125 0.42640167812499996 0.5333610359375001 0.42952054687499996 0.54236920625 0.434251409375 0.5482589359375 0.43801235156249996 0.5494529640625 0.43826615 0.5513121062499999 0.437410546875 0.5514400515625 0.43680861093749995 0.550089646875 0.435270796875
1 0.5122548984375 0.3893160390625 0.5103942328125 0.390178809375 0.5102038375 0.391074546875 0.5127502640625 0.40070078281250004 0.5136301624999999 0.41624164375 0.5149710140625 0.41777742812499996 0.5157734015625 0.4179479796875 0.517622990625 0.41709034687499996 0.5178788828124999 0.4158864734375 0.5166697921875001 0.3999685625 0.5141233656249999 0.39034232812499997 0.5122548984375 0.3893160390625
2 0.5130385734375 0.41705210781249996 0.5192370921875 0.41931334218750005 0.5210882046875 0.41844854218750005 0.5212146265625 0.41785377187500006 0.519875296875 0.4163108234375 0.5136752546875 0.41405675468750003 0.5111497015625 0.4141490640625 0.5010316546875 0.41262005 0.4956433265625 0.412418425 0.48598892187500004 0.41068088437499994 0.4841393328125 0.4115385171875 0.4840113875 0.41214045468749994 0.485352240625 0.4136762375 0.48975581406249996 0.414612246875 0.504058609375 0.41608705625000003 0.5076502453125 0.41685048281250003 0.5130385734375 0.41705210781249996
3 0.480872278125 0.5114079453125 0.47860460781249997 0.5181310046875 0.47707535312499993 0.525325584375 0.4774994125 0.542964028125 0.4738399859375 0.5562817609375 0.47097538749999995 0.5776026390625 0.46870771875 0.5843256984375 0.46655714374999996 0.5885720953125 0.4659204625 0.5915674484375 0.464939225 0.6001292890625 0.4645966640625 0.6135303999999999 0.4616094609375 0.621665859375 0.46115584062500004 0.6297182046875001 0.4618149171875 0.63643423125 0.45920269375 0.648723778125 0.45695971562500004 0.6513851921875 0.45670534687500003 0.6525819 0.45771853125 0.6537334687499999 0.45924977968749997 0.6543735125000001 0.46150056250000004 0.6536011546875 0.46386996406250003 0.6503449703124999 0.46667410625 0.6371525171875 0.466015028125 0.6304364921875 0.46640467656249995 0.6226851140624999 0.46945585312500004 0.6142486859375 0.46979689062499996 0.6008547421875 0.47071567812500004 0.5925867031250001 0.471352359375 0.58959135 0.473502934375 0.585344953125 0.47577060312499997 0.5786218937500001 0.4786352015625 0.557301015625 0.4823586015625 0.543682315625 0.48193301875000005 0.5260510359375 0.48572994375 0.512133396875 0.485882109375 0.499628025 0.4886018765625 0.4848597859375 0.488226896875 0.4807057 0.49092197187500003 0.46999910468749995 0.4936548078125 0.46306035312500005 0.49656649374999995 0.447389209375 0.5016025390625 0.43154047812499996 0.5009414671875 0.4169898296875 0.5040524046875 0.394463046875 0.5030487734375 0.393313509375 0.501517525 0.392673465625 0.4992667421875 0.3934458234375 0.4961462515625 0.41597057499999995 0.4968881828125 0.424269553125 0.49674335000000003 0.4308221921875 0.491771278125 0.44636995468749996 0.48892356562500006 0.4617401296875 0.4861907296875 0.4686788828125 0.48336770781249994 0.47998741406249995 0.4837442109375 0.48413433437500003 0.4810229203125 0.4989097390625 0.480872278125 0.5114079453125
1 0.5115362625000001 0.5066463265625 0.5036297140625 0.5005842781250001 0.501360053125 0.4994727140625 0.4995104640625 0.500330346875 0.4999929859375 0.5020057421875 0.509421228125 0.508705803125 0.5181379671874999 0.5168274609375 0.5200704078125 0.5175527796875 0.5219310734375 0.5166900109375 0.5213830546875 0.5153227515625 0.5218482203125 0.515107059375 0.521045834375 0.51493650625 0.5123290968750001 0.5068148484375 0.5115362625000001 0.5066463265625