1 0.5342520234375 0.448729703125 0.5407156671875 0.4445741984375 0.5421392171875 0.4445990453125 0.542875253125 0.44354270781249994 0.5536189484375 0.4389231109375 0.561524796875 0.43372359375 0.575143503125 0.4275546109375 0.5888272890625 0.4176572375 0.588845946875 0.4165883765625 0.5860361609375 0.414400959375 0.5839064406250001 0.414363784375 0.570231909375 0.423730934375 0.5623632265625 0.42680114687500004 0.5472744031250001 0.435613225 0.5379544046875 0.4402492546875 0.5365308546875001 0.44022440625000003 0.53005585625 0.4443881296875 0.5286435140625 0.444363478125 0.5293404296875 0.44490602656249995 0.5278795656249999 0.4470189015625 0.5306895 0.44919790312499996 0.5342520234375 0.448729703125
1 0.5278889671875 0.4464802609375 0.5214885984375 0.4463685421875 0.4546453171875 0.4473401625 0.45037662031250003 0.44779603593750006 0.4474922078125 0.4498840609375 0.44747355000000005 0.450952921875 0.45028348281249997 0.45313192343750003 0.4794549375 0.4520415421875 0.5206798874999999 0.45223074375000005 0.5277958296875 0.45181614999999997 0.5306800968750001 0.449736540625 0.5306987546874999 0.4486676796875 0.5278889671875 0.4464802609375
2 0.520782428125 0.446356215625 0.5292938609375 0.447573971875 0.5321782765624999 0.44548594531249996 0.5321967859375001 0.44442550000000003 0.529387 0.4422380828125 0.525842984375 0.4416458375 0.493872953125 0.44054899687500004 0.480347384375 0.44138209375 0.40996948906249997 0.441222828125 0.375849128125 0.44062725468749997 0.3531246109375 0.43916141093750005 0.35025140781249997 0.44124963125 0.35023289687500003 0.4423100765625 0.3530314734375 0.4444973 0.37504981875 0.4459508171875 0.45892536875 0.44687606718749995 0.49377981562500006 0.445884884375 0.520782428125 0.446356215625
0 0.5464528421875 0.33236767500000003 0.5469664890625 0.327350621875 0.5433929296875 0.3239544046875 0.5360795421875 0.32283333125 0.5306578265625 0.32382471874999996 0.5249854578125001 0.3237593828125 0.5225936109375 0.3252498515625 0.5204944031250001 0.3292458125 0.5209904671875 0.332302071875 0.5221428859375 0.33372812500000004 0.5257607515625 0.3358707171875 0.528827478125 0.3361852296875 0.531121646875 0.338363646875 0.53390476875 0.33886684218749996 0.5391048015625 0.34415200156250003 0.546759559375 0.3443445484375 0.5499478359375 0.3428343046875 0.5514131796874999 0.33725296875 0.5497984140625001 0.334050896875 0.5464528421875 0.33236767500000003
1 0.5405140859374999 0.334074053125 0.5376410265625 0.33615385781249996 0.538300628125 0.33883412812499997 0.5555918859375 0.366362315625 0.5692367359375 0.399164371875 0.5720466703125 0.401343371875 0.5734702203125 0.40136821874999995 0.576343278125 0.399288415625 0.5763711890625001 0.39768933125 0.5634065515625 0.36702910625 0.5440488453125 0.33519652031249997 0.5405140859374999 0.334074053125
2 0.5413153484375 0.329280909375 0.5385055624999999 0.327093490625 0.5157716453125001 0.32616628593749997 0.46884309375 0.32641633125 0.357983734375 0.3239424703125 0.35509931875 0.3260304953125 0.3550806625 0.3270993578125 0.3578905953125 0.329278359375 0.36924717500000004 0.3300153921875 0.4687499546875 0.33175221875 0.516384678125 0.3315145 0.5384124234375001 0.3324293796875 0.5412966906250001 0.3303497703125 0.5413153484375 0.329280909375
2 0.50836098125 0.2214166203125 0.39253405625000004 0.21832566875 0.3534089609375 0.2192423078125 0.35053575625 0.22133052812499998 0.3505172453125 0.22239097187499998 0.3533158234375 0.22457819375 0.3931470890625 0.22367388125 0.519633825 0.22695090156250003 0.526043596875 0.2265239828125 0.5289278640624999 0.22444437343749998 0.528946521875 0.2233755125 0.526136734375 0.2211880953125 0.50836098125 0.2214166203125
1 0.504222553125 0.173298346875 0.502799003125 0.1732734984375 0.49991458906249997 0.1753615234375 0.4998866765625 0.17696060625 0.5100267796875 0.20756311093750002 0.5161644375 0.22208321406249998 0.5196618828124999 0.22534340312499998 0.521085434375 0.2253682515625 0.5239697015625 0.2232886421875 0.5239976140625 0.22168955937499998 0.5178208343749999 0.20876834375 0.5070323375 0.1754857640625 0.504222553125 0.173298346875
3 0.4455067 0.6863248140625 0.4498110890625 0.7242929234375 0.45219998281249996 0.79106195625 0.4543130015625 0.792698409375 0.4571394890625 0.7932865484375 0.460730075 0.79121085 0.46085112500000003 0.7842758796875 0.45779337187499997 0.7153567984375 0.45402558125 0.6864735109375 0.45335849375 0.6437533421875 0.4537123890625 0.6234786531250001 0.455413546875 0.606957003125 0.45575995625 0.5466424171875001 0.4534809421875 0.5140471734375 0.4529349046875 0.46439203281249997 0.45091679375 0.41684957031250003 0.4556920328125 0.30643629687499996 0.45475282968749997 0.2786631484375 0.45047469375000004 0.23854870625000002 0.4506627390625 0.187306809375 0.4485497203125 0.18567035625 0.4457230859375 0.1850906328125 0.4421326484375 0.187157915625 0.4417041234375 0.21170805 0.44194460312499995 0.23839981250000003 0.44622273906250004 0.2785142546875 0.44716194062500003 0.30628740312499997 0.44238670312500006 0.4167006765625 0.4444048140625 0.46424313906250003 0.4449528046875 0.514428696875 0.4472298671875 0.5464935234375 0.4450688828125 0.6702962125 0.4455067 0.6863248140625
1 0.4891508015625 0.26271222656250004 0.4891694578125 0.261643365625 0.494220759375 0.2574632078125 0.49714234218750003 0.253245878125 0.5036153859375 0.24855173593750002 0.5065277109374999 0.24486462812499998 0.5216424953125001 0.23392304687499998 0.5237928265625 0.233421778125 0.5260341953125 0.2270626203125 0.523224409375 0.224875203125 0.521800859375 0.22485035468749998 0.5189276546875 0.2269385765625 0.51816370625 0.22959399687499998 0.5030675796875 0.23946671875 0.49727279375 0.24577226875 0.49295557343749996 0.24836566875 0.48859359375 0.2541658453125 0.4835422921875 0.258346003125 0.48278955156250003 0.26100162031249996 0.485588128125 0.2631888421875 0.48845388593749994 0.26216967812499997 0.4891508015625 0.26271222656250004
0 0.5198673765625 0.21742490781249998 0.5170534046874999 0.218689121875 0.513972503125 0.22239854375 0.5141830374999999 0.2276808 0.520415375 0.23356487656249997 0.5244736859375 0.2342418671875 0.5285317593750001 0.2336476171875 0.5339656828125 0.2300297796875 0.5361738359375 0.22750059218750002 0.53584138125 0.22085236406250003 0.5342203890625 0.2192918484375 0.5287813671875 0.2174205453125 0.5198673765625 0.21742490781249998
0 0.5479302703125 0.757761278125 0.5479915296875 0.7542517125 0.54741459375 0.7526168156249999 0.5444670234375 0.7499723765625 0.539721053125 0.748222615625 0.5317099578125 0.74788915 0.5247319765625 0.751320078125 0.5226488265625 0.755038496875 0.5226236921875 0.758405575 0.5252070921875001 0.7607153234374999 0.5260712468750001 0.76323920625 0.5294995453125 0.7646797296875001 0.5295840015625 0.7681918390625 0.53326196875 0.7713878281250001 0.5355020625 0.7721677828125 0.539976678125 0.77211960625 0.5450993765625001 0.7702727 0.54697459375 0.766904240625 0.5461979796875001 0.7612921906250001 0.5479302703125 0.757761278125
1 0.5387175156249999 0.7626769999999999 0.5373051734375001 0.7626523484375001 0.5344207609375 0.7647403734375 0.5336772765625 0.7668657671875 0.529695628125 0.7913454609375 0.524504471875 0.803537865625 0.524476559375 0.8051369484374999 0.527275284375 0.8073157546875 0.5286988328125 0.807340603125 0.5315831015625 0.8052609937499999 0.5375549078125 0.7888138890625 0.5415273015625 0.76486441875 0.5387175156249999 0.7626769999999999
1 0.5487548921875 0.7580534937500001 0.570941003125 0.7498956796875 0.5795082625 0.7479152671875 0.5888097484375 0.7443396828125 0.598073921875 0.7429018187499999 0.6009583375 0.7408137953125 0.60097699375 0.739744934375 0.5981672078125 0.7375575171875 0.5960374859375001 0.7375203421875 0.5881855078125 0.7389912734374999 0.5817497765625 0.7415476937500001 0.5731825203125 0.74352810625 0.5445700796875 0.7537037 0.540970240625 0.7563096234375 0.5345231546875 0.7588742640625 0.5352200703125 0.7594168125 0.5337704140625 0.76152988125 0.5365691375 0.7637086859375 0.5401316640625 0.7632404875 0.5487548921875 0.7580534937500001
1 0.563408134375 0.2853584453125 0.560598203125 0.28317944375000004 0.5591746515625 0.283154596875 0.557026275 0.2841862828125 0.5533706109375001 0.28999036875 0.53932338125 0.32070948593750004 0.5355932359375 0.3307806 0.535565325 0.332379684375 0.538375109375 0.33456710156249997 0.5397986593749999 0.33459194999999997 0.542671865625 0.332503728125 0.5531004515625 0.30546781093750003 0.563380075 0.2869659453125 0.563408134375 0.2853584453125
2 0.39226007812499997 0.7633281359375 0.406454503125 0.7646450859375 0.4711401515625 0.7652353765625 0.4868046953125 0.76390923125 0.5067100234375 0.763726296875 0.5323841781249999 0.7593673109375 0.5366622750000001 0.7583728 0.539546690625 0.756284775 0.5395652 0.7552243296875 0.5367554140624999 0.7530369125 0.53462569375 0.7529997374999999 0.506096990625 0.7583780828125 0.486897834375 0.75857334375 0.47123328906250006 0.7598994890624999 0.4072538109375 0.759321525 0.3930593875 0.758004575 0.37534900625 0.7544878796875001 0.3732192859375 0.7544507046875 0.370334871875 0.7565387296874999 0.370316215625 0.7576075906249999 0.37524646562499997 0.7603624046874999 0.39226007812499997 0.7633281359375
0 0.54575845625 0.6714896968749999 0.5487192765625 0.66952086875 0.549630309375 0.6674320734375 0.549352109375 0.6647416234375 0.546340340625 0.6593515390625 0.5459661640625 0.65509351875 0.543326865625 0.6527743765625 0.5393310203125 0.6510882203125 0.53412380625 0.6507110890625001 0.53095349375 0.65183438125 0.5282975359375001 0.651754346875 0.523843075 0.6532172328125 0.52095879375 0.6572247453125 0.5215537859375 0.6597523484375001 0.5240733546875 0.662507178125 0.529148059375 0.6640522078125 0.530489415625 0.665574165625 0.5326056203125 0.6663856328125 0.5354334609375 0.6694657578125 0.5387368875 0.6716365375 0.5416639625 0.67224326875 0.54575845625 0.6714896968749999
1 0.5397624609375 0.66234325625 0.5368780484375 0.66443128125 0.527614059375 0.706969684375 0.5238745125000001 0.7175794359375 0.523846453125 0.7191869343749999 0.526645178125 0.721365740625 0.5280687281249999 0.7213905890625 0.5316872234375001 0.7177158078125 0.543176025 0.670409109375 0.543995796875 0.664555521875 0.5411860125 0.6623681046875001 0.5397624609375 0.66234325625
1 0.576170725 0.612802771875 0.5761893812500001 0.6117339109375 0.5733906578125 0.6095551046875001 0.57196710625 0.60953025625 0.569818878125 0.6105535265625 0.5545809421875 0.6279080765625 0.5400139640625 0.6479346765625 0.536293075 0.6574755671875 0.536265015625 0.6590830671875 0.5390749484375 0.6612620687499999 0.5404872890625 0.661286721875 0.54337155625 0.6592071125000001 0.5463770203125 0.650184115625 0.5544040671875 0.6380412140625 0.576170725 0.612802771875
2 0.5198569875 0.66253460625 0.5376700546875 0.660168359375 0.5405431125 0.65808855625 0.5405617703125001 0.6570196937499999 0.5377631921875 0.654832471875 0.5349160937499999 0.6547827749999999 0.5142466703124999 0.65762955 0.478667396875 0.6596772671875 0.43173884687499997 0.6599273125 0.36138900937499996 0.6581605500000001 0.35851580625 0.6602487703125 0.3584971484375 0.66131763125 0.361295871875 0.6634964375 0.37764048125 0.6643205359375 0.4323630859375 0.665275721875 0.4785742578125 0.6650131546875 0.5198569875 0.66253460625
0 0.5182451203125 0.54546844375 0.51621636875 0.5467126890625 0.5139864281250001 0.5498476484375 0.5135866046875 0.55219793125 0.51534091875 0.5557560265625 0.5182745468750001 0.5572721015625001 0.51927975 0.5626355796875 0.52130493125 0.567377034375 0.5236301421875 0.56841945625 0.5280634921875 0.5688083359375 0.5320850593750001 0.5670937484375 0.5371050984375 0.55442690625 0.537261525 0.54931943125 0.5349994687499999 0.546585934375 0.5319024484375 0.5454374328125 0.5182451203125 0.54546844375
1 0.5056922046875 0.5779394953125 0.5093013 0.574803353125 0.52149645625 0.5686095203125 0.5229571734375 0.5665050640625 0.530872425 0.5607669078125 0.5309003375 0.5591678250000001 0.52809055 0.5569804078125 0.526678209375 0.5569557546875 0.514436484375 0.56581753125 0.5058319109375 0.569935665625 0.5022226703125 0.573080225 0.5000836953125 0.573573271875 0.48712458906249995 0.5824225265625 0.48067945781250004 0.5855175859374999 0.4799155078125 0.5881730078125 0.48272544218749996 0.590352009375 0.48628796718749995 0.5898838093750001 0.49420321874999995 0.5841456546875 0.5056922046875 0.5779394953125
1 0.54739386875 0.5103489140625 0.544584084375 0.508161496875 0.5431605328125 0.5081366484375 0.54101215625 0.5091683359375 0.5388266125000001 0.5123293265625 0.5270600171875001 0.5350819828125 0.522537865625 0.5494160171875 0.5225099531249999 0.5510151015625 0.5253198859375 0.553194103125 0.5267434359375 0.55321895 0.5296164937500001 0.5511391453125001 0.534157303125 0.53573625 0.54736595625 0.5119479984375 0.54739386875 0.5103489140625
2 0.5239708171874999 0.548902228125 0.5082968718750001 0.5507670109375 0.36185628593749997 0.5498104515625 0.3589830796875 0.551898671875 0.3589645703125 0.552959115625 0.361763146875 0.5551463375 0.5082037328125 0.5561028984374999 0.526724778125 0.5542878109375 0.5295978375 0.55220800625 0.5296164937500001 0.5511391453125001 0.5268179171875 0.5489519234375 0.5239708171874999 0.548902228125
0 0.5435004640625001 0.443696740625 0.54197615 0.44109398281249995 0.5393944078125 0.4393314859375 0.528428440625 0.437414221875 0.5234062859375 0.43863989062500003 0.5201413203125 0.43811986875000003 0.5176436546875001 0.4386066546875 0.5121734609375 0.442375396875 0.5120745062500001 0.446759859375 0.514546153125 0.449690646875 0.5176121921875 0.45068706875000003 0.51875896875 0.4537210140625 0.52374026875 0.4567629578125 0.52933740625 0.45664176875000007 0.53546530625 0.453734803125 0.5369611640625 0.4521866015625 0.537484434375 0.4498300546875 0.5434112171875001 0.44559782812500004 0.5435004640625001 0.443696740625