2 0.580061475 0.317941628125 0.58395491875 0.31550691249999996 0.58395491875 0.31453149062499997 0.581352459375 0.312588325 0.5794057375 0.312588325 0.5748565578125 0.31404761875 0.55342213125 0.316482334375 0.45532786875 0.31550691249999996 0.449477459375 0.316482334375 0.446875 0.3184331796875 0.446875 0.319400921875 0.449477459375 0.3213517671875 0.45532786875 0.32037634375 0.5540676234374999 0.3213517671875 0.56901639375 0.3198924734375 0.580061475 0.317941628125
1 0.6352766390625 0.3028494625 0.6326741796875 0.3008986171875 0.630727459375 0.3008986171875 0.6034426234375 0.3096620578125 0.5910963109375 0.312588325 0.5794057375 0.31696620625 0.5781045078125 0.319400921875 0.5807069671875 0.3213517671875 0.582008196875 0.3213517671875 0.5904508203125001 0.317941628125 0.60279713125 0.3150230421875 0.631383196875 0.3062519203125 0.6352766390625 0.3038172046875 0.6352766390625 0.3028494625
1 0.5787602453125 0.317941628125 0.576813525 0.31891705 0.566413934375 0.3359600609375 0.566413934375 0.3374193546875 0.56901639375 0.3393702 0.5703073765625 0.3393702 0.5729098359375 0.3374193546875 0.574211065625 0.334016896875 0.582008196875 0.3223271890625 0.5826536890625 0.3198924734375 0.580061475 0.317941628125 0.5787602453125 0.317941628125
0 0.57145491875 0.30955453125 0.5696823765625 0.3134101375 0.5694979515624999 0.3176728109375 0.57413934375 0.3254915515625 0.5771823765625 0.3268894015625 0.5809528687500001 0.3270967734375 0.5856762296875 0.325092165625 0.5898258203125 0.3182334875 0.5905020484375 0.31500768125 0.5892520484375 0.3130952375 0.5836577875 0.3090629796875 0.5772131140625001 0.30693548437499996 0.5740676234375 0.3076036859375 0.57145491875 0.30955453125
0 0.583196721875 0.7556144390624999 0.5757991796875 0.7554838703125 0.571209015625 0.7571351765625 0.5681147546875 0.7601459296875 0.5675819671875 0.762411675 0.5683094265624999 0.7653763437500001 0.5721209015625 0.77247311875 0.5747540984375 0.7735867890625 0.5789344265625 0.7736789546875 0.580788934375 0.7730875578124999 0.5831454921875 0.770729646875 0.583381146875 0.7681874046875 0.5859733609375 0.7641013828125 0.586618853125 0.7607526874999999 0.585563525 0.7567281109375 0.583196721875 0.7556144390624999
1 0.5696618859375 0.7231182796875 0.5709631140625 0.7557450078125 0.57160860625 0.7606144390625 0.574211065625 0.762565284375 0.5755122953125 0.762565284375 0.5781045078125 0.7606144390625 0.576813525 0.73139785 0.5761577875 0.7231182796875 0.5735655734375 0.7211674343750001 0.57226434375 0.7211674343750001 0.5696618859375 0.7231182796875
1 0.5644672125 0.7878878640625 0.5677151640625 0.7854531484375 0.57226434375 0.7757066046875 0.5748565578125 0.7718125953125 0.5781045078125 0.7693778796874999 0.581352459375 0.7620737328125 0.5787602453125 0.7601228875 0.577459015625 0.7601228875 0.5755122953125 0.7610983109375 0.57226434375 0.7669431640625 0.5696618859375 0.7688940093750001 0.5618647546875 0.7830184328125 0.559272540625 0.784961596875 0.5540676234374999 0.7917818734375001 0.5540676234374999 0.792757296875 0.55667008125 0.7947004609375 0.5599180328125 0.7937250390624999 0.5644672125 0.7888556062500001 0.5644672125 0.7878878640625
0 0.5815266390625 0.6561520734374999 0.5830430328125 0.650468509375 0.5821618859375 0.6471735796875 0.5806352453125 0.64544546875 0.5773770484375 0.644278034375 0.5753073765625001 0.6442933953125001 0.5719672124999999 0.6454301078125 0.5684016390625 0.645414746875 0.5650819671875 0.6475115203125 0.5638627046875 0.6503840249999999 0.5650204921875 0.65614439375 0.5672745906250001 0.6586789546875 0.573053278125 0.6629032265625 0.57532786875 0.6634792625 0.578790984375 0.6630798765625 0.5807991796875001 0.6621274968749999 0.5817725406250001 0.6605069125 0.5821823765625 0.6576113671875 0.5815266390625 0.6561520734374999
1 0.5527766390625 0.6130568359375 0.551475409375 0.6130568359375 0.5488729515624999 0.61500768125 0.551475409375 0.6218202765624999 0.555368853125 0.62766513125 0.5644672125 0.646175115625 0.5677151640625 0.651044546875 0.5709631140625 0.6520122890625 0.5735655734375 0.650069125 0.5729098359375 0.6476344093749999 0.5703073765625 0.6442242703125001 0.556024590625 0.615975421875 0.5527766390625 0.6130568359375
1 0.577459015625 0.6515284171875 0.5748565578125 0.6495775734375 0.5735655734375 0.6495775734375 0.5709631140625 0.6515284171875 0.57160860625 0.6573732718749999 0.56901639375 0.6632181265625 0.559272540625 0.681236559375 0.5521209015624999 0.6919508453125001 0.5521209015624999 0.6929262671875 0.5547233609375 0.69486943125 0.5579713109375 0.693894009375 0.5657684421875 0.68221198125 0.5781045078125 0.65834869375 0.577459015625 0.6515284171875
0 0.565665984375 0.5323732718749999 0.5636577875000001 0.5336405531249999 0.5592520484375 0.5339247312500001 0.55711065625 0.5347311828125 0.5558401640625 0.53689708125 0.557038934375 0.540468509375 0.5624897546875001 0.5438709671875 0.5636577875000001 0.5452995390625001 0.5686168031250001 0.5478264203125 0.574836065625 0.5481490015625 0.5773360656250001 0.5473886328125 0.57976434375 0.5446006140625 0.579538934375 0.5409062984374999 0.5812295078124999 0.5387173578125 0.5788012296875 0.5327803375 0.575225409375 0.5307680484375 0.572930328125 0.5304915515624999 0.5685348359375 0.5320967734375001 0.565665984375 0.5323732718749999
1 0.5995491796875 0.5102995390625 0.6034426234375 0.505921659375 0.6118852453125 0.499592934375 0.612540984375 0.49764208906249996 0.609938525 0.49569124374999995 0.6086372953125 0.49569124374999995 0.6014959015625 0.5000768046874999 0.597602459375 0.504462365625 0.5859016390625 0.513709678125 0.56836065625 0.5370890937499999 0.56836065625 0.538064515625 0.5709631140625 0.54000768125 0.574211065625 0.5390322578125 0.5755122953125 0.5375729640625 0.5859016390625 0.5224807984375001 0.593053278125 0.5146851 0.5995491796875 0.5102995390625
3 0.5157377046875 0.5906528421874999 0.5157377046875 0.65834869375 0.5183401640625 0.7026651312500001 0.51898565625 0.7533102921875 0.52223360625 0.801036865625 0.5241905734375 0.802496159375 0.5267827875 0.8029800312500001 0.5300307375 0.801036865625 0.5300307375 0.7951920125 0.5267827875 0.7533102921875 0.5261372953125 0.7026651312500001 0.5235348359375 0.6578571421875 0.5235348359375 0.5906528421874999 0.524836065625 0.5453686640625001 0.52288934375 0.5190706609375 0.524836065625 0.493256528125 0.51964139375 0.46890937031249996 0.51898565625 0.44894009218750003 0.51898565625 0.428003071875 0.52223360625 0.397811059375 0.52288934375 0.3476497703125 0.5202868859375 0.29018433125 0.5183401640625 0.2887250390625 0.5157377046875 0.2882334875 0.5124897546875 0.29018433125 0.5150922125 0.3476497703125 0.5150922125 0.3773579109375 0.514446721875 0.397811059375 0.5111987703125 0.428003071875 0.5111987703125 0.44943164375 0.5118442625 0.46890937031249996 0.517038934375 0.493256528125 0.5150922125 0.5190706609375 0.517038934375 0.545852534375 0.5157377046875 0.5906528421874999
2 0.566413934375 0.4148540703125 0.5625204921875 0.41582949375 0.5319877046875 0.4163133640625 0.47611680312500004 0.4138786484375 0.449477459375 0.4138786484375 0.446875 0.41582949375 0.446875 0.41680491562500005 0.449477459375 0.41874807968749994 0.47546106562499996 0.41874807968749994 0.498852459375 0.42020737343750003 0.5462704921875 0.42118279531249997 0.57226434375 0.4197235015625 0.5748565578125 0.4177726578125 0.5748565578125 0.41680491562500005 0.57226434375 0.4148540703125 0.566413934375 0.4148540703125
1 0.574211065625 0.389531490625 0.57160860625 0.3914746546875 0.5696618859375 0.41582949375 0.5696618859375 0.41826420937500003 0.57226434375 0.42020737343750003 0.5735655734375 0.42020737343750003 0.5761577875 0.41826420937500003 0.576813525 0.41582949375 0.5781045078125 0.397811059375 0.5781045078125 0.3914746546875 0.5755122953125 0.389531490625 0.574211065625 0.389531490625
1 0.5833094265625001 0.4260522265625 0.5755122953125 0.42020737343750003 0.57226434375 0.41923963124999997 0.5696618859375 0.42118279531249997 0.5696618859375 0.42215821875000004 0.5787602453125 0.42946236562499995 0.5865573765625001 0.4445622125 0.589149590625 0.451866359375 0.5917520484375001 0.4538095234375 0.593053278125 0.4538095234375 0.5956454921875001 0.451866359375 0.5956454921875001 0.450407065625 0.5865573765625001 0.4304377875 0.5833094265625001 0.4260522265625
0 0.56842213125 0.40924731249999996 0.5652151640625 0.410038403125 0.562571721875 0.4121658984375 0.5609118859375 0.41504608281250005 0.5609733609374999 0.41874807968749994 0.5626844265625001 0.421674346875 0.5697438531250001 0.42707373281249994 0.573381146875 0.42815668125000006 0.5753790984375 0.4280491546875 0.580163934375 0.4247235015625 0.5807684421875 0.4227342546875 0.5790573765625 0.4148540703125 0.5777254093749999 0.413387096875 0.5747131140625 0.412411675 0.5730122953125 0.410038403125 0.56842213125 0.40924731249999996
2 0.4741598359375 0.5331874046875 0.4657172125 0.5327035328124999 0.446875 0.529784946875 0.4442827875 0.5317281109375 0.4442827875 0.5327035328124999 0.446875 0.534654378125 0.4657172125 0.5375729640625 0.547571721875 0.54049923125 0.5709631140625 0.54049923125 0.5735655734375 0.5385483875 0.5735655734375 0.5375729640625 0.5709631140625 0.5356297999999999 0.527438525 0.5351382484375 0.4741598359375 0.5331874046875
2 0.5729098359375 0.64860983125 0.5488729515624999 0.6515284171875 0.5105430328125 0.6515284171875 0.47936475468750006 0.650069125 0.45597336093749996 0.6476344093749999 0.4533709015625 0.6495775734375 0.4533709015625 0.6505529953125 0.45597336093749996 0.652503840625 0.47870901562499996 0.6549385562500001 0.5105430328125 0.6563978500000001 0.5488729515624999 0.6563978500000001 0.5703073765625 0.653963134375 0.5729098359375 0.6534792625 0.5755122953125 0.6515284171875 0.5755122953125 0.6505529953125 0.5729098359375 0.64860983125
2 0.517694671875 0.7679185875 0.5579713109375 0.7654838703125 0.5787602453125 0.7630491546875 0.581352459375 0.7610983109375 0.581352459375 0.7601228875 0.5787602453125 0.7581797234375001 0.5755122953125 0.7581797234375001 0.551475409375 0.7610983109375 0.5034016390625 0.7635330265625 0.46962090156249997 0.7630491546875 0.46312499999999995 0.762565284375 0.45532786875 0.7606144390625 0.452725409375 0.762565284375 0.452725409375 0.7635330265625 0.45532786875 0.7654838703125 0.4618237703125 0.767434715625 0.4689651640625 0.7679185875 0.517694671875 0.7679185875