0 0.491787109375 0.4180586078125 0.498671875 0.419750915625 0.502412109375 0.419472528125 0.50546875 0.4180293046875 0.506142578125 0.4155750921875 0.50376953125 0.4127326 0.49954101562500003 0.4108498171875 0.49580078125 0.41046886406249994 0.49333007812499996 0.41122344375 0.49124999999999996 0.41228571406250003 0.489794921875 0.41446886406249994 0.4903515625 0.41665201406249996 0.491787109375 0.4180586078125
1 0.50572265625 0.64323076875 0.506943359375 0.6438461531249999 0.5098046875 0.6438461531249999 0.5159277343750001 0.648747253125 0.5187890625 0.649978021875 0.52369140625 0.6533479859375 0.52859375 0.6551868125 0.530224609375 0.6564102562499999 0.532275390625 0.6567179484375 0.53390625 0.6554945062499999 0.5330859375 0.6542637359375 0.53349609375 0.6539560437499999 0.52818359375 0.65181685 0.52001953125 0.6472161171875 0.512255859375 0.6413919406249999 0.511845703125 0.6401684984375 0.51021484375 0.6389450546875 0.508173828125 0.6395531140624999 0.5053124999999999 0.6389450546875 0.503671875 0.6401684984375 0.503671875 0.6407838828125 0.50572265625 0.64323076875
1 0.47957031250000004 0.6496703296875 0.478759765625 0.651201465625 0.48039062499999996 0.6524249078125 0.48121093750000005 0.6524249078125 0.507353515625 0.6426227109375 0.50857421875 0.6420073265624999 0.50939453125 0.640476190625 0.507763671875 0.639252746875 0.506943359375 0.639252746875 0.493876953125 0.6447619046875 0.48080078125 0.6490549453125001 0.47957031250000004 0.6496703296875
0 0.49712890625000006 0.6429230765625 0.502080078125 0.6450842484375 0.50474609375 0.64550183125 0.511962890625 0.6427838828125 0.512958984375 0.6400879125000001 0.5096972656250001 0.6364175828125 0.506875 0.6357289374999999 0.5030078125 0.636608059375 0.49920898437499994 0.6364175828125 0.496181640625 0.638432234375 0.49543945312500004 0.6406373624999999 0.49712890625000006 0.6429230765625
2 0.47712890625000004 0.63986080625 0.47712890625000004 0.640476190625 0.478759765625 0.641699634375 0.483251953125 0.6420073265624999 0.49958984375000004 0.6420073265624999 0.501220703125 0.6413919406249999 0.508173828125 0.64231501875 0.5098046875 0.6410842484375 0.5098046875 0.640476190625 0.508173828125 0.639252746875 0.5 0.6383296703125 0.49836914062500004 0.6389450546875 0.478759765625 0.6386373625 0.47712890625000004 0.63986080625
1 0.506123046875 0.6135091578125 0.50490234375 0.614117215625 0.503671875 0.6168791203125 0.49632812499999995 0.6279120875 0.48897460937500004 0.63741391875 0.48897460937500004 0.638021978125 0.49060546875 0.639252746875 0.49264648437499997 0.6386373625 0.49346679687500006 0.6377142859375 0.4955078125 0.634344321875 0.4991796875 0.6300586078125 0.50857421875 0.615655678125 0.50939453125 0.6153479859375001 0.5098046875 0.61381685 0.508173828125 0.61258608125 0.507353515625 0.61258608125 0.5065332031249999 0.613201465625 0.506123046875 0.6128937734375 0.506123046875 0.6135091578125
1 0.508984375 0.6153479859375001 0.5159277343750001 0.616571428125 0.53390625 0.6181025640625 0.5392187500000001 0.6177948718749999 0.540849609375 0.616571428125 0.540849609375 0.61595604375 0.5392187500000001 0.6147326 0.53431640625 0.61504029375 0.52982421875 0.6144249078125 0.52369140625 0.6144249078125 0.508984375 0.6122783875 0.507353515625 0.6135091578125 0.507353515625 0.614117215625 0.508984375 0.6153479859375001
0 0.5001171875 0.62013919375 0.50537109375 0.619611721875 0.511611328125 0.6177875453125 0.512919921875 0.616747253125 0.51443359375 0.6139194140625001 0.51345703125 0.6115824171875001 0.510009765625 0.6103223437499999 0.503642578125 0.610886446875 0.500283203125 0.612380953125 0.495986328125 0.6136043953125 0.49481445312499994 0.616527471875 0.49605468750000004 0.6188351640625 0.5001171875 0.62013919375
2 0.47957031250000004 0.6162637359375001 0.47957031250000004 0.6168791203125 0.48121093750000005 0.6181025640625 0.48897460937500004 0.6181025640625 0.49142578124999997 0.61749450625 0.503671875 0.6171868125 0.511025390625 0.6147326 0.511845703125 0.613201465625 0.51021484375 0.611978021875 0.50939453125 0.611978021875 0.503271484375 0.614117215625 0.48121093750000005 0.61504029375 0.47957031250000004 0.6162637359375001
1 0.50490234375 0.61258608125 0.5040820312500001 0.6220879125 0.50572265625 0.6233113546875 0.5065332031249999 0.6233113546875 0.508173828125 0.6220879125 0.50857421875 0.6199413921875 0.508984375 0.600021978125 0.508173828125 0.5951208796875 0.5065332031249999 0.5938974359375 0.50572265625 0.5938974359375 0.5040820312500001 0.5951208796875 0.50490234375 0.600021978125 0.50490234375 0.61258608125
1 0.49264648437499997 0.5889890109375 0.49591796875 0.59113553125 0.49958984375000004 0.5926666671875 0.501630859375 0.5951208796875 0.5028613281250001 0.5957362640625 0.503671875 0.5957362640625 0.5053124999999999 0.5945054937500001 0.503271484375 0.5908278390625 0.502451171875 0.5908278390625 0.49509765625 0.586542125 0.477939453125 0.5813333328125 0.47630859374999995 0.5825567765625 0.47712890625000004 0.5840879125 0.49264648437499997 0.5889890109375
0 0.50791015625 0.5993260078125 0.509892578125 0.59859340625 0.511591796875 0.59659340625 0.511572265625 0.5946007328125 0.5096093749999999 0.5922710625 0.5040625000000001 0.58981685 0.5013964843750001 0.589428571875 0.49958984375000004 0.589838828125 0.49825195312500004 0.5908278390625 0.49767578125 0.5924468859375 0.496826171875 0.5951721609375 0.49772460937499996 0.5971282046875 0.499462890625 0.598161171875 0.50791015625 0.5993260078125
2 0.475078125 0.5957362640625 0.478759765625 0.596344321875 0.4991796875 0.596344321875 0.5028613281250001 0.5957362640625 0.506943359375 0.5972674 0.50857421875 0.5960366296874999 0.507763671875 0.5945054937500001 0.503671875 0.5926666671875 0.498779296875 0.5932820515625 0.478759765625 0.5932820515625 0.475078125 0.5926666671875 0.47344726562500006 0.5938974359375 0.47344726562500006 0.5945054937500001 0.475078125 0.5957362640625
1 0.511435546875 0.566930403125 0.51021484375 0.56723076875 0.5098046875 0.568153846875 0.5028613281250001 0.5733626375 0.502451171875 0.57458608125 0.5040820312500001 0.57581685 0.506123046875 0.575201465625 0.511025390625 0.5718315015625001 0.511435546875 0.570908425 0.5159277343750001 0.5675384609374999 0.52001953125 0.565699634375 0.522470703125 0.56386080625 0.52287109375 0.5626373625000001 0.521240234375 0.56141391875 0.5204296875 0.56141391875 0.5171582031249999 0.5635531140625 0.5147070312500001 0.564476190625 0.511435546875 0.566930403125
1 0.49958984375000004 0.5966520140625 0.501220703125 0.5978754578125 0.5020410156249999 0.5978754578125 0.503671875 0.5966520140625 0.5044921875 0.582249084375 0.506123046875 0.5755091578125 0.506123046875 0.573978021875 0.5044921875 0.572747253125 0.503671875 0.572747253125 0.5020410156249999 0.573978021875 0.5 0.5859267406249999 0.49958984375000004 0.5966520140625
0 0.5023535156250001 0.5806886453125 0.50447265625 0.5812161171875 0.506630859375 0.580791209375 0.5093359375000001 0.577846153125 0.5094335937500001 0.5742857140625001 0.508759765625 0.5729157515625001 0.504677734375 0.57054945 0.500703125 0.57054945 0.49850585937499997 0.5714871796875001 0.4966015625 0.5736410249999999 0.49708984375 0.5758608062499999 0.49996093750000004 0.579091575 0.5023535156250001 0.5806886453125
2 0.47017578125000004 0.5761245421875001 0.47181640625 0.5773479859374999 0.474677734375 0.5773479859374999 0.497138671875 0.57581685 0.5053124999999999 0.57581685 0.506943359375 0.57458608125 0.506943359375 0.573978021875 0.5053124999999999 0.572747253125 0.496728515625 0.572747253125 0.47181640625 0.5742857140625001 0.47017578125000004 0.5755091578125 0.47017578125000004 0.5761245421875001
1 0.503671875 0.5568131875 0.50490234375 0.5571208796875 0.508173828125 0.5595750921875 0.511435546875 0.560798534375 0.516337890625 0.56386080625 0.52001953125 0.5647838828125 0.521650390625 0.5660073265625 0.52369140625 0.56631501875 0.5253222656250001 0.5650915750000001 0.52451171875 0.56386080625 0.524921875 0.5635531140625 0.5241015625000001 0.5635531140625 0.522470703125 0.5623296703125 0.5187890625 0.56141391875 0.51388671875 0.558344321875 0.51021484375 0.5568131875 0.506943359375 0.5543663 0.50490234375 0.5540586078125 0.503271484375 0.5552820515625 0.5040820312500001 0.55650549375 0.503671875 0.5568131875
1 0.5151171875 0.5393479859375 0.512666015625 0.5411868125 0.5098046875 0.5451721609375 0.50572265625 0.549457875 0.503671875 0.5506886453125001 0.503671875 0.551296703125 0.501220703125 0.553750915625 0.50041015625 0.5555897437499999 0.5020410156249999 0.5568131875 0.5040820312500001 0.556205128125 0.507353515625 0.5522197796875 0.50939453125 0.5509890109375 0.50939453125 0.550380953125 0.513076171875 0.5470109890625 0.516337890625 0.5427179484375 0.5183789062499999 0.5411868125 0.5187890625 0.539655678125 0.5171582031249999 0.5384249078125001 0.516337890625 0.5384249078125001 0.51552734375 0.5390402937500001 0.5151171875 0.5387326 0.5151171875 0.5393479859375
0 0.5098535156249999 0.5523076921875 0.50705078125 0.5506666671875 0.502890625 0.5500879125 0.497470703125 0.552747253125 0.49592773437500004 0.5546373625000001 0.495712890625 0.5560879125 0.496708984375 0.5576556781249999 0.49901367187499995 0.5590622703125 0.5028710937499999 0.5602857140624999 0.5077734375 0.5596630031250001 0.5106640625 0.5556337 0.5098535156249999 0.5523076921875
2 0.47752929687499995 0.5555897437499999 0.47752929687499995 0.556205128125 0.47916992187499996 0.557428571875 0.4955078125 0.557428571875 0.50041015625 0.5568131875 0.506123046875 0.5571208796875 0.507763671875 0.5558974359375 0.507763671875 0.5552820515625 0.506123046875 0.5540586078125 0.5 0.553750915625 0.4955078125 0.5543663 0.47916992187499996 0.5543663 0.47752929687499995 0.5555897437499999
1 0.4991796875 0.5411868125 0.5 0.5414945062500001 0.5008203124999999 0.543025640625 0.503271484375 0.545479853125 0.510625 0.5509890109375 0.511845703125 0.551296703125 0.5147070312500001 0.5534432234375 0.516748046875 0.553750915625 0.5183789062499999 0.5525274718750001 0.517568359375 0.551296703125 0.5179785156250001 0.5509890109375 0.5147070312500001 0.549457875 0.5053124999999999 0.54241025625 0.5040820312500001 0.540571428125 0.503271484375 0.5402637359375 0.502451171875 0.5381245421874999 0.5008203124999999 0.5368937734375 0.5 0.5368937734375 0.49836914062500004 0.5381245421874999 0.49836914062500004 0.5390402937500001 0.4991796875 0.5411868125
1 0.50857421875 0.519428571875 0.506123046875 0.5215750921875 0.50041015625 0.532608059375 0.497138671875 0.537201465625 0.497138671875 0.53781685 0.498779296875 0.5390402937500001 0.5008203124999999 0.5384249078125001 0.501630859375 0.5375091578125 0.50939453125 0.52341391875 0.511845703125 0.5212673999999999 0.512255859375 0.5197362640625001 0.510625 0.51850549375 0.5098046875 0.51850549375 0.508984375 0.5191208796875 0.50857421875 0.5188131874999999 0.50857421875 0.519428571875
0 0.501435546875 0.54232234375 0.50345703125 0.5416703296875001 0.5053515625 0.539978021875 0.505625 0.5383663000000001 0.504521484375 0.535750915625 0.502216796875 0.534 0.494765625 0.533523809375 0.49050781250000003 0.5353992671875 0.489521484375 0.53695970625 0.4896484375 0.5383736265625 0.49239257812500004 0.5407032968750001 0.501435546875 0.54232234375
2 0.474677734375 0.5375091578125 0.474677734375 0.5381245421874999 0.47630859374999995 0.5393479859375 0.478759765625 0.539655678125 0.486923828125 0.539655678125 0.49346679687500006 0.5387326 0.497958984375 0.5387326 0.50041015625 0.5402637359375 0.501220703125 0.5402637359375 0.5028613281250001 0.5390402937500001 0.502451171875 0.53781685 0.4991796875 0.5356703296875 0.49346679687500006 0.5356703296875 0.486923828125 0.5365860812500001 0.47630859374999995 0.5362857140624999 0.474677734375 0.5375091578125
1 0.503271484375 0.521882784375 0.5040820312500001 0.521882784375 0.5044921875 0.5224908421875 0.531865234375 0.5280073265625 0.53349609375 0.5289304031250001 0.53431640625 0.5289304031250001 0.5359472656250001 0.527699634375 0.535537109375 0.5264761906250001 0.53349609375 0.525252746875 0.526142578125 0.5240219781250001 0.516748046875 0.5215750921875 0.51021484375 0.5206520140625 0.5044921875 0.5191208796875 0.5028613281250001 0.520344321875 0.503671875 0.5215750921875 0.503271484375 0.521882784375
1 0.4991796875 0.5197362640625001 0.5008203124999999 0.52095970625 0.501630859375 0.52095970625 0.503271484375 0.5197362640625001 0.503271484375 0.508703296875 0.50490234375 0.50349450625 0.50490234375 0.50104029375 0.503271484375 0.49981685000000003 0.502451171875 0.49981685000000003 0.5008203124999999 0.50104029375 0.498779296875 0.5126886453124999 0.4991796875 0.5197362640625001
0 0.49683593750000005 0.5238315015625 0.498681640625 0.524725275 0.5041015625 0.5252673999999999 0.5083593750000001 0.5240512828125 0.509765625 0.5217582421875 0.5083593750000001 0.5188058609375 0.5065625 0.517435896875 0.50240234375 0.5159560437499999 0.49953125 0.51577289375 0.49535156249999995 0.516571428125 0.49366210937500005 0.5184102562499999 0.49383789062499994 0.5200952375 0.49683593750000005 0.5238315015625
2 0.4705859375 0.520344321875 0.5 0.5206520140625 0.5044921875 0.5224908421875 0.5053124999999999 0.5224908421875 0.506943359375 0.5212673999999999 0.506123046875 0.5197362640625001 0.50041015625 0.51758974375 0.4705859375 0.5172820515625001 0.46895507812500004 0.51850549375 0.46895507812500004 0.5191208796875 0.4705859375 0.520344321875
1 0.49346679687500006 0.5022637359375001 0.48733398437500003 0.5126886453124999 0.48529296874999994 0.5142197796875 0.482841796875 0.518205128125 0.482841796875 0.5188131874999999 0.48447265625 0.52004395625 0.4865234375 0.519428571875 0.48856445312499996 0.5160586078125 0.49060546875 0.5145274718749999 0.49591796875 0.5053333328125 0.5008203124999999 0.499201465625 0.5008203124999999 0.49859340625000004 0.4991796875 0.49736263750000004 0.49836914062500004 0.49736263750000004 0.497138671875 0.497978021875 0.49509765625 0.50104029375 0.49346679687500006 0.5022637359375001
0 0.49603515624999994 0.5035457875 0.500615234375 0.504380953125 0.503564453125 0.5040879125 0.505478515625 0.5031501828125 0.506357421875 0.501567765625 0.506103515625 0.49966300312499995 0.501845703125 0.495619046875 0.496630859375 0.49493772968750005 0.49408203124999994 0.495655678125 0.49097656250000005 0.4984395609375 0.49107421875 0.49987545781250003 0.49235351562499996 0.501296703125 0.49603515624999994 0.5035457875
2 0.47262695312499997 0.5001245421875 0.474267578125 0.5013479859375 0.49836914062500004 0.5004249078125 0.5 0.5019633703124999 0.501220703125 0.5022637359375001 0.5020410156249999 0.5022637359375001 0.503671875 0.50104029375 0.503271484375 0.4995091578125 0.5020410156249999 0.499201465625 0.50041015625 0.49767032968749997 0.49060546875 0.49736263750000004 0.474267578125 0.4982857140625 0.47262695312499997 0.4995091578125 0.47262695312499997 0.5001245421875
1 0.49591796875 0.48051282031250003 0.49591796875 0.49093040312499997 0.496728515625 0.5001245421875 0.497138671875 0.502571428125 0.498779296875 0.5038021984375 0.49958984375000004 0.5038021984375 0.501220703125 0.502571428125 0.5 0.4906227109375 0.5 0.481428571875 0.5020410156249999 0.4798974359375 0.5020410156249999 0.478974359375 0.50041015625 0.477750915625 0.49958984375000004 0.477750915625 0.498779296875 0.47836629999999997 0.49836914062500004 0.47805860781250004 0.49591796875 0.48051282031250003
1 0.5008203124999999 0.4808131875 0.511435546875 0.481428571875 0.5183789062499999 0.4823516484375 0.52859375 0.4851062265625 0.52982421875 0.4851062265625 0.531455078125 0.483882784375 0.531455078125 0.4832674 0.52982421875 0.48204395624999996 0.5204296875 0.47958974374999996 0.511845703125 0.47836629999999997 0.5008203124999999 0.477750915625 0.4991796875 0.478974359375 0.4991796875 0.47958974374999996 0.5008203124999999 0.4808131875
0 0.49369140624999996 0.48357509218750006 0.502890625 0.4832380953125 0.504833984375 0.48220512812500005 0.506142578125 0.48018314999999995 0.5059472656249999 0.47875457812500005 0.504013671875 0.47632967031250006 0.49958984375000004 0.47511355312500003 0.49244140625000005 0.47580219843749993 0.48912109375 0.477838828125 0.48827148437499995 0.47953846093749997 0.48875976562499995 0.48123809531250006 0.491103515625 0.4829890109375 0.49369140624999996 0.48357509218750006
2 0.467724609375 0.481428571875 0.469365234375 0.4826520140625 0.47140624999999997 0.4826520140625 0.49060546875 0.4808131875 0.502451171875 0.4808131875 0.5040820312500001 0.47958974374999996 0.5040820312500001 0.478974359375 0.502451171875 0.477750915625 0.49060546875 0.477750915625 0.469365234375 0.47958974374999996 0.467724609375 0.4808131875 0.467724609375 0.481428571875
1 0.498779296875 0.4584468859375 0.48978515624999996 0.471926740625 0.48611328125000003 0.48357509218750006 0.48611328125000003 0.4844908421875 0.487744140625 0.4857216125 0.48856445312499996 0.4857216125 0.49019531250000004 0.4844908421875 0.49346679687500006 0.473457875 0.49754882812499995 0.4667179484375 0.501220703125 0.4615091578125 0.5065332031249999 0.45936263750000006 0.506123046875 0.4590549453125 0.507353515625 0.45783150156249997 0.507353515625 0.4569157515625 0.50572265625 0.45568498125 0.503671875 0.45537728906249997 0.501220703125 0.45630036562500004 0.50041015625 0.45752380937500003 0.498779296875 0.4584468859375
1 0.5020410156249999 0.4590549453125 0.503671875 0.45936263750000006 0.53267578125 0.4627326 0.53431640625 0.4627326 0.5359472656250001 0.4615091578125 0.5359472656250001 0.4608937734375 0.53431640625 0.4596703296875 0.53267578125 0.45936263750000006 0.5020410156249999 0.4559926734375 0.50041015625 0.4572161171875 0.50041015625 0.45783150156249997 0.5020410156249999 0.4590549453125
0 0.49138671875 0.4610989015625 0.49661132812500003 0.46397069531249996 0.5001953125 0.464293040625 0.5023535156250001 0.46377289375 0.507158203125 0.45839560468749996 0.506630859375 0.4556263734375 0.5036328125 0.4544395609375 0.498427734375 0.4546007328125 0.49490234375000003 0.455641025 0.49283203125 0.4562197796875 0.49164062499999994 0.45729670312500004 0.49071289062499995 0.45924542187500006 0.49138671875 0.4610989015625
2 0.4865234375 0.45875457812500003 0.47752929687499995 0.45875457812500003 0.47222656250000006 0.45936263750000006 0.4705859375 0.46059340625 0.4705859375 0.46120146562500003 0.47222656250000006 0.46243223437500003 0.473857421875 0.46243223437500003 0.47752929687499995 0.46181685000000006 0.486923828125 0.46181685000000006 0.49346679687500006 0.4608937734375 0.49958984375000004 0.4608937734375 0.503671875 0.45875457812500003 0.5044921875 0.45875457812500003 0.5040820312500001 0.4584468859375 0.50490234375 0.4572161171875 0.503271484375 0.4559926734375 0.502451171875 0.4559926734375 0.498779296875 0.45783150156249997 0.493056640625 0.45783150156249997 0.4865234375 0.45875457812500003
1 0.5040820312500001 0.4379120875 0.506123046875 0.43760439531250006 0.525732421875 0.43055677656249997 0.5265527343749999 0.42902564062500004 0.524921875 0.4278021984375 0.5241015625000001 0.4278021984375 0.503271484375 0.43515750937500003 0.502451171875 0.43668864531249996 0.5040820312500001 0.4379120875
1 0.5028613281250001 0.4452674 0.50490234375 0.4489450546875 0.506123046875 0.4495604390625 0.5098046875 0.45476923124999996 0.511025390625 0.4559926734375 0.511435546875 0.45568498125 0.513076171875 0.45630036562500004 0.5147070312500001 0.4550769234375 0.514296875 0.4535384609375 0.513076171875 0.452930403125 0.5098046875 0.4480293046875 0.50857421875 0.44741391875 0.507353515625 0.4455750921875 0.50490234375 0.439750915625 0.50490234375 0.4373040296875 0.503271484375 0.43607325937499997 0.502451171875 0.43607325937499997 0.5008203124999999 0.4373040296875 0.5008203124999999 0.44005860781250006 0.5028613281250001 0.4452674
0 0.49617187500000004 0.44317948749999997 0.504833984375 0.441794871875 0.508525390625 0.4392380953125 0.50955078125 0.4370036625 0.5083691406249999 0.4346007328125 0.5040234375 0.43310622656250003 0.494052734375 0.4361904765625 0.49166992187499997 0.4376703296875 0.49119140625 0.43983882812499997 0.492783203125 0.4420805859375 0.49617187500000004 0.44317948749999997
2 0.46732421874999996 0.43760439531250006 0.46568359375 0.4388351640625 0.46568359375 0.43944322343750003 0.46732421874999996 0.44067399218750003 0.491015625 0.44067399218750003 0.501220703125 0.44005860781250006 0.50572265625 0.43760439531250006 0.5065332031249999 0.43760439531250006 0.506123046875 0.4373040296875 0.506943359375 0.43607325937499997 0.5053124999999999 0.4348498171875 0.5044921875 0.4348498171875 0.50041015625 0.4369963375 0.491015625 0.43760439531250006 0.46732421874999996 0.43760439531250006
1 0.5028613281250001 0.418608059375 0.513076171875 0.42197802187500005 0.5179785156250001 0.4241245421875 0.5277734374999999 0.42687912031249997 0.53431640625 0.42933333281249997 0.535537109375 0.42933333281249997 0.5371777343749999 0.42810989062499993 0.5371777343749999 0.42749450624999996 0.535537109375 0.4262710625 0.5065332031249999 0.41676923125 0.501630859375 0.41400732656250006 0.5008203124999999 0.41400732656250006 0.4991796875 0.4152380953125 0.4991796875 0.41584615312500006 0.5028613281250001 0.418608059375
1 0.491826171875 0.40021977968750005 0.49591796875 0.4152380953125 0.49754882812499995 0.41646153906250005 0.49836914062500004 0.41646153906250005 0.5 0.4152380953125 0.5 0.41400732656250006 0.4955078125 0.3986886453125 0.491015625 0.3898021984375 0.48897460937500004 0.3891868125 0.48733398437500003 0.3904175828125 0.48733398437500003 0.3913333328125 0.491826171875 0.40021977968750005
2 0.47752929687499995 0.4152380953125 0.467724609375 0.4155457875 0.46609375000000003 0.41676923125 0.46609375000000003 0.41738461562499996 0.467724609375 0.418608059375 0.47222656250000006 0.418608059375 0.4865234375 0.4170769234375 0.49019531250000004 0.4170769234375 0.4955078125 0.416153846875 0.5020410156249999 0.4170769234375 0.503671875 0.41584615312500006 0.503671875 0.4152380953125 0.5020410156249999 0.41400732656250006 0.4955078125 0.413091575 0.493056640625 0.41370695937499996 0.482841796875 0.41431501875 0.47752929687499995 0.4152380953125
3 0.48121093750000005 0.42657142812500004 0.48243164062500005 0.43301098906249996 0.48080078125 0.44925274687499994 0.48121093750000005 0.46487912031249995 0.47998046875 0.4722344328125 0.47957031250000004 0.483882784375 0.48080078125 0.48786080624999995 0.48121093750000005 0.5028791203125 0.483662109375 0.51513553125 0.482841796875 0.52218315 0.482841796875 0.5295384609375 0.486923828125 0.546703296875 0.48611328125000003 0.5604908421875 0.487744140625 0.5819413921875001 0.486923828125 0.5889890109375 0.485703125 0.5935897437500001 0.485703125 0.5966520140625 0.4865234375 0.60523076875 0.48897460937500004 0.61841025625 0.487744140625 0.6269890109375 0.48897460937500004 0.63495970625 0.491015625 0.6413919406249999 0.491015625 0.6539560437499999 0.489375 0.657025640625 0.489375 0.658249084375 0.49060546875 0.6591648359375 0.492236328125 0.659472528125 0.49427734375 0.658249084375 0.49591796875 0.654571428125 0.49591796875 0.6410842484375 0.493876953125 0.6346520140624999 0.49264648437499997 0.6269890109375 0.493876953125 0.6181025640625 0.49142578124999997 0.604930403125 0.49060546875 0.5966520140625 0.49060546875 0.5935897437500001 0.491826171875 0.5889890109375 0.49264648437499997 0.5819413921875001 0.491015625 0.5604908421875 0.491826171875 0.5463956046875 0.487744140625 0.5292380953125 0.48856445312499996 0.5148351640625 0.48611328125000003 0.502571428125 0.485703125 0.4875604390625 0.48447265625 0.48357509218750006 0.4848828125 0.47254212500000004 0.48611328125000003 0.4651868125 0.485703125 0.44925274687499994 0.48733398437500003 0.43270329687500003 0.483662109375 0.418608059375 0.482021484375 0.395926740625 0.48080078125 0.3950109890625 0.47916992187499996 0.394703296875 0.47712890625000004 0.395926740625 0.478759765625 0.418608059375 0.48121093750000005 0.42657142812500004
1 0.511025390625 0.5065567765625001 0.521240234375 0.5126886453124999 0.5232812499999999 0.5129963375 0.524921875 0.5117655671875 0.5241015625000001 0.510542125 0.52451171875 0.5102344328124999 0.52369140625 0.5102344328124999 0.5134765625 0.5041025640625 0.512666015625 0.5041025640625 0.503671875 0.49981685000000003 0.501220703125 0.499201465625 0.49958984375000004 0.5004249078125 0.50041015625 0.5019633703124999 0.511025390625 0.5065567765625001