0 0.5017968749999999 0.5945494499999999 0.50876953125 0.594249084375 0.511376953125 0.5932893765625 0.5133593750000001 0.5915531140625 0.5137402343749999 0.5901684984375 0.5130078124999999 0.5885714281250001 0.50916015625 0.5868278390625 0.5044531250000001 0.586073259375 0.50001953125 0.5870769234375001 0.49728515624999997 0.5883809531249999 0.496728515625 0.591113553125 0.49781250000000005 0.5926153843749999 0.5017968749999999 0.5945494499999999
1 0.501220703125 0.671428571875 0.5028613281250001 0.6726520140625001 0.503671875 0.6726520140625001 0.5053124999999999 0.671428571875 0.5053124999999999 0.65886446875 0.5040820312500001 0.647523809375 0.502451171875 0.6463003656249999 0.501630859375 0.6463003656249999 0.5 0.647523809375 0.501220703125 0.65886446875 0.501220703125 0.671428571875
1 0.520830078125 0.6364908421875 0.52001953125 0.6364908421875 0.516337890625 0.6389450546875 0.51552734375 0.6389450546875 0.5151171875 0.6395531140624999 0.510625 0.6413919406249999 0.5065332031249999 0.6438461531249999 0.50041015625 0.6459926734375 0.49958984375000004 0.647523809375 0.501220703125 0.648747253125 0.503271484375 0.6484395609375 0.508984375 0.6463003656249999 0.50939453125 0.64568498125 0.51388671875 0.6438461531249999 0.5179785156250001 0.6413919406249999 0.5187890625 0.6413919406249999 0.522470703125 0.6389450546875 0.526142578125 0.63741391875 0.5277734374999999 0.6358754578125 0.52900390625 0.6355750921875 0.5294140625 0.6340366296875 0.5277734374999999 0.6328131875 0.526962890625 0.6328131875 0.525732421875 0.6331208796875 0.5241015625000001 0.6346520140624999 0.520830078125 0.6364908421875
1 0.511025390625 0.64323076875 0.513076171875 0.645069596875 0.51388671875 0.645069596875 0.51552734375 0.6438461531249999 0.51552734375 0.6429230765625 0.51021484375 0.6318974359375 0.5065332031249999 0.6220879125 0.506123046875 0.619025640625 0.5044921875 0.6177948718749999 0.503671875 0.6177948718749999 0.5020410156249999 0.619025640625 0.503671875 0.6257655671875 0.511025390625 0.64323076875
1 0.52451171875 0.5788791203125 0.524921875 0.579794871875 0.52818359375 0.5807179484375 0.52982421875 0.57949450625 0.52900390625 0.5782637359375 0.5294140625 0.5779633703125 0.52859375 0.5779633703125 0.525732421875 0.57581685 0.5253222656250001 0.5748937734374999 0.5241015625000001 0.57458608125 0.511435546875 0.564476190625 0.50939453125 0.56386080625 0.507763671875 0.5650915750000001 0.508173828125 0.56631501875 0.52451171875 0.5788791203125
1 0.49958984375000004 0.602476190625 0.5 0.6104395609375 0.50041015625 0.611978021875 0.5020410156249999 0.613201465625 0.5028613281250001 0.613201465625 0.5044921875 0.611978021875 0.503671875 0.60523076875 0.5040820312500001 0.59941391875 0.50490234375 0.5951208796875 0.507353515625 0.59113553125 0.507353515625 0.590527471875 0.50572265625 0.589296703125 0.50490234375 0.589296703125 0.503671875 0.5899120875 0.5008203124999999 0.5945054937500001 0.49958984375000004 0.602476190625
1 0.506943359375 0.5920586078125 0.53349609375 0.6021684984375 0.540849609375 0.6055384609375001 0.541669921875 0.6055384609375001 0.5433007812499999 0.60431501875 0.54248046875 0.6027838828125 0.5371777343749999 0.6003296703125 0.5065332031249999 0.5886886453125 0.50490234375 0.5899120875 0.50490234375 0.590527471875 0.506943359375 0.5920586078125
2 0.469365234375 0.4418974359375 0.47099609375 0.44312087968749997 0.508984375 0.44312087968749997 0.511025390625 0.44404395625 0.511845703125 0.44404395625 0.5134765625 0.4428131875 0.512666015625 0.44128205156250006 0.5098046875 0.44005860781250006 0.48407226562499994 0.439750915625 0.47099609375 0.44005860781250006 0.469365234375 0.44128205156250006 0.469365234375 0.4418974359375
2 0.48243164062500005 0.416153846875 0.474677734375 0.41646153906250005 0.473037109375 0.41768498125000003 0.473037109375 0.41830036562500006 0.474677734375 0.41952380937499995 0.477939453125 0.41952380937499995 0.48978515624999996 0.41830036562500006 0.501220703125 0.41830036562500006 0.503671875 0.41768498125000003 0.5098046875 0.41768498125000003 0.514296875 0.418608059375 0.52287109375 0.41922344375 0.52451171875 0.4179926734375 0.52451171875 0.41738461562499996 0.52287109375 0.416153846875 0.521240234375 0.41584615312500006 0.514296875 0.4155457875 0.5098046875 0.4146227109375 0.503671875 0.4146227109375 0.501220703125 0.4152380953125 0.48978515624999996 0.4152380953125 0.48243164062500005 0.416153846875
3 0.49509765625 0.4204468859375 0.491826171875 0.467025640625 0.491826171875 0.48051282031250003 0.489375 0.49859340625000004 0.48897460937500004 0.516974359375 0.4848828125 0.5626373625000001 0.48447265625 0.5850109890625 0.483662109375 0.5957362640625 0.48407226562499994 0.633428571875 0.483251953125 0.641699634375 0.483251953125 0.6708131875000001 0.48529296874999994 0.6720366296875 0.486923828125 0.6717362640625 0.488154296875 0.6708131875000001 0.488154296875 0.641699634375 0.48897460937500004 0.633428571875 0.48856445312499996 0.5960366296874999 0.489375 0.5850109890625 0.489375 0.5718315015625001 0.493876953125 0.516974359375 0.49427734375 0.49859340625000004 0.496728515625 0.48051282031250003 0.496728515625 0.467025640625 0.5 0.42075457812500006 0.49958984375000004 0.394703296875 0.503271484375 0.3818315015625 0.503271484375 0.380300365625 0.5020410156249999 0.379384615625 0.50041015625 0.3790769234375 0.49836914062500004 0.380300365625 0.49468750000000006 0.3943956046875 0.49509765625 0.4204468859375
0 0.5015625 0.4709890109375 0.5040820312500001 0.47271062343750003 0.507919921875 0.47388278437500003 0.5165136718750001 0.47297435937500004 0.518330078125 0.4709157515625 0.517470703125 0.46838095312499994 0.514521484375 0.46625641093750003 0.51037109375 0.4655311359375 0.507822265625 0.4654212453125 0.502392578125 0.46731868125 0.501103515625 0.46904029375 0.5015625 0.4709890109375
0 0.504443359375 0.443978021875 0.51064453125 0.44657142812500006 0.5125097656250001 0.44652747187499997 0.51509765625 0.4455384609375 0.5169140624999999 0.4433699640625 0.516083984375 0.44090842500000005 0.511474609375 0.43824908437500004 0.5077539062499999 0.438358975 0.5058203125 0.4388131875 0.5039648437500001 0.4403663 0.503681640625 0.44239560468750005 0.504443359375 0.443978021875
0 0.503759765625 0.4193260078125 0.509404296875 0.420388278125 0.511796875 0.4197655671875 0.515986328125 0.417252746875 0.516455078125 0.41397069531249997 0.514609375 0.41213919375 0.510537109375 0.411384615625 0.5046484375 0.41259340624999996 0.50234375 0.41344322343749995 0.501181640625 0.4152820515625 0.50154296875 0.4176703296875 0.503759765625 0.4193260078125
2 0.463232421875 0.6493626375 0.4616015625 0.65058608125 0.4616015625 0.651201465625 0.463232421875 0.6524249078125 0.46527343749999994 0.6524249078125 0.48407226562499994 0.6502783875 0.5008203124999999 0.6493626375 0.510625 0.6496703296875 0.512255859375 0.6493626375 0.51388671875 0.64813919375 0.51388671875 0.647523809375 0.512255859375 0.6463003656249999 0.5008203124999999 0.6463003656249999 0.47998046875 0.647523809375 0.46568359375 0.6490549453125001 0.463232421875 0.6493626375
2 0.46732421874999996 0.6181025640625 0.46568359375 0.6193333328125 0.46568359375 0.6199413921875 0.46732421874999996 0.6211721609375 0.48121093750000005 0.621472528125 0.49427734375 0.62086446875 0.497138671875 0.6205567765625 0.49958984375000004 0.6196337 0.5028613281250001 0.6205567765625 0.510625 0.6205567765625 0.512255859375 0.6193333328125 0.512255859375 0.6187179484375 0.510625 0.61749450625 0.503271484375 0.61749450625 0.4991796875 0.616571428125 0.496728515625 0.61749450625 0.48897460937500004 0.6181025640625 0.46732421874999996 0.6181025640625
2 0.46650390625 0.5948131875 0.46650390625 0.595428571875 0.468134765625 0.5966520140625 0.47017578125000004 0.5966520140625 0.498779296875 0.592974359375 0.507763671875 0.59113553125 0.50939453125 0.5899120875 0.50939453125 0.589296703125 0.507763671875 0.588073259375 0.5065332031249999 0.588073259375 0.49264648437499997 0.5908278390625 0.468134765625 0.5935897437500001 0.46650390625 0.5948131875
0 0.5152246093749999 0.56454945 0.51439453125 0.563296703125 0.511025390625 0.561157509375 0.50669921875 0.559926740625 0.50412109375 0.5598974359375 0.50142578125 0.5611868125 0.499951171875 0.562974359375 0.5000390625 0.5653113546874999 0.501669921875 0.5669230765625 0.5054296875000001 0.5686446890625 0.511513671875 0.569069596875 0.514853515625 0.5671501828125 0.5152246093749999 0.56454945
2 0.45833007812500004 0.565391940625 0.46405273437499994 0.5660073265625 0.49468750000000006 0.5660073265625 0.50490234375 0.565391940625 0.51021484375 0.5660073265625 0.511845703125 0.5666227109374999 0.5191992187500001 0.5666227109374999 0.520830078125 0.565391940625 0.520830078125 0.5647838828125 0.5191992187500001 0.5635531140625 0.512255859375 0.5635531140625 0.510625 0.5629450546875 0.5053124999999999 0.5623296703125 0.49468750000000006 0.5629450546875 0.46405273437499994 0.5629450546875 0.45833007812500004 0.5623296703125 0.45669921875 0.5635531140625 0.45669921875 0.5641684984374999 0.45833007812500004 0.565391940625
2 0.46405273437499994 0.53168498125 0.48611328125000003 0.532908425 0.5 0.532908425 0.512255859375 0.5344468859375 0.519609375 0.535978021875 0.520830078125 0.535978021875 0.522470703125 0.534747253125 0.522470703125 0.53413919375 0.519609375 0.532608059375 0.5 0.529846153125 0.48611328125000003 0.529846153125 0.46405273437499994 0.5286227109375 0.462421875 0.529846153125 0.462421875 0.5304615390625 0.46405273437499994 0.53168498125
2 0.47017578125000004 0.501655678125 0.50857421875 0.5019633703124999 0.51552734375 0.5022637359375001 0.52001953125 0.5031868125 0.521650390625 0.5031868125 0.5232812499999999 0.5019633703124999 0.5232812499999999 0.5013479859375 0.521650390625 0.5001245421875 0.5159277343750001 0.499201465625 0.47017578125000004 0.49859340625000004 0.46854492187499996 0.49981685000000003 0.46854492187499996 0.5004249078125 0.47017578125000004 0.501655678125
2 0.473037109375 0.47008791250000004 0.47140624999999997 0.47131868125 0.47140624999999997 0.471926740625 0.473037109375 0.473157509375 0.47548828125 0.473157509375 0.48447265625 0.4722344328125 0.49754882812499995 0.471926740625 0.508173828125 0.47101098906249994 0.51552734375 0.47131868125 0.5171582031249999 0.47008791250000004 0.5171582031249999 0.469479853125 0.51552734375 0.468249084375 0.507763671875 0.46794871718750003 0.497138671875 0.46886446875 0.47548828125 0.4697802203125 0.473037109375 0.47008791250000004
1 0.49019531250000004 0.6110549453125 0.496728515625 0.61595604375 0.49836914062500004 0.6187179484375 0.50041015625 0.6193333328125 0.5020410156249999 0.6181025640625 0.50041015625 0.6144249078125 0.493876953125 0.609523809375 0.491826171875 0.60676923125 0.48978515624999996 0.6061538468750001 0.488154296875 0.6073772890625 0.488154296875 0.6079926734375001 0.49019531250000004 0.6110549453125
1 0.49591796875 0.5418021984375 0.49264648437499997 0.5457802203125001 0.487744140625 0.550073259375 0.48733398437500003 0.5516043953125 0.48897460937500004 0.5528278390625 0.49060546875 0.5522197796875 0.491015625 0.5525274718750001 0.49509765625 0.547926740625 0.49632812499999995 0.5473113546875 0.503271484375 0.53781685 0.50572265625 0.532608059375 0.50572265625 0.53168498125 0.5040820312500001 0.5304615390625 0.503271484375 0.5304615390625 0.501220703125 0.532300365625 0.4991796875 0.537201465625 0.49591796875 0.5418021984375
0 0.518916015625 0.49831501874999995 0.515849609375 0.4968571421875 0.51298828125 0.496527471875 0.508583984375 0.4968571421875 0.5069238281249999 0.49749450624999997 0.505146484375 0.49922344374999994 0.505048828125 0.5016263734375 0.506572265625 0.5031428578125 0.510009765625 0.5041684984375 0.5143359375000001 0.504615384375 0.518779296875 0.5031648359374999 0.51998046875 0.5011941390625 0.518916015625 0.49831501874999995
1 0.5028613281250001 0.529846153125 0.501220703125 0.5310769234375 0.501220703125 0.53168498125 0.5028613281250001 0.532908425 0.5044921875 0.532908425 0.511435546875 0.5319926734375 0.5183789062499999 0.530153846875 0.53390625 0.5243296703125 0.5347265625000001 0.522798534375 0.5330859375 0.5215750921875 0.532275390625 0.5215750921875 0.519609375 0.5264761906250001 0.5134765625 0.5283150187500001 0.5028613281250001 0.529846153125
1 0.512666015625 0.5031868125 0.51388671875 0.5096190468749999 0.5179785156250001 0.5231062265624999 0.5183789062499999 0.5240219781250001 0.52001953125 0.525252746875 0.520830078125 0.525252746875 0.522470703125 0.5240219781250001 0.522470703125 0.5231062265624999 0.5187890625 0.512380953125 0.516748046875 0.502571428125 0.51552734375 0.5007326 0.513076171875 0.499201465625 0.512255859375 0.499201465625 0.510625 0.5004249078125 0.510625 0.50104029375 0.512666015625 0.5031868125
1 0.53349609375 0.48909157499999995 0.532275390625 0.4893992671875 0.5265527343749999 0.4930769234375 0.517568359375 0.49736263750000004 0.5134765625 0.4982857140625 0.511845703125 0.4995091578125 0.511845703125 0.5001245421875 0.5134765625 0.5013479859375 0.517568359375 0.5007326 0.530224609375 0.4949157515625 0.531044921875 0.4939926734375 0.53798828125 0.49031501874999994 0.5420703125 0.48725274687500003 0.54248046875 0.486021978125 0.540849609375 0.484798534375 0.53962890625 0.484798534375 0.5359472656250001 0.4875604390625 0.5347265625000001 0.48786080624999995 0.53349609375 0.48909157499999995
0 0.50642578125 0.5353186812499999 0.509560546875 0.5329010984375 0.5096777343750001 0.5312014656249999 0.508583984375 0.52940659375 0.5057910156250001 0.527699634375 0.5000878906249999 0.5273553109375 0.49560546875 0.5293479859375 0.494541015625 0.530842490625 0.494921875 0.532798534375 0.49969726562499994 0.535663003125 0.50642578125 0.5353186812499999
0 0.495166015625 0.6510036625 0.5003124999999999 0.652388278125 0.504140625 0.6516043953125 0.506591796875 0.6499560437499999 0.507646484375 0.6470549453125 0.504912109375 0.6443589750000001 0.5001855468749999 0.6437948718750001 0.49630859374999997 0.6448131874999999 0.494140625 0.645655678125 0.492939453125 0.6473846156249999 0.493271484375 0.6490476187499999 0.495166015625 0.6510036625
0 0.5071679687499999 0.6225128203125 0.5086132812499999 0.621641025 0.5094140625 0.6200879125000001 0.50865234375 0.617926740625 0.5056835937499999 0.61531868125 0.500595703125 0.614336996875 0.49837890625 0.614659340625 0.49535156249999995 0.616300365625 0.49453125 0.617619046875 0.494755859375 0.61950183125 0.496240234375 0.62123076875 0.501005859375 0.623091575 0.5049511718749999 0.6231135531249999 0.5071679687499999 0.6225128203125
1 0.512666015625 0.4722344328125 0.5171582031249999 0.47683516406250004 0.5171582031249999 0.4774432234375 0.521240234375 0.481428571875 0.521240234375 0.48204395624999996 0.524921875 0.4857216125 0.530224609375 0.4924615390625 0.532275390625 0.4930769234375 0.53390625 0.491846153125 0.53390625 0.4912380953125 0.530634765625 0.4869450546875 0.516337890625 0.470703296875 0.51388671875 0.46917216093749997 0.5134765625 0.468249084375 0.511435546875 0.46794871718750003 0.5098046875 0.46917216093749997 0.51021484375 0.470703296875 0.512666015625 0.4722344328125
1 0.52859375 0.40267399218750005 0.5187890625 0.4097216125 0.51021484375 0.41370695937499996 0.50939453125 0.4152380953125 0.511025390625 0.41646153906250005 0.511845703125 0.41646153906250005 0.5171582031249999 0.41431501875 0.521650390625 0.4115604390625 0.522470703125 0.4115604390625 0.52900390625 0.40635164843749993 0.530224609375 0.40604395625 0.530634765625 0.4051208796875 0.53431640625 0.4023663 0.5347265625000001 0.4008351640625 0.5330859375 0.3996043953125 0.532275390625 0.3996043953125 0.531455078125 0.40021977968750005 0.531044921875 0.3999120875 0.52859375 0.40267399218750005
1 0.501220703125 0.5693772890625 0.49591796875 0.57581685 0.489375 0.5813333328125 0.489375 0.5819413921875001 0.491015625 0.5831721609375 0.493876953125 0.5825567765625 0.49427734375 0.5816337 0.49836914062500004 0.578571428125 0.506123046875 0.5684615390625 0.507763671875 0.567846153125 0.5098046875 0.5660073265625 0.51021484375 0.5647838828125 0.50857421875 0.5635531140625 0.507763671875 0.5635531140625 0.503671875 0.56631501875 0.5028613281250001 0.56631501875 0.501220703125 0.5693772890625
1 0.50939453125 0.4228937734375 0.510625 0.42687912031249997 0.511025390625 0.4323956046875 0.512666015625 0.4379120875 0.514296875 0.43913553125 0.5151171875 0.43913553125 0.516748046875 0.4379120875 0.516748046875 0.4369963375 0.5151171875 0.4320879125 0.513076171875 0.41646153906250005 0.512666015625 0.41493040312499996 0.511025390625 0.41370695937499996 0.51021484375 0.41370695937499996 0.50857421875 0.41493040312499996 0.50857421875 0.41646153906250005 0.50939453125 0.4228937734375
1 0.510625 0.4403663 0.508984375 0.44158974375 0.508984375 0.442205128125 0.510625 0.443428571875 0.513076171875 0.44373626406250005 0.525732421875 0.44373626406250005 0.54248046875 0.44251282031250005 0.5441210937500001 0.44128205156250006 0.5441210937500001 0.44067399218750003 0.54248046875 0.43944322343750003 0.5404394531250001 0.43944322343750003 0.536767578125 0.44005860781250006 0.5253222656250001 0.44067399218750003 0.510625 0.4403663
1 0.513076171875 0.4526227109375 0.5179785156250001 0.46059340625 0.5187890625 0.4615091578125 0.520830078125 0.4621245421875 0.522470703125 0.4608937734375 0.522470703125 0.46028571406249996 0.5171582031249999 0.45200732656250003 0.5134765625 0.4428131875 0.511435546875 0.440974359375 0.510625 0.440974359375 0.508984375 0.442205128125 0.508984375 0.44312087968749997 0.513076171875 0.4526227109375
1 0.50041015625 0.47499633750000003 0.497958984375 0.47958974374999996 0.493876953125 0.4844908421875 0.493876953125 0.4851062265625 0.4955078125 0.4863296703125 0.49754882812499995 0.4857216125 0.5008203124999999 0.48173626406250003 0.503671875 0.47683516406250004 0.51021484375 0.47101098906249994 0.510625 0.4697802203125 0.508984375 0.46855677656249994 0.508173828125 0.46855677656249994 0.5044921875 0.470703296875 0.5044921875 0.47131868125 0.50041015625 0.47499633750000003