0 0.4881025796875 0.352017946875 0.48510351093750004 0.3542068484375 0.4850604921875 0.3576096265625 0.48734051093749997 0.3603115109375 0.48946933125000003 0.361267978125 0.4952761875 0.362135303125 0.5024153109375 0.360304359375 0.5034819500000001 0.35654835937499996 0.5003629703125 0.3521996859375 0.49597303750000005 0.35057173750000004 0.49092386875000005 0.351847253125 0.4881025796875 0.352017946875
1 0.482138996875 0.3276821578125 0.4783099578125 0.3231446453125 0.4781360171875 0.3222658421875 0.47660525781249996 0.32078317031250003 0.47472661718750003 0.31754289375 0.4729996953125 0.316861884375 0.47133347968750006 0.317598171875 0.4713836609375 0.3190130375 0.4786202796875 0.32828138125 0.48910626874999996 0.3495427484375 0.491184990625 0.35676504531250003 0.492839509375 0.3577116546875 0.49451624843750003 0.356977796875 0.49470188750000005 0.3561737046875 0.49349040625 0.35167586875 0.4869938796875 0.3375215984375 0.482138996875 0.3276821578125
1 0.46214084218749996 0.36552896874999996 0.469362096875 0.3635343125 0.4779401671875 0.3621435234375 0.4812125421875 0.360931096875 0.4847294390625 0.36033975625000003 0.491714871875 0.357734328125 0.492839509375 0.3577116546875 0.49255414999999997 0.3573634578125 0.49350484687499996 0.35646198125 0.4923318484375 0.35506190625 0.49125856875 0.35481412031250004 0.476286825 0.35951158906249997 0.46770693437500005 0.36091026249999997 0.46049802343749996 0.3628994640625 0.459782503125 0.3627342734375 0.45024139375 0.36503199375 0.44363776250000003 0.3660316671875 0.4426128421875 0.3672066296875 0.44379818281250005 0.36860125 0.4476004390625 0.3683581078125 0.4614253234375 0.365363778125 0.46214084218749996 0.36552896874999996
2 0.55684360625 0.4267510875 0.5585203453124999 0.4260172296875 0.5586441046874999 0.4254811703125 0.5574587625 0.42408655 0.54531086875 0.41818480625000004 0.5218669828125 0.41080444531250004 0.49597766249999997 0.4042710953125 0.4883124484375 0.4033400875 0.4821161140625 0.4041597796875 0.4811035375 0.40532928906250004 0.48227653593750003 0.40672936406250004 0.48299205624999997 0.40689455625 0.489188390625 0.40607486093749995 0.491386309375 0.4062999734375 0.514188253125 0.41156421718749997 0.5422619734375 0.42001345937499995 0.5557808484375 0.42650573124999996 0.55684360625 0.4267510875
0 0.4890822109375 0.3965014015625 0.48341150624999996 0.3997009796875 0.48197514531249996 0.401793971875 0.47983787031249997 0.4025543609375 0.47863896562499997 0.403954865625 0.47869058593749997 0.406947715625 0.481796809375 0.40981543125000003 0.487802396875 0.410878096875 0.49279434999999994 0.40994641875 0.4959075734375 0.4079831546875 0.49741070625 0.40588897187499995 0.49806792031249997 0.40016187031249995 0.496855615625 0.398403978125 0.4943331390625 0.3968002953125 0.4890822109375 0.3965014015625
1 0.48757353124999997 0.40654068906249996 0.4892502703125 0.4058068296875 0.48943590937500003 0.4050027390625 0.48477928906249995 0.3991532 0.48460716875000004 0.3982665140625 0.48359576718749997 0.39775069687500003 0.479766728125 0.393213184375 0.47455682968749996 0.389760153125 0.4671490140625 0.3860820109375 0.4605669578125 0.38372377812499997 0.4562948828125 0.38273749218750003 0.45266774375 0.3821741125 0.4509997078125 0.3829182828125 0.4508759484375 0.3834543453125 0.45205076718750004 0.3848465359375 0.4599518015625 0.386388315625 0.4661847984375 0.38867426875 0.472581215625 0.3918365921875 0.477433353125 0.395207028125 0.48338673125 0.40192057812500004 0.48621307343750003 0.40595258906250004 0.48757353124999997 0.40654068906249996
1 0.4589416375 0.43142540937499996 0.462421871875 0.4277284265625 0.479612184375 0.4134212703125 0.4869904734375 0.4058497484375 0.4871142328125 0.40531368749999996 0.48592889218749996 0.40391906562499996 0.485213371875 0.40375387500000004 0.4840286734375 0.404036696875 0.47946346249999994 0.409168790625 0.46131010781250004 0.42438287812500003 0.45645953749999996 0.429166775 0.4520916625 0.4318118828125 0.4514263234375 0.4330615546875 0.4526098453125 0.4344640609375 0.454154121875 0.4342559515625 0.4544500046875 0.43460657812500003 0.4545737640625 0.43407051562500004 0.4589416375 0.43142540937499996
2 0.55173001875 0.492778496875 0.553408578125 0.49203675625 0.5535323375 0.49150069375000005 0.552346996875 0.4901060734375 0.5455928218749999 0.4868611515625 0.5030880109375 0.4759188765625 0.47992830781249995 0.4705720390625 0.47374367343749996 0.4697088375 0.46477831406250003 0.45976736718750005 0.463061915625 0.4590887890625 0.46138517500000004 0.4598226453125 0.4614335359375 0.46124539374999995 0.46244493750000004 0.4617612125 0.47205341562500003 0.47213347343749995 0.479669090625 0.47332705624999993 0.502471034375 0.4785913 0.5250891578125 0.4846517515625 0.5368426296875 0.4873652546875 0.5446199046875 0.489443096875 0.5506672609375001 0.49253313906249996 0.55173001875 0.492778496875
0 0.4596828171875 0.4582671453125 0.45875200468750005 0.4623949453125 0.46052513125 0.46498810625000003 0.46159269375 0.4677089953125 0.46657948437499996 0.47313655312499997 0.471536721875 0.47566769531249997 0.4745961125 0.47648195624999995 0.47699531562499997 0.4763632765625 0.47874201093749996 0.4752303984375 0.47987600468749997 0.47271885625000004 0.4785638578125 0.4689450875 0.4742704578125 0.4631544953125 0.4682187546875 0.45797098593749996 0.46376859374999996 0.45684394375000004 0.4596828171875 0.4582671453125
1 0.46665695312500005 0.46300764531249994 0.4649889171875 0.46375181562499995 0.460488328125 0.475084884375 0.447757296875 0.4977285671875 0.44757165781249997 0.498532659375 0.4487569984375 0.4999272796875 0.44946199687500005 0.5000900421875001 0.4516821359375 0.49863468749999995 0.4654497828125 0.4731331484375 0.468545471875 0.46457291093749997 0.4673724734375 0.4631728375 0.46665695312500005 0.46300764531249994
2 0.5377637796875 0.5516887125000001 0.5339008203125 0.5505145625 0.49543226718750005 0.5399478 0.46443340937500005 0.53279115 0.45655733906249996 0.5360379078124999 0.45595388124999997 0.5370195515625 0.4571268796875 0.5384196265625001 0.4590394390625 0.53829654375 0.4648897109375 0.5357113578125 0.4948152890625 0.542620221875 0.5335797234374999 0.553537609375 0.5371468015625 0.554361134375 0.5388148390625 0.5536169640625 0.538936778125 0.5530887875 0.5377637796875 0.5516887125000001
0 0.45563916718749997 0.5308936937500001 0.455867159375 0.533362628125 0.45363854843749996 0.5349987015625 0.453475684375 0.5380084609375 0.4555424125 0.540578065625 0.45951532031250003 0.5422841109375 0.46376537031250004 0.54206961875 0.4663382078125 0.54067078125 0.47010971875 0.53768040625 0.4707555859375 0.5346908203125 0.46683268437500003 0.5289276390625 0.463035246875 0.5274696921875 0.4573029828125 0.5289196406250001 0.45563916718749997 0.5308936937500001
1 0.443407 0.5214684468749999 0.438431103125 0.5186340734375 0.4329253234375 0.5148304171875 0.42535526562500003 0.5085905765625001 0.4204535890625 0.50548271875 0.41877502968749997 0.506224459375 0.41918297187500003 0.50772191875 0.42562775 0.51230699375 0.4315928265625 0.51733765 0.4456917625 0.52621406875 0.46047165625 0.5369416 0.46118717656249997 0.537106790625 0.46285521249999995 0.5363626203125 0.46245779374999996 0.5348675890625 0.4554194359375 0.529589146875 0.443407 0.5214684468749999
1 0.4593014015625 0.54201053125 0.46255933281250006 0.5360119937500001 0.46138451406250003 0.534619803125 0.46066899218749996 0.5344546109375 0.4590027765625 0.5351908984375 0.45639966093749995 0.53993733125 0.45124151250000005 0.5460534984375001 0.44117208750000003 0.55553626875 0.4384809515625 0.5574475171875 0.4383571921875 0.5579835796875 0.43953201249999996 0.5593757703125 0.44143222968750007 0.5592581390625 0.444604884375 0.5568934265625 0.4542033109375 0.54786655 0.4593014015625 0.54201053125
2 0.523505325 0.623194196875 0.5251733625 0.622450028125 0.525297121875 0.6219139671875 0.524122303125 0.620521775 0.5209748640625 0.619512815625 0.5174077875 0.618689290625 0.511876790625 0.6182593093750001 0.504395396875 0.61653209375 0.48361925 0.6106062750000001 0.4608791859375 0.6050740015625 0.4545930125 0.60306639375 0.44637270156250003 0.604539778125 0.44534960312500005 0.6057068578125 0.4465226015625 0.6071069328124999 0.447238121875 0.6072721234375 0.454682853125 0.60589369375 0.460262209375 0.607746425 0.48300227187500006 0.6132786984374999 0.503780240625 0.6191966328125 0.5112616328125 0.6209238484374999 0.516790809375 0.6213617124999999 0.523505325 0.623194196875
0 0.446656984375 0.600187984375 0.44355849062499997 0.601847421875 0.44269290625 0.6050686015625 0.4438159875 0.6083171187499999 0.446074440625 0.6102002875 0.4511294390625 0.6114918765625 0.4602425421875 0.6088877578125 0.4612948671875 0.60692199375 0.460937303125 0.6039581515625 0.4568291609375 0.5989493343750001 0.45076788749999996 0.5975998 0.44825163906250004 0.598513496875 0.446656984375 0.600187984375
1 0.421357675 0.6218232328125 0.4147183046875 0.6261941531249999 0.4145945453125 0.6267302156250001 0.4055734375 0.6316722296874999 0.40538779687500004 0.6324763234375 0.40657313906250003 0.6338709437500001 0.40805553593750005 0.633930865625 0.411819953125 0.632267403125 0.41707664375000003 0.62898885 0.417200403125 0.6284527875 0.429763625 0.61954575625 0.430541025 0.6194429171875 0.43066478437500005 0.61890685625 0.43551417968750006 0.6158082828125 0.43563793906250003 0.6152722234375 0.44233736874999996 0.6106411546875 0.44837328125000003 0.607251878125 0.4490386203125 0.6060022046875 0.44785510000000006 0.6045997 0.447139578125 0.604434509375 0.44631082031249997 0.604807809375 0.446014940625 0.6044571828125 0.44589118125000005 0.60499324375 0.44074590625 0.607741190625 0.4406239671875 0.60826936875 0.4339227171875 0.61290831875 0.4331558390625 0.6130135890624999 0.4330320796875 0.6135496484375 0.422258834375 0.6211843328125 0.42148143437499996 0.6212871718749999 0.421357675 0.6218232328125
1 0.47772467656249995 0.6345542640625 0.480900075 0.6386585546875 0.481911475 0.639174371875 0.485444634375 0.6433612609375 0.4864560359375 0.6438770765624999 0.4937061734375 0.65145464375 0.49543309375 0.6521356515625001 0.4970993109375 0.6513993625000001 0.496631309375 0.6501620499999999 0.49705095000000005 0.649976615625 0.49604825156250004 0.6494711109375 0.485653671875 0.6391913765624999 0.47976217187500003 0.63220979375 0.47875077031249996 0.631693978125 0.4663643140625 0.6187124546875 0.46259715312500005 0.6139069109374999 0.45639807499999996 0.6082575984374999 0.45315027499999994 0.6044189078125 0.45143387500000004 0.6037403296875 0.4497571359375 0.6044741874999999 0.449805496875 0.605896934375 0.45081689843749995 0.6064127515625 0.4540541765625 0.6102490140625 0.455065578125 0.61076483125 0.45925237656249995 0.6153849390625 0.46054913593749996 0.6162489515625 0.46974849687500003 0.6268090796875 0.47075989687500003 0.62732489375 0.4764173953125 0.633687821875 0.47772467656249995 0.6345542640625
2 0.5018777921875001 0.6859570875000001 0.50520905 0.6861698390625001 0.508012246875 0.685405425 0.5081341859374999 0.684877246875 0.5069611875 0.683477171875 0.5021457109374999 0.6832123828125 0.4982208734375 0.6823062625 0.47245713125 0.675228965625 0.4481844875 0.66822190625 0.44575257031250004 0.6673781375 0.44213531093749997 0.665139746875 0.44046909218749997 0.6658760328125 0.440283453125 0.6666801234374999 0.441830475 0.6729410234375 0.4432498171875 0.6749543 0.44396533906249996 0.675119490625 0.44563155468750004 0.674383203125 0.44581719375000006 0.6735791125 0.44471595312499995 0.67023599375 0.44513559375 0.670050559375 0.49724795625 0.6848882046875 0.5018777921875001 0.6859570875000001
0 0.43632200781249997 0.6729895390625 0.439489209375 0.6763612359375 0.445865528125 0.6776423453125 0.45043884843750004 0.6754515375000001 0.45083401093750003 0.6682191421875 0.44876232656250004 0.664950903125 0.4443465 0.661946909375 0.43919805624999997 0.6609160625 0.4364584515625 0.662077115625 0.4350887765625 0.666377609375 0.436950578125 0.6693067734375 0.43632200781249997 0.6729895390625
1 0.4435324328125 0.668833490625 0.43177896093749996 0.6661199875 0.42238500625000003 0.66451585625 0.4203108484375 0.66375468125 0.4177049890625 0.662032109375 0.41653199062499996 0.6606320343750001 0.41559416718750003 0.6581652921875001 0.4127013828125 0.6479401890625 0.41152838437500006 0.6465401140625 0.4108128625 0.6463749234375 0.4091448265625 0.64711909375 0.4089591875 0.647923184375 0.41324909375 0.66184203125 0.41426049374999996 0.662357846875 0.415373434375 0.6640180703125 0.42141026875 0.667105684375 0.4311619828125 0.6687924109375001 0.4429154546875 0.6715059125 0.44459401249999997 0.6707641718749999 0.44471595312499995 0.67023599375 0.4435324328125 0.668833490625
1 0.444819059375 0.67953473125 0.44581719375000006 0.6735791125 0.44464237500000003 0.6721869218750001 0.4439268546875 0.6720217296875 0.442250115625 0.6727555875 0.44163313750000005 0.6754280109375 0.44125198125000004 0.67871120625 0.4415890875 0.6886285984375 0.4444449578125 0.703910271875 0.44561795625 0.7053103453125 0.446333478125 0.7054755375 0.4480120375 0.704733796875 0.44819585625 0.7039375890625 0.44510598593750006 0.6880372593749999 0.444819059375 0.67953473125
2 0.4309318859375 0.7494320328125 0.43111570468749993 0.748635825 0.4278802453125 0.7447916796875 0.42705266406250003 0.7434796546875 0.42747230312499995 0.74329421875 0.4442133703125 0.7471591984375 0.450508246875 0.7491771203125001 0.490123659375 0.7580407421875 0.49571653437499996 0.7582026921875 0.49738275156249995 0.7574664046875 0.4975065109375 0.75693034375 0.4963316921875 0.7555381515625 0.49525841093749995 0.755290365625 0.490382878125 0.7552857234375 0.4831868390625 0.7539067046875 0.451125225 0.746504696875 0.444830346875 0.7444867765625001 0.426658240625 0.7402914140625 0.4225081046875 0.7387769515625 0.42084188749999996 0.7395132375 0.42065624843749994 0.740317328125 0.4278946875 0.749577790625 0.42926384687499997 0.750176203125 0.4309318859375 0.7494320328125
0 0.41825164218750005 0.7351786875 0.41529562656249996 0.7370370890625 0.41535611718750004 0.7397994890625 0.4166375984375 0.7427939578125 0.41969547656249995 0.7457750640625 0.42413522812500004 0.7519398859375 0.43051968125 0.7535217984375 0.43376680624999997 0.75261076875 0.43567330625 0.7497295484375 0.4356862421875 0.74679311875 0.432783125 0.743573728125 0.43079294375000005 0.740000471875 0.42725928125 0.7365358671875 0.42369475625 0.735173209375 0.41825164218750005 0.7351786875
1 0.398749253125 0.74903509375 0.40922936249999997 0.7475187921875001 0.41846289375 0.7465533390625 0.4263756265625 0.746412225 0.42804184375 0.7456759390625 0.42816560312499996 0.7451398765625 0.42699078437500004 0.7437476859375 0.425917503125 0.7434999 0.41758513124999996 0.7438264484375 0.39710643437500004 0.7464055890625 0.3890477203125 0.74876323125 0.375408475 0.7509534703125 0.3543980765625 0.7525712109375 0.3533749765625 0.7537382890625001 0.3545584984375 0.75514079375 0.35562125624999996 0.75538615 0.3797907921875 0.7530944749999999 0.3907010625 0.751395165625 0.398749253125 0.74903509375
1 0.4314734640625 0.7487184203125 0.430943584375 0.7477491374999999 0.429227184375 0.747070559375 0.427548625 0.7478123 0.428018446875 0.7490417296875 0.42759880624999996 0.749227165625 0.43109230624999995 0.752001615625 0.4527901859375 0.7766900984375 0.45385294531250003 0.77693545625 0.4555296828125 0.7762015984375 0.455417621875 0.7750547640625001 0.4511707625 0.7706948015624999 0.43495644218749996 0.7514904421875 0.4314734640625 0.7487184203125
1 0.46643747500000005 0.43793873593750005 0.4657324765625 0.4377759734375 0.4640557375 0.43850983125000004 0.46380821718750004 0.4395819546875 0.46433096406249996 0.44869525625 0.4630385171875 0.46245458125 0.4642115171875 0.46385465625 0.46492703750000003 0.46401984687500003 0.46659507343750006 0.4632756765625 0.4670264109375 0.4614073453125 0.4679599234375 0.44925075156250005 0.46762281562499997 0.43933335625 0.46643747500000005 0.43793873593750005
3 0.520802328125 0.4398033359375 0.5186795562500001 0.44578162812500005 0.51237108125 0.47469085 0.5122005281249999 0.48195849375 0.5105397984375 0.49563279375 0.511060725 0.504753978125 0.5074216375 0.5140357109375 0.50731231875 0.5193578828125001 0.50289921875 0.5368889046875001 0.4998324140625 0.5550213625 0.49651260312499995 0.56128793125 0.493061896875 0.5762345765625 0.49076079375 0.5959470921875 0.48909732031250003 0.6031523859375 0.485780253125 0.615887959375 0.48270796093749996 0.6210824046875 0.482276621875 0.622950734375 0.48082649687499995 0.6406094828125 0.47822495 0.653510246875 0.4759195359375 0.6585994234375 0.476302259375 0.6634705578125 0.472817634375 0.6817805671875 0.4727690203125 0.688520034375 0.46802430156249997 0.709071675 0.46708804531250003 0.7147592640625 0.46710248906249996 0.719545375 0.463343953125 0.74398650625 0.4595237890625 0.7605334546875 0.45993447343750005 0.7684999203125 0.45425167968749997 0.7947470328125 0.45391018125000004 0.7994426640625 0.45243052656250005 0.8058517500000001 0.45331816875 0.8069036265625 0.45467680625 0.8074996109375 0.456713125 0.8068404656249999 0.4581927796875 0.8004313796875 0.45852375468749995 0.7957333203125 0.46426842968750004 0.769218178125 0.46385774375000005 0.7612517109375 0.46761602812499997 0.7449727921875 0.4695242765625 0.7302263703125 0.4714469671875 0.720266059375 0.4714201828125 0.715485403125 0.47235825781249996 0.7097899296875 0.477102978125 0.689238290625 0.4771621125 0.6825012546875 0.480636215625 0.664188815625 0.48026401406249997 0.6593201078125001 0.4824369671875 0.6547566812500001 0.48516045312499995 0.6413277374999999 0.4866105796875 0.6236689906249999 0.49000097187499997 0.6171447046874999 0.4933075171875 0.6044067015625 0.4950947484375 0.5966653484375 0.497395853125 0.576952834375 0.5007227999999999 0.562542246875 0.5040531328125 0.556278109375 0.5071712953125 0.5378751921875 0.5115949171875 0.5203465984375 0.5116937140625 0.5150219984375 0.515405203125 0.5054746640625 0.5150179140625 0.49414240468750004 0.5167300015625 0.48019764531250003 0.516715559375 0.47541153437499994 0.5178975125 0.4686597078125 0.52295163125 0.446767915625 0.5251468046875 0.44052402031250004 0.5268705890625001 0.4248963640625 0.526608628125 0.42118237656249996 0.52922461875 0.4130677234375 0.53150506875 0.40319000625 0.5338563546875 0.384892359375 0.5377033015625 0.37312606718749997 0.5410921281250001 0.35844745 0.54223741875 0.3485899796875 0.5440246515625 0.3408486234375 0.5510408671875 0.3185711703125 0.5501637484375 0.3175217203125 0.5487945875 0.3169233078125 0.5467687906250001 0.317584884375 0.5418975671874999 0.332203578125 0.5379653421875 0.3476036921875 0.5368095296875001 0.35745873437500003 0.533420703125 0.3721373515625 0.529584278125 0.383906071875 0.52723299375 0.40220372031249996 0.52495254375 0.4120814359375 0.52226415 0.4204616921875 0.522536634375 0.424178109375 0.520802328125 0.4398033359375
2 0.571083896875 0.37971162187499996 0.572157178125 0.37995940781250004 0.57382339375 0.3792231203125 0.573947153125 0.37868705937499997 0.5727741546875 0.3772869859375 0.5587737609375 0.3712481796875 0.538477315625 0.364876778125 0.511588934375 0.3578221578125 0.49614462656249997 0.354821190625 0.4894184109375 0.3546716015625 0.4877503734375 0.355415771875 0.48762843437500003 0.35594395 0.488801434375 0.357344025 0.4898747140625 0.3575918109375 0.49587670624999997 0.357565896875 0.5198738703125 0.3625497484375 0.5427878734375 0.3689608265625 0.55780084375 0.3738301234375 0.571083896875 0.37971162187499996