2 0.49573178906250004 0.24627623125000003 0.49729653125000006 0.24513698593750002 0.4965388234375 0.24396577812500003 0.4969328703125 0.2436810171875 0.4923339203125 0.2409845640625 0.4896277515625 0.24064568749999998 0.47409120624999995 0.24240739687500001 0.44689241874999996 0.24687335781250003 0.4457204578125 0.247144540625 0.444155865625 0.2482752109375 0.4441456875 0.24885831249999998 0.4456698671875 0.2500428984375 0.44683673749999997 0.25006326562500003 0.47093007499999995 0.245843315625 0.48996596718749996 0.24355940937499998 0.49495387500000004 0.246262653125 0.49573178906250004 0.24627623125000003
0 0.4937648828125 0.5936618796875 0.4939419765625 0.5959723546875 0.50082035625 0.6005099 0.5059058546874999 0.6022112640625 0.5104654578125001 0.6012615343750001 0.51222378125 0.600177134375 0.515112409375 0.5946520921875 0.5123664453125001 0.590692759375 0.502510378125 0.587604325 0.49817104062500006 0.589046821875 0.49588885468750005 0.591297215625 0.4937648828125 0.5936618796875
2 0.5066241515625001 0.5990843859375 0.50818889375 0.597945140625 0.50708788125 0.5941517625 0.5055638515624999 0.5929586015625 0.5032464890624999 0.5926350890625 0.4966621921875 0.5922285203125 0.4912245609375 0.5929999484375 0.461400728125 0.5924793703125 0.44822704687500003 0.591957784375 0.44205317656250004 0.590983678125 0.4404771421875 0.5921141484375 0.4404669640625 0.59269725 0.4420025859375 0.5938820359375 0.44779878906250004 0.594858128125 0.4911738203125 0.59590688125 0.498933903125 0.595167415625 0.5028069421875 0.595526659375 0.5039585453125001 0.5964216796875 0.504310765625 0.5978774484375 0.5058462375 0.5990708078125 0.5066241515625001 0.5990843859375
1 0.529255628125 0.5678193671875 0.5180672921875 0.5650078953125 0.5034354375000001 0.5595201375000001 0.501532478125 0.5577456609375 0.500754565625 0.5577320828125 0.49918982031250003 0.5588713281250001 0.499164525 0.56032050625 0.49991588125 0.5611999625 0.5164658125 0.5675961187499999 0.5245641125 0.5697703765625 0.5342233281250001 0.5716802375000001 0.5353901984375 0.5717006046875001 0.536954940625 0.5705613609375 0.53696496875 0.5699868343750001 0.5354409390625 0.5687936734375 0.529255628125 0.5678193671875
1 0.5084259984374999 0.5174910546875 0.5084512937500001 0.5160418765625 0.5069272640625 0.5148487171875 0.50614935 0.5148351375 0.50458460625 0.5159743828125001 0.499493965625 0.54144688125 0.49729068906249996 0.5562219984375 0.49726030468750004 0.5579627296874999 0.49879592500000003 0.5591475140625 0.49956239843750005 0.55916089375 0.5011384328124999 0.5580304218750001 0.5015577734375001 0.55629648125 0.5037901734375 0.53919733125 0.5067852203125 0.5229864125 0.5084259984374999 0.5174910546875
0 0.49084655625 0.5530301453125 0.48952964374999997 0.5563610140625 0.4908571453125 0.559635109375 0.4941892796875 0.5608255203125 0.49700935625 0.5638168734375 0.49897379218750004 0.564691771875 0.5046494171875 0.5640531625 0.5075633625 0.5603555984375 0.5068573796875 0.5555655328125 0.5041300828125 0.553159078125 0.5006388375 0.551905846875 0.4952954390625 0.55121214375 0.4926907984375 0.5516127171874999 0.49084655625 0.5530301453125
2 0.4999259109375 0.5606254359375 0.5018606671875 0.5612339093750001 0.5034252593749999 0.5601032375 0.503056509375 0.558938821875 0.498088959375 0.5550693734375 0.4969321171875 0.5544744796875001 0.49538773125 0.554447521875 0.4887781390625 0.5554901328125 0.4825726203125 0.5556734546875 0.433396296875 0.553940159375 0.4318201140625 0.5550792062500001 0.4318099359375 0.5556623078125 0.43334555625000004 0.55684709375 0.4612309546875 0.557625475 0.4732326765625 0.5584182453125 0.48911635468750003 0.55840385625 0.4957260953125 0.5573526703125 0.4999259109375 0.5606254359375
1 0.526092209375 0.5268059390625 0.5122027953125 0.5233640390625001 0.5048671421875001 0.5220780140625 0.5033315218750001 0.5208932296875 0.5014032671875001 0.5205679328125 0.4998386734375 0.5216986015625 0.4998284953125 0.522281703125 0.5005847906249999 0.522878184375 0.5001908953124999 0.5231543703125 0.5028767078125 0.5246594499999999 0.5117630984375 0.5262641828125 0.5256475734375 0.5299890578124999 0.52681444375 0.530009425 0.5283790374999999 0.5288787546875 0.5283892156250001 0.528295653125 0.526092209375 0.5268059390625
1 0.49534104687499997 0.49025168125 0.49607205624999995 0.5152425171874999 0.49636970937499997 0.520480071875 0.4978938890625 0.5216646546875 0.49867180468749994 0.521678234375 0.500236396875 0.5205475640625 0.499557390625 0.49323309843749996 0.499219175 0.490319375 0.4976835546875 0.48913458906249996 0.49691708125 0.4891212109375 0.49534104687499997 0.49025168125
0 0.5055822328125 0.5184793109375 0.5023657796875 0.516561821875 0.500248434375 0.5159244281250001 0.49622210000000005 0.516480315625 0.4936807296875 0.515878409375 0.488478846875 0.5169112796875 0.4848419828125 0.518100134375 0.483314596875 0.5210327578125 0.4837616953125 0.5229533749999999 0.4867574109375 0.5257161984375001 0.49042714062500004 0.5265779734375 0.49522818125 0.5255638390625 0.49716584375000006 0.5266612875 0.50090975 0.527206984375 0.5037775109375 0.5268110046875 0.5058242265625 0.5255943953125 0.5070325125 0.521275203125 0.5055822328125 0.5184793109375
2 0.5036900953125001 0.5226407484375 0.5029325375 0.5214609671875 0.5033265828125 0.52117620625 0.49911135156249997 0.518786665625 0.4917238453125 0.5198156984375 0.48748346875 0.5188667625 0.4429465078125 0.517514665625 0.4363673 0.5168165453125 0.43480270625 0.5179472171875 0.434792528125 0.51853031875 0.43631655937499997 0.5197234796875 0.44289591718750004 0.5204130234375001 0.4789150875 0.5213333796875 0.487043771875 0.52176690625 0.4912955890625 0.522716040625 0.4978938890625 0.5216646546875 0.50095863125 0.5237510515625 0.5021255 0.52377141875 0.5036900953125001 0.5226407484375
1 0.4991292734375 0.47317968906249996 0.4983513609375 0.47316611093749994 0.49718575156249994 0.47372904374999997 0.49558936249999996 0.47602571875 0.47198122500000006 0.47473871875 0.47040504062500005 0.47587776562500006 0.47039501250000004 0.47645229218749996 0.47193048437499996 0.47764565000000003 0.4970945984375 0.4789512328125 0.49826005625 0.47839687499999994 0.500654715625 0.47494757656250003 0.50066474375 0.47437304999999996 0.4991292734375 0.47317968906249996
1 0.5134875171875 0.49434259062499997 0.510099678125 0.4884763953125 0.5066763640625 0.48464248125 0.50290606875 0.47905267343749997 0.4999020984375 0.47348481875 0.49796749218749997 0.47286777031250005 0.49640274843750004 0.4740070171875 0.49639272031250004 0.47458154375 0.49826514531250005 0.4781053234375 0.5027996484374999 0.48514951406250006 0.507352946875 0.49046135 0.5152687890625 0.503088559375 0.5160314359375 0.503976790625 0.51795475 0.5045850640625 0.519530784375 0.50345459375 0.5195409625 0.502871490625 0.5134875171875 0.49434259062499997
0 0.48542625624999997 0.474793271875 0.4869956421875 0.4779772359375 0.4899242359375 0.4793407328125 0.49634824687499995 0.4830297375 0.5005861656249999 0.483463971875 0.5041996140625 0.482960921875 0.5062466296875 0.48172716250000003 0.507502665625 0.47926157187499996 0.5077613140625 0.4736220015625 0.5053123171875 0.47100596406250006 0.5030763171875 0.4699547734375 0.496355340625 0.4695115078125 0.49021157656250003 0.47009047812500004 0.48623665000000005 0.4729460703125 0.48542625624999997 0.474793271875
1 0.5081838046875 0.5982366906250001 0.5082040109375 0.5970790640625 0.50667998125 0.595885903125 0.5059020671875001 0.595872325 0.5043258828125 0.5970113703125 0.5039281609375 0.5981624078125 0.4997407984375 0.6158107140625 0.496867440625 0.6250501390625 0.49684708437499997 0.626216340625 0.4983712640625 0.6274009265625 0.49914917968749994 0.6274145046874999 0.5007252125 0.626284034375 0.501123084375 0.6251244218750001 0.5053102968750001 0.6074846921875 0.5081838046875 0.5982366906250001
1 0.49936836093750003 0.592567396875 0.4970562390625 0.5919437609375 0.49010969375 0.59065595 0.478148384375 0.5875479218749999 0.4538065734375 0.5830572359375 0.45224198125 0.58418790625 0.452231803125 0.5847710078125 0.45491776406250006 0.5862675109375 0.46225835625 0.5872705609375 0.46959527031250003 0.5891398875 0.4777088359375 0.5904394921875 0.498162340625 0.5954455875 0.4993177703125 0.5954657546875 0.500893803125 0.5943352843749999 0.50090398125 0.5937521828125 0.49936836093750003 0.592567396875
2 0.5116957656250001 0.641572165625 0.5136189328125 0.6421890125 0.5151835250000001 0.6410583437499999 0.5144474359375 0.6393042343750001 0.50913643125 0.632821190625 0.50681286875 0.6321973546875 0.49671536875 0.6337623625 0.4827497671875 0.6346851499999999 0.45482889374999996 0.6359390484375 0.44670529999999997 0.6352139718750001 0.44512926718749996 0.6363444421875 0.4451190890625 0.6369275437499999 0.44665455937500004 0.6381209046875 0.454778303125 0.6388374078125 0.49355932343750003 0.6369067312500001 0.5067571890625 0.6353872640625 0.5116957656250001 0.641572165625
0 0.5085817765625 0.6285398468750001 0.5060647625 0.6291649687499999 0.502662728125 0.6319790937499999 0.50138905 0.634144159375 0.5015541906250001 0.6358282562500001 0.507742990625 0.643158653125 0.5128631078125 0.644843465625 0.51659790625 0.6445998609375 0.5187546796875 0.6436339249999999 0.5204868515625 0.641425396875 0.5206834671875 0.6386839859375 0.5182213203125 0.635510171875 0.518071296875 0.63295999375 0.516952303125 0.631507996875 0.5085817765625 0.6285398468750001
1 0.5133060125 0.6378261125 0.5117818296875 0.6366415265625001 0.5110039171875 0.6366279484375 0.5024153296875 0.6402521937500001 0.49222017500000004 0.6467562140625 0.4910596546875 0.647027596875 0.47966356875000005 0.6561182578125 0.47964830156250005 0.6569929109375 0.48117248124999995 0.6581774953124999 0.48273324687499997 0.6579216765625 0.49568913906249995 0.647974746875 0.504303021875 0.6429013218749999 0.512502653125 0.6392702875 0.5133060125 0.6378261125
0 0.484452171875 0.2473831453125 0.49132332187500005 0.25036801249999996 0.49651293125 0.25003829375 0.5003140359375 0.2459959546875 0.49976160625 0.2428983625 0.49695200625 0.23930675625000003 0.49083214843749995 0.23654944531250002 0.4856568859375 0.237368340625 0.48252173281250005 0.2386603046875 0.4806588453125 0.2418015125 0.48092910624999996 0.24401926093749998 0.484452171875 0.2473831453125
1 0.5339507484375 0.654166603125 0.535469840625 0.6556427390625 0.536247753125 0.6556563171875001 0.5393175828125 0.6574511625 0.540068790625 0.6583391921875 0.5420084843749999 0.6586646890625001 0.543573228125 0.6575254453125 0.5428155218749999 0.6563542375 0.5432095671875 0.6560694765624999 0.5374488359375 0.6530611046875 0.5336327375 0.650095253125 0.5324709578125 0.649783334375 0.5252013125 0.6447157234375 0.5217425265625 0.6429140906249999 0.51715869375 0.639351559375 0.5113726671875 0.637792365625 0.509796484375 0.6389314125000001 0.5109329703125 0.640692509375 0.5151684078125001 0.6419244187500001 0.517466675 0.6439974359375 0.5186170171875 0.6443091546875 0.5220605359375 0.646985440625 0.523210878125 0.647297159375 0.5266543968749999 0.6499734453125 0.527816328125 0.6502767890625 0.5304919625 0.6523649703125 0.5339507484375 0.654166603125
1 0.503853828125 0.4247556265625 0.50540839375 0.4241994828125 0.508943065625 0.4216535796875 0.5101035859375 0.42138219687499995 0.5097311578125 0.42108405624999995 0.5105179890625 0.41993123125 0.50899380625 0.418746646875 0.5078269359375 0.418726278125 0.5035205515625 0.4215589296875 0.502348740625 0.42182153749999995 0.4960671890625 0.4263609703125 0.48864547187499996 0.4300055828125 0.48902933906249996 0.4303039234375 0.48823106875000005 0.4314565484375 0.48976669062499995 0.43264133437499996 0.49170512187500004 0.4323835296875 0.4924981546875 0.43153103125000003 0.49991987031249996 0.42788641875 0.503853828125 0.4247556265625
0 0.49815560156250005 0.4266890640625 0.49128567187499994 0.4269122546875 0.4867749265625 0.425718425 0.48252524843750005 0.4266135203125 0.47923767812499996 0.43008154374999996 0.47934149374999996 0.43265664687500005 0.48234685468749994 0.43552257031249997 0.48471078749999996 0.4364559078125 0.49350493125000006 0.436789540625 0.49649716250000003 0.437785309375 0.5011995812500001 0.4365207015625 0.503133865625 0.4338782421875 0.503630378125 0.43165672343750006 0.5019854046875001 0.4282141109375 0.49815560156250005 0.4266890640625
2 0.48782190468750003 0.43260738749999994 0.4986567578125 0.433379790625 0.5002327921874999 0.43224931875 0.5002429703125 0.4316662171875 0.4987074984375 0.43047285625000004 0.487483540625 0.429702240625 0.48203572968749997 0.43105676875 0.46147197812499996 0.43302236718750003 0.4385441 0.43668795937500005 0.43737214062499996 0.4369591421875 0.435807546875 0.4380898125 0.43579736875 0.43867291249999996 0.4373215484375 0.4398574984375 0.4384884203125 0.4398778671875 0.4598604703125 0.43618511875 0.48237394531250005 0.433970490625 0.48782190468750003 0.43260738749999994
1 0.48811712500000004 0.39340416718750004 0.49003661249999997 0.39488729375 0.5185123796875 0.40642375625 0.519278853125 0.4064371359375 0.5208550375 0.40529808906250003 0.5201024203125 0.40383533125 0.49817547500000003 0.3947377171875 0.48970333750000006 0.3916905953125 0.488127303125 0.392821065625 0.48811712500000004 0.39340416718750004
1 0.49090074218749996 0.3899616578125 0.490976628125 0.3856141203125 0.4921828 0.38272735625 0.49229430937499996 0.3763389640625 0.4935726890625 0.3699709390625 0.493597984375 0.3685217609375 0.4920625140625 0.3673284015625 0.491296040625 0.367315021875 0.4897198578125 0.36845406718749996 0.4893005140625 0.3701880078125 0.4884212703125 0.37597972031250004 0.48830976093749995 0.38236811249999997 0.48710358906250006 0.3852548765625 0.487017525 0.3901855171875 0.488516259375 0.39282785468750003 0.4896729515625 0.393431325 0.4904508671875 0.39344490312499997 0.492015609375 0.39230565781250004 0.49090074218749996 0.3899616578125
0 0.48212340625000005 0.39522093593749996 0.481810875 0.3993584796875 0.48737231718749996 0.40395023593749996 0.4911032875 0.40458148437499997 0.4955909796875 0.40250683125000003 0.497412915625 0.3977780453125 0.4963605515625 0.3957868203125 0.49625273593749997 0.3908184859375 0.49460489531249996 0.38885117812500003 0.4894109015625 0.38746529375 0.484774875 0.388859725 0.48309489843750003 0.39070032499999996 0.48212340625000005 0.39522093593749996
2 0.43840486093750003 0.40008475624999995 0.44501445312500004 0.399042146875 0.4550866578125 0.3989263171875 0.46672995625 0.39796299375 0.48998078281249996 0.3980857765625 0.49154552812499996 0.3969465296875 0.4920307265625 0.3914395796875 0.490506696875 0.3902464203125 0.48972878125 0.3902328421875 0.48815259843750003 0.3913718859375 0.488106946875 0.39398726875 0.4873202671875 0.39513151875 0.4663915921875 0.395057846875 0.4547484421875 0.3960125953125 0.44467623593749994 0.3961284234375 0.4369110640625 0.39715944062499997 0.43533503125 0.3982899125 0.435324853125 0.3988730140625 0.4368604734375 0.4000578 0.43840486093750003 0.40008475624999995
1 0.4516317890625 0.3529756609375 0.45005575468750003 0.35410613281250003 0.45004557656250005 0.354689234375 0.4523425828125 0.35617895 0.4646926984375 0.3593023390625 0.47778399374999997 0.3638882875 0.47856190625000006 0.36390186562500004 0.48012664843749997 0.362762621875 0.47938547187499997 0.3613000625 0.4739984296875 0.35917313125 0.46552135312500004 0.35640898593750003 0.4516317890625 0.3529756609375
1 0.48554024843750004 0.36402367343750003 0.48747868125 0.36376586875 0.49529953281249994 0.35954494375 0.502717571875 0.35676660781249997 0.5058418203125 0.3547882421875 0.510528246875 0.3531287828125 0.5120979296875 0.3517065625 0.5132698890625 0.3514353796875 0.5136741125000001 0.3505675171875 0.513684140625 0.349992990625 0.5121486703125 0.3487996296875 0.5113707562500001 0.3487860515625 0.5102102359375 0.34905743437500003 0.5086291140625 0.35047945625 0.50628645625 0.3516051234375 0.5035600812500001 0.352423875 0.5004243953125 0.354402040625 0.4930177953125 0.35718057812500004 0.48519694375 0.361401503125 0.48441902968750006 0.361387925 0.48480289687499994 0.3616862640625 0.4840047765625 0.3628303140625 0.48554024843750004 0.36402367343750003
0 0.4716055234375 0.36055525 0.47115357187500007 0.36284616875000003 0.4727768 0.36556787968750004 0.475855909375 0.36683107187499997 0.47855929843749995 0.367984775 0.4890802703125 0.368382859375 0.493962584375 0.3673015234375 0.4957102171875 0.366174046875 0.49665878750000003 0.3642777921875 0.4957420109375 0.36041900937500004 0.49354969843749996 0.3581762890625 0.4897675140625 0.3572010421875 0.48588301562499997 0.358153975 0.48026820312499996 0.3572754046875 0.4738981640625 0.359016984375 0.4716055234375 0.36055525
2 0.4933105078125 0.36270110624999996 0.4917748875 0.361516321875 0.47978460624999997 0.36072375 0.4716304765625 0.36174797812500004 0.4467983796875 0.3630557921875 0.44523378437499994 0.36418646250000003 0.44522360625 0.3647695640625 0.4467477890625 0.36595415 0.44908152812499996 0.3659948859375 0.4715798859375 0.3646463359375 0.479733865625 0.3636306828125 0.49172414687500005 0.364423253125 0.49330032968750004 0.36328420625 0.4933105078125 0.36270110624999996
1 0.50282015625 0.32859944375 0.5012441234375 0.32972991406249996 0.5012339453125 0.3303130140625 0.502769565625 0.3314978 0.5081768125 0.332467103125 0.5244241515625 0.3339086828125 0.53449126875 0.3340844046875 0.5360673015625 0.3329539328125 0.5360774796875 0.33237083125 0.534541859375 0.331186046875 0.5186683609375 0.3306173328125 0.50282015625 0.32859944375
1 0.500145775 0.3041493875 0.499002946875 0.325041715625 0.49893200000000004 0.3291062765625 0.5004560328125 0.3302994359375 0.5012339453125 0.3303130140625 0.5028101281249999 0.3291739703125 0.5038756578125 0.3120544515625 0.5040124640625 0.3042168796875 0.5024882828125 0.30303229531250003 0.50171036875 0.303018715625 0.500145775 0.3041493875
0 0.4871180640625 0.326078021875 0.4868813765625 0.3284927828125 0.48780379687500003 0.3300614359375 0.49661536875 0.334641303125 0.504018696875 0.335328075 0.5079883875 0.332772609375 0.5084023828124999 0.3287226125 0.5062307234375 0.325296540625 0.5041690171875 0.32409399687499996 0.49505831875000006 0.3222280171875 0.491645784375 0.3223657375 0.4890622890625 0.3235215125 0.4871180640625 0.326078021875
2 0.501279596875 0.3276976328125 0.49202586875 0.325503209375 0.461463421875 0.322061921875 0.452950721875 0.3213386296875 0.44210569062499994 0.3211493296875 0.4405410984375 0.32228 0.4405309203125 0.3228631015625 0.4420551 0.3240476875 0.45290013125 0.3242369890625 0.48655134999999994 0.32773219062500003 0.49737743593749995 0.3296624203125 0.5031534328125 0.33179614062499996 0.5039199062499999 0.33180951875 0.505495940625 0.3306790484375 0.5047434734375 0.329207715625 0.501279596875 0.3276976328125
1 0.5158939 0.2896106953125 0.5121032484375 0.285187090625 0.5121132765625 0.2846125640625 0.507902021875 0.2813395984375 0.5048574875 0.278095575 0.504867665625 0.27751247343749996 0.5044736203125 0.27779723437500004 0.5029394109374999 0.277187175 0.501363378125 0.278317646875 0.5013531999999999 0.2789007484375 0.504397584375 0.28215334531249997 0.5043875546875001 0.28272787187500004 0.508598809375 0.2860008390625 0.51314716875 0.2915956515625 0.520418075 0.2972465625 0.5223413906250001 0.2978548359375 0.523905984375 0.29672416562500004 0.523548825 0.29555137187499997 0.5158939 0.2896106953125
1 0.5133106734374999 0.25993845000000004 0.5121450640625 0.26050138437500003 0.50853929375 0.26712042343750003 0.5029799734375 0.2748633453125 0.5025657203125 0.2763057328125 0.5041011921874999 0.27749909375000004 0.5060447140625 0.27694973906250003 0.512008259375 0.26833895625 0.5156089390624999 0.2620114671875 0.51562405625 0.2611453890625 0.5140885859375001 0.25995202812499996 0.5133106734374999 0.25993845000000004
0 0.49380790937499996 0.2811021609375 0.49518489062500004 0.285475059375 0.49816970156249996 0.2875514796875 0.503232190625 0.287948640625 0.508518153125 0.28472136406250004 0.51044056875 0.2807920515625 0.5105967062500001 0.275124959375 0.5080947640625 0.2729197234375 0.50252256875 0.272222025 0.4987251625 0.2740857109375 0.4946117390625 0.27831988281250003 0.49380790937499996 0.2811021609375
2 0.47031684531250006 0.280975184375 0.5028684640625001 0.2812517375 0.5040455109375 0.280689003125 0.506438759375 0.2766649765625 0.5064538765625 0.27579889999999996 0.5049184062500001 0.274605540625 0.5041519328125 0.27459216249999996 0.502974884375 0.2751548953125 0.500591815625 0.27859581875 0.4792843609375 0.27793225625 0.4571900765625 0.2784215171875 0.445546928125 0.2793762671875 0.4439821828125 0.2805155109375 0.44397200468750003 0.2810986140625 0.44549618750000003 0.2822832 0.44744097031249996 0.2823171453125 0.45752829375 0.2813352390625 0.47031684531250006 0.280975184375
1 0.476897453125 0.2593028546875 0.4808261734375 0.256472190625 0.48123039843750004 0.255604328125 0.48514782656250005 0.2527648890625 0.48790967500000004 0.2499138546875 0.4949793203125 0.24480489843750003 0.49538848281250003 0.243654059375 0.4938530109375 0.2424607 0.4930865390625 0.242447321875 0.4868151625 0.246403653125 0.4864109390625 0.2472715171875 0.4820880234375 0.25039551718749997 0.481695390625 0.2512550046875 0.477766521875 0.2540942453125 0.47539871875 0.25666051562500003 0.47344501875 0.2577929734375 0.473030765625 0.2592353625 0.47455479843750004 0.2604285234375 0.4764932296875 0.26017071875000003 0.476897453125 0.2593028546875
1 0.493051065625 0.2444796015625 0.4930408875 0.24506270312499998 0.49572684999999994 0.2465592078125 0.5250957171875 0.2508545796875 0.52665154375 0.2508817375 0.5282162875 0.249742490625 0.528226465625 0.24915939062499998 0.526702284375 0.24797480468750002 0.507747515625 0.24561104843749998 0.49461565937499996 0.2433489296875 0.493051065625 0.2444796015625
1 0.46353209843750004 0.42579306875 0.46582895312500006 0.427291359375 0.48627751874999997 0.4325804296875 0.4874329484375 0.4326005984375 0.48900898281250005 0.43147012656249994 0.4890191609375 0.430887025 0.487483540625 0.429702240625 0.46510687031250003 0.4240792953125 0.46354212656250005 0.4252185421875 0.46353209843750004 0.42579306875
2 0.49597831875000004 0.47603250781249995 0.50334561875 0.4761611046875 0.5049103609375 0.47502185937499997 0.5049203890625 0.4744473328125 0.503396359375 0.473254171875 0.49564010312500006 0.4731187859375 0.48361928593750003 0.47407552031250005 0.47004661875 0.47412167031249997 0.45453663125 0.47501750156250006 0.443691603125 0.4748282 0.44211556874999997 0.47595867187499996 0.442105390625 0.47654177343750004 0.4436408625 0.4777351328125 0.45487484843750003 0.47793122343750005 0.464568275 0.477225503125 0.4889963 0.47677697812500003 0.49597831875000004 0.47603250781249995
3 0.46463583750000004 0.2956896 0.464776478125 0.309922353125 0.4658420171875 0.3157480109375 0.4657810984375 0.3192380453125 0.46284173125 0.33225905624999996 0.46457241250000003 0.343903384375 0.4644963765625 0.3482594953125 0.463244703125 0.3537530671875 0.46424806093750004 0.362485459375 0.4618648421875 0.3659349578125 0.46095521249999993 0.3734673984375 0.460923425 0.39757857812499997 0.462342446875 0.40544330781250004 0.46116923437499996 0.4280763625 0.46186602343749994 0.43273760625 0.4648634953125 0.438022284375 0.46393609218750004 0.49115312656250004 0.46305302031249995 0.4978196921875 0.46520304218749997 0.507730078125 0.46501040624999995 0.5187661343750001 0.46339366093749995 0.5222290109375 0.4632619453125 0.52977503125 0.4655094703125 0.5347549796875 0.465456215625 0.5594404859375001 0.46792550781250003 0.574005525 0.4708267359375 0.58480394375 0.47220010625000003 0.5952840546875 0.47151718281250005 0.6121186109375001 0.4722292375 0.6159051984375 0.47308052500000003 0.6333498140625 0.47209103125 0.6461132203125 0.473816621875 0.6580490984375 0.47495678437500005 0.65894391875 0.47650752343749997 0.6592626265625 0.4784612234375 0.6581301703125 0.4784916078125 0.656389440625 0.47673563124999996 0.6461942921875 0.477736565625 0.6334310859375 0.47687383906249997 0.6159862703125001 0.47616178593749997 0.6121996828125 0.476849796875 0.595073575 0.47548277812500006 0.5848852156250001 0.472570109375 0.574086596875 0.47011734531249993 0.55923020625 0.47016425 0.5342529500000001 0.4679281640625 0.5292732015625 0.46804476250000004 0.5225932578125 0.46964991874999995 0.51913875625 0.46985258124999996 0.507528175 0.46770270937499997 0.4976092125 0.46859213281249995 0.4912343984375 0.4695297140625 0.43752045468749995 0.466520803125 0.432235575 0.46581892500000005 0.42786588593749997 0.4659355234375 0.42118594218750005 0.466789325 0.4168519828125 0.4669870484375 0.405524378125 0.46556802656249996 0.39765965 0.46560616406250005 0.3738402203125 0.4664943265625 0.36688210625 0.46887739687499996 0.36344118281250004 0.46784874218750006 0.3561579703125 0.469140978125 0.3483405671875 0.46921701406249994 0.34398445624999996 0.4674863328125 0.33234012812499997 0.4704206109375 0.3196106671875 0.47048661875000003 0.3158290828125 0.46943252031249993 0.3100036234375 0.46929187812500006 0.295770871875 0.4714025890625 0.28564321718749996 0.4712011796875 0.2748919234375 0.47287869374999997 0.2679475859375 0.47390366093749997 0.2531519 0.473617296875 0.2479231203125 0.472147684375 0.24295675 0.4715269328125 0.2339393984375 0.472507509375 0.22234239531250002 0.46966070000000004 0.20777076718749998 0.4722161984375 0.19445141562499998 0.47107603593749997 0.193556596875 0.469525296875 0.1932378890625 0.46757159687499994 0.19437034375 0.46504663281249997 0.2059403890625 0.46786290937499997 0.2222613234375 0.46688233125 0.2338583265625 0.46749799531249997 0.2431672296875 0.4689563171875 0.2481248265625 0.469259059375 0.253070828125 0.4686774671875 0.26410009375 0.46656166718750003 0.2745193 0.46675798906250004 0.2855621453125 0.46463583750000004 0.2956896
2 0.497439678125 0.21464598906250001 0.4982175921875 0.21465956875 0.49978233593750004 0.213520321875 0.4990411578125 0.21205776406250001 0.49058428593750003 0.2081359890625 0.4831916921875 0.20945657187500002 0.4781834296875 0.20791953125 0.454181246875 0.2069172921875 0.44719781562499994 0.20708703593750002 0.445633221875 0.20821770781249999 0.44562304375000006 0.208800809375 0.447147225 0.20998539374999997 0.4630423421875 0.20997120468750002 0.4692211515625 0.21066233437499998 0.47735492500000004 0.21080431093750002 0.482374478125 0.212350125 0.4839188640625 0.2123770828125 0.4897557828125 0.21102076875 0.497439678125 0.21464598906250001
0 0.4988558921875 0.2062817828125 0.48550695624999995 0.2053110984375 0.479058165625 0.208286484375 0.47759674375000005 0.21006227656249998 0.4774406703125 0.21179223593750002 0.4788162609375 0.214278028125 0.480853890625 0.21554877499999997 0.486692284375 0.2154190875 0.488775971875 0.2166734828125 0.497171559375 0.21886150624999998 0.49982495312499997 0.21829023125 0.502184525 0.2161955859375 0.50339505625 0.21174776875 0.50108470625 0.2077445734375 0.4988558921875 0.2062817828125
1 0.5115889874999999 0.1809083734375 0.5108225140625 0.1808949953125 0.5096456171875 0.181449153125 0.5068634125 0.1854663890625 0.4928559953125 0.21107488281250003 0.492840728125 0.21194953437500003 0.49436490937500005 0.21313412031249998 0.49514282343750005 0.2131477 0.49710655 0.211440715625 0.5103322265625 0.186693496875 0.51271035625 0.1835355484375 0.5131246093749999 0.18209315937499998 0.5115889874999999 0.1809083734375
1 0.504054509375 0.213303253125 0.5005704265625 0.2129507984375 0.49750059843749994 0.2111559546875 0.49673412343749995 0.211142575 0.49515794062499996 0.21228162187500002 0.49514282343750005 0.2131477 0.4970406921875 0.21521372656249999 0.5036148109374999 0.21620339687499998 0.522522665625 0.220599234375 0.5286927109375 0.22244819218749998 0.52985958125 0.22246855937499999 0.5314241749999999 0.221337890625 0.531434353125 0.22075478906249998 0.529137346875 0.21926507343749999 0.504054509375 0.213303253125