1 0.515791015625 0.6911868125 0.494736328125 0.691655678125 0.492255859375 0.6935164828125 0.492255859375 0.6944395609375 0.494736328125 0.696300365625 0.4996875 0.696300365625 0.515791015625 0.6958388281250001 0.519501953125 0.694908425 0.5343652343749999 0.693978021875 0.538701171875 0.691655678125 0.538701171875 0.6907252749999999 0.5362207031249999 0.6888644687500001 0.5343652343749999 0.6888644687500001 0.5256933593750001 0.6902637359375 0.5188867187499999 0.6902637359375 0.515791015625 0.6911868125
0 0.4884375 0.7009450546875 0.496689453125 0.6997216125 0.5005566406249999 0.69695238125 0.501494140625 0.6951282046875 0.5009082031250001 0.6935091578125 0.49796874999999996 0.690542125 0.494248046875 0.6896043953125 0.48136718749999996 0.6912600734375001 0.478671875 0.6927326 0.47761718750000004 0.6943663 0.47662109375000006 0.6966886453125001 0.47853515625 0.69940659375 0.482734375 0.7006666671875 0.4884375 0.7009450546875
1 0.51455078125 0.35581684999999996 0.499072265625 0.37904029375000003 0.498447265625 0.3813626375 0.500927734375 0.38322344375 0.5040234375 0.38229304062499997 0.5188867187499999 0.359069596875 0.528173828125 0.3469890109375 0.5287890625 0.3446666671875 0.526318359375 0.3428058609375 0.5250781250000001 0.3428058609375 0.52322265625 0.3437362640625 0.519501953125 0.3502417578125 0.51455078125 0.35581684999999996
0 0.50734375 0.38618315000000003 0.510390625 0.3837435890625 0.510205078125 0.3809157515625 0.5083691406249999 0.377567765625 0.504609375 0.3749230765625 0.49807617187500003 0.3751941390625 0.49577148437499996 0.37624908437500004 0.49337890624999997 0.3763736265625 0.491767578125 0.3770842484375 0.49068359375000004 0.3785347984375 0.490595703125 0.3811868125 0.4943359375 0.3846886453125 0.5005859375 0.38701098906250003 0.50734375 0.38618315000000003
2 0.445205078125 0.6944395609375 0.442724609375 0.696300365625 0.442724609375 0.69723076875 0.445205078125 0.6990842484375 0.44767578124999996 0.6995531140625 0.474921875 0.6995531140625 0.48483398437499997 0.69723076875 0.4959765625 0.696300365625 0.498447265625 0.6944395609375 0.498447265625 0.6935164828125 0.4959765625 0.691655678125 0.49288085937500004 0.691655678125 0.48359375 0.69258608125 0.47430664062499994 0.694908425 0.445205078125 0.6944395609375
1 0.49288085937500004 0.6767912093749999 0.49535156249999995 0.6786520140625 0.49659179687500005 0.6786520140625 0.499072265625 0.6767912093749999 0.4996875 0.655890109375 0.500927734375 0.647523809375 0.500927734375 0.6428791203124999 0.498447265625 0.641025640625 0.497216796875 0.641025640625 0.494736328125 0.6428791203124999 0.49349609375 0.655890109375 0.49288085937500004 0.6767912093749999
1 0.498447265625 0.6396263734375001 0.497216796875 0.64195604375 0.4996875 0.6438095234375 0.5015527343749999 0.6438095234375 0.509599609375 0.641025640625 0.5337500000000001 0.634981684375 0.53994140625 0.632659340625 0.5411718750000001 0.6312674 0.5411718750000001 0.630336996875 0.538701171875 0.6284835171875 0.5374609375 0.6284835171875 0.521357421875 0.63358974375 0.50216796875 0.6382344328125 0.498447265625 0.6396263734375001
2 0.44830078125000006 0.6461318687500001 0.44333984375 0.645201465625 0.440869140625 0.6470622703125 0.440869140625 0.6479926734375 0.44333984375 0.649846153125 0.44767578124999996 0.6507765562500001 0.48544921875 0.65031501875 0.49102539062500006 0.6489230765625 0.49659179687500005 0.6466007328125001 0.5015527343749999 0.6433479859375 0.502783203125 0.6433479859375 0.50216796875 0.6428791203124999 0.503408203125 0.641025640625 0.500927734375 0.6391648359375 0.4996875 0.6391648359375 0.48978515624999996 0.6442783875 0.48483398437499997 0.6456703296875 0.44830078125000006 0.6461318687500001
1 0.479873046875 0.6131501828125 0.47740234375 0.6191941390625 0.47740234375 0.62058608125 0.479873046875 0.6224395609375 0.48111328125 0.6224395609375 0.48359375 0.62058608125 0.486689453125 0.6126886453125 0.4959765625 0.598754578125 0.498447265625 0.5917875453125 0.4959765625 0.589926740625 0.494736328125 0.589926740625 0.49164062499999994 0.5927179484375 0.48916015625 0.5992161171875 0.479873046875 0.6131501828125
1 0.49288085937500004 0.59131868125 0.49288085937500004 0.592249084375 0.49535156249999995 0.594109890625 0.497216796875 0.594109890625 0.515166015625 0.59131868125 0.52259765625 0.5894652015624999 0.54798828125 0.5862124546875 0.5504687500000001 0.5843516484375 0.5504687500000001 0.5834212453125 0.54798828125 0.581567765625 0.5461328125 0.581567765625 0.497216796875 0.5889963375 0.49535156249999995 0.5894652015624999 0.49288085937500004 0.59131868125
0 0.49732421875000005 0.5982857140625 0.49900390625 0.5974652015624999 0.5014453125 0.59477655625 0.501298828125 0.5901465203125 0.499609375 0.5886446890625 0.49577148437499996 0.587838828125 0.4923046875 0.5889157515625 0.48846679687499994 0.5891868125 0.48525390625 0.5906739921875 0.48143554687499995 0.590754578125 0.47689453125 0.5930622703124999 0.47624023437499996 0.5944322343749999 0.47648437499999996 0.5967399265625 0.47716796875 0.5981025640625 0.479228515625 0.599663003125 0.48169921875000005 0.6004688640625 0.49732421875000005 0.5982857140625
2 0.48916015625 0.43246153906250007 0.45262695312499995 0.43153113593750003 0.45015625000000004 0.43338461562499997 0.45015625000000004 0.43431501875 0.45262695312499995 0.43617582343750005 0.45634765625 0.43663736249999996 0.48978515624999996 0.43710622656250003 0.49164062499999994 0.43617582343750005 0.499072265625 0.4380293046875 0.5015527343749999 0.43617582343750005 0.503408203125 0.43292307656249995 0.503408203125 0.43153113593750003 0.500927734375 0.4296703296875 0.4996875 0.4296703296875 0.49659179687500005 0.43246153906250007 0.49288085937500004 0.43153113593750003 0.48916015625 0.43246153906250007
2 0.46563476562500006 0.5936410249999999 0.451396484375 0.5931794874999999 0.44891601562499994 0.59504029375 0.44891601562499994 0.5959633703125 0.451396484375 0.5978241765625001 0.45634765625 0.5982857140625 0.4879296875 0.5968937734375 0.49783203125000003 0.5936410249999999 0.499072265625 0.59131868125 0.49659179687500005 0.5894652015624999 0.49535156249999995 0.5894652015624999 0.4873046875 0.592249084375 0.48296875000000006 0.5927179484375 0.46563476562500006 0.5936410249999999
1 0.499072265625 0.547655678125 0.5015527343749999 0.5513699640625 0.507119140625 0.5569450546875 0.507119140625 0.5578754578125 0.5083593750000001 0.5583369968749999 0.513310546875 0.564842490625 0.51826171875 0.5685567765624999 0.521357421875 0.5727399265625001 0.521982421875 0.5722783875 0.524462890625 0.573201465625 0.52693359375 0.5713479859375 0.526318359375 0.5690256406249999 0.521982421875 0.5653113546874999 0.521982421875 0.5643809531249999 0.5170312499999999 0.5606666671875 0.502783203125 0.543479853125 0.500927734375 0.54254945 0.49783203125000003 0.5388278390625 0.497216796875 0.539296703125 0.494736328125 0.5383663000000001 0.492255859375 0.5402271062499999 0.49288085937500004 0.54254945 0.499072265625 0.547655678125
0 0.485419921875 0.4349230765625 0.487236328125 0.43789010937499995 0.491337890625 0.4404542125 0.49322265625000006 0.44090842500000005 0.497431640625 0.4404688640625 0.504443359375 0.4386373625 0.507978515625 0.4340879125 0.50865234375 0.4318754578125 0.5078125 0.4292380953125 0.505498046875 0.4272161171875 0.50341796875 0.42657142812500004 0.50095703125 0.426791209375 0.49521484375 0.4296703296875 0.49151367187500006 0.43063003593750004 0.48824218750000004 0.43073992656250004 0.486591796875 0.43141391875 0.485439453125 0.43286446874999995 0.485419921875 0.4349230765625
3 0.47740234375 0.32097435937499996 0.47801757812499995 0.3428058609375 0.47430664062499994 0.3776483515625 0.47306640624999996 0.397619046875 0.473681640625 0.4231648359375 0.4712109375 0.439890109375 0.4712109375 0.4677582421875 0.469345703125 0.4770549453125 0.468115234375 0.5736703296875 0.46563476562500006 0.5876043953125001 0.46501953125 0.5982857140625 0.46563476562500006 0.6289450546875 0.463779296875 0.6489230765625 0.463779296875 0.6554212453125 0.46501953125 0.6614652015625 0.46501953125 0.6953699640625 0.463154296875 0.72231501875 0.46624999999999994 0.7241684984375001 0.46873046875 0.7237069593750001 0.4705859375 0.72231501875 0.47244140625000003 0.6953699640625 0.47244140625000003 0.6609963375000001 0.4712109375 0.6489230765625 0.47306640624999996 0.62941391875 0.47244140625000003 0.5982857140625 0.47306640624999996 0.588065934375 0.475537109375 0.57413186875 0.47677734374999997 0.4775164828125 0.478642578125 0.46822710624999997 0.478642578125 0.439890109375 0.48111328125 0.4231648359375 0.48049804687500003 0.397619046875 0.48173828125 0.3776483515625 0.48544921875 0.343274725 0.48483398437499997 0.3214432234375 0.4879296875 0.31168498125 0.4873046875 0.2921758234375 0.48544921875 0.2907838828125 0.48296875000000006 0.29031501875 0.479873046875 0.2921758234375 0.48049804687500003 0.31122344375 0.47740234375 0.32097435937499996
1 0.49288085937500004 0.3939047625 0.4879296875 0.397157509375 0.482353515625 0.40226373593750003 0.47677734374999997 0.40505494531249997 0.47740234375 0.4055164828125 0.476162109375 0.40737728906250004 0.478642578125 0.40923076875 0.48173828125 0.40876923125 0.48359375 0.406908425 0.48916015625 0.4041245421875 0.49349609375 0.399479853125 0.499072265625 0.395296703125 0.5040234375 0.38786813124999997 0.5065039062500001 0.38229304062499997 0.5065039062500001 0.3809010984375 0.5040234375 0.37904029375000003 0.502783203125 0.37904029375000003 0.5003124999999999 0.3809010984375 0.49783203125000003 0.3869377296875 0.49288085937500004 0.3939047625
2 0.44953125 0.49005860781250005 0.45262695312499995 0.49052014687499995 0.4705859375 0.49145055 0.475537109375 0.49238095312499996 0.49040039062499996 0.49238095312499996 0.497216796875 0.49377289375 0.499072265625 0.49377289375 0.5015527343749999 0.49191941406249995 0.5003124999999999 0.4872674 0.49783203125000003 0.48541391875000006 0.49659179687500005 0.48541391875000006 0.49349609375 0.48819780156250003 0.475537109375 0.4877362640625 0.4705859375 0.4868058609375 0.44953125 0.48541391875000006 0.44706054687499996 0.4872674 0.44706054687499996 0.48819780156250003 0.44953125 0.49005860781250005
1 0.49535156249999995 0.45568498125 0.49659179687500005 0.46126007343750003 0.499072265625 0.463113553125 0.5003124999999999 0.463113553125 0.502783203125 0.46126007343750003 0.5015527343749999 0.45568498125 0.50216796875 0.4347838828125 0.4996875 0.43292307656249995 0.498447265625 0.43292307656249995 0.4959765625 0.4347838828125 0.49535156249999995 0.43895970625 0.49535156249999995 0.45568498125
1 0.497216796875 0.43246153906250007 0.4996875 0.43431501875 0.500927734375 0.43431501875 0.5083593750000001 0.43246153906250007 0.5349804687499999 0.43013919375 0.5374609375 0.42827838749999997 0.5374609375 0.42734798593749995 0.5349804687499999 0.42549450625 0.531884765625 0.42549450625 0.5040234375 0.42827838749999997 0.498447265625 0.43013919375 0.497216796875 0.43246153906250007
0 0.48671875 0.6532380953125 0.49087890625 0.6517875453124999 0.49458984375000004 0.652021978125 0.499072265625 0.6509157515624999 0.50541015625 0.6462490843750001 0.506220703125 0.6431428578125 0.5039941406249999 0.639340659375 0.5020117187500001 0.6379926734375 0.49984375 0.6376337000000001 0.49625976562499996 0.6384249078125 0.49482421875 0.6401318687499999 0.48931640625000006 0.6431428578125 0.48564453125 0.6433260078124999 0.482314453125 0.6449157515625 0.48021484374999995 0.647113553125 0.48075195312499996 0.651457875 0.48312499999999997 0.6531721609375001 0.48671875 0.6532380953125
2 0.45510742187500003 0.3813626375 0.486689453125 0.382754578125 0.49288085937500004 0.382754578125 0.49659179687500005 0.3818241765625 0.5040234375 0.38414652031249996 0.50587890625 0.38414652031249996 0.5083593750000001 0.38229304062499997 0.5083593750000001 0.3813626375 0.50587890625 0.37950183125 0.49783203125000003 0.37717948749999997 0.486689453125 0.378109890625 0.45510742187500003 0.3767179484375 0.45262695312499995 0.3785787546875 0.45262695312499995 0.37950183125 0.45510742187500003 0.3813626375
1 0.48916015625 0.33166300312499997 0.48359375 0.3363076921875 0.476162109375 0.346527471875 0.476162109375 0.34745054999999997 0.478642578125 0.3493113546875 0.48173828125 0.348380953125 0.49288085937500004 0.334908425 0.4996875 0.3311941390625 0.505263671875 0.327018315625 0.507119140625 0.32654945 0.5065039062500001 0.3260879125 0.5077441406250001 0.32422710625 0.505263671875 0.3223663 0.503408203125 0.3223663 0.49349609375 0.3288717953125 0.48916015625 0.33073260000000004 0.48916015625 0.33166300312499997
1 0.5065039062500001 0.32004395625000004 0.502783203125 0.3228351640625 0.50216796875 0.3246886453125 0.5046484375 0.32654945 0.50587890625 0.32654945 0.51021484375 0.3237655671875 0.515791015625 0.3223663 0.53931640625 0.3186520140625 0.557275390625 0.3172600734375 0.5597558593749999 0.3153992671875 0.5597558593749999 0.314476190625 0.557275390625 0.312615384375 0.553564453125 0.312615384375 0.531884765625 0.3149377296875 0.51021484375 0.3186520140625 0.5065039062500001 0.32004395625000004
0 0.512587890625 0.32504029375 0.512470703125 0.321472528125 0.5115429687499999 0.319934065625 0.5096875 0.31868131875 0.5075000000000001 0.3182344328125 0.505361328125 0.31877655625 0.503544921875 0.3201465203125 0.494560546875 0.3199487171875 0.491142578125 0.320908425 0.488876953125 0.324117215625 0.489765625 0.3272380953125 0.49294921875000003 0.328908425 0.49774414062499994 0.3287619046875 0.500126953125 0.3302197796875 0.503955078125 0.33092307656250003 0.51015625 0.3288717953125 0.512587890625 0.32504029375
2 0.456962890625 0.32422710625 0.45944335937499997 0.3260879125 0.47677734374999997 0.325619046875 0.498447265625 0.327018315625 0.5077441406250001 0.32654945 0.51021484375 0.3246886453125 0.51021484375 0.3237655671875 0.5077441406250001 0.3219047625 0.499072265625 0.3223663 0.48916015625 0.3214432234375 0.46563476562500006 0.32097435937499996 0.45944335937499997 0.3214432234375 0.456962890625 0.323296703125 0.456962890625 0.32422710625
1 0.494736328125 0.5379047625 0.494736328125 0.5388278390625 0.497216796875 0.5406886453124999 0.5003124999999999 0.5397582421875 0.5015527343749999 0.537435896875 0.51826171875 0.5248937734375 0.5256933593750001 0.5207179484375 0.52693359375 0.5207179484375 0.5349804687499999 0.5156043953125 0.5362207031249999 0.5156043953125 0.53560546875 0.5151428578125 0.536845703125 0.5132820515625001 0.5343652343749999 0.511428571875 0.533125 0.511428571875 0.515166015625 0.5207179484375 0.497216796875 0.5341831499999999 0.494736328125 0.5379047625
0 0.5000390625 0.5473626375 0.5019140625 0.5463736265625 0.5037109375 0.5442930406250001 0.50361328125 0.5381758234375 0.4998828125 0.535296703125 0.49646484375 0.5347838828125 0.492900390625 0.53586813125 0.49052734375 0.537934065625 0.484443359375 0.5381831499999999 0.48050781249999996 0.541794871875 0.48072265625000005 0.5446373624999999 0.48255859375 0.5461318687500001 0.48539062499999996 0.5473699640625 0.48947265624999997 0.5466959703125001 0.49714843750000004 0.5477802203125 0.5000390625 0.5473626375
2 0.49535156249999995 0.536974359375 0.49288085937500004 0.5388278390625 0.486689453125 0.5397582421875 0.451396484375 0.5397582421875 0.44891601562499994 0.541619046875 0.44891601562499994 0.54254945 0.451396484375 0.5444029296874999 0.45634765625 0.5448717953125 0.4873046875 0.5444029296874999 0.4959765625 0.5430109890625 0.497216796875 0.5420805859375 0.49783203125000003 0.54254945 0.49783203125000003 0.541619046875 0.5003124999999999 0.5397582421875 0.500927734375 0.537435896875 0.498447265625 0.5355824171875 0.497216796875 0.5355824171875 0.4959765625 0.53650549375 0.49535156249999995 0.53604395625 0.49535156249999995 0.536974359375
1 0.48483398437499997 0.5095677656250001 0.48173828125 0.517926740625 0.48173828125 0.5193186812499999 0.48420898437500004 0.5211794875 0.48544921875 0.5211794875 0.4879296875 0.5193186812499999 0.49164062499999994 0.5091062265625 0.500927734375 0.49191941406249995 0.500927734375 0.49098901093749997 0.498447265625 0.4891282046875 0.497216796875 0.4891282046875 0.49535156249999995 0.49005860781250005 0.49349609375 0.492842490625 0.48483398437499997 0.5095677656250001
1 0.49412109375 0.48819780156250003 0.49659179687500005 0.49005860781250005 0.49783203125000003 0.49005860781250005 0.5046484375 0.4877362640625 0.53931640625 0.483091575 0.541796875 0.48123076875 0.541796875 0.48030036562499995 0.53931640625 0.4784468859375 0.536845703125 0.4784468859375 0.5015527343749999 0.4835531140625 0.49535156249999995 0.48587545781249997 0.49412109375 0.48819780156250003
0 0.506845703125 0.4888571421875 0.506572265625 0.485018315625 0.5045703125000001 0.4826227109375 0.502822265625 0.48198534843749996 0.499892578125 0.48205860781250004 0.49605468750000004 0.48430036562499995 0.49359374999999994 0.48482783906250004 0.491943359375 0.4862124546875 0.48612304687499996 0.4863516484375 0.482568359375 0.4882564109375 0.48181640625 0.490344321875 0.483349609375 0.49364102499999996 0.486572265625 0.4953772890625 0.489111328125 0.49568498125 0.49104492187500004 0.4952674 0.49861328125000004 0.495706959375 0.5013085937499999 0.4953260078125 0.5028417968750001 0.494380953125 0.506845703125 0.4888571421875
1 0.48359375 0.710703296875 0.479873046875 0.7190622703125 0.47925781250000005 0.72277655625 0.48173828125 0.7246373625 0.48296875000000006 0.7246373625 0.48544921875 0.72277655625 0.486064453125 0.7195238093749999 0.48916015625 0.7134871796875 0.49040039062499996 0.706981684375 0.4959765625 0.6953699640625 0.4959765625 0.693978021875 0.49349609375 0.692117215625 0.492255859375 0.692117215625 0.48916015625 0.694908425 0.48420898437500004 0.7060512828125 0.48359375 0.710703296875