0 0.5852519109375 0.72979240625 0.586293059375 0.7330873812500001 0.59137403125 0.7377566328125 0.5970899796875 0.7398160546875 0.6067312828125 0.7403638453125 0.60870653125 0.7392340640625 0.61046729375 0.73636538125 0.610101759375 0.7330025484375 0.607351021875 0.7299701375 0.6069953078125 0.7267662374999999 0.602007709375 0.7237904734375 0.5955963 0.7235444109375 0.587878296875 0.7264662859375 0.5852519109375 0.72979240625
0 0.6673367234375001 0.3956437265625 0.660712540625 0.39386887187499997 0.6540876875 0.3949704328125 0.650879778125 0.396665640625 0.6497738984375 0.39849268437499996 0.649907803125 0.4018450609375 0.6523501140625 0.4052045796875 0.6563549734375 0.409082621875 0.658103015625 0.411964965625 0.6628183015625 0.414818909375 0.6659648515625001 0.4153522484375 0.6697746484375 0.4141283265625 0.6715244499999999 0.41287540468749995 0.6726531375 0.41053612343749996 0.6721650875 0.40765225000000005 0.6699703078125 0.4053811203125 0.6713704203125 0.4004443765625 0.6707368875 0.3981844578125 0.6673367234375001 0.3956437265625
1 0.6597379796875 0.40569273125 0.660228790625 0.41187323749999993 0.6555181953125 0.4416147671875 0.6580653078124999 0.44423897031250004 0.6595104265625 0.4444678546875 0.6627324171875 0.4427573890625 0.6675294703125 0.4124699859375 0.6669522015625 0.40683535156249995 0.664403740625 0.40421967968750006 0.6629586187500001 0.4039907953125 0.6597379796875 0.40569273125
0 0.6468312828125 0.5026480156249999 0.6410064906249999 0.5051790328125 0.6392709296875 0.5086987046875 0.6367755796875 0.5111974874999999 0.6370030125 0.516610590625 0.6378435546875 0.52212954375 0.641446721875 0.5255242906250001 0.6469076578124999 0.5261006921875 0.651058871875 0.5244149953125 0.6528125140625 0.5213703203125 0.6520219078125 0.51796639375 0.654804640625 0.5153470062500001 0.6558132515625 0.512219303125 0.6553395359375 0.5067409625 0.653086196875 0.503734871875 0.6507530015625 0.502779534375 0.6468312828125 0.5026480156249999
1 0.6827682796875 0.479749540625 0.6813231609375 0.47952065624999995 0.6772878140625 0.481653121875 0.6623654890624999 0.49647883281249994 0.6574316796875 0.499570640625 0.6572601140625001 0.50065385625 0.64787275 0.5085922390625 0.6459129359375 0.5116130015625 0.6484613984375 0.5142286734375 0.6522400734375 0.5137167671875 0.6815686796875 0.487323525 0.6853040125 0.48237193906250003 0.6827682796875 0.479749540625
1 0.648321796875 0.5197497656250001 0.6482047265624999 0.5158492328125 0.645656265625 0.5132335609374999 0.64421114375 0.5130046765625 0.64099050625 0.5147066125 0.6411926828125 0.5180698015625 0.6390626546875 0.5221652515625 0.62580035625 0.540576309375 0.625543684375 0.54219686875 0.6280794171874999 0.5448192671875 0.6295245359375 0.5450481515625001 0.63275790625 0.543339490625 0.63879483125 0.5332092390625001 0.6451317703125 0.5258981078125 0.648321796875 0.5197497656250001
2 0.6191492625 0.619908065625 0.6087881312500001 0.619928234375 0.57912926875 0.6157815546875 0.5346441125 0.6070745859375 0.4954792390625 0.5975490546875 0.4922585984375 0.599250990625 0.492087034375 0.6003342078125 0.4946227671875 0.6029566078124999 0.5080776671875 0.606748865625 0.5438056437500001 0.6146284 0.59702386875 0.624167728125 0.6153174453125 0.6253951890625 0.6182927921875 0.625315615625 0.6215261609375 0.6236069515625 0.621697725 0.6225237359375 0.6191492625 0.619908065625
1 0.6205300874999999 0.6345355953125 0.6270372390625 0.6261497765625 0.6244901281249999 0.6235255765625001 0.6230450078125 0.6232966921875 0.620711453125 0.6240374828124999 0.6134009734375 0.63285563125 0.61113134375 0.6424721734375 0.6145445859375 0.6629735546875 0.617638353125 0.6667859843749999 0.619083471875 0.66701486875 0.6223154906249999 0.6653147359375 0.6225735125 0.663685646875 0.6184740140625 0.6475171296875 0.6192985234374999 0.6376717015625 0.6205300874999999 0.6345355953125
1 0.6587119046875001 0.5895837875 0.657266784375 0.589354903125 0.65404479375 0.5910653671875 0.6503300453125 0.600453025 0.64578135625 0.605826609375 0.629082159375 0.6225916687499999 0.6278405671875 0.6257174453125 0.630387678125 0.6283416468749999 0.6318328 0.6285705312500001 0.6350547890625 0.6268600656250001 0.657459159375 0.6021329890625 0.661259015625 0.5922079874999999 0.6587119046875001 0.5895837875
2 0.583639790625 0.7273774953125 0.5727333515625 0.7262009078125 0.526557784375 0.7188874171874999 0.497229321875 0.7125810312499999 0.48666466093749994 0.7092465421874999 0.48343264374999995 0.7109466765625 0.48326107812499997 0.7120298921875 0.4858081890625 0.7146540921875 0.48996195625 0.7164136328125 0.5257013125000001 0.7242949671875001 0.5835001890625 0.7328985875 0.5953929 0.7325614296875 0.5986148906250001 0.7308509640625 0.5987851046875 0.7297762765625 0.596249371875 0.7271538796875 0.583639790625 0.7273774953125
2 0.6606795578125 0.3997478359375 0.658132446875 0.3971236359375 0.6477699640625 0.3971523359375 0.623965309375 0.3933820484375 0.5915877703125 0.387694384375 0.5694735296875 0.38253061875 0.5377264046875 0.37750236875 0.5325890656250001 0.3772395171875 0.5293670765625 0.3789499828125 0.5291955125000001 0.3800331984375 0.5317325937499999 0.38264706875 0.5686170578125 0.387938171875 0.5907312984375 0.393101934375 0.6231088375 0.3987895984375 0.6469134921874999 0.40255988593750003 0.657275975 0.4025311859375 0.66050799375 0.400831053125 0.6606795578125 0.3997478359375
1 0.5952532984375 0.7380825203125 0.6002735671874999 0.7344448406249999 0.60044513125 0.733361625 0.5978980203125001 0.730737421875 0.5964529 0.7305085375 0.5908859765625001 0.7329579921875 0.5882106421875 0.7358566859375 0.5852227921875001 0.745368215625 0.5808441734375 0.7823667421875 0.5808761359375 0.7868046171875 0.583423246875 0.78942881875 0.5848683671875 0.7896577031249999 0.5880903578125001 0.7879472375 0.58862623125 0.77528449375 0.5924370140625 0.7465108359375 0.5952532984375 0.7380825203125
1 0.63750093125 0.7281442796875 0.6392027234375 0.72675260625 0.6517803421874999 0.7220911125 0.6532140828124999 0.7223181953125 0.6589512203125001 0.7187940546875 0.6600225984375 0.7167429656250001 0.6574754875 0.714118765625 0.65603036875 0.71388988125 0.6346651859375 0.7227027625 0.624602715625 0.72555058125 0.6063424546875 0.728752465625 0.6023071078125 0.73088493125 0.6008733671875001 0.7306578484374999 0.6015051312499999 0.7313087328125001 0.59971688125 0.73324628125 0.6022639937500001 0.7358704828125 0.6059575609375 0.73589591875 0.6099929078125 0.7337634546875 0.63750093125 0.7281442796875
0 0.608566840625 0.6206625906250001 0.608220959375 0.6233619218750001 0.611816178125 0.6271750843749999 0.6174055078125 0.6302548953125 0.62252180625 0.6326390171875 0.630026940625 0.63304956875 0.63675098125 0.6313954093749999 0.6387244078125 0.6291724359375 0.6388503531249999 0.627198928125 0.63579726875 0.623497859375 0.6322751078125 0.6220219671875 0.6256062359375 0.6177307296875 0.6203526671875 0.6168024703125 0.61280170625 0.6175649984375 0.610962275 0.6182791296875 0.608566840625 0.6206625906250001
1 0.6613659609375 0.36271534375000003 0.6588188484375 0.36009114375 0.6573737296875 0.359862259375 0.6541517390625 0.3615727234375 0.6541180546875001 0.3804177765625 0.655434953125 0.3861695546875 0.65579889375 0.3978644265625 0.6583346234375 0.40048682500000005 0.6597797453124999 0.400715709375 0.6630131140625 0.399007046875 0.6632697859375 0.3973864875 0.66121520625 0.3776598640625 0.6616545953124999 0.3655326609375 0.6613659609375 0.36271534375000003
2 0.64539959375 0.5148541203125 0.6486329625 0.5131454578125 0.6488031765625 0.5120707703125 0.646256065625 0.5094465687499999 0.6375967234375 0.5080750640625 0.5946851375 0.5034993156249999 0.560776021875 0.4981286390625 0.54833935625 0.4972605109375 0.522286253125 0.4936936703125 0.5190542359375 0.4953938046875 0.5188826703125 0.4964770203125 0.52142978125 0.499101221875 0.548211134375 0.5027834046875 0.5606478 0.5036515328125 0.593828665625 0.508906865625 0.64539959375 0.5148541203125
3 0.5699166 0.5245207781250001 0.5651515093749999 0.5592460578125 0.5588898765625 0.5754347421875 0.552304575 0.60765969375 0.5492010046875 0.6132621625 0.5441569375 0.6684548546875 0.5392747765625 0.6992796015625 0.5330006421875 0.7249002453125 0.5337271703125 0.7482985156249999 0.5280749953125 0.7839849421875 0.5313389765625 0.7867226828125 0.5343143234375 0.786643109375 0.5367343375 0.7853564468750001 0.5391641515625001 0.7746548843750001 0.5427841359375 0.7425198390625 0.54165998125 0.72627175 0.54793411875 0.7006511078125001 0.5529013859374999 0.669289015625 0.5577738875 0.6151795390625 0.560878809375 0.6095685421875 0.567462759375 0.5773521203125 0.5737257437500001 0.5611549046875 0.5785645625 0.5258904796875 0.5822373187500001 0.5120546140625 0.5870024093749999 0.4773293359375 0.5882118125 0.460340453125 0.5947218109375 0.41923794843750006 0.5954835171874999 0.3910830109375 0.5992302296875 0.386133228125 0.6035445515625 0.36353335000000003 0.6153314875 0.317172603125 0.6214132484375 0.2787738734375 0.624559934375 0.2681858546875 0.6308132609375 0.2287039078125 0.6352032578125 0.191707184375 0.633286559375 0.189742396875 0.6304941562499999 0.188740559375 0.626543915625 0.1903356796875 0.6220674609375 0.227878275 0.6067586031250001 0.3152552265625 0.5948852109375 0.36216184375 0.5907424531250001 0.3836785078125 0.586995740625 0.3886282890625 0.58606246875 0.41786644375000004 0.5794673640625 0.45950629374999996 0.5761473953125 0.49446045625 0.5735779796875 0.510683109375 0.5699166 0.5245207781250001
2 0.681460575 0.28717404687500003 0.6792985828125 0.286831621875 0.6711108203125 0.28719601875 0.553070296875 0.2712718375 0.54984830625 0.272982303125 0.549676740625 0.27406552031250003 0.5522124734375 0.27668791718749997 0.564478925 0.2786307328125 0.6709712203125 0.2927171109375 0.6806041031250001 0.2925815984375 0.6838361203125001 0.29088146406250004 0.6840076859375 0.289798246875 0.681460575 0.28717404687500003
0 0.679242928125 0.2821014671875 0.672200078125 0.287683296875 0.6718033796875 0.2893778515625 0.6734637234374999 0.295612446875 0.6752439796874999 0.29843868906250004 0.6769350265625 0.3023437046875 0.6818237468749999 0.3046917828125 0.6869725140625 0.30444059375 0.690409453125 0.301741215625 0.6901585906250001 0.29728615625 0.6877144578125 0.2928334453125 0.6897790703125 0.2890773625 0.6898765890624999 0.2858840453125 0.68888984375 0.2843813046875 0.6849965421875 0.2816400640625 0.6823685875 0.28129378125 0.679242928125 0.2821014671875
1 0.7252287749999999 0.25364261718750003 0.725400340625 0.2525594 0.722864609375 0.24993700156249998 0.7214194890625001 0.24970811718750002 0.7190859328125 0.2504489078125 0.7053087140625001 0.2626843828125 0.683077259375 0.286319715625 0.6793305468749999 0.291269496875 0.679072525 0.2928985859375 0.6816209875 0.29551425781249996 0.68306610625 0.2957431421875 0.686286746875 0.29404120625 0.6910934578125 0.28703853281249997 0.7097624953125 0.267263040625 0.7252287749999999 0.25364261718750003
1 0.685173603125 0.30106931718749996 0.68594496875 0.296199109375 0.683407884375 0.2935852390625 0.681962765625 0.2933563546875 0.6787307453125 0.2950564890625 0.6780444875 0.2993893515625 0.6707340078125 0.308207503125 0.667287309375 0.3159764046875 0.6624805984375 0.32297907656249997 0.661067440625 0.3271880671875 0.6636159015625 0.3298037390625 0.6650610234375 0.33003262499999997 0.668293040625 0.328332490625 0.6768031234375 0.3119403578125 0.685173603125 0.30106931718749996