2 0.568944978125 0.6928876749999999 0.5301452640625001 0.70206815 0.49188508750000004 0.7081303390625 0.4775745265625 0.7092158046875 0.475551753125 0.7117093171875 0.47578521875 0.712645696875 0.48073724687499997 0.7138935734375 0.4969175453125 0.7123419296875 0.5306809484375 0.7068997046875001 0.60368930625 0.6886966765625 0.6185412375 0.6845002953125 0.6205738515625 0.682004328125 0.6203403859375001 0.6810679484375 0.6173757484375 0.6798257703125 0.568944978125 0.6928876749999999
2 0.554664034375 0.3458830515625 0.55443056875 0.344946671875 0.55146593125 0.3437044921875 0.5172671281250001 0.35272458906250004 0.49893656562500005 0.3563003234375 0.4270720078125 0.37372479062499997 0.39809591875 0.382437309375 0.38471738437499997 0.38726092031250003 0.381715525 0.3885105796875 0.3796810734375 0.390999171875 0.3799145390625 0.3919355515625 0.38288101406249997 0.393185103125 0.39926140781249997 0.387111834375 0.42823749843750003 0.37839931718750003 0.5390194203124999 0.3522662484375 0.5526314203125 0.3483790171875 0.554664034375 0.3458830515625
2 0.5606575640625 0.4496585171875 0.5576910875000001 0.448408965625 0.5558213515625 0.4488751421875 0.5416599734374999 0.455883115625 0.44732903593750006 0.47890908125 0.41254748750000003 0.48559191718749994 0.41051487499999995 0.4880878828125 0.410748340625 0.4890242640625 0.41371297812499996 0.49026644375000006 0.4484945265625 0.48358360625 0.5434552703125 0.4604006125 0.558856578125 0.453083490625 0.5608910296875 0.45059489687500004 0.5606575640625 0.4496585171875
2 0.5896337765624999 0.568558803125 0.5792589390625 0.5721401296875 0.5584386718750001 0.5763366171875 0.49916797031250004 0.5911144625 0.4764681234375 0.5957795796875 0.440591675 0.6007540578125 0.438568903125 0.6032475703125 0.43880053124999996 0.6041765765625 0.441757165625 0.605428584375 0.4553319453125 0.6040331890624999 0.487109796875 0.5985926375 0.5596041609375 0.581011140625 0.580424428125 0.5768146546875 0.5907992671875 0.5732333281249999 0.59283188125 0.5707373625 0.5926002546875 0.56980835625 0.5896337765624999 0.568558803125
0 0.549812384375 0.3416420421875 0.5419952859375 0.3427374390625 0.5392708125000001 0.3432131109375 0.5373299078125 0.34490306875 0.5356025578125 0.34921029375 0.5365796890625 0.351284765625 0.5428500359374999 0.3540051734375 0.54722429375 0.3528518984375 0.55110120625 0.352973840625 0.553180415625 0.35204820312499996 0.5562470687500001 0.3484173046875 0.5562223265624999 0.34576079375 0.5553958265625 0.34441624375 0.549812384375 0.3416420421875
0 0.567090040625 0.44908846718750006 0.564499234375 0.4485910421875 0.5629745953125 0.4460813859375 0.55845274375 0.44513348593749996 0.5513203703125 0.4479690265625 0.5489559921875 0.4494278203125 0.5469206609375 0.4536317109375 0.5475790015625 0.45530795 0.550594778125 0.4578452234375 0.5554953234375 0.4603119765625 0.5610212484375 0.4613462828125 0.5633005125 0.46088763750000006 0.5674120015625 0.45855468281249995 0.56852239375 0.4565940765625 0.568023678125 0.4537973046875 0.5685625640625 0.45071833593750005 0.567090040625 0.44908846718750006
0 0.5952371546874999 0.566801478125 0.5927127421875 0.567031484375 0.5911644093749999 0.565600640625 0.5893551296874999 0.56513546875 0.58735270625 0.5654467750000001 0.5829849281249999 0.56763218125 0.5799200265625 0.5685451453125 0.5766045453124999 0.5719326578125 0.5763936562499999 0.57402140625 0.5783666375000001 0.5771554296875 0.5821599515625 0.5779482234375 0.587272884375 0.580134909375 0.5911436390625 0.5795613921875 0.5964276859375001 0.577319825 0.6002578140625 0.5725588015625 0.6010220609375 0.56983870625 0.600005996875 0.5679853921875 0.5952371546874999 0.566801478125
0 0.62612746875 0.682311240625 0.622507828125 0.681208878125 0.6219658515625001 0.6786578328124999 0.619415715625 0.677359296875 0.6164211109375 0.67733845625 0.6123217390625 0.6791750109375 0.6092116390625 0.6797389984375 0.606142296875 0.6815145234375 0.60162485 0.683980021875 0.6004201578125 0.6861912484375 0.6013778203125 0.6887326265625 0.6059702734375 0.6912213734375 0.6086119078125 0.6912519046875001 0.6128420203125 0.6896881765625 0.6198906562500001 0.691212115625 0.6245373187500001 0.6900614046875 0.6265161781249999 0.6885655984375 0.627780359375 0.6851256703125 0.62742956875 0.683341425 0.62612746875 0.682311240625
1 0.5507906046875 0.31705812031249997 0.5588383140625 0.2961779015625 0.5586048484374999 0.295241521875 0.5556402125 0.2939993421875 0.5544002796874999 0.2943084921875 0.5518635140625 0.29742353593750004 0.5443181171875 0.31767730312500003 0.5401727609375 0.335595378125 0.5394214500000001 0.343230371875 0.5407027531249999 0.3483694 0.54366923125 0.349618953125 0.5449091625 0.34930980312500004 0.546941775 0.3468138375 0.5457762859375 0.34213931249999996 0.5481323359375 0.3276511296875 0.5507906046875 0.31705812031249997
1 0.586291459375 0.379707540625 0.5890244703125 0.380020715625 0.5910472437500001 0.3775272015625 0.5898445328124999 0.37534451406249997 0.588478946875 0.3751916140625 0.5788926390625 0.3686461109375 0.5786591734375001 0.36770973125 0.5701677640625 0.3628725828125 0.5699342984375 0.361936203125 0.5539597859375001 0.3510237546875 0.55185658125 0.35055355312500003 0.5462059953125 0.34650390937500003 0.5456920015625 0.347125440625 0.542968834375 0.3468098140625 0.5409362203125 0.34930578125 0.54213893125 0.3514884671875 0.544251975 0.351956215625 0.5575405390625 0.3600612015625 0.5658789125 0.36692568125 0.5743684828125 0.37175545625 0.5746019484375 0.3726918359375 0.5759675343749999 0.372844734375 0.5855556796875 0.3793976125 0.5857891453125 0.38033399375 0.586291459375 0.379707540625
1 0.5490341953125 0.4083638984375 0.5477844234375 0.4086755015625 0.5457616515625 0.4111690140625 0.5457145890625 0.41366330468749996 0.5478397828125 0.43547645 0.5521524640625 0.452773665625 0.555117103125 0.45401584687499996 0.5563668749999999 0.45370424375 0.558391484375 0.451218103125 0.5531938421875 0.42768845000000005 0.5524657656249999 0.41147883749999997 0.552000671875 0.40961345 0.5490341953125 0.4083638984375
1 0.559486384375 0.45292646249999996 0.557453771875 0.4554224265625 0.5576872374999999 0.45635880625 0.5755648578125 0.4722630828125 0.5925184546875 0.4844193859375 0.5958714328125 0.484577984375 0.5979040453125 0.48208201875 0.5959557156249999 0.47959185781249997 0.5791179296875 0.46790005468749996 0.5644285734375 0.45417679218749996 0.5628393625 0.45308505937500004 0.559486384375 0.45292646249999996
1 0.6086352203125001 0.5543843609375 0.6183487203125 0.54550943125 0.6197613671875 0.543168040625 0.6303753609375 0.532580625 0.6321292859375001 0.53164994375 0.63139166875 0.5313326421875 0.63216650625 0.5291581062499999 0.6292098703125 0.5279060984374999 0.627340134375 0.5283722765625 0.6035673765625 0.5526719812499999 0.601813453125 0.5536026625 0.6010306125 0.5557870234375 0.595337115625 0.5621716875 0.5908463296875001 0.5707390375 0.5910797953125 0.5716754171875 0.5940364312499999 0.5729274234374999 0.596302509375 0.5713678359375 0.5970382875 0.571677765625 0.6020430671875 0.5624888828125 0.6086352203125001 0.5543843609375
1 0.5920490390625 0.5729217249999999 0.5890924046875 0.57166971875 0.58784263125 0.571981321875 0.58553933125 0.57603274375 0.5850214874999999 0.58460411875 0.5859496609375 0.5962921062500001 0.5932466578125 0.628241803125 0.5962112937499999 0.6294839828125001 0.5974610671875 0.6291723796875 0.59949551875 0.6266837859375001 0.5921886828125 0.5947365421875 0.5913781609375001 0.5835204328125 0.59239831875 0.57432260625 0.5920490390625 0.5729217249999999
1 0.62578826875 0.6524015125 0.6255548015625 0.6514651312499999 0.6225883249999999 0.6502155796875 0.621338553125 0.6505271828125 0.61970228125 0.6519297390625 0.6181365984375 0.656298465625 0.614154115625 0.672186753125 0.6137520859375 0.681222628125 0.6142190171874999 0.6830953875 0.6171836546875 0.68433756875 0.6184235859375 0.68402841875 0.6204580375 0.681539825 0.6200753875 0.6746809375 0.6213290125 0.6664194921875 0.62578826875 0.6524015125
1 0.6317082984375 0.7000832453125 0.6275075796875 0.6912003734375001 0.6226398343749999 0.6849663687499999 0.6188199265625001 0.682935009375 0.6175701546875 0.6832466125 0.6155375421875 0.6857425796875 0.6158868203125001 0.6871434625 0.6215020250000001 0.693692315625 0.625585090625 0.7021033109375 0.6313062671874999 0.7091191218749999 0.6358679453125 0.719407796875 0.638822740625 0.7206524296875 0.6400725140625 0.7203408265625 0.642106965625 0.717852234375 0.637429475 0.7070990562499999 0.6317082984375 0.7000832453125
3 0.5726447484375 0.784822253125 0.5752991671875 0.7821790859375 0.57448295625 0.7789054421875 0.5584903046874999 0.7387002093749999 0.5433841578124999 0.6754297203124999 0.533275559375 0.6402105109375 0.5023882359375 0.5163282234375 0.4937256546875 0.48422562812500003 0.48897757343750003 0.47050628281250007 0.4733315921875 0.394464225 0.44149102500000004 0.282731184375 0.43927200624999996 0.28179648125 0.43665665000000004 0.281955184375 0.43400223125000004 0.2845983515625 0.46596045156250004 0.39680326718750003 0.46957273437499997 0.41129134531249995 0.478459240625 0.4602226328125 0.4948994421875 0.5181953890625 0.525786765625 0.6420776765625 0.535895365625 0.6772968859375 0.5510015109374999 0.740567375 0.5678103734375 0.7840462515625 0.570029390625 0.78498095625 0.5726447484375 0.784822253125