2 0.439013671875 0.698161171875 0.4544921875 0.7004835171875 0.4873046875 0.7032674 0.5597558593749999 0.7032674 0.574609375 0.7028058609375 0.5770898437499999 0.7009450546875 0.5770898437499999 0.7000146515625 0.574609375 0.698161171875 0.526318359375 0.6990842484375 0.4879296875 0.6986227109375001 0.450771484375 0.6953699640625 0.4371484375 0.69304761875 0.434677734375 0.694908425 0.434677734375 0.6958388281250001 0.439013671875 0.698161171875
2 0.422294921875 0.37068131875 0.419814453125 0.3725347984375 0.419814453125 0.3734652015625 0.422294921875 0.3753260078125 0.439013671875 0.3734652015625 0.468115234375 0.372073259375 0.5777050781249999 0.3734652015625 0.591328125 0.3730036625 0.5938085937500001 0.3711428578125 0.5938085937500001 0.37021245468749997 0.591328125 0.368358975 0.557275390625 0.36882051250000003 0.53931640625 0.367890109375 0.468115234375 0.367428571875 0.439013671875 0.36882051250000003 0.425390625 0.37021245468749997 0.422294921875 0.37068131875
2 0.428486328125 0.4686886453125 0.426005859375 0.47054945000000004 0.426005859375 0.47147985312499996 0.428486328125 0.4733333328125 0.4625390625 0.4751941390625 0.55666015625 0.475655678125 0.57275390625 0.4724029296875 0.575234375 0.47054945000000004 0.575234375 0.469619046875 0.57275390625 0.4677582421875 0.5708984375 0.4677582421875 0.55603515625 0.47101098906249994 0.4625390625 0.47054945000000004 0.428486328125 0.4686886453125
2 0.427861328125 0.5876043953125001 0.440869140625 0.5894652015624999 0.471826171875 0.5917875453125 0.54365234375 0.592249084375 0.56408203125 0.5931794874999999 0.574609375 0.592249084375 0.5770898437499999 0.590388278125 0.5770898437499999 0.5894652015624999 0.574609375 0.5876043953125001 0.56408203125 0.5885347984375 0.54365234375 0.5876043953125001 0.48483398437499997 0.5876043953125001 0.4625390625 0.5866739921875 0.427861328125 0.58295970625 0.425390625 0.5848205125 0.425390625 0.5857435890625 0.427861328125 0.5876043953125001
0 0.575654296875 0.371978021875 0.5808789062499999 0.37598534843750003 0.585234375 0.37592674062500003 0.588828125 0.3769450546875 0.590986328125 0.376564103125 0.594697265625 0.373882784375 0.59529296875 0.371391940625 0.594833984375 0.3699413921875 0.5902636718750001 0.36604395625 0.5827050781249999 0.365245421875 0.580048828125 0.3650549453125 0.577841796875 0.36618315 0.575224609375 0.3698095234375 0.575654296875 0.371978021875
0 0.56392578125 0.474930403125 0.5679296875000001 0.478380953125 0.5728515625 0.4806373625 0.575087890625 0.48073992656250003 0.57947265625 0.47951648281250003 0.5809667968750001 0.47794139218750004 0.58115234375 0.475208790625 0.582373046875 0.4724542125 0.581376953125 0.47058608125 0.579072265625 0.46951648281249997 0.578232421875 0.4668131875 0.574228515625 0.4648717953125 0.566904296875 0.46586080625 0.56435546875 0.4666739921875 0.561474609375 0.47013186874999996 0.5616992187500001 0.47185347968749997 0.56392578125 0.474930403125
0 0.5620800781249999 0.593018315625 0.565439453125 0.5946446890625 0.56970703125 0.5978827843750001 0.57345703125 0.598249084375 0.5789160156250001 0.597384615625 0.583603515625 0.5938241765625001 0.584951171875 0.591457875 0.58443359375 0.5894871796875 0.5802539062500001 0.5872674 0.577841796875 0.5868937734374999 0.5767285156249999 0.5851941390625 0.575146484375 0.5843369968750001 0.573203125 0.584161171875 0.56861328125 0.5851868125 0.565537109375 0.5853260078125 0.561650390625 0.5877216125 0.5609667968750001 0.5896263734375 0.5620800781249999 0.593018315625
0 0.561298828125 0.706161171875 0.563759765625 0.7068058609375 0.568076171875 0.7063296703125 0.5743066406249999 0.7093992671875 0.5789160156250001 0.70940659375 0.5811132812500001 0.7084688640625 0.5830957031249999 0.7055457875 0.5831835937500001 0.703794871875 0.5822070312500001 0.7025274718750001 0.57908203125 0.7006520140625 0.5791699218749999 0.69813919375 0.5770898437499999 0.6963296703124999 0.574296875 0.695611721875 0.5700390625 0.6963736265625 0.567001953125 0.6961758234375 0.563720703125 0.6971208796874999 0.5589257812499999 0.6983736265625 0.5572851562500001 0.700161171875 0.557587890625 0.7027619046875 0.561298828125 0.706161171875
1 0.582666015625 0.35813919375 0.580185546875 0.36510622656249997 0.580185546875 0.37021245468749997 0.582666015625 0.372073259375 0.5838964843750001 0.372073259375 0.586376953125 0.37021245468749997 0.586376953125 0.365567765625 0.5919531250000001 0.35256410312500003 0.596904296875 0.343274725 0.6092871093750001 0.325619046875 0.6092871093750001 0.3246886453125 0.606806640625 0.3228351640625 0.605576171875 0.3228351640625 0.6024804687499999 0.325157509375 0.590712890625 0.342344321875 0.582666015625 0.35813919375
1 0.582666015625 0.3743956046875 0.5931933593750001 0.3850769234375 0.599384765625 0.3934432234375 0.60619140625 0.3999413921875 0.60619140625 0.4008717953125 0.607431640625 0.40133333281250005 0.61486328125 0.409699634375 0.61486328125 0.4106300359375 0.615478515625 0.410161171875 0.617958984375 0.41109157500000004 0.6204296874999999 0.40923076875 0.6198144531249999 0.406908425 0.61857421875 0.4064468859375 0.6111425781250001 0.3980879125 0.6111425781250001 0.397157509375 0.6043359374999999 0.3906520140625 0.6043359374999999 0.3897216125 0.5919531250000001 0.3757875453125 0.59009765625 0.3748571421875 0.5857617187499999 0.369750915625 0.5851367187500001 0.37021245468749997 0.582666015625 0.3692820515625 0.580185546875 0.3711428578125 0.58080078125 0.3734652015625 0.582666015625 0.3743956046875
1 0.5665625000000001 0.4533626375 0.5665625000000001 0.47054945000000004 0.56904296875 0.4724029296875 0.570283203125 0.4724029296875 0.57275390625 0.47054945000000004 0.57337890625 0.4473260078125 0.5764746093750001 0.4319926734375 0.5764746093750001 0.43013919375 0.573994140625 0.42827838749999997 0.57275390625 0.42827838749999997 0.570283203125 0.43013919375 0.569658203125 0.43246153906250007 0.5665625000000001 0.4533626375
1 0.5838964843750001 0.4942417578125 0.596904296875 0.5095677656250001 0.6 0.51049816875 0.6024804687499999 0.5086373625 0.601240234375 0.5058534796874999 0.588232421875 0.49098901093749997 0.5777050781249999 0.47472527500000006 0.5764746093750001 0.4733333328125 0.57337890625 0.4724029296875 0.5708984375 0.47426373593750004 0.5708984375 0.4751941390625 0.5838964843750001 0.4942417578125
1 0.588232421875 0.57831501875 0.58142578125 0.58295970625 0.575234375 0.589926740625 0.575234375 0.5908571421875 0.5777050781249999 0.5927179484375 0.580185546875 0.5917875453125 0.58080078125 0.592249084375 0.5876171875 0.5848205125 0.5956640625 0.57877655625 0.606806640625 0.5727399265625001 0.608671875 0.5708791203125 0.6210546875 0.56345055 0.62291015625 0.5629890109375 0.622294921875 0.5625201468750001 0.623525390625 0.5606666671875 0.6210546875 0.5588058609375001 0.6191992187500001 0.5588058609375001 0.591328125 0.5759926734375 0.58947265625 0.5764542125000001 0.588232421875 0.57831501875
1 0.56470703125 0.6126886453125 0.56408203125 0.6442783875 0.5665625000000001 0.6461318687500001 0.5678027343750001 0.6461318687500001 0.570283203125 0.6442783875 0.5708984375 0.6126886453125 0.57275390625 0.6020073265625 0.575849609375 0.5936410249999999 0.575849609375 0.592249084375 0.57337890625 0.590388278125 0.572138671875 0.590388278125 0.56904296875 0.5936410249999999 0.5665625000000001 0.6015384609375001 0.56470703125 0.6126886453125
1 0.57337890625 0.6902637359375 0.5708984375 0.6986227109375001 0.5708984375 0.7004835171875 0.57337890625 0.702336996875 0.574609375 0.702336996875 0.5770898437499999 0.7004835171875 0.578330078125 0.693978021875 0.58142578125 0.686542125 0.588857421875 0.6744688640625001 0.588857421875 0.6735384609375 0.586376953125 0.67167765625 0.5851367187500001 0.67167765625 0.58328125 0.672608059375 0.58080078125 0.6763296703125 0.57337890625 0.6902637359375
1 0.575234375 0.7120952375 0.5770898437499999 0.7209157515625 0.58080078125 0.7288131875 0.582666015625 0.73950183125 0.5851367187500001 0.7413553109375 0.586376953125 0.7413553109375 0.588857421875 0.73950183125 0.5869921875 0.7283516484375 0.58328125 0.7204542125 0.58142578125 0.7111648359375 0.578330078125 0.7041978015625 0.575234375 0.70140659375 0.573994140625 0.70140659375 0.571513671875 0.7032674 0.571513671875 0.704659340625 0.575234375 0.7120952375
3 0.499072265625 0.4124835171875 0.4959765625 0.46032967031250005 0.49783203125000003 0.5183956046875 0.49783203125000003 0.6414871796875 0.499072265625 0.6767912093749999 0.498447265625 0.73950183125 0.5040234375 0.7840952375 0.50587890625 0.7854871796875 0.5083593750000001 0.7859487171875 0.511455078125 0.7840952375 0.511455078125 0.780842490625 0.50587890625 0.73950183125 0.5065039062500001 0.6767912093749999 0.505263671875 0.6414871796875 0.505263671875 0.5183956046875 0.5046484375 0.486344321875 0.503408203125 0.4724029296875 0.5065039062500001 0.397619046875 0.502783203125 0.2856703296875 0.500927734375 0.2842783875 0.498447265625 0.28381685 0.49535156249999995 0.2856703296875 0.499072265625 0.3980879125 0.499072265625 0.4124835171875