1 0.339587390625 0.626265325 0.3388344671875 0.6260915 0.3370810203125 0.6268668468749999 0.3319410078125 0.6508482359375 0.324359084375 0.6665642125 0.32410041093749997 0.6676846546874999 0.3253365078125 0.66915019375 0.32608943125 0.6693240203124999 0.32785395 0.668551228125 0.3314257828125 0.6598995859375 0.3356183265625 0.6519944375 0.3408234875 0.6277308640625 0.339587390625 0.626265325
1 0.307214303125 0.6193858624999999 0.332402696875 0.6249038359375 0.3365742640625 0.6273443046875 0.337703646875 0.62760504375 0.3394570953125 0.626829696875 0.339587390625 0.626265325 0.3383532078125 0.6247914875 0.3337941078125 0.6222615499999999 0.3154250171875 0.6180207109375 0.307487403125 0.61648539375 0.2955375734375 0.615203946875 0.27816757187499996 0.6117882171875 0.2758436578125 0.611548925 0.274090209375 0.6123242734375001 0.27395991406250003 0.6128886437500001 0.275194096875 0.6143624812499999 0.27745286406249997 0.6148839578125 0.283196859375 0.6156156125 0.2952644734375 0.618104415625 0.307214303125 0.6193858624999999
1 0.31524753125 0.5863076734375 0.31598938125 0.58647894375 0.3410321578125 0.5789378046875 0.34178508124999996 0.5791116296875 0.34229183750000003 0.578634171875 0.3480594140625 0.5775966546875 0.347746184375 0.57723585625 0.3487596984375 0.5762809390625 0.3475125265625 0.574812846875 0.3467706765625 0.5746415765624999 0.3400566515625 0.5763435234375 0.3393037296875 0.5761696984375 0.3142609515625 0.5837108390625 0.3135080296875 0.5835370125 0.3030371125 0.5861549703125 0.2870481359375 0.5886791453125 0.2859824625 0.589910503125 0.2872185625 0.5913760421875 0.2879714828125 0.5915498671874999 0.3031423890625 0.589134053125 0.31524753125 0.5863076734375
1 0.343220153125 0.5489510453124999 0.3404503828125 0.535286096875 0.339032578125 0.52430234375 0.33779647968750004 0.5228368062500001 0.33704355625 0.5226629796875 0.3352901109375 0.5234383265625 0.33509466718750003 0.524284884375 0.338373321875 0.5442828375000001 0.3418308671875 0.5584037953125 0.3459143921875 0.57148036875 0.346900971875 0.5740772046875 0.34864191093749997 0.575073584375 0.3503972734375 0.5742899375 0.35035570625 0.572802953125 0.3454574640625 0.5580521578125001 0.343220153125 0.5489510453124999
1 0.36138673906249996 0.5250223015625 0.36151511875 0.52446623125 0.3602698640625 0.5229898359375 0.3595169421875 0.5228160109375 0.3503597796875 0.5248455937500001 0.32673199375 0.527975278125 0.30601061875 0.5288211828125 0.3043763953125 0.5290296031249999 0.3032977328125 0.5302667046875 0.304544903125 0.5317347984375 0.305663215625 0.5319929812499999 0.3256408234375 0.53098410625 0.35252981875 0.5274184265625 0.35793200468749997 0.5262965546875 0.36138673906249996 0.5250223015625
1 0.361827659375 0.51624228125 0.3600591 0.5102129078125001 0.357001596875 0.49440969375000005 0.35563643125 0.48491547968750004 0.353865059375 0.4634908953125 0.3535011078125 0.46163225468749997 0.35226692656249997 0.46015841718750006 0.35151400312500003 0.4599845921875 0.349758640625 0.46076823906250003 0.3495651140625 0.4616064953125 0.3509954265625 0.47081852343749997 0.3527030859375 0.4907510109375 0.3560053203125 0.50897979375 0.3581248453125 0.51687355 0.358411140625 0.5207861015625 0.3596472375 0.5222516390624999 0.36040015937500003 0.5224254640625 0.3621646796875 0.521652675 0.361827659375 0.51624228125
1 0.3265523828125 0.489451778125 0.3284887640625 0.4896016 0.3289955203125 0.4891241421875 0.3390229125 0.4867097578125 0.3397758359375 0.486883584375 0.3550263125 0.48240555625 0.3557792359375 0.48257938281249996 0.356284075 0.4821102234375 0.3708323546875 0.47895621093749996 0.3760424515625 0.4768983109375 0.3789252828125 0.47638370312499995 0.37861396875 0.47601460468749995 0.37962748281250003 0.47505968750000005 0.37839138437500003 0.47359415 0.377262 0.4733334125 0.367844246875 0.47649173749999996 0.354048890625 0.47981957499999994 0.35329596875 0.47964575 0.33804740624999996 0.48411547656250004 0.337294484375 0.4839416515625 0.3367877265625 0.4844191109375 0.32676033437499996 0.48683349531250003 0.3260074125 0.48665966875000005 0.3263187265625 0.48702876718750004 0.3253052125 0.4879836828125 0.3265523828125 0.489451778125
1 0.37241235625 0.4532699921875 0.37151238124999997 0.4418113359375 0.3702652109375 0.44034324218750004 0.3695233609375 0.4401719734375 0.3677588421875 0.44094476250000003 0.3675633984375 0.4417913203125 0.3683564515625 0.4452264125 0.368722528125 0.453895515625 0.37016535 0.46133581875 0.373792634375 0.4695689265625 0.375533571875 0.47056530468749996 0.37728701875000004 0.469789959375 0.3774173140625 0.4692255875 0.37403811249999996 0.4616354625 0.37241235625 0.4532699921875
1 0.3973781640625 0.45636751093749994 0.3962334609375 0.4424832875 0.39442477187499997 0.433192646875 0.394437071875 0.42460215625000003 0.3932009734375 0.4231366171875 0.3924480515625 0.4229627921875 0.3906835328125 0.423735584375 0.3904229421875 0.42486432656249995 0.3906190734375 0.432602515625 0.392414775 0.4418989 0.393677265625 0.4569904796875 0.395849428125 0.4663737765625 0.3973427640625 0.4684931546875 0.3980846125 0.4686644234375 0.3998491328125 0.4678916328125 0.400044575 0.46704507656249994 0.3973781640625 0.45636751093749994
1 0.3572227765625 0.44384490468750004 0.3627836296875 0.4368326265625 0.370224871875 0.43026320937499996 0.3747563515625 0.42776015625 0.3832908875 0.4249923765625 0.3897462390625 0.42441087031249997 0.3908119109375 0.42317951249999997 0.3895777296875 0.421705675 0.38882480625000004 0.42153184843749997 0.3820040671875 0.42202899687500006 0.38105570312500003 0.422701728125 0.371326634375 0.4254909546875 0.3711982546875 0.4260470265625 0.36761322500000004 0.4278856484375 0.35650929531250003 0.4383476 0.3536646796875 0.4421317765625 0.35346923750000003 0.4429783328125 0.3547053359375 0.444443871875 0.35545825781249996 0.44461769687499997 0.3572227765625 0.44384490468750004
1 0.35838810312499997 0.4148022078125 0.3784134140625 0.3930772 0.380955871875 0.3889347796875 0.39024264375 0.377756078125 0.3960732421875 0.3696259140625 0.3962667703125 0.36878765625 0.395021515625 0.3673112625 0.3942796671875 0.36713999375 0.39251323125000004 0.367921084375 0.38548857812500004 0.3778386796875 0.37904642499999996 0.3852332046875 0.3726458375 0.394114715625 0.35319242968750003 0.41508008125 0.347332771875 0.4199515359375 0.3472043921875 0.42050760625 0.3484385734375 0.42198144531250004 0.350451175 0.4218516375 0.35138846875 0.4211763515625 0.35838810312499997 0.4148022078125
1 0.4082586765625 0.3185625484375 0.407505753125 0.318388721875 0.405750390625 0.31917236718750003 0.3999516609375 0.3459564578125 0.3950319 0.35872907187499997 0.3937979265625 0.364073996875 0.395045096875 0.3655420921875 0.395786946875 0.3657133625 0.3975514671875 0.3649405703125 0.39878543906249997 0.3595956453125 0.4037052015625 0.3468230296875 0.4094928578125 0.320036384375 0.4082586765625 0.3185625484375
1 0.39136921406249997 0.36262160625 0.3918108234375 0.362426334375 0.38621106875 0.35758429999999997 0.383441984375 0.3525041 0.38142725781250003 0.3458234421875 0.382362428125 0.338337690625 0.3856195953125 0.33109953124999997 0.391828090625 0.3212819953125 0.39202161874999997 0.3204437390625 0.3907874359375 0.3189699015625 0.39003451562499997 0.31879607499999996 0.3877091640625 0.320331065625 0.3811657703125 0.33154867499999996 0.3786199609375 0.3374736734375 0.377608571875 0.3452390546875 0.37913096562500004 0.3506171453125 0.382756334375 0.35885855312500003 0.3877334609375 0.362962390625 0.3882909421875 0.36398277343749996 0.39009702812499997 0.3646969671875 0.3918634609375 0.363915875 0.39136921406249997 0.36262160625
1 0.38683633125 0.312139421875 0.36945244375 0.293325925 0.367036240625 0.2901018078125 0.3595256015625 0.28333248125 0.35163802187500004 0.27471025781249997 0.3424912421875 0.26815764999999997 0.3389982921875 0.26616233437500003 0.3372429296875 0.26694598125 0.3376609578125 0.2685198796875 0.349184290625 0.27680132031250004 0.355135009375 0.2835077359375 0.35619924531249997 0.2840506625 0.36489190625 0.2925702671875 0.388720759375 0.31938445 0.3904616984375 0.320380828125 0.39221706093750003 0.31959718125 0.39209927499999997 0.3183898265625 0.38683633125 0.312139421875
0 0.3070759375 0.760116684375 0.307082659375 0.7640783359375 0.30970268437500004 0.76884438125 0.3154526734375 0.7706614203125 0.3180727359375 0.7697189843750001 0.3224152859375 0.7652053765625 0.323057946875 0.7595928046875 0.3206485609375 0.7564401968750001 0.3167881015625 0.7546222953124999 0.3142757359375 0.75413843125 0.3113835453125 0.754895653125 0.3070759375 0.760116684375
0 0.3213717625 0.7107731546875 0.319037625 0.7104266 0.31659321406249996 0.7109112953125 0.31525605625 0.7121062031250001 0.3134062578125 0.71632985625 0.3128666 0.7201828515625001 0.3143469625 0.7227625578125 0.3192109703125 0.7250831484375 0.32392223593749997 0.7250343765625 0.32675564375 0.7237740359375 0.32794842343749997 0.722143665625 0.3280228625 0.7193459468750001 0.3234763921875 0.7120633046875 0.3213717625 0.7107731546875
0 0.3280394296875 0.6691622765624999 0.32608969062500004 0.6708888875000001 0.32483714375 0.674647234375 0.32810976875 0.67850616875 0.3337392078125 0.6792288578125001 0.33725896718750004 0.68065339375 0.34057809687499996 0.68037064375 0.3423679484375 0.6794376046874999 0.34574376875 0.680828909375 0.34881419999999996 0.6806635796875 0.3523217109375 0.678352478125 0.3530191859375 0.67578601875 0.35213354531249996 0.6735097109375 0.3470591203125 0.6697767984375 0.34340798281249996 0.668365640625 0.330783628125 0.66818730625 0.3280394296875 0.6691622765624999
0 0.34266633125 0.6188898578125 0.337600940625 0.6181487765625 0.332295228125 0.6199136000000001 0.3310397109375 0.624038421875 0.3321517421875 0.6278094171874999 0.3341580359375 0.630283253125 0.33751728124999997 0.632807184375 0.3415346265625 0.633288821875 0.3438276359375 0.6325506234375 0.345632996875 0.6303885499999999 0.34939434999999996 0.6291501187499999 0.3503447796875 0.6263972828125 0.345835403125 0.6204694640625 0.34266633125 0.6188898578125
0 0.3466207578125 0.5810497765625 0.3495566375 0.5815177703125001 0.3523491640625 0.5802829593750001 0.35600414687500004 0.5821321015625001 0.35998740156250003 0.581801609375 0.3619801546875 0.5802422859374999 0.362263684375 0.5771956109375 0.35624928125 0.569906265625 0.3532420265625 0.567979371875 0.351106971875 0.5674777140625 0.3435693734375 0.5704232031250001 0.342004828125 0.5722999375 0.3413682703125 0.575562334375 0.3428450328125 0.5788143390625 0.3466207578125 0.5810497765625
0 0.3737158203125 0.520114590625 0.3716111625 0.5179152703125001 0.3665516546875 0.5146228984375 0.36393197499999996 0.514149228125 0.3605617546875 0.5148048296875001 0.3565953484375 0.5160221468749999 0.35413290000000003 0.518504584375 0.353763859375 0.524346421875 0.3546944203125 0.52632713125 0.35763610468749996 0.5285885640625 0.3604665984375 0.5295130359375 0.3629714890625 0.5293220437499999 0.364985540625 0.5278725390625 0.369349771875 0.5291248765625001 0.3722649703125 0.52872264375 0.3754504625 0.5241691953125 0.3737158203125 0.520114590625
0 0.37469272343750004 0.46390214375000005 0.37004481562499997 0.46776828593750003 0.3688733609375 0.47041764218750004 0.3685468578125 0.474660784375 0.37124204843749997 0.47950537656250003 0.378350109375 0.48165343437499997 0.38105875 0.48073145000000006 0.38394489374999996 0.47707050625 0.38728546875 0.47482576718749997 0.388210140625 0.4722855328125 0.383119384375 0.46372329843750004 0.379777221875 0.4627418921875 0.37469272343750004 0.46390214375000005
2 0.4086590375 0.585371659375 0.42124400156249997 0.5856195765625001 0.4236871390625 0.585291940625 0.42463550625 0.5846192109375 0.424763884375 0.5840631390625 0.42351863125 0.5825867453125 0.42240031875 0.5823285625 0.4191391109375 0.5827645578125 0.413632125 0.58267333125 0.399239159375 0.581719521875 0.3595294203125 0.5758038078125 0.349096028125 0.573106584375 0.347331509375 0.5738793765625 0.3472012140625 0.574443746875 0.34844838437500003 0.5759118421875 0.358879859375 0.5786173640625 0.396278671875 0.584288040625 0.4086590375 0.585371659375
2 0.4036444140625 0.531823478125 0.4278337203125 0.536516340625 0.430523025 0.5368399890625 0.43810775937499996 0.5365192234375 0.4398612046875 0.5357438765625 0.4399915 0.5351795046875 0.43875540312499994 0.5337139671875 0.4376260203125 0.533453228125 0.43042881875 0.5338634640625 0.42429920625 0.5330340421875001 0.403917515625 0.5289230093749999 0.3788704875 0.522843221875 0.362294975 0.521088303125 0.36052853906250004 0.5218693937500001 0.36040015937500003 0.5224254640625 0.3616454140625 0.523901859375 0.3631401875 0.5242469546875 0.378586315625 0.525741134375 0.4036444140625 0.531823478125
2 0.39951492499999997 0.4778764515625 0.41307731406250003 0.48071035 0.4325231484375 0.48372238593750005 0.4448494375 0.4850907453125 0.44973379687500004 0.4844437734375 0.45193076874999993 0.4834648546875 0.45205914687500004 0.4829087828125 0.450824965625 0.4814349453125 0.4500720453125 0.4812611203125 0.4435515453125 0.48212481093750004 0.4137249578125 0.4779050921875 0.40053903125 0.47515810937499997 0.3864191640625 0.47130382812500005 0.3782478921875 0.46734549999999997 0.37712958125 0.46708731875 0.3753650625 0.467860109375 0.3752347671875 0.4684244796875 0.3764800203125 0.469900875 0.3853931421875 0.4740304703125 0.39951492499999997 0.4778764515625
2 0.43525261249999997 0.432547778125 0.449944384375 0.435642415625 0.45814067343750003 0.43605728906249996 0.45989412031250004 0.4352819421875 0.46002441562499996 0.4347175703125 0.458790234375 0.43324373281249995 0.45766085156249997 0.43298299374999993 0.4502155671875 0.43275024531249995 0.43590025781249997 0.429742521875 0.4213262734375 0.427855240625 0.40357980937500004 0.4243526 0.38752356093749996 0.420348496875 0.3857590421875 0.4211212875 0.38562874687500004 0.421685659375 0.3868759171875 0.423153753125 0.4033086265625 0.42724476874999995 0.420678628125 0.430660496875 0.43525261249999997 0.432547778125
2 0.4673379984375 0.38252945 0.478600053125 0.3833548859375 0.4803664890625 0.3825737953125 0.48049486718749995 0.3820177234375 0.47924961406250005 0.3805413296875 0.47812022968749995 0.380280590625 0.46798755937500003 0.37971589375 0.4244952234375 0.369674896875 0.41874015625 0.3689406859375 0.3933055953125 0.3627714296875 0.3915502328125 0.3635550765625 0.391421853125 0.36411114843750003 0.39265603437499996 0.3655849859375 0.409841665625 0.3698498265625 0.41809059531250004 0.37175424218750003 0.42384566250000005 0.372488453125 0.4673379984375 0.38252945
3 0.36641422343749996 0.69995533125 0.36222380468750004 0.7146709421875 0.360994559375 0.7354027796875 0.3573111046875 0.7564596953125 0.35607713125 0.761804621875 0.3497950171875 0.7804782343750001 0.34738375 0.7994597921875 0.348317690625 0.8005670859375 0.349747315625 0.80119436875 0.3518902109375 0.800500190625 0.3543555546875 0.781233890625 0.36058359218749997 0.7628450203125 0.361817565625 0.7575000937499999 0.3654899484375 0.736440621875 0.36671919375 0.7157087843750001 0.37084638281250004 0.701267059375 0.377204028125 0.6737290703125 0.37944678593750003 0.6520423171874999 0.386323696875 0.62225514375 0.39135912031250003 0.60387941875 0.3926284953125 0.58640885 0.4177641046875 0.47409947187499996 0.4278571578125 0.418409359375 0.44327123906250004 0.33967132968749997 0.4452283890625 0.322656771875 0.45217044843750004 0.2925874125 0.45123650781249997 0.2914801171875 0.4498049671875 0.2908611359375 0.4476639859375 0.2915470140625 0.44065677968749994 0.3218985578125 0.43877585156250004 0.3386334875 0.42336176718749996 0.4173715171875 0.4132687171875 0.4730616296875 0.3880568859375 0.5856506359375 0.38678751093749997 0.6031212078125 0.3818283078125 0.6212173015625 0.3748862484375 0.651286659375 0.372643490625 0.6729734125 0.36641422343749996 0.69995533125
2 0.3977563515625 0.6873557625 0.409901625 0.687790653125 0.41165698749999996 0.68700700625 0.411785365625 0.686450934375 0.41055118437499993 0.684977096875 0.40942180156249997 0.6847163593750001 0.39802945312500004 0.6844552937499999 0.38283092500000004 0.681838115625 0.36846345625 0.679106834375 0.3389732 0.6717127625 0.33720868125000003 0.6724855515625 0.3370783859375 0.6730499234375 0.33832555625 0.6745180171875 0.3561878875 0.6792363156250001 0.36781389531249997 0.681920390625 0.393937665625 0.686771375 0.3977563515625 0.6873557625
2 0.3901439640625 0.7374030578124999 0.39484586875 0.7375969015625 0.396599315625 0.736821553125 0.3967296109375 0.7362571828125 0.3954954296875 0.7347833453125 0.394366046875 0.73452260625 0.39042813593750003 0.7345051453125 0.3854800671875 0.7336600203125 0.3456761203125 0.72476778125 0.33568625625 0.7218669859375 0.3236837875 0.7190959984374999 0.3161226328125 0.7176475953125 0.31435811406249997 0.7184203859375 0.31422781875 0.7189847578124999 0.31547307343750003 0.72046115 0.38483050625000004 0.736473575 0.3901439640625 0.7374030578124999
2 0.3852423375 0.77919436875 0.3763582734375 0.778323484375 0.3649784328125 0.7762906921875 0.344050334375 0.771161834375 0.3226931359375 0.764456521875 0.312715778125 0.759784 0.310951259375 0.7605567921875 0.31082096406250004 0.7611211625000001 0.3120662171875 0.76259755625 0.32166903125 0.7671748640625 0.3430243125 0.7738884765625 0.3722664875 0.780639565625 0.38302369999999997 0.781934159375 0.3845946921875 0.781999625 0.3863481390625 0.7812242781250001 0.38647843437499996 0.7806599078125 0.3852423375 0.77919436875
0 0.4046403359375 0.3242836453125 0.4088481984375 0.32292975 0.41041231875 0.32110536875 0.4097847359375 0.318469028125 0.4060142921875 0.314897290625 0.399212028125 0.3137989296875 0.393226109375 0.31189245625 0.3906600953125 0.31164097968750004 0.387274134375 0.312869915625 0.38378265312500004 0.31708171875 0.38315337656250004 0.321727025 0.38597479687499997 0.3253681453125 0.388229965625 0.3265619203125 0.394856096875 0.3263520375 0.396546928125 0.3250901703125 0.397137965625 0.3233383609375 0.398880778125 0.3229626875 0.402032165625 0.3242147609375 0.4046403359375 0.3242836453125
0 0.40103557187499994 0.36323600312500004 0.396439325 0.35753290312499997 0.3939058703125 0.35668574999999997 0.3901847265625 0.356840721875 0.3881817203125 0.357383615625 0.3867583375 0.35895200312500003 0.386091834375 0.3647688765625 0.38671858124999997 0.367964509375 0.39034808125 0.3720457078125 0.3943060703125 0.37414838437500003 0.3972692 0.3744478328125 0.39934011875 0.373509746875 0.40065489843749996 0.371654028125 0.40020915468749996 0.3689372796875 0.4016482640625 0.36634097187500003 0.40103557187499994 0.36323600312500004
2 0.3809748359375 0.6334513046875 0.40700631718749997 0.635317465625 0.4142561578125 0.6363967703125 0.4202047515625 0.6362927218750001 0.42277626875 0.635409015625 0.42290656406249993 0.6348446437499999 0.42167238281249997 0.6333708062500001 0.4205429984375 0.6331100671875001 0.4141508796875 0.6334176874999999 0.3929515984375 0.6311809984375001 0.38124793437500004 0.6305508359374999 0.3531747953125 0.6255557703125 0.3394313890625 0.6217884031249999 0.33767794218749997 0.6225637500000001 0.337547646875 0.623128121875 0.338781828125 0.624601959375 0.3457840671875 0.6268042640625 0.360464765625 0.62989634375 0.3809748359375 0.6334513046875
2 0.4859662765625 0.3326563046875 0.487719721875 0.33188095781250004 0.48785001718750004 0.3313165859375 0.4866158359375 0.3298427484375 0.4758059828125 0.3270586140625 0.4434112328125 0.32194002187500004 0.4137656625 0.3186537734375 0.3931252953125 0.3156631828125 0.3911889171875 0.3155133609375 0.38943546875 0.31628870781249996 0.38930517343750004 0.31685307812499997 0.390541271875 0.3183186171875 0.392412503125 0.31875062656250003 0.446203896875 0.3252510515625 0.4751583375 0.3298638703125 0.4859662765625 0.3326563046875
0 0.395689809375 0.42013575625 0.39449579687499997 0.41621470625 0.3930114265625 0.4148142375 0.389877925 0.41363623125000004 0.3852305359375 0.41355987812499995 0.38276931875 0.4145215015625 0.38181821562499996 0.4162164078125 0.381809403125 0.420497925 0.3832629953125 0.4250121625 0.38513322968749997 0.427620684375 0.386932090625 0.42877030625 0.39215825625 0.4299768609375 0.3961796265625 0.42973384843750007 0.39795712031249997 0.4285007296875 0.399094071875 0.4255461796875 0.398182425 0.422372190625 0.395689809375 0.42013575625
1 0.3009844609375 0.8088803671875 0.30372571718749997 0.8021088093750001 0.30778988125 0.794759734375 0.313046453125 0.7805787468750001 0.3160442578125 0.7658762828125 0.3160567671875 0.7641045562500001 0.3148206671875 0.7626390187500001 0.314067746875 0.76246519375 0.3123032265625 0.763237984375 0.311952471875 0.768192365625 0.3092929140625 0.779712175 0.3059020984375 0.7892972890625 0.3032168359375 0.795775803125 0.2968544609375 0.8079268828125 0.2965957875 0.8090473234375001 0.297841040625 0.8105237171875 0.2985828921875 0.8106949875 0.3003493265625 0.8099138968749999 0.3009844609375 0.8088803671875
1 0.3141980421875 0.7619008218750001 0.3143283375 0.7613364515625001 0.3124044640625 0.7594149015625 0.3031689578125 0.7549136515625 0.29125521718749997 0.7500913078125 0.275081184375 0.7448798484375 0.2623368671875 0.741937590625 0.256958259375 0.74129029375 0.255193740625 0.742063084375 0.25506344531249997 0.7426274546875 0.2563106140625 0.74409555 0.261689221875 0.744742846875 0.2744335390625 0.7476851046874999 0.28804664999999996 0.7520168421875 0.3007133109375 0.7570130125000001 0.3113132953125 0.7624237296875 0.31243160625 0.7626819125 0.3141980421875 0.7619008218750001
1 0.2974922328125 0.760710275 0.297803546875 0.7610793734375 0.2979338421875 0.760515003125 0.3042858328125 0.7569461171875 0.31272759843750003 0.749427528125 0.31823437656250003 0.7426999890625 0.32078934375 0.73678584375 0.32297311875 0.7289939046875 0.3234251125 0.7202164421874999 0.322189015625 0.718750903125 0.32143609375 0.7185770765624999 0.3196715734375 0.71934986875 0.31916550625 0.7284120734374999 0.31710095312500003 0.7356370859375 0.3146092171875 0.7412773453125 0.309622184375 0.7475216828125 0.3065835609375 0.75037813125 0.30167418437500004 0.7545685546875001 0.2953221953125 0.7581374421875 0.2946219109375 0.7594531578125 0.29585609218750003 0.7609269953125 0.2974922328125 0.760710275
1 0.3260742859375 0.717278821875 0.3383623609375 0.715377615625 0.3472082109375 0.7129789328125 0.34921889687499996 0.7128574265625 0.3505977984375 0.7119868671875 0.3581950421875 0.7098943734375001 0.3634683703125 0.7075625875 0.3646629015625 0.7075411421875 0.365363184375 0.706225428125 0.36411793124999997 0.7047490328125 0.363365009375 0.7045752078125 0.36218154999999996 0.7045992109375 0.359910275 0.705849459375 0.347921003125 0.7098914921875 0.33663393125 0.712609509375 0.3292412890625 0.7138663015625 0.3196550234375 0.7143194296875001 0.3178905046875 0.715092221875 0.317760209375 0.7156565921875 0.31900737968750004 0.7171246874999999 0.32012569062499996 0.7173828703125 0.3260742859375 0.717278821875
1 0.2930792921875 0.663486384375 0.27247693125 0.6569465984375 0.2707104953125 0.6577276890625 0.27058020156249996 0.658292059375 0.2718273703125 0.6597601546874999 0.292431646875 0.666291640625 0.3050567421875 0.669800825 0.3309869859375 0.6754900687500001 0.3327404328125 0.674714721875 0.33287072812499996 0.67415035 0.331636546875 0.6726765125 0.30570630312499997 0.6669872703124999 0.2930792921875 0.663486384375
1 0.3527213640625 0.636107515625 0.35147611093750003 0.634631121875 0.3507231890625 0.634457296875 0.34896782656249997 0.6352409437500001 0.34530918125 0.64593564375 0.33828473593749997 0.662672003125 0.33233683125 0.6713607968749999 0.3321413875 0.6722073546875 0.33337748437500003 0.6736728921874999 0.33413040625 0.67384671875 0.335883853125 0.6730713703125 0.342738559375 0.6622228609375 0.3523323953125 0.6377923296875 0.3527213640625 0.636107515625