1 0.5390110484374999 0.6853635437500001 0.5418387171875 0.676624809375 0.550933415625 0.6614999203124999 0.550556653125 0.659988803125 0.5473565328125 0.658640978125 0.5460083109375 0.658977128125 0.5449225421875 0.66032069375 0.5441181953124999 0.6599890359375 0.5438261546875001 0.6616669046875 0.5399931203125 0.6663733453125 0.5324456796875 0.6848547703125 0.5309662328125 0.69325735625 0.5313449796875 0.6947764265624999 0.5345431140625 0.696116296875 0.535880721875 0.6957827937500001 0.5380754765625 0.693098325 0.5390110484374999 0.6853635437500001
1 0.5665191828125 0.732603765625 0.5633761796875 0.719997871875 0.5635815140625 0.71512306875 0.5618714578125 0.7053700109375 0.56360274375 0.6979774875 0.5632259796875 0.6964663718749999 0.5600258609375001 0.6951185468750001 0.5586776375 0.695454696875 0.55649548125 0.6981444734375 0.5548911078125001 0.7060460046875 0.5568510171875001 0.7168011703125 0.5566456828125 0.7216759734375 0.5599136109375 0.7347829203125 0.5635157671875 0.743532021875 0.5669255359375 0.7485698843749999 0.5701150375 0.7499203546875 0.5714632609375 0.74958420625 0.5736560328125 0.7468917828125 0.5665191828125 0.732603765625
1 0.5161065781249999 0.5218171 0.5045971312499999 0.504327884375 0.5001926140624999 0.49525508125 0.49544325312500004 0.49054276718749995 0.4918155515625 0.49037440312499997 0.48963339687499996 0.49306417968750005 0.49001016093749994 0.4945752953125 0.49370135312499996 0.4979379375 0.49916403750000005 0.5083604140625 0.5095010078125 0.52399625625 0.5133636312500001 0.5337448203124999 0.516553134375 0.5350952906249999 0.51790135625 0.5347591421875 0.5200941296875 0.53206671875 0.5187120015625 0.5265233078125 0.5161065781249999 0.5218171
0 0.5196490078125 0.5261207328124999 0.51521235 0.5278182515625 0.511237165625 0.5305073546875 0.5101383140625 0.5323863828125 0.5105174015625 0.534268615625 0.509968334375 0.5370411828125 0.5126556812499999 0.5406287671875 0.516352546875 0.5413458796875 0.5204401390625 0.540554815625 0.522708825 0.5390261375 0.5243971796875 0.5358934859375 0.5268411875 0.5348870875 0.528679646875 0.5330348453125 0.5295229765625 0.52832198125 0.5281266234374999 0.5268369890625 0.52506216875 0.5258523796875 0.5196490078125 0.5261207328124999
2 0.52185931875 0.53055375625 0.5186611828125 0.529213884375 0.454042034375 0.5453252484375 0.4423462296875 0.5471684875 0.4401640734375 0.5498582640625 0.4404139265625 0.5508603734374999 0.44360342968750005 0.55221084375 0.455299234375 0.550367603125 0.5090269234375 0.5364311374999999 0.5125190828124999 0.5361010937499999 0.5130207734375001 0.5381132640625 0.5162102749999999 0.5394637359375001 0.5193236875 0.5376146234375 0.52211115625 0.5315638171875 0.52185931875 0.53055375625
1 0.532757346875 0.4710598984375 0.5198508453125 0.47374564843750006 0.504322003125 0.4802953296875 0.496922703125 0.48214018281250004 0.4947299296875 0.48483260625 0.494979784375 0.48583471562499997 0.49817990312499993 0.48718253906250003 0.5062480078125 0.485170934375 0.5211080453125 0.47878800468750005 0.534014546875 0.4761022546875 0.5362093031249999 0.47341778437500004 0.535957465625 0.4724077234375 0.532757346875 0.4710598984375
1 0.46240443593749997 0.51003254375 0.46442146093750003 0.5095296421875 0.492998646875 0.49222512968750004 0.49426214375 0.48869999531249997 0.491062025 0.4873521703125 0.48904500000000006 0.487855071875 0.46047843125 0.5051569390624999 0.45920431562499997 0.50868471875 0.46240443593749997 0.51003254375
2 0.545163953125 0.572421809375 0.5449121156250001 0.571411746875 0.5417226140625 0.5700612765625 0.5281260750000001 0.572919071875 0.4922894484375 0.5839914015625001 0.4580336296875 0.5957508921875 0.45412450625 0.59725775 0.4519317328125 0.5999501734375 0.4521835703125 0.600960234375 0.45538170625 0.6023001046875 0.4587469546875 0.6014610546875 0.5014898265625 0.5865211 0.5300626953124999 0.5777920296875 0.5429798140625001 0.5751036328125 0.545163953125 0.572421809375
0 0.48817453593750004 0.4865346296875 0.4862782671875 0.4907328390625 0.48682742812499996 0.4930710796875 0.4897189625 0.49530681562499995 0.4944206359375 0.494717446875 0.5020765875000001 0.48847495625 0.5069098984375 0.4860618625 0.50854864375 0.47979060625000003 0.5065110296875 0.47808535625 0.5023667734374999 0.4776994296875 0.49375713593750004 0.47998121562499996 0.490048390625 0.4829249 0.48817453593750004 0.4865346296875
0 0.5532737328125 0.6942677453125 0.552155634375 0.696160021875 0.552357175 0.69778240625 0.5553818046875 0.7047578828125001 0.5606488625 0.7061648015624999 0.5659032078124999 0.7032243499999999 0.56725405625 0.7006827078125 0.57655821875 0.69616653125 0.5779513109375001 0.6931159453125 0.5769484484375 0.6914906078125 0.5735513140624999 0.689397825 0.5642239015625 0.69097156875 0.5603864656249999 0.6901881328125 0.5566893187499999 0.6912788875 0.5532737328125 0.6942677453125
1 0.4783780390625 0.42784150781249997 0.47618526875 0.43053393125 0.4802658234375 0.4354129953125 0.48837845 0.43927830625000003 0.504137896875 0.45088426718749997 0.5077549828125 0.451055278125 0.5099477546875 0.4483628546875 0.507844021875 0.44566881875000003 0.49380092812500004 0.4352484234375 0.48568632031250003 0.4313751625 0.48199512499999997 0.42801251875 0.4783780390625 0.42784150781249997
1 0.48958277031249997 0.4068431640625 0.49080408281250004 0.40599800625000004 0.4937586625 0.397768278125 0.493506825 0.39675821718750004 0.49030670625 0.39541039218749996 0.488958484375 0.3957465421875 0.48719329531250005 0.3972595046875 0.48466827968750004 0.40431772656250003 0.4799887140625 0.4113724875 0.47733877031249994 0.417929653125 0.476115475 0.4187668578125 0.473112059375 0.42969511562499996 0.473363896875 0.4307051765625 0.47656203281250004 0.432045046875 0.47967544375 0.4301959359375 0.4822532609375 0.4204550921875 0.48958277031249997 0.4068431640625
0 0.4705587109375 0.42759469687499996 0.46865841875 0.429605965625 0.46871085625 0.4318061765625 0.4734093578125 0.43626929218750005 0.4751739046875 0.436969775 0.4776954671875 0.436771909375 0.484243771875 0.4340917234375 0.4879468109375 0.43085379531249995 0.48778325 0.4268059125 0.48113468125000003 0.4228881359375 0.474831184375 0.42329399843750004 0.47153413593750004 0.42576333593750004 0.4705587109375 0.42759469687499996
2 0.4827908390625 0.428354775 0.4833433484375 0.42767636875 0.47665305468749997 0.42666654218750005 0.45241689375 0.43270929531249996 0.40685265 0.4478204953125 0.40467049375 0.450510271875 0.404920346875 0.45151238125 0.40810985000000005 0.4528628515625 0.4114750984375 0.4520238015625 0.45367409375 0.43775165156250007 0.47656203281250004 0.432045046875 0.47895582187499997 0.4330532640625 0.4824479796875 0.43272321874999997 0.484640753125 0.43003079531250005 0.4827908390625 0.428354775
1 0.45756649843749997 0.3730436265625 0.458019353125 0.37775432656249996 0.46323020000000004 0.387166740625 0.46641771875 0.388509259375 0.4677659421875 0.388173109375 0.46996069687500003 0.38548863906249997 0.4644980140625 0.37506616406250004 0.4642969953125 0.371365525 0.46109687812500005 0.3700177 0.45974865468750004 0.37035385 0.45756649843749997 0.3730436265625
1 0.44641052343750004 0.33404303281250003 0.44452472343749994 0.3264794984375 0.444992509375 0.3226121078125 0.44179437187500004 0.3212722375 0.44044615 0.3216083875 0.4382620109375 0.324290209375 0.4375423890625 0.32714753750000003 0.43980693593750003 0.33623014218749997 0.44786442656250003 0.351361471875 0.45076189062500005 0.35438980937500003 0.4539600265625 0.35572968125000004 0.45530825 0.35539353125 0.4574923875 0.35271170937499996 0.457113640625 0.3511926390625 0.453297521875 0.3473289421875 0.44641052343750004 0.33404303281250003
1 0.46370230156250003 0.3747239078125 0.4658970546875 0.3720394375 0.46762834062499997 0.3646469140625 0.4735588078125 0.35406171249999996 0.4849731859375 0.33675340625 0.4878347625 0.33389423125 0.48788558125000003 0.33120365625 0.4846854625 0.32985583125 0.4833372390625 0.33019198125 0.48144712343749996 0.3312038890625 0.47854336093749994 0.336743040625 0.47251755624999997 0.3441419046875 0.47071216250000003 0.348342796875 0.4653637921875 0.355564309375 0.46173177499999996 0.3639713890625 0.4605084796875 0.36480859374999997 0.458779178125 0.3722090703125 0.4591559421875 0.3737201859375 0.462354078125 0.37506005625 0.46370230156250003 0.3747239078125
0 0.46960966875 0.3684781125 0.4619737546875 0.3671127171875 0.4587089578125 0.3676310546875 0.45474382812499997 0.3694559890625 0.4519792765625 0.3736088078125 0.453056890625 0.37621233125 0.45619273437499996 0.37748325625 0.4580463703125 0.37944556875 0.46032585 0.3799500828125 0.46552475156249995 0.3781892296875 0.4691618703125 0.3752296140625 0.4712461796875 0.3714238015625 0.47089824062499996 0.3695760390625 0.46960966875 0.3684781125
2 0.4685828859375 0.371369784375 0.4683310484375 0.370359721875 0.46514154531249996 0.3690092515625 0.45571460156250004 0.3713596515625 0.40892904531249996 0.387316009375 0.3928563296875 0.39453349531250004 0.39066355625 0.39722591875 0.3909134109375 0.398228028125 0.3941135296875 0.399575853125 0.39613055468749997 0.3990729515625 0.407614728125 0.3935317203125 0.4225996921875 0.3876498453125 0.44835118906250004 0.37909201875 0.46639874531250003 0.3740516078125 0.4685828859375 0.371369784375
1 0.488118440625 0.30061577968750003 0.48610141562500003 0.30111868125 0.453706128125 0.31455154531249996 0.44044615 0.3216083875 0.4382620109375 0.324290209375 0.4385138484375 0.325300271875 0.44170334999999994 0.32665074375 0.4437203765625 0.32614784218750004 0.4582036515625 0.318253796875 0.48937564218749996 0.3056581375 0.4915684140625 0.3029657140625 0.4913185609375 0.3019636046875 0.488118440625 0.30061577968750003
0 0.45504040625000003 0.3164659484375 0.45296173125 0.31468645781250004 0.4460258671875 0.3138223328125 0.4387638734375 0.315675190625 0.43509657031250004 0.31751879375000003 0.43362103437500005 0.319288996875 0.433832646875 0.3237557296875 0.43491506874999997 0.3254288125 0.4344256125 0.3283047828125 0.438153440625 0.3314977859375 0.44392183437500005 0.33084519375 0.44656942656250004 0.32916290937500003 0.4501980171875 0.3223701859375 0.45391992343750004 0.3202933296875 0.45511525781250006 0.3180776828125 0.45504040625000003 0.3164659484375
2 0.44453102187500004 0.3179120078125 0.4413309015625 0.3165641828125 0.422779671875 0.319584471875 0.388333453125 0.327640675 0.37107764374999996 0.3330074375 0.3688954875 0.33569721406249997 0.369147325 0.33670727500000003 0.37233484375 0.3380497921875 0.4070857015625 0.3283210265625 0.4370809015625 0.3224474375 0.438338103125 0.3274897953125 0.44153822187499997 0.32883761875 0.44288644374999997 0.3285014703125 0.44506860000000004 0.32581169375 0.44453102187500004 0.3179120078125
3 0.45785403125 0.4688527953125 0.457344059375 0.4754001609375 0.45835140625 0.47944040781249997 0.469511696875 0.509865559375 0.4763013734375 0.5370974656249999 0.4822318421875 0.54365255 0.48390600937499995 0.54751809375 0.488346415625 0.5624784109375 0.49389580468750005 0.576097825 0.494774259375 0.5796211109375 0.4935868515625 0.5863458296874999 0.49446728906250004 0.5898770703125 0.4992505515625 0.6004689437499999 0.5025204640625 0.6135838421875001 0.5070160031250001 0.6172781406250001 0.5061312515624999 0.62232234375 0.506844575 0.6280325046875 0.5083536125 0.634084925 0.5152406093749999 0.647370834375 0.51682375625 0.6566148843749999 0.5166925296875 0.66468131875 0.525202878125 0.7016636359375 0.529573490625 0.7048568796875 0.528597715625 0.7152795890625 0.5311121171875001 0.725364303125 0.5385812125 0.735286521875 0.539711503125 0.739819871875 0.5407358437500001 0.7754501046875 0.541491353125 0.7784802890625 0.5438851421875001 0.7794885046875 0.5467065140625 0.779317259375 0.5495700734375 0.7764660390625 0.547940425 0.761337121875 0.5487573671875 0.7445337984375 0.5477902234375 0.7378056203125001 0.5464080953125 0.732262209375 0.5390533125 0.722843690625 0.5367907468750001 0.7137690390625 0.537766521875 0.7033463296875 0.53726483125 0.701334159375 0.5328922359375 0.6981329625 0.5247712515625 0.6626670671875 0.5244390046875 0.6498925796874999 0.5233087140625 0.6453592296874999 0.5164217171875001 0.6320733203125 0.5150395890625 0.6265299093750001 0.5147179609375 0.6137527734375 0.5102204390625 0.6100505218750001 0.5073292734375 0.5984546921875 0.5025460093749999 0.58786281875 0.5017924812500001 0.5848405859375 0.5029692734375 0.578118515625 0.4919847296875 0.5455038421875 0.4900481109375 0.540630884375 0.48412825625 0.5340731515625 0.47746350625 0.5073423 0.466430128125 0.47742615624999996 0.465805840625 0.4663295359375 0.455771528125 0.44901317812499997 0.4530115890625 0.4293509125 0.4509078546875 0.4266568765625 0.44889712812499993 0.4185922875 0.4426915328125 0.40514493281249997 0.4256559078125 0.3568986765625 0.41735719375 0.32361435312500003 0.40463704843750004 0.2898273609375 0.4022432578125 0.2888191453125 0.39943051875 0.288979790625 0.39656894375 0.291838965625 0.39757430781249997 0.29587125937500003 0.4118330765625 0.3330253875 0.41757718906249996 0.358912928125 0.4228219390625 0.374204903125 0.4367886703125 0.4130368984375 0.440943334375 0.42110759375000006 0.44282913593749995 0.42867112656249995 0.44493286875000004 0.43136516406250003 0.4478197171875 0.4515364375 0.45785403125 0.4688527953125
2 0.501293315625 0.48533342656249995 0.5022541578124999 0.48348880781250003 0.5020023203124999 0.4824787453125 0.49881480156249997 0.4811362265625 0.49060917187499997 0.4826414703125 0.434773434375 0.5024593453125 0.4315331140625 0.50379945 0.4293509578125 0.5064892265625 0.42960279375 0.5074992875000001 0.43279031406249996 0.50884180625 0.435486759375 0.50816950625 0.4872798109375 0.4893680359375 0.4877815015625 0.49138020625 0.4909816203125 0.49272802968749996 0.49231922499999997 0.492394528125 0.501293315625 0.48533342656249995
0 0.548308375 0.5670338453125 0.5436529328125 0.5663614390625 0.537481353125 0.567612965625 0.5350227453125 0.569374846875 0.532536875 0.5697158703125 0.5307534984375 0.5707940890625001 0.5282245234375 0.573359146875 0.5278638578125 0.5761185296875 0.52403403125 0.57871225625 0.522763521875 0.5826615203125 0.5252185 0.5857241546874999 0.52855454375 0.5863960671874999 0.5318092078125 0.5853396078124999 0.5354863453125 0.5821334796875 0.5391448750000001 0.5812044109375 0.5415562765625 0.5780773328125 0.5475497484375 0.5757044359375 0.550150075 0.570485921875 0.5500714984374999 0.568587896875 0.548308375 0.5670338453125
1 0.5947220453125001 0.5589927375 0.58142618125 0.5601620640625 0.5508871046875 0.5667034609375 0.539694971875 0.5705668234375 0.537512815625 0.5732566 0.5377646515625 0.5742666625 0.540952171875 0.57560918125 0.5521443046875001 0.571745815625 0.5771761796875 0.56604531875 0.593962221875 0.5645379953125 0.595979246875 0.56403509375 0.5981720187499999 0.5613426703125 0.59792018125 0.5603326078124999 0.5947220453125001 0.5589927375
1 0.5370091421875001 0.5712364765625 0.5285875625 0.577619171875 0.5265705359374999 0.5781220734375 0.5106310281249999 0.5772810765624999 0.49406093437500004 0.5739109499999999 0.489775046875 0.5739066890625 0.487582275 0.5765991125000001 0.489559096875 0.5787841421875 0.505322859375 0.581814659375 0.527954646875 0.5836734375 0.5299716734375 0.5831705359375 0.5348502749999999 0.5798084609374999 0.5408272453125 0.5751081265625 0.5417987046875 0.5732608609375001 0.5415468671875 0.5722507984375 0.5383467484375 0.5709029734375 0.5370091421875001 0.5712364765625
2 0.5626145625000001 0.6194832984375 0.5594270406249999 0.6181407812499999 0.552988584375 0.6181410140625 0.5465079390625001 0.620821225 0.5399445546874999 0.620320403125 0.482735325 0.6345842671875 0.4744047671875 0.63558845625 0.4722119953125 0.6382808796874999 0.4724618484375 0.6392829875 0.47566196875 0.6406308125 0.483992525 0.6396266234375 0.5398641484375 0.6256962640625 0.54641691875 0.6261997312500001 0.55357698125 0.6233501218749999 0.558667215625 0.6236860390625 0.5606842421875 0.6231831375 0.5628663984375 0.6204933609375 0.5626145625000001 0.6194832984375
0 0.565676290625 0.62203985 0.5652795984375001 0.6198156531250001 0.5670041859375 0.6184564234375001 0.5676891375 0.616545428125 0.5671723828124999 0.61506076875 0.5643295015625001 0.61256791875 0.561838865625 0.6123019000000001 0.5582658453125 0.613302575 0.5558021906249999 0.6117880234374999 0.5533161015625 0.611630690625 0.5494313515625 0.613325765625 0.5483912906249999 0.6154858046875 0.5490960859375 0.617362859375 0.54637035625 0.61814383125 0.5446104140625 0.6197230671875 0.5424755515624999 0.6207030734375001 0.5411493390625 0.6223938078125 0.5403527218749999 0.6253041234375 0.541558328125 0.6271999218750001 0.5460438953125 0.628683421875 0.550833421875 0.62776803125 0.5529345734375 0.6266528203124999 0.556377215625 0.628294978125 0.5587412828125 0.6284151515625 0.5623160656249999 0.626924075 0.56378855625 0.625593909375 0.565676290625 0.62203985
1 0.5696795578125 0.58183616875 0.568331334375 0.58217231875 0.5665661453124999 0.5836852796875001 0.56343581875 0.59410453125 0.55817415625 0.6045229796875 0.552569634375 0.6193098734375 0.5525188156249999 0.62200045 0.555718934375 0.623348275 0.5588323453124999 0.6214991640624999 0.5606885578125 0.6146076921875 0.5728288578125 0.5858745703125 0.5728690609375 0.5831866406249999 0.5696795578125 0.58183616875
2 0.5450876703125 0.65813381875 0.5078200796875 0.6663612671875 0.488587446875 0.669543 0.48640529062500004 0.6722327765625 0.4866571265625 0.6732428390625 0.48984464687499996 0.6745853562499999 0.49333680625 0.6742553124999999 0.5381412234375 0.664689371875 0.5449966500000001 0.663512325 0.55021379375 0.6643572484375 0.5515620171875 0.6640210984375 0.5537441734375 0.661331321875 0.551777965625 0.659143646875 0.5450876703125 0.65813381875
0 0.553340134375 0.6546908328125001 0.5435058390624999 0.656357165625 0.5404424421875 0.6594018234375 0.539887084375 0.6617873640624999 0.5394939734374999 0.6652306484375 0.5403176249999999 0.667720090625 0.5422510640625 0.6694597625 0.5446671484375 0.67001469375 0.5507580062499999 0.6685298625 0.5521595687499999 0.6671413515625 0.5526108484375001 0.66542378125 0.5582090671875 0.6636816359375 0.5603608984374999 0.66077978125 0.5588076921875 0.6573993859375 0.5557649703124999 0.6550999703125 0.553340134375 0.6546908328125001
1 0.5459681078124999 0.6616650578125001 0.5462199437499999 0.6626751203125 0.5494200625000001 0.6640229453125001 0.5992299921875001 0.651603934375 0.60141215 0.6489141578125001 0.6011603125 0.6479040953124999 0.5979727921875 0.646561578125 0.558800503125 0.6557876765625 0.5481628625 0.6589805875 0.5459681078124999 0.6616650578125001
1 0.4919189828125 0.573912796875 0.5084638015625 0.5542524765625 0.5139773015625 0.5448440875 0.519450596875 0.53812363125 0.5195014171875 0.5354330546875 0.516301296875 0.5340852296875 0.514953075 0.5344213796874999 0.5130609765624999 0.5354253359375 0.51277091875 0.53711115625 0.5043832453125 0.5493734109374999 0.4878384265625 0.5690337328124999 0.4875463875 0.5707116 0.482616965625 0.5767642515625 0.4825767640625 0.5794521796875001 0.48576626562499997 0.5808026515625 0.48821087500000004 0.5791202906249999 0.48900460468749996 0.57945459375 0.4919189828125 0.573912796875
1 0.5593929453125 0.7011728125000001 0.556192825 0.6998249875 0.5548552203125 0.700158490625 0.552662446875 0.7028509140625 0.5593315125 0.721006321875 0.5618459140625001 0.7310910359375 0.5657487406249999 0.7381516687499999 0.5689488593750001 0.73949949375 0.5702970828125 0.73916334375 0.5724792390625 0.7364735671875 0.5685764125 0.729412934375 0.5630037328124999 0.7099113140625 0.5606501453125 0.70621516875 0.5593929453125 0.7011728125000001
1 0.6172391390625 0.738170996875 0.601045809375 0.7363119874999999 0.5822829453125 0.7356342828125 0.574923846875 0.7347912062499999 0.5717237296875 0.7334433812500001 0.5697067031249999 0.7339462828125 0.5675245453125 0.736636059375 0.5677763828125 0.7376461203125 0.5693658265625 0.7383226796875 0.56882195 0.7389904859375 0.5709658859375 0.7389965921874999 0.5726908734375 0.740171559375 0.6045718734375 0.741861503125 0.615672984375 0.7433766453125 0.61702120625 0.743040496875 0.6192053453125 0.7403586734375 0.6172391390625 0.738170996875
0 0.5624081249999999 0.74261706875 0.5648633875 0.7438718343749999 0.5705061312499999 0.7435293453125 0.5759880765625 0.7405068015625 0.5788254171875 0.7365554750000001 0.5765916718749999 0.7316214359375001 0.574450440625 0.7308121265625 0.5717562187499999 0.7312219953125 0.5687064656249999 0.730115453125 0.565205653125 0.7312248375 0.5591040546875 0.737324765625 0.5597542062499999 0.74097255625 0.5624081249999999 0.74261706875
2 0.5429518234375 0.7384797671875 0.5285701890625 0.740992659375 0.5103109984375 0.742335078125 0.508126859375 0.745016903125 0.5083786953125 0.7460269640625 0.5115681999999999 0.7473774343749999 0.52565779375 0.7465424109375001 0.558184309375 0.742183396875 0.57366233125 0.7383242921875001 0.5758444875000001 0.7356345156249999 0.57559265 0.7346244546875 0.5724031484375 0.7332739828125 0.552086728125 0.7378072343750001 0.5429518234375 0.7384797671875
1 0.6090822625000001 0.679677303125 0.6171609828125 0.6776630531250001 0.6390435578125 0.6679241546875 0.643128428125 0.664227775 0.6428765921874999 0.6632177140625 0.639676475 0.6618698890625 0.6376594484375 0.662372790625 0.6152349796875 0.6727874484374999 0.6064768390624999 0.6749710984374999 0.5887638609375 0.6842026015625 0.5601527703125 0.6956275546875 0.55796863125 0.698309378125 0.5582204671875 0.6993194390624999 0.5614099718750001 0.7006699109375 0.5634269984375 0.700167009375 0.5801771515625 0.692772171875 0.5906898640625 0.6890782062499999 0.6090822625000001 0.679677303125
2 0.54985600625 0.69444406875 0.53264238125 0.697130853125 0.49389767500000004 0.7051774921875 0.4917155203125 0.7078672687500001 0.49196735625 0.7088773296875 0.495154875 0.7102198484375 0.5414344265625 0.7008267640625 0.5511132062499999 0.699486425 0.562883121875 0.700834815625 0.5642313437500001 0.700498665625 0.5664134984375 0.6978088890625 0.56444729375 0.6956212140625 0.562169796875 0.6951246546875 0.54985600625 0.69444406875