1 0.5665625000000001 0.49563370000000007 0.558515625 0.49980952343749996 0.557275390625 0.49980952343749996 0.5516992187499999 0.5035311359375 0.5504687500000001 0.5035311359375 0.5510839843750001 0.5039926734375 0.54984375 0.5058534796874999 0.55232421875 0.507706959375 0.555419921875 0.507245421875 0.560986328125 0.5035311359375 0.5622265625 0.5035311359375 0.5628515625 0.5026007328125 0.572138671875 0.49841758281250004 0.5789453124999999 0.49377289375 0.590712890625 0.48819780156250003 0.6024804687499999 0.4793772890625 0.6024804687499999 0.4784468859375 0.6 0.47658608124999996 0.59814453125 0.47658608124999996 0.586376953125 0.48494505468750004 0.5795703125 0.4877362640625 0.5665625000000001 0.49563370000000007
1 0.479873046875 0.5095677656250001 0.479873046875 0.51049816875 0.482353515625 0.5123516484375 0.5077441406250001 0.51095970625 0.54365234375 0.51049816875 0.54984375 0.5100293046875 0.55232421875 0.5081758234375 0.55232421875 0.507245421875 0.54984375 0.5053846156249999 0.544267578125 0.5053846156249999 0.486064453125 0.507245421875 0.482353515625 0.507706959375 0.479873046875 0.5095677656250001
2 0.417333984375 0.5026007328125 0.39751953125 0.5016703296875 0.39504882812500003 0.5035311359375 0.39504882812500003 0.5044542125 0.39751953125 0.50631501875 0.41671874999999997 0.507245421875 0.48978515624999996 0.50677655625 0.520126953125 0.5053846156249999 0.54365234375 0.5053846156249999 0.5510839843750001 0.50631501875 0.553564453125 0.5044542125 0.553564453125 0.5035311359375 0.5510839843750001 0.5016703296875 0.54798828125 0.501208790625 0.520126953125 0.5007399265625 0.5083593750000001 0.5016703296875 0.44706054687499996 0.5026007328125 0.417333984375 0.5026007328125
0 0.5489843750000001 0.40939194062500006 0.551015625 0.41125274687499996 0.553447265625 0.4116483515625 0.558056640625 0.41616849843750003 0.5647265625 0.41621977968749996 0.56748046875 0.4148571421875 0.5686718749999999 0.40997802187500004 0.567216796875 0.4072161171875 0.5642773437499999 0.40580219843750004 0.5646484375 0.40142857187500003 0.561484375 0.398527471875 0.55509765625 0.397663003125 0.550390625 0.398608059375 0.54544921875 0.39863736250000004 0.5433886718750001 0.3999706953125 0.54162109375 0.403479853125 0.542099609375 0.40613186875 0.5431250000000001 0.4073553109375 0.54630859375 0.4091648359375 0.5489843750000001 0.40939194062500006
1 0.57275390625 0.43524542187500004 0.5851367187500001 0.4635824171875 0.5876171875 0.46543589687500003 0.588857421875 0.46543589687500003 0.591328125 0.4635824171875 0.591328125 0.46219047656249995 0.5795703125 0.43570695937500004 0.5622265625 0.408300365625 0.559130859375 0.40737728906250004 0.55666015625 0.40923076875 0.557275390625 0.41155311406250006 0.57275390625 0.43524542187500004
2 0.39751953125 0.40319413906249996 0.39751953125 0.4041245421875 0.4 0.40597802187500004 0.40990234374999995 0.4064468859375 0.49659179687500005 0.4064468859375 0.538076171875 0.4055164828125 0.557275390625 0.40597802187500004 0.5597558593749999 0.4041245421875 0.5597558593749999 0.40319413906249996 0.557275390625 0.40133333281250005 0.5374609375 0.4008717953125 0.49659179687500005 0.40180219843750004 0.4 0.40133333281250005 0.39751953125 0.40319413906249996
2 0.391953125 0.31307692343750004 0.394423828125 0.3149377296875 0.4291015625 0.3135457875 0.53931640625 0.314476190625 0.544892578125 0.31400732656249997 0.547373046875 0.312153846875 0.547373046875 0.31122344375 0.544892578125 0.3093626375 0.5294140625 0.3098315015625 0.428486328125 0.3089010984375 0.394423828125 0.310293040625 0.391953125 0.312153846875 0.391953125 0.31307692343750004
1 0.530654296875 0.297750915625 0.5362207031249999 0.310293040625 0.53931640625 0.31307692343750004 0.540556640625 0.31307692343750004 0.5430371093749999 0.31122344375 0.5430371093749999 0.3098315015625 0.5374609375 0.29868131875000004 0.52755859375 0.269882784375 0.5250781250000001 0.268021978125 0.5238378906250001 0.268021978125 0.521357421875 0.269882784375 0.521357421875 0.271274725 0.530654296875 0.297750915625
3 0.471826171875 0.325619046875 0.476162109375 0.3604615390625 0.47740234375 0.384615384375 0.474921875 0.48076923125000004 0.47740234375 0.522109890625 0.478642578125 0.56577289375 0.48111328125 0.5936410249999999 0.48111328125 0.70140659375 0.48173828125 0.7153479859375 0.486064453125 0.7483223437500001 0.48916015625 0.8063882781249999 0.49102539062500006 0.8077802203125 0.49349609375 0.808249084375 0.49659179687500005 0.8063882781249999 0.49659179687500005 0.8003516484375 0.49288085937500004 0.7404249078125 0.48916015625 0.7153479859375 0.4879296875 0.67818315 0.4879296875 0.6605347984375001 0.48916015625 0.6461318687500001 0.488544921875 0.5936410249999999 0.486064453125 0.5653113546874999 0.48483398437499997 0.522109890625 0.482353515625 0.48076923125000004 0.48483398437499997 0.384615384375 0.48359375 0.3604615390625 0.47925781250000005 0.325619046875 0.478642578125 0.281025640625 0.47677734374999997 0.2796337 0.47430664062499994 0.2791721609375 0.4712109375 0.281025640625 0.4712109375 0.3023956046875 0.471826171875 0.325619046875
1 0.5250781250000001 0.325619046875 0.520126953125 0.3311941390625 0.51640625 0.3335164828125 0.5126953125 0.33863003593749996 0.5083593750000001 0.342344321875 0.5077441406250001 0.3446666671875 0.51021484375 0.346527471875 0.5126953125 0.34559707031250003 0.513310546875 0.3460586078125 0.513310546875 0.3451282046875 0.5176464843749999 0.34141391875 0.520126953125 0.337699634375 0.5256933593750001 0.3335164828125 0.528173828125 0.33026373593749997 0.5411718750000001 0.3205128203125 0.5430371093749999 0.32004395625000004 0.544892578125 0.314476190625 0.5424121093750001 0.312615384375 0.5411718750000001 0.312615384375 0.538701171875 0.314476190625 0.538076171875 0.316798534375 0.5250781250000001 0.325619046875
0 0.5400976562500001 0.32021977968750004 0.5436425781249999 0.320747253125 0.54716796875 0.3201684984375 0.5518457031249999 0.3169377296875 0.55373046875 0.314703296875 0.55333984375 0.3089230765625 0.551904296875 0.30758974375000003 0.547138671875 0.30604395625 0.5393749999999999 0.30618314999999996 0.536943359375 0.3073260078125 0.53431640625 0.3106007328125 0.5345800781250001 0.3151941390625 0.5400976562500001 0.32021977968750004
0 0.5560839843750001 0.7822564109375 0.5562109375000001 0.7853113546875 0.559462890625 0.7880366296875 0.56142578125 0.7886813187499999 0.565322265625 0.788571428125 0.5697558593750001 0.786886446875 0.571337890625 0.783926740625 0.570576171875 0.7790549453125 0.57203125 0.77595604375 0.57203125 0.7729010984375 0.57150390625 0.7714871796875 0.568896484375 0.76923076875 0.564736328125 0.7677802203125 0.55775390625 0.767611721875 0.551728515625 0.770703296875 0.549970703125 0.7739706953125001 0.55 0.7769010984375 0.55228515625 0.7788717953125001 0.553076171875 0.7810549453125 0.5560839843750001 0.7822564109375
1 0.55666015625 0.8054578749999999 0.55232421875 0.8161465203124999 0.55232421875 0.8175384609374999 0.554794921875 0.819391940625 0.55603515625 0.819391940625 0.558515625 0.8175384609374999 0.563466796875 0.80313553125 0.5665625000000001 0.7822344328125 0.56408203125 0.7803736265625 0.5628515625 0.7803736265625 0.5603710937499999 0.7822344328125 0.5597558593749999 0.7840952375 0.55666015625 0.8054578749999999
1 0.5938085937500001 0.7631868125 0.56904296875 0.7724761906250001 0.565947265625 0.774798534375 0.5603710937499999 0.7771282046875 0.560986328125 0.77758974375 0.5597558593749999 0.77945055 0.5622265625 0.7813040296875 0.565322265625 0.780842490625 0.57275390625 0.7761978015625 0.5919531250000001 0.7687619046874999 0.599384765625 0.766908425 0.607431640625 0.763655678125 0.615478515625 0.7622637359375 0.617958984375 0.7604029296875 0.617958984375 0.759472528125 0.615478515625 0.757611721875 0.613623046875 0.757611721875 0.606806640625 0.7590109890625001 0.601240234375 0.7613333328125 0.5938085937500001 0.7631868125
1 0.557890625 0.3957655671875 0.554794921875 0.40458608125 0.554794921875 0.40597802187500004 0.557275390625 0.40783882812499994 0.558515625 0.40783882812499994 0.560986328125 0.40597802187500004 0.569658203125 0.38229304062499997 0.578330078125 0.3660366296875 0.578330078125 0.3646373625 0.575849609375 0.36278388281249996 0.574609375 0.36278388281249996 0.57275390625 0.3637142859375 0.569658203125 0.36882051250000003 0.557890625 0.3957655671875
2 0.505263671875 0.7789816843749999 0.44953125 0.77945055 0.4371484375 0.778520146875 0.42166992187499996 0.7757289375 0.419814453125 0.7757289375 0.417333984375 0.77758974375 0.417333984375 0.778520146875 0.42166992187499996 0.780842490625 0.43653320312500005 0.7831648359375001 0.44891601562499994 0.7840952375 0.505263671875 0.7836263734375 0.5188867187499999 0.7822344328125 0.5362207031249999 0.78177289375 0.558515625 0.77758974375 0.5622265625 0.776659340625 0.56470703125 0.774798534375 0.56470703125 0.7738754578125 0.5622265625 0.7720146515625 0.5603710937499999 0.7720146515625 0.53560546875 0.7771282046875 0.5188867187499999 0.77758974375 0.505263671875 0.7789816843749999
0 0.547568359375 0.691069596875 0.5498046875 0.693428571875 0.554248046875 0.6946959703125 0.555439453125 0.696 0.557294921875 0.6966739921875 0.5598046875 0.6993113546874999 0.56271484375 0.7011501828125 0.5652734374999999 0.7016337 0.568828125 0.7009157515625 0.5713769531249999 0.699157509375 0.572138671875 0.6973260078125 0.57185546875 0.6949890109375 0.5691503906250001 0.6903443218749999 0.5687597656250001 0.6866446890625 0.56642578125 0.6846666671875 0.5629199218750001 0.6832600734375001 0.55837890625 0.6830109890625 0.555634765625 0.6840366296875 0.5533203125 0.6840073265625 0.549462890625 0.6853479859375 0.54701171875 0.6888791203125 0.547568359375 0.691069596875
1 0.5504687500000001 0.7413553109375 0.5504687500000001 0.742754578125 0.552939453125 0.744608059375 0.5541796875 0.744608059375 0.557275390625 0.7413553109375 0.5665625000000001 0.7000146515625 0.5671875 0.694908425 0.56470703125 0.69304761875 0.563466796875 0.69304761875 0.560986328125 0.694908425 0.553564453125 0.732065934375 0.5504687500000001 0.7413553109375
1 0.563466796875 0.6805054937499999 0.5603710937499999 0.6888644687500001 0.5603710937499999 0.6902637359375 0.5628515625 0.692117215625 0.56408203125 0.692117215625 0.5665625000000001 0.6902637359375 0.56904296875 0.6823663 0.575849609375 0.67167765625 0.5944238281249999 0.649384615625 0.5944238281249999 0.6484542125 0.5919531250000001 0.6466007328125001 0.590712890625 0.6466007328125001 0.588857421875 0.647523809375 0.575849609375 0.6628571421875 0.563466796875 0.6805054937499999
2 0.469345703125 0.69258608125 0.408046875 0.692117215625 0.40557617187500006 0.693978021875 0.40557617187500006 0.694908425 0.408046875 0.6967619046875 0.422294921875 0.69723076875 0.469970703125 0.69723076875 0.51021484375 0.696300365625 0.5461328125 0.6935164828125 0.5616113281249999 0.6911868125 0.56408203125 0.6893333328125 0.56408203125 0.6884029296875 0.5616113281249999 0.686542125 0.559130859375 0.686542125 0.5411718750000001 0.6893333328125 0.51021484375 0.691655678125 0.469345703125 0.69258608125
0 0.545947265625 0.6106886453125 0.54798828125 0.6115604390625 0.55185546875 0.6118315015625 0.5553320312500001 0.6102783875 0.5595117187499999 0.5991794875 0.5595703125 0.5947326000000001 0.5575585937499999 0.592388278125 0.5548437500000001 0.591435896875 0.54294921875 0.5916703296875 0.5412011718749999 0.5927838828125 0.539306640625 0.5955457875 0.5389941406250001 0.5975970703125 0.540576171875 0.6006666671875001 0.5431542968749999 0.6019413921875 0.544111328125 0.60659340625 0.545947265625 0.6106886453125
1 0.5294140625 0.6159413921875 0.52755859375 0.6164029296875 0.51640625 0.624300365625 0.51083984375 0.627091575 0.51021484375 0.62941391875 0.5126953125 0.6312674 0.515791015625 0.6308058609375 0.52259765625 0.6256923078125001 0.532509765625 0.620117215625 0.53560546875 0.6173333328124999 0.5461328125 0.6117582421875001 0.547373046875 0.6099047625 0.5541796875 0.604791209375 0.5541796875 0.6033992671874999 0.5516992187499999 0.6015384609375001 0.5504687500000001 0.6015384609375001 0.53994140625 0.609435896875 0.532509765625 0.6131501828125 0.5294140625 0.6159413921875
1 0.5504687500000001 0.58249816875 0.546748046875 0.59504029375 0.546748046875 0.596432234375 0.5492285156250001 0.5982857140625 0.5504687500000001 0.5982857140625 0.552939453125 0.596432234375 0.55666015625 0.58295970625 0.5678027343750001 0.5620586078125 0.5678027343750001 0.5606666671875 0.565322265625 0.5588058609375001 0.56408203125 0.5588058609375001 0.5622265625 0.5597362640625 0.5603710937499999 0.5625201468750001 0.5504687500000001 0.58249816875
2 0.40433593749999996 0.59968498125 0.40433593749999996 0.6006080593750001 0.406806640625 0.6024688640625 0.5343652343749999 0.6010769234375 0.5504687500000001 0.5992161171875 0.552939453125 0.5973626375000001 0.552939453125 0.596432234375 0.5504687500000001 0.594571428125 0.54798828125 0.594571428125 0.5343652343749999 0.596432234375 0.406806640625 0.5978241765625001 0.40433593749999996 0.59968498125
0 0.5409570312499999 0.509201465625 0.542001953125 0.5118241765625 0.54638671875 0.5143956046875 0.551259765625 0.514205128125 0.5565527343750001 0.5115824171875001 0.55783203125 0.5102124546875 0.558251953125 0.508153846875 0.563349609375 0.504380953125 0.5633984375 0.502725275 0.56203125 0.5004835171875001 0.5597558593749999 0.4989890109375 0.55017578125 0.4974871796875 0.5458203125 0.4986300359375 0.54296875 0.49822710625 0.54080078125 0.4986886453125 0.53609375 0.5020512828125 0.5360742187499999 0.50586813125 0.5382714843749999 0.508380953125 0.5409570312499999 0.509201465625