1 0.5333553125 0.536227025 0.533086765625 0.534845475 0.5307957421875 0.5328987078125 0.5311382890624999 0.5313983734375001 0.5400711078125 0.5215273687499999 0.5440188484374999 0.518843309375 0.5476089984375 0.5143196078125001 0.5576914125 0.5071001875000001 0.5584752484375 0.5045557281249999 0.555662178125 0.5031858375 0.5544302937500001 0.503425290625 0.548196875 0.50750444375 0.5427651625000001 0.5123936546875 0.541533278125 0.5126331093750001 0.53742108125 0.5177336875 0.5334733390624999 0.520417746875 0.5262136953125001 0.529005171875 0.522541259375 0.5364199125 0.5244897374999999 0.539867015625 0.5273110937500001 0.5412277484375 0.5308189578125 0.5395950875 0.5333553125 0.536227025
2 0.5322289296875 0.54027181875 0.5343351078125 0.53795326875 0.5341556062499999 0.5370298124999999 0.531332834375 0.5356618078125 0.51534744375 0.5387690515625 0.5105994109374999 0.540650325 0.49531556718749997 0.54410415 0.479066975 0.54917170625 0.4769719109375 0.5514956421874999 0.47715141250000004 0.5524191 0.479963071875 0.55378171875 0.48303793125 0.5531840265625 0.49683245468750004 0.5485934921875 0.51149550625 0.5452603359375 0.5162435390625 0.5433790640625 0.5322289296875 0.54027181875
1 0.5431396312500001 0.47164765781250007 0.5460446890624999 0.47012462343749994 0.545334853125 0.4697872 0.546207734375 0.46770083281249997 0.5433863765625 0.46634010000000004 0.5421544921875 0.466579553125 0.5370736125 0.469959275 0.5313786984375 0.476808796875 0.5296247671875001 0.477625128125 0.5218333734375 0.486791315625 0.5142954843750001 0.4939990765625 0.5140433953125 0.4959647734375 0.5168661671875 0.4973327796875 0.5187091421875001 0.496974540625 0.5372749156250001 0.4775718390625 0.539028846875 0.4767555078125 0.5431396312500001 0.47164765781250007
1 0.5161481593749999 0.49363895312499995 0.5025113343750001 0.4924638359375 0.4907997703125 0.488039440625 0.48297012031250003 0.48716927343750005 0.48087505625000004 0.48949320937499996 0.48255498750000003 0.49155876249999997 0.4878318265625 0.4924497453125 0.49619857187500005 0.4960830109375 0.504818815625 0.49775785 0.5105369453125 0.4976047078125 0.5165139203125 0.49883499843749995 0.5177458046875001 0.49859554531250005 0.51985056875 0.4962697234375 0.5181706375 0.494204171875 0.5161481593749999 0.49363895312499995
0 0.51378086875 0.4909373125 0.5116552921874999 0.49325963437500003 0.509939465625 0.4946345109375 0.509463309375 0.49637965156249997 0.5103911671875 0.4994440953125 0.512988596875 0.500999278125 0.52054355 0.501077684375 0.5233738875 0.5018631734375 0.5263428796875 0.5011351375 0.5280285796874999 0.4998642140625 0.529051009375 0.4950774765625 0.5264457109375 0.49213535156250005 0.518736921875 0.4898154859375 0.51378086875 0.4909373125
2 0.4879658875 0.5062933234375 0.496669834375 0.505084396875 0.5061465015625 0.5013256203124999 0.5189776890625 0.498356090625 0.521072753125 0.4960321546875 0.52080420625 0.49465060625 0.5190449312500001 0.49212507499999997 0.516222159375 0.49075706874999997 0.5149902749999999 0.4909965234375 0.5128952109375 0.493320459375 0.5126320093750001 0.49528077187499997 0.5046393140625 0.49683439375000005 0.4951529453125 0.500595053125 0.4864587 0.501802096875 0.4782042171875 0.505323303125 0.47609945312499996 0.5076491234375 0.47627754062500005 0.508565309375 0.47910031249999996 0.5099333140625 0.4809432875 0.509575075 0.4879658875 0.5062933234375
1 0.5232108531249999 0.454467940625 0.5217994671875 0.4537839390625 0.5223312171875001 0.4532051765625 0.5171351343749999 0.45278144375 0.5137244859375001 0.4582286 0.5147933265625 0.4604129375 0.517606396875 0.46178282812500004 0.5213020484374999 0.461064465625 0.522875065625 0.4593174078125 0.527092765625 0.45802216875 0.54659430625 0.4532731046875 0.5486990703125 0.4509472828125 0.5485209828125 0.4500310984375 0.5456982109374999 0.44866309375 0.5232108531249999 0.454467940625
1 0.5526825515625 0.4353449859375 0.5539144359375 0.4351055328125 0.5532046 0.43476810937500004 0.5540774796875 0.4326817421875 0.5512644078125 0.43131185156249996 0.5500325234375001 0.4315513046875 0.5203827375000001 0.449758075 0.5199414484375 0.45080220156250006 0.515381203125 0.453597775 0.5160827515624999 0.453944353125 0.5152181578125 0.45602156406249994 0.5180312296875 0.4573914546875 0.5210156312499999 0.45632839843750006 0.5214583359375 0.45529154375 0.5303979125 0.4487696703125 0.5522509609374999 0.43638722812499997 0.5526825515625 0.4353449859375
0 0.5240022828125 0.45248041250000004 0.5224243093750001 0.4509911796875 0.5148655062499999 0.450996528125 0.5071689328125 0.4520020984375 0.5040108484375 0.45372523749999993 0.501696896875 0.457616021875 0.5020755765625 0.46028917500000005 0.5046367828125 0.46217588125000003 0.507595715625 0.462483609375 0.511945028125 0.4607779390625 0.51430323125 0.4621381484375 0.5179232218750001 0.4619627171875 0.51970946875 0.46126084218749996 0.522061940625 0.45917362031250003 0.5241639640625 0.4549693671875 0.5240022828125 0.45248041250000004
2 0.5211883765625 0.453902721875 0.51836701875 0.4525419890625 0.5079105546875 0.45457452031249995 0.50465619375 0.4542487546875 0.48867080312500005 0.457356 0.461967159375 0.464463359375 0.45986098125 0.466781909375 0.460040484375 0.467705365625 0.4628632546875 0.469073371875 0.46593811562500004 0.4684756796875 0.490177990625 0.4618472265625 0.504941196875 0.45897755 0.5081955578125 0.459303315625 0.5192631140625 0.45715199999999995 0.521367878125 0.4548261796875 0.5211883765625 0.453902721875
1 0.49730792656249995 0.4164452015625 0.497480671875 0.41401952656249996 0.4946579 0.41265152031249996 0.492373634375 0.414053884375 0.4916734984375 0.4137145765625 0.49133095156250006 0.4152149109375 0.488867184375 0.41569381875 0.4761922828125 0.41289042656249997 0.4699467609375 0.41027858593750005 0.46678285781250006 0.4104181859375 0.46467667968750004 0.41273673593750004 0.4662675671875 0.41434419375 0.46573581875 0.41492295781250005 0.466967703125 0.414683503125 0.4739244734375 0.4176400390625 0.48325455625 0.4196523 0.4885313953125 0.4205432828125 0.4940700234375 0.41946668281250005 0.49512240468749996 0.41830377187499995 0.49582254218750005 0.41864308125000005 0.49730792656249995 0.4164452015625
1 0.5258477890625 0.405630471875 0.517413803125 0.40822822187499996 0.5032713875 0.410977228125 0.5011666234375001 0.41330305 0.501346125 0.41422650625 0.5041674828125 0.41558723906250006 0.5189209906250001 0.41271944843749997 0.5304298359375 0.40952400625 0.5325360140625001 0.4072054578125 0.5323565125 0.40628200156250005 0.529533740625 0.40491399531249994 0.5258477890625 0.405630471875
0 0.5088375890625 0.4106121421875 0.5058580687500001 0.4088520265625 0.503812728125 0.4084799046875 0.497717990625 0.4095438640625 0.4943037484375 0.4094831046875 0.48794922031250004 0.41268027343749997 0.48640242031250003 0.4147693546875 0.4839273421875 0.41783120937499996 0.48351866875000005 0.42095925312500004 0.48536477343750006 0.422585015625 0.4896658328125 0.42322045468749997 0.4974551375 0.42103476874999995 0.498947809375 0.420065478125 0.499800596875 0.41854897031249993 0.5038512921875 0.41784460156250003 0.5078289890625001 0.4161432515625 0.5092404609375001 0.4149633640625 0.509775784375 0.413470834375 0.5088375890625 0.4106121421875
2 0.504493571875 0.410739659375 0.49535945000000003 0.4129981 0.4914035390625 0.41232575625 0.48700774999999996 0.412704809375 0.463550296875 0.41678152968750004 0.45511631250000006 0.419379278125 0.4530115484375 0.42170509999999994 0.45319105000000004 0.42262855625 0.45601240781249996 0.4239892890625 0.46444780625000004 0.4213988125 0.487903846875 0.41731482187499996 0.4950333609375 0.41784568125000005 0.5053896671875 0.4153496703125 0.50749584375 0.413031121875 0.5073163421875 0.41210766562499995 0.504493571875 0.410739659375
1 0.521004375 0.3577716328125 0.522236259375 0.357532178125 0.521536121875 0.35719287187500004 0.522409003125 0.355106503125 0.51958623125 0.35373849687500003 0.518354346875 0.3539779515625 0.510116321875 0.3608464046875 0.5088844375 0.3610858578125 0.50459415 0.36527025156250004 0.5033622656250001 0.36550970625 0.49565991875000004 0.37513398593749997 0.495929878125 0.37652280625 0.4987512359375 0.37788354062499996 0.501116259375 0.37694842500000003 0.5094379874999999 0.3671962046875 0.5145285671875001 0.36381459843749997 0.521004375 0.3577716328125
0 0.4965225484375 0.37138948125 0.48916198125 0.37137893437499997 0.4861632765625 0.373455940625 0.4825191453125 0.374232203125 0.4809877546875 0.3759862625 0.48195374375 0.380748703125 0.48453704062499997 0.3822311703125 0.48738849687499997 0.3823485015625 0.493406965625 0.38052967187500003 0.4970050875 0.38195070625 0.49896900625 0.383561115625 0.5030351359375 0.38366117499999997 0.507244021875 0.38185451718749996 0.5104889109374999 0.3780921640625 0.5109198375 0.3761143421875 0.5068235328124999 0.371198225 0.503634025 0.369652484375 0.499048090625 0.3699854921875 0.4965225484375 0.37138948125
1 0.5748691609375001 0.6118885171875 0.5494753343750001 0.638836403125 0.5440489656249999 0.647067475 0.5443175124999999 0.648449025 0.547140284375 0.6498170296875 0.54942455 0.648414665625 0.5501246859375 0.648753975 0.5534462890625 0.642848721875 0.578660615625 0.6149773781250001 0.5789238171875 0.6130170671874999 0.5761010453125001 0.6116490625 0.5748691609375001 0.6118885171875
2 0.5021686421875 0.375785515625 0.5004887109375 0.3737199625 0.49460077968749994 0.37294776406249996 0.48792072500000006 0.3747291828125 0.48589824843749996 0.37416396406249997 0.48150245937499997 0.3745430171875 0.46726958593749995 0.376826659375 0.449611021875 0.3812174875 0.4475159578125 0.383541421875 0.44769404531249996 0.3844576078125 0.4505071171875 0.38582749843749997 0.47554728593749995 0.380001834375 0.485562459375 0.37901342968749996 0.4875946375 0.3795767625 0.49487749687499993 0.37768571875 0.49884169375000004 0.37834890468750004 0.5000735781250001 0.37810945 0.5021686421875 0.375785515625
1 0.525779978125 0.33961571875 0.521636278125 0.3380290734375 0.5030022734374999 0.337349909375 0.49059591874999997 0.33592806875000003 0.48988608281249996 0.3355906453125 0.491028921875 0.334893096875 0.49032737187500003 0.33454651874999997 0.49120166562499995 0.3324674234375 0.4883788953125 0.3310994171875 0.48653591875 0.33145765625 0.480661503125 0.337383721875 0.47890757187500005 0.338200053125 0.4796188203125 0.33854474687499997 0.478744528125 0.34062384375 0.4815575984375 0.341993734375 0.48955999375000003 0.3404382265625 0.50459850625 0.3422992296875 0.5220117390625 0.343223234375 0.523854715625 0.342864996875 0.5259594796875 0.340539175 0.525779978125 0.33961571875
1 0.4883788953125 0.3310994171875 0.4871470109375 0.331338871875 0.47890757187500005 0.338200053125 0.4547799546875 0.351982975 0.45399611875 0.3545274359375 0.456818890625 0.355895440625 0.45805077499999997 0.35565598593750003 0.48332122968749996 0.3411755171875 0.48594804218750004 0.33827281875000004 0.491028921875 0.334893096875 0.49032737187500003 0.33454651874999997 0.49120166562499995 0.3324674234375 0.4883788953125 0.3310994171875
0 0.49715539687500004 0.32850300468750004 0.490247453125 0.32864594999999996 0.4877245421875 0.33001169531249996 0.4850717109375 0.3299840390625 0.4832507125 0.3306624859375 0.480214371875 0.3330637421875 0.4793258890625 0.3354323453125 0.47532965000000005 0.33812583281249997 0.4743556375 0.342125915625 0.47624697187500004 0.3439843640625 0.48208839843750007 0.3449316140625 0.48543502343749995 0.343194465625 0.4909181171875 0.3379481484375 0.49565115625 0.33764691562500004 0.498003459375 0.33664635781249996 0.499013828125 0.335370878125 0.5000636359375 0.3312428703125 0.49939476406249994 0.32997686718749997 0.49715539687500004 0.32850300468750004
2 0.4541456484375 0.34540538125000003 0.46328118281249997 0.3431542109375 0.4679304734375 0.34081673125 0.471094378125 0.34067713125 0.474600828125 0.3390371984375 0.4929609421875 0.334992953125 0.49506570625 0.33266713124999997 0.49488761875 0.331750946875 0.49206484687499996 0.33038294218750003 0.48284026718749995 0.33217601874999997 0.473093640625 0.3345459703125 0.469577490625 0.3361877890625 0.4657120375 0.33598080937499997 0.46238508749999996 0.3385441984375 0.45262876093750004 0.3409160375 0.4408678265625 0.34607717656250003 0.43876165 0.34839572812499997 0.4389411515625 0.349319184375 0.4417639234375 0.35068718906249996 0.4436068984375 0.3503289515625 0.4541456484375 0.34540538125000003
3 0.4736501609375 0.4392222390625 0.4776607890625 0.45327818437499995 0.48225929375 0.4605189671875 0.48924855625 0.4964756078125 0.49075040000000003 0.4976249734375 0.4951253765625 0.5168696953125 0.49569538281250003 0.5263272875 0.495000590625 0.5293298421875 0.49733128750000005 0.541320234375 0.50424261875 0.5571968953125 0.506589771875 0.5725345359375 0.5098659359375 0.5795494078125001 0.5087395531250001 0.5835942015625 0.50842698125 0.595140046875 0.5068690078125 0.6002270828125 0.5089297453125 0.61082865625 0.5103478890625001 0.614861790625 0.5139762984375 0.6203744437500001 0.5126785859375 0.626852184375 0.51325535 0.639658909375 0.51953913125 0.65230710625 0.5175331109375 0.655089134375 0.5173109953125 0.6671003437499999 0.5221780468749999 0.6757226765625 0.5232686875 0.68459611875 0.5252088796875001 0.688052378125 0.527897165625 0.701882415625 0.5272120734375 0.70488308125 0.5278396234375 0.7081115453125 0.530046946875 0.7129420796875 0.5327366484375 0.7267793890625 0.53708165 0.7359785984375 0.5385162515624999 0.7433589796875 0.5404647296875 0.74680608125 0.5414566265625 0.7552233171875 0.544743903125 0.7622435765625 0.54636335 0.7738892765625 0.5481323265625 0.776412921875 0.5494764703125 0.7833279390625 0.5515894046875001 0.784358521875 0.55414221875 0.78433770625 0.556858075 0.7818931 0.5555139312499999 0.7749780828125 0.5537449546875 0.7724544375 0.5521158078124999 0.7608106234374999 0.54883823125 0.7537884796875 0.547846334375 0.7453712421875001 0.54589785625 0.7419241421875 0.5443742109375 0.734085665625 0.5401182515625 0.72534455 0.53742855 0.7115072421875 0.5352115265624999 0.7066785921875 0.5345839781249999 0.703450128125 0.5352787703125 0.7004475765625 0.532500025 0.6861521749999999 0.5305515468750001 0.682705075 0.52946919375 0.6738224734375 0.5244226390625 0.664276684375 0.5248324281250001 0.6565453359375 0.5272797390624999 0.65271918125 0.520636953125 0.6382240703125001 0.520149234375 0.6258754390625 0.5215277046875 0.619864946875 0.5163016484375 0.609395703125 0.5144204140624999 0.5997175859375 0.515645540625 0.5961289984375 0.5168885375000001 0.57626765625 0.5138809203125 0.5706343328125 0.511535178125 0.5553039625 0.504622434375 0.5394200328125 0.5023821953125001 0.527895003125 0.5029700734375 0.5210798390625 0.5019849328125 0.5160117343749999 0.5028578125000001 0.513925365625 0.50055033125 0.5086313515625001 0.49795250312499995 0.49526667968750004 0.49645065937500005 0.49411731249999996 0.4896408984375 0.4590841296875 0.484951934375 0.4513779828125 0.4810317640625 0.43778740000000005 0.4788587671875 0.42003135468749997 0.47962614531250003 0.4141396484375 0.47382332656250004 0.3908636765625 0.47651062499999997 0.37838082968750003 0.47062551875 0.35799590000000003 0.46745921093750004 0.331815346875 0.4638308015625 0.32630269218749997 0.464255634375 0.32191131875 0.4621441125 0.3208880078125 0.4595912984375 0.3209088234375 0.4568740296875 0.32334615625 0.45618065156250004 0.3263559828125 0.4601680640625 0.3337155484375 0.46214510156250005 0.34720089062500004 0.462088971875 0.35343729218750003 0.46628444687500004 0.37175855625 0.469039975 0.3793575765625 0.46627192031250003 0.3913731734375 0.47215408437499995 0.41510912343750006 0.47138670625 0.42100082812500006 0.4736501609375 0.4392222390625
1 0.54536989375 0.6472861140624999 0.545549396875 0.6482095703125 0.5635558546875 0.6652875468749999 0.57520551875 0.67928481875 0.5784598796875 0.6796105828125001 0.5805660578125 0.6772920328125001 0.58038655625 0.6763685765624999 0.570405709375 0.6644314703124999 0.5507304328125 0.645293328125 0.547476071875 0.6449675640625 0.54536989375 0.6472861140624999
2 0.5429564890624999 0.6841196453125 0.53487475 0.685215175 0.5146552015625 0.6862704109375 0.5125504375000001 0.6885962343750001 0.5127299390625 0.689519690625 0.515551296875 0.690880425 0.5426207015625 0.6889691109375 0.5511616015625 0.6901839734374999 0.5614288640625 0.687229871875 0.563533628125 0.68490405 0.563354125 0.6839805937500001 0.5605327671875 0.682619859375 0.5514876906249999 0.68533639375 0.5429564890624999 0.6841196453125
0 0.5620101984375 0.6808989265625 0.5528456203125 0.68279353125 0.5511320953125 0.683662375 0.5483746984375 0.6842360890625 0.5465391484375 0.6862379234375 0.546415040625 0.689069178125 0.5488760609375001 0.6919940718750001 0.5513853328125 0.6925778578124999 0.5570235921875 0.6914441625000001 0.562155790625 0.6933517921875 0.5655540734375 0.69208755 0.5665301875 0.690169765625 0.5661670890625 0.683433809375 0.5648826078125 0.6814347640625 0.5620101984375 0.6808989265625
1 0.5622799421875 0.6784543968750001 0.5610480578125 0.6786938499999999 0.5589515796875 0.6810105140625 0.5592201265625001 0.6823920640625001 0.555972521875 0.68541543125 0.5581005015625 0.689785990625 0.5617138671874999 0.69195866875 0.56636315625 0.6896211875 0.56732508125 0.6879929140625001 0.5666989453125 0.684771721875 0.5651971015624999 0.6836223546875 0.5651013 0.6798151296875 0.5622799421875 0.6784543968750001
2 0.50958726875 0.6241026296875 0.51582603125 0.6233653375 0.5321636703125 0.6187558734375 0.5344479359375 0.617353509375 0.5422611296875 0.6148764296875 0.545688234375 0.6127765187499999 0.5464623703125 0.6102339437500001 0.5436507125000001 0.6088713234375 0.5424188296875 0.609110778125 0.5407539421875 0.6103852015625 0.5329407484375001 0.6128622796875 0.5306564828125 0.6142646453125 0.51431884375 0.618874109375 0.5080800812499999 0.619611403125 0.49850325624999997 0.622906696875 0.49640819062499997 0.6252306328125 0.4965862796875 0.62614681875 0.49939935156250004 0.627516709375 0.5024742109375 0.6269190171875 0.50958726875 0.6241026296875
1 0.5180821609375 0.565991846875 0.5172025234375 0.56472908125 0.51085684375 0.5616537625 0.500540209375 0.5545661234375 0.5000195749999999 0.555150271875 0.4973763046875 0.5547057234375 0.49528124062499995 0.5570296578125 0.4963403796875 0.55921588125 0.49907269374999996 0.560118521875 0.5057662640625 0.56503536875 0.5171352812500001 0.570960096875 0.5180149187499999 0.5722228609375 0.53131736875 0.578254715625 0.5345703171875 0.5785732109375 0.53666679375 0.5762565453125 0.5356966984375 0.574528415625 0.5180821609375 0.565991846875
1 0.5793490703125 0.5626928078125 0.5865511734375 0.5603345125 0.5886573515625 0.5580159640625 0.5884778500000001 0.5570925078125 0.5856550781250001 0.5557245 0.5832010109375 0.5562015234375 0.578452975 0.5580827968750001 0.5673854203124999 0.5602341125 0.5512272859375 0.5657670312499999 0.53349471875 0.573039740625 0.5313899546874999 0.5753655625 0.5315694578125 0.57628901875 0.534392228125 0.5776570234375 0.5362352046875001 0.5772987859375001 0.5527344734375 0.570258259375 0.5688926078125001 0.5647253390625 0.5793490703125 0.5626928078125
0 0.5267504515625 0.5758372656249999 0.5261307921875 0.5777763124999999 0.5283709046875 0.5809629828125 0.532822340625 0.5813880859375 0.5351498921875 0.582331675 0.539105140625 0.5820684375 0.54595136875 0.5798472328125001 0.5480894453125 0.5763981203124999 0.546365284375 0.5728621390625 0.5448662125 0.5720895374999999 0.5418310953125001 0.5718041625 0.5397043874999999 0.5696669875 0.5380284718749999 0.569072134375 0.5357288265625 0.5693078500000001 0.5315738421875 0.571443603125 0.5267504515625 0.5758372656249999
2 0.50285979375 0.58617840625 0.5045232671875 0.5848967109375 0.50891905625 0.584517659375 0.5134793015625 0.5817220843750001 0.5174337999999999 0.5823871578125 0.5346607750000001 0.5790385734375 0.5364132921875 0.578214971875 0.539823940625 0.5727678125 0.5396444390624999 0.57184435625 0.53682308125 0.570483621875 0.535591196875 0.570723075 0.533837265625 0.57153940625 0.531921703125 0.5747868 0.517158496875 0.5776564765625001 0.5131928859375 0.5769860171875 0.507933915625 0.579449553125 0.4987093359375 0.5812426296875 0.495813978125 0.582763778125 0.49370780156249994 0.5850823296875001 0.493887303125 0.5860057859375 0.4967100734375 0.587373790625 0.50285979375 0.58617840625
1 0.5895444609375 0.753052284375 0.57555833125 0.7500283671875 0.5713255875 0.74798363125 0.570093703125 0.7482230859375 0.5679986390625 0.750547021875 0.5683562296875 0.7523866625 0.569856659375 0.7535287578125 0.5752225421875 0.754877834375 0.5944952109375 0.758790846875 0.60223581875 0.7592029218749999 0.6141090109375 0.7611962546875 0.6159519875 0.7608380171875 0.618058165625 0.7585194671875 0.6163782328125 0.7564539156250001 0.5895444609375 0.753052284375
1 0.57770995 0.7151624203125 0.574898290625 0.7137998 0.57366640625 0.7140392531249999 0.5711286375 0.7174000453125 0.5680987953125001 0.731383225 0.5621847078125 0.7468929390625 0.5623695546875 0.75115825625 0.565192325 0.7525262625 0.566424209375 0.7522868093749999 0.5685192734375 0.749962871875 0.5688550625000001 0.74511340625 0.5739964265624999 0.7321535390625 0.5779784953125 0.71654396875 0.57770995 0.7151624203125
0 0.57021903125 0.7453463171875 0.5675897015625 0.744921696875 0.563098465625 0.7457418828125 0.56145810625 0.7465210453125 0.5602710890625 0.748027059375 0.559597996875 0.750519809375 0.5610391171875 0.75363540625 0.5639461359375 0.756420784375 0.566266040625 0.7571696640625001 0.5700572765625 0.7564251750000001 0.5747687296875 0.753268184375 0.57722606875 0.752549053125 0.5806332234375 0.7487928890625 0.5803346078125 0.7471530734375 0.5786004671875 0.7454300843749999 0.5736700515625001 0.7440944609375 0.57021903125 0.7453463171875
2 0.5235227578125 0.7548834624999999 0.52141799375 0.7572092828125 0.5215960828124999 0.7581254687500001 0.5244188546874999 0.759493475 0.56764639375 0.752049240625 0.5716996359375 0.7531705203125 0.57293151875 0.752931065625 0.5750279968750001 0.7506144015625 0.573437109375 0.7490069421875 0.5739688578125001 0.7484281796875 0.56798218125 0.7471997734375 0.5235227578125 0.7548834624999999
1 0.6153703015625 0.6987565453125 0.6125572296875 0.6973866546874999 0.6100934625 0.6978655625 0.5931447328125 0.7025938093749999 0.5800614578125 0.7075290390625 0.574180284375 0.7101059734375 0.57207551875 0.71243179375 0.5722550203125001 0.7133552515625 0.5750763796875 0.7147159859375 0.5769193546875 0.714357746875 0.5946519203125 0.7070850390625 0.6134533249999999 0.7019966656250001 0.615548390625 0.6996727296875 0.6153703015625 0.6987565453125
0 0.5629524546875 0.7150578421875 0.563254865625 0.716976125 0.5653457953125 0.7191881687499999 0.5677980875 0.719737753125 0.56981460625 0.7209455453125 0.5744441046875 0.721147384375 0.578784025 0.7187719421875001 0.5817241703125 0.7150990078125 0.581940371875 0.711291503125 0.580280340625 0.7086033078125 0.5768221984374999 0.7075399124999999 0.5744459796875 0.7076924124999999 0.568935478125 0.7111405515625 0.56608834375 0.7118222609375 0.5640172265625 0.7134925828124999 0.5629524546875 0.7150578421875
2 0.5795461671875 0.7114550484375 0.579368078125 0.7105388625 0.5765453078125 0.7091708578125 0.570843634375 0.7126712484375 0.5645144125 0.7129431765625001 0.5624193484375 0.7152671125000001 0.55582158125 0.7141574890625 0.5317433359375 0.7183548796875 0.5191753515624999 0.7193640984375 0.5170705875 0.7216899203125 0.5172500890625 0.7226133765625 0.5200714468750001 0.7239741109375 0.5326394328124999 0.7229648921875 0.5560968859375001 0.718888171875 0.565337921875 0.7204423421875 0.56656980625 0.7202028890625 0.5691966171875 0.717300190625 0.5729716140625001 0.7170418078125 0.57525588125 0.7156394421875001 0.5795461671875 0.7114550484375
1 0.5995963343749999 0.663541584375 0.6003704703125 0.660999009375 0.5975574 0.6596291187500001 0.596325515625 0.6598685718749999 0.5692134984375 0.6747145515625 0.5687804953125 0.6757495203125 0.5636899140625 0.6791311265625 0.5622059421875 0.6813362781250001 0.5580787 0.68309688125 0.555972521875 0.68541543125 0.5561520234375 0.6863388890625 0.5589747953125 0.6877068937499999 0.5649450125000001 0.685588053125 0.57361604375 0.67768463125 0.5995963343749999 0.663541584375
1 0.572003921875 0.7416338312499999 0.57323580625 0.7413943765625 0.575683115625 0.7375682218749999 0.576086146875 0.726487740625 0.5780689531250001 0.7170093328125 0.573055315625 0.7141580375000001 0.5684786109375 0.7136063640625 0.568300521875 0.712690178125 0.5655667953125 0.7117802656250001 0.562402890625 0.7119198640625 0.5584551515625 0.7146039234375 0.559529334375 0.720130121875 0.5641950828125 0.7211398906250001 0.565426965625 0.7209004359375 0.56752203125 0.7185764984375 0.5714876421875 0.7192469578125 0.5700090140625 0.7247939703124999 0.569958228125 0.7343722328125 0.5689223046875 0.7388823906249999 0.56919085 0.740263940625 0.572003921875 0.7416338312499999
1 0.536391490625 0.5715258640624999 0.5351596078124999 0.57176531875 0.5330534296875 0.5740838671875 0.5351538390624999 0.5947290671875 0.5351935125 0.60477269375 0.5375967953125 0.613873934375 0.540418153125 0.6152346671875 0.5416500375 0.6149952140625 0.543746515625 0.61267855 0.5413432312500001 0.603577309375 0.5397416546875 0.575658853125 0.5392031484375 0.5728884828125 0.536391490625 0.5715258640624999
0 0.5422881187499999 0.6180707078125 0.5469441390625 0.6179429125 0.549312434375 0.6167656874999999 0.5527032390625 0.611578953125 0.552598178125 0.6101580796875 0.5513564296875 0.6088449640625 0.5408271109375 0.6076544015625001 0.53863230625 0.6081187578125 0.537200853125 0.6091440640625 0.5350353953125 0.6119344453125 0.53541185625 0.615890859375 0.5396825671875 0.6180791375 0.5422881187499999 0.6180707078125
1 0.5950147109375 0.6137151625 0.5841101984375 0.6134426875 0.5502484796875 0.609980946875 0.5455827328125 0.6089711796875 0.5453141875 0.6075896296875001 0.5431122078125 0.6061009546875 0.5410897296875 0.6055357359375 0.5386259625 0.60601464375 0.5362526515625 0.606958915625 0.534156175 0.60927558125 0.534515178125 0.61112249375 0.5360156078125 0.6122645875 0.5400605640625 0.6133950265625 0.5837744093749999 0.6182921515625 0.5973221921875 0.6190091765625 0.598554075 0.618769721875 0.6006491406250001 0.6164457875 0.5989692078125 0.614380234375 0.5950147109375 0.6137151625
2 0.55398338125 0.645611821875 0.5511620234375 0.6442510875 0.534465384375 0.6470136390625 0.5273537390625 0.649837296875 0.5010009281250001 0.6554351656249999 0.4988961640625 0.6577609875 0.499074253125 0.6586771734375 0.501897025 0.6600451781250001 0.5191142984375 0.6566984796875001 0.5330869125000001 0.6530241296875 0.535982271875 0.65150298125 0.55205811875 0.6488611 0.5541628828125 0.646535278125 0.55398338125 0.645611821875
0 0.54524000625 0.6417499234374999 0.5432513640625001 0.64322310625 0.54276789375 0.6452413265625 0.5412039375 0.64719036875 0.542493075 0.65045624375 0.5431195734375 0.6526435562499999 0.5459685624999999 0.654353584375 0.5478403859375 0.654299125 0.554144003125 0.652341859375 0.5596099390625 0.6495966203125 0.561132128125 0.647225575 0.5605069625 0.6442683046875 0.559439175 0.6431251203125 0.5566339453125 0.6420027234375 0.5537839015625 0.6418926640625 0.5504957312500001 0.6406679453125 0.54524000625 0.6417499234374999
1 0.5796630578124999 0.5511542328125 0.5779817125 0.5490814109375 0.5740272140625 0.5484163375 0.5704152625 0.54625093125 0.5523744796875001 0.5420984640625 0.54066433125 0.5376813406250001 0.5301009515625 0.5359012609375 0.5280058859375 0.538225196875 0.52967611875 0.5402926328125 0.5364630874999999 0.5423238265625 0.5376852703125 0.5420862578125 0.5473743578125 0.545945434375 0.5486062406250001 0.5457059796875 0.559517509375 0.5493275890625 0.5681460406250001 0.550993271875 0.5730706343749999 0.5533864734375 0.5775568796874999 0.553472784375 0.5796630578124999 0.5511542328125
0 0.5214931765624999 0.5346012984375 0.5230605546875 0.5418879578125 0.5278228265625 0.5446371921875001 0.5323443812499999 0.5437658359374999 0.5361768015624999 0.543285 0.53953254375 0.5413876125 0.5425643671875 0.53813453125 0.54193900625 0.5351244765625001 0.5403846171875 0.534015509375 0.5363994125 0.5332960359375 0.5328779156250001 0.5342371109374999 0.5324219125 0.5324090531250001 0.5304041749999999 0.531246775 0.5237018671875 0.531877971875 0.522042634375 0.5331814828125 0.5214931765624999 0.5346012984375