2 0.4544921875 0.3163296703125 0.44891601562499994 0.3172600734375 0.446435546875 0.31912087968749997 0.446435546875 0.32004395625000004 0.44891601562499994 0.3219047625 0.4544921875 0.32097435937499996 0.548603515625 0.3219047625 0.5628515625 0.3205128203125 0.57337890625 0.3186520140625 0.5770898437499999 0.3163296703125 0.5770898437499999 0.3153992671875 0.574609375 0.3135457875 0.57275390625 0.3135457875 0.5684179687500001 0.3149377296875 0.54798828125 0.3172600734375 0.4544921875 0.3163296703125
1 0.57275390625 0.31772161250000003 0.571513671875 0.32004395625000004 0.573994140625 0.3219047625 0.575234375 0.3219047625 0.58328125 0.3186520140625 0.595048828125 0.31586813125 0.622294921875 0.30750183125 0.626005859375 0.3051794875 0.626005859375 0.3042564109375 0.623525390625 0.3023956046875 0.6216699218749999 0.3023956046875 0.5956640625 0.31075457812499996 0.5838964843750001 0.3135457875 0.57275390625 0.31772161250000003
1 0.5603710937499999 0.33723076875 0.5628515625 0.339091575 0.56408203125 0.339091575 0.5665625000000001 0.33723076875 0.5678027343750001 0.3339853484375 0.575234375 0.3228351640625 0.575849609375 0.3205128203125 0.57337890625 0.3186520140625 0.572138671875 0.3186520140625 0.570283203125 0.3195824171875 0.5603710937499999 0.335838828125 0.5603710937499999 0.33723076875
0 0.574228515625 0.327384615625 0.57873046875 0.325472528125 0.582685546875 0.318930403125 0.583330078125 0.3158534796875 0.582138671875 0.3140293046875 0.576806640625 0.31018314999999996 0.5706640625 0.30815384687499997 0.567666015625 0.308791209375 0.56517578125 0.3106520140625 0.563486328125 0.3143296703125 0.563310546875 0.3183956046875 0.567734375 0.3258534796875 0.570634765625 0.32718681250000003 0.574228515625 0.327384615625
0 0.5683203125 0.7532674 0.5723046875 0.7533553109375 0.574072265625 0.752791209375 0.576318359375 0.7505421250000001 0.57654296875 0.748117215625 0.5790136718750001 0.7442197796875 0.57962890625 0.741025640625 0.578623046875 0.7371868125 0.5763671875 0.7361245421875 0.56931640625 0.736 0.56494140625 0.7375750921875001 0.5619921875 0.7404468859375 0.561484375 0.742608059375 0.562177734375 0.745435896875 0.565810546875 0.7522051281250001 0.5683203125 0.7532674
1 0.565322265625 0.7408937734375 0.5678027343750001 0.742754578125 0.56904296875 0.742754578125 0.571513671875 0.7408937734375 0.570283203125 0.713025640625 0.569658203125 0.7051282046875 0.5671875 0.7032674 0.565947265625 0.7032674 0.563466796875 0.7051282046875 0.56470703125 0.736249084375 0.565322265625 0.7408937734375
1 0.563466796875 0.748791209375 0.55603515625 0.7622637359375 0.553564453125 0.764117215625 0.548603515625 0.7706227109375 0.548603515625 0.7715531140625 0.5510839843750001 0.77340659375 0.5541796875 0.7724761906250001 0.558515625 0.7678315015625 0.558515625 0.766908425 0.5616113281249999 0.7645860812499999 0.565947265625 0.7552893765625 0.5684179687500001 0.7515750921875 0.571513671875 0.749252746875 0.574609375 0.7422857140625 0.572138671875 0.7404249078125 0.5708984375 0.7404249078125 0.56904296875 0.7413553109375 0.565947265625 0.746930403125 0.563466796875 0.748791209375
0 0.55904296875 0.641245421875 0.5611914062500001 0.643663003125 0.56669921875 0.6476923078125 0.5688671875 0.6482417578125 0.57216796875 0.64786080625 0.57408203125 0.64695238125 0.5750097656250001 0.64540659375 0.575400390625 0.6426446890624999 0.5747753906249999 0.641252746875 0.576220703125 0.6358315015625 0.5753808593749999 0.6326886453125 0.57392578125 0.63104029375 0.5708203125 0.629926740625 0.56884765625 0.6299413921875 0.5656640625 0.631025640625 0.562265625 0.6310109890625 0.5591015625 0.6330109890625 0.557939453125 0.635750915625 0.55904296875 0.641245421875
1 0.54984375 0.6140805859375 0.558515625 0.6317362640625 0.5616113281249999 0.636380953125 0.56470703125 0.6373040296875 0.5671875 0.6354505500000001 0.5665625000000001 0.6331282046875 0.56408203125 0.6298754578125 0.5504687500000001 0.602930403125 0.547373046875 0.6001465203125 0.5461328125 0.6001465203125 0.54365234375 0.6020073265625 0.5461328125 0.60850549375 0.54984375 0.6140805859375
1 0.5628515625 0.6479926734375 0.553564453125 0.6651794875 0.546748046875 0.6753992671875 0.546748046875 0.6763296703125 0.5492285156250001 0.67818315 0.55232421875 0.677252746875 0.5597558593749999 0.666109890625 0.571513671875 0.6433479859375 0.5708984375 0.636842490625 0.5684179687500001 0.634981684375 0.5671875 0.634981684375 0.56470703125 0.636842490625 0.565322265625 0.6424175828124999 0.5628515625 0.6479926734375
0 0.57078125 0.5375091578125 0.573095703125 0.5348498171875 0.572880859375 0.5313260078125001 0.5744921875 0.5292380953125 0.5721777343750001 0.5235750921875 0.56876953125 0.521655678125 0.5665820312500001 0.5213919406249999 0.562392578125 0.5229230765625 0.5596582031249999 0.5231868125 0.557744140625 0.5243956046875 0.553544921875 0.5246666671875 0.55150390625 0.525435896875 0.55029296875 0.52750183125 0.551435546875 0.530908425 0.556630859375 0.534153846875 0.557744140625 0.5355164828125 0.562470703125 0.537926740625 0.5683984375 0.5382344328124999 0.57078125 0.5375091578125
1 0.5789453124999999 0.5053846156249999 0.5622265625 0.52768498125 0.5622265625 0.528615384375 0.56470703125 0.5304688640624999 0.5678027343750001 0.5295384609375 0.56904296875 0.5281465203125 0.5789453124999999 0.513750915625 0.5857617187499999 0.50631501875 0.5919531250000001 0.50213186875 0.5956640625 0.49795604375 0.6037109375 0.49191941406249995 0.6043359374999999 0.49005860781250005 0.60185546875 0.48819780156250003 0.600615234375 0.48819780156250003 0.5938085937500001 0.49238095312499996 0.59009765625 0.496564103125 0.5789453124999999 0.5053846156249999
3 0.511455078125 0.3753260078125 0.51083984375 0.39483516406249997 0.5077441406250001 0.4236337 0.5077441406250001 0.444073259375 0.5083593750000001 0.4626520140625 0.513310546875 0.48587545781249997 0.511455078125 0.51049816875 0.513310546875 0.53604395625 0.5120703125 0.57877655625 0.5120703125 0.6433479859375 0.51455078125 0.6856190468750001 0.515166015625 0.7339267406250001 0.51826171875 0.77945055 0.520126953125 0.780842490625 0.52259765625 0.7813040296875 0.5256933593750001 0.77945055 0.5256933593750001 0.7738754578125 0.52259765625 0.7339267406250001 0.521982421875 0.6856190468750001 0.519501953125 0.6428791203124999 0.519501953125 0.57877655625 0.5207421875 0.5355824171875 0.5188867187499999 0.51049816875 0.5207421875 0.48587545781249997 0.515791015625 0.4626520140625 0.515166015625 0.4436043953125 0.515166015625 0.4236337 0.51826171875 0.39483516406249997 0.5188867187499999 0.3469890109375 0.51640625 0.2921758234375 0.51455078125 0.2907838828125 0.5120703125 0.29031501875 0.5089746093749999 0.2921758234375 0.511455078125 0.3469890109375 0.511455078125 0.3753260078125
2 0.44891601562499994 0.4148058609375 0.473681640625 0.4148058609375 0.4959765625 0.4161978015625 0.5411718750000001 0.41712820468749995 0.565947265625 0.4157362640625 0.5684179687500001 0.4138754578125 0.5684179687500001 0.41295238124999994 0.565947265625 0.41109157500000004 0.5603710937499999 0.41109157500000004 0.55666015625 0.412021978125 0.52755859375 0.4124835171875 0.47430664062499994 0.410161171875 0.44891601562499994 0.410161171875 0.446435546875 0.412021978125 0.446435546875 0.41295238124999994 0.44891601562499994 0.4148058609375
1 0.563466796875 0.414344321875 0.565947265625 0.4161978015625 0.5671875 0.4161978015625 0.569658203125 0.414344321875 0.570283203125 0.412021978125 0.571513671875 0.39483516406249997 0.571513671875 0.388791209375 0.56904296875 0.3869377296875 0.5678027343750001 0.3869377296875 0.565322265625 0.388791209375 0.563466796875 0.412021978125 0.563466796875 0.414344321875
1 0.572138671875 0.42502564062500003 0.5795703125 0.439428571875 0.582041015625 0.44639560468750006 0.584521484375 0.448249084375 0.5857617187499999 0.448249084375 0.588232421875 0.44639560468750006 0.588232421875 0.4450036625 0.5795703125 0.42595604375 0.5764746093750001 0.42177289375000004 0.56904296875 0.4161978015625 0.565947265625 0.415274725 0.563466796875 0.41712820468749995 0.563466796875 0.4180586078125 0.572138671875 0.42502564062500003
0 0.56701171875 0.42378022031249996 0.5689160156249999 0.42367765625000003 0.5734765625 0.42050549375 0.574052734375 0.418608059375 0.5724218750000001 0.41109157500000004 0.57115234375 0.4096923078125 0.56828125 0.4087619046875 0.56666015625 0.40649816875000006 0.56228515625 0.4057435890625 0.559228515625 0.40649816875000006 0.5567089843749999 0.408527471875 0.555126953125 0.411274725 0.555185546875 0.4148058609375 0.5568164062500001 0.41759707031250004 0.5635449218749999 0.422747253125 0.56701171875 0.42378022031249996
2 0.446435546875 0.5253626375 0.46439453124999996 0.5281465203125 0.5424121093750001 0.5309377296875 0.56470703125 0.5309377296875 0.5671875 0.5290769234375 0.5671875 0.5281465203125 0.56470703125 0.5262930406249999 0.52322265625 0.5258241765625 0.47244140625000003 0.5239633703125001 0.46439453124999996 0.52350183125 0.446435546875 0.5207179484375 0.44396484375 0.522571428125 0.44396484375 0.52350183125 0.446435546875 0.5253626375
2 0.45510742187500003 0.63777289375 0.47677734374999997 0.6400952375 0.507119140625 0.6414871796875 0.54365234375 0.6414871796875 0.56408203125 0.6391648359375 0.5665625000000001 0.6387032968749999 0.56904296875 0.636842490625 0.56904296875 0.6359120875000001 0.5665625000000001 0.6340586078125 0.54365234375 0.636842490625 0.507119140625 0.636842490625 0.47740234375 0.6354505500000001 0.45510742187500003 0.6331282046875 0.45262695312499995 0.634981684375 0.45262695312499995 0.6359120875000001 0.45510742187500003 0.63777289375
2 0.468115234375 0.7432161171875 0.46192382812500005 0.742754578125 0.4544921875 0.7408937734375 0.45201171875 0.742754578125 0.45201171875 0.74367765625 0.4544921875 0.7455384609375 0.46068359374999995 0.7473992671875 0.46749023437500004 0.7478608062500001 0.513935546875 0.7478608062500001 0.55232421875 0.7455384609375 0.572138671875 0.7432161171875 0.574609375 0.7413553109375 0.574609375 0.7404249078125 0.572138671875 0.738571428125 0.56904296875 0.738571428125 0.5461328125 0.7413553109375 0.5003124999999999 0.74367765625 0.468115234375 0.7432161171875