2 0.543857284375 0.340570775 0.548221934375 0.3379463796875 0.5482408140625 0.336864771875 0.5453925 0.3346597015625 0.5432337375 0.3346220203125 0.53816080625 0.33615211718750004 0.514344575 0.338436984375 0.40558457187499997 0.335456634375 0.3990780421875 0.33642500000000003 0.3961543609375 0.3385378390625 0.3961356296875 0.3396109296875 0.39898379375 0.3418245171875 0.405490321875 0.340856153125 0.5149661265625001 0.343848996875 0.531571390625 0.34252019843750003 0.543857284375 0.340570775
1 0.6053787078124999 0.3249044375 0.6025305421875 0.32269085 0.6003717796875 0.32265316875 0.56994540625 0.3318424640625 0.556197671875 0.33484830625 0.543149003125 0.339476475 0.541658915625 0.3421510484375 0.54450708125 0.3443646359375 0.54595004375 0.3443898234375 0.5553782578125 0.340771875 0.56912584375 0.33777455 0.6009953265625 0.3286019234375 0.6053599765625 0.325977528125 0.6053787078124999 0.3249044375
1 0.5424143234375001 0.3405455890625 0.54023668125 0.3415895140625 0.5283744765625 0.3602865296875 0.52834623125 0.3619046828125 0.5311943953125 0.3641182703125 0.532625996875 0.364143259375 0.5355496796875 0.36203041874999997 0.5370584968750001 0.35828275625 0.5459311640625 0.3454714296875 0.5466940874999999 0.342784165625 0.543857284375 0.340570775 0.5424143234375001 0.3405455890625
0 0.5344756171875 0.33110406875 0.5324353828125 0.3353450875 0.5321483640625 0.3400682234375 0.5371439734375001 0.348827953125 0.540491403125 0.350436875 0.5446685718750001 0.3507398046875 0.549945209375 0.3486084015625 0.5546795312499999 0.3410834078125 0.555491853125 0.3375195296875 0.5541427171875 0.33537470156250004 0.5480171625 0.3307952078125 0.5409117015625 0.32831136875 0.5374106640625 0.32899142656249997 0.5344756171875 0.33110406875
0 0.5388627734375 0.8259493578124999 0.5306620046875 0.8256613859374999 0.5255399093750001 0.8274036046875001 0.5220503390625 0.8306822140625 0.5214156671875 0.8331842953124999 0.5221649796875 0.8364857812500001 0.52625425 0.8444288859375 0.5291527046875 0.8457147609375 0.5337865765625 0.845897875 0.5358545296874999 0.8452779953125 0.5385134046875 0.8427090156249999 0.538823934375 0.8398945859375001 0.5417775828125 0.8354139359375001 0.5425581984375001 0.8317131953124999 0.5414658171875 0.8272300765624999 0.5388627734375 0.8259493578124999
1 0.524482665625 0.7896536796875 0.52529413125 0.8258573421875001 0.52591568125 0.8312693546875 0.528763846875 0.8334829421875 0.5302068078125 0.8335081296875 0.5331191296875 0.8313950906249999 0.5322530234375 0.79897299375 0.5316861140625 0.7897794171875 0.5288493109375 0.7875660265625 0.5274063484375 0.7875408390625 0.524482665625 0.7896536796875
1 0.51746855 0.8613735359374999 0.5211173984374999 0.8587366453125 0.52635073125 0.8480171484374999 0.5293006625000001 0.8437494125 0.5329495109375 0.841112521875 0.536692609375 0.8330761109375 0.53385580625 0.8308627234375001 0.53241284375 0.8308375359375001 0.5302352015625 0.8318814609375 0.52652035 0.8382997187499999 0.523596665625 0.8404125578125001 0.5146768749999999 0.85592364375 0.511764703125 0.858028165625 0.5058608453125 0.8654901484374999 0.5058419671875 0.8665717562499999 0.50869028125 0.8687768281249999 0.5123108843749999 0.8677580890625001 0.5174498187500001 0.8624466265624999 0.51746855 0.8613735359374999
0 0.5389358984375 0.7156271875 0.5407274671875 0.7093542625 0.5398141171875 0.7056835890625 0.5381546421875 0.70373780625 0.5345641515625 0.70238021875 0.53226875 0.702357190625 0.5285427671875 0.7035529921875 0.524589121875 0.7034669421874999 0.5208672796875 0.7057277140625 0.519459615625 0.70888931875 0.5206320171875001 0.715299171875 0.5230825796875 0.718153278125 0.5294089328125 0.72294925625 0.531920125 0.7236320296875001 0.5357681796875 0.7232562 0.5380135484374999 0.7222390140625 0.5391242953125001 0.7204608546875 0.539634815625 0.7172580328125 0.5389358984375 0.7156271875
1 0.5078885093750001 0.66728410625 0.506445546875 0.66725891875 0.503521865625 0.6693717578125 0.506275928125 0.6769763484375 0.510480325 0.6835328359374999 0.52021143125 0.7042339296875 0.5237189078125 0.709696315625 0.5273019015625 0.710832275 0.5302254343749999 0.7087279515625 0.5295453984375 0.7060155 0.5267254765625 0.702183759375 0.51143374375 0.670583278125 0.5078885093750001 0.66728410625
1 0.5345147140625001 0.710421465625 0.5316665484375 0.708207878125 0.5302349484375 0.7081828890625 0.5273112671875 0.7102957296875 0.5279139374999999 0.7167893484375 0.524926246875 0.7232202984375 0.5137723234375 0.7430116140624999 0.5056343359375 0.7547538281249999 0.5056154562499999 0.7558354359375 0.5084637703125 0.75804050625 0.5120843734375 0.7570217671874999 0.5209568921875001 0.7442189578125 0.5350985046875001 0.7179966921875 0.5345147140625001 0.710421465625
0 0.5237434359375001 0.578066815625 0.5214919734375 0.57943318125 0.516600853125 0.579663015625 0.51421060625 0.5805158078125 0.5127598078125 0.5828928953125 0.514020025 0.5868763140625 0.519998703125 0.590754671875 0.5212663109375 0.592361365625 0.526716565625 0.5952593109375 0.533606996875 0.595737390625 0.5363940203124999 0.5949426390625 0.5391407546875 0.59189811875 0.5389622968750001 0.5877972765624999 0.540879378125 0.5854027703125 0.53830151875 0.5787724453124999 0.5343751625000001 0.5764718828125 0.531835446875 0.5761208609375 0.5269301203125 0.5778157484374999 0.5237434359375001 0.578066815625
1 0.5617445 0.5542459875 0.5661467578125 0.5494668953125 0.5756314625 0.5426126421874999 0.5763963828125 0.540462121875 0.57354821875 0.5382485328125 0.57210525625 0.5382233453125 0.564101125 0.5429480875 0.559698715625 0.5477356984374999 0.5465444374999999 0.5577631875 0.526640340625 0.5833481609375 0.5266214609375 0.5844297671875001 0.529469775 0.5866348390625 0.533090378125 0.5856161 0.534561584375 0.584023134375 0.5463746703125001 0.5674891343749999 0.55445616875 0.558983225 0.5617445 0.5542459875
3 0.46724885625 0.641724275 0.4659385875 0.7167895015625 0.46796675624999995 0.7659806015624999 0.4677023078125 0.822151490625 0.47038027343750005 0.8751364515625 0.472522153125 0.8767924828125 0.47538735 0.8773792046875 0.47902668281249994 0.8752873749999999 0.47913981093749997 0.8688062499999999 0.47634871875 0.8223024156250001 0.47661316718749996 0.766131525 0.47459451093749994 0.7163953640625 0.475895265625 0.6418751984375 0.47821471249999997 0.5916865703124999 0.47656495468750004 0.5624880828125 0.4792233546875 0.5339015046875 0.4739341140625 0.5068033640625 0.4735934609375 0.4846475375 0.4739987015625 0.4614313109375 0.4781848 0.42801546406249996 0.47988284375 0.3724063046875 0.478109175 0.308634803125 0.47597865937500006 0.3069789703125 0.47310225 0.306383534375 0.469462765625 0.3084838796875 0.471236434375 0.37225538125 0.47066142656250004 0.405197553125 0.4695497515625 0.42786473750000004 0.465363653125 0.46128058593750004 0.4649488984375 0.48504187187500003 0.465287703125 0.506652440625 0.4705769453125 0.53375058125 0.46791854375 0.562337159375 0.4695589375 0.5920721906249999 0.46724885625 0.641724275
2 0.5268474656250001 0.44776894531250006 0.5225110609375 0.44877518906249997 0.4886432171875 0.448720734375 0.4267338703125 0.44493952031250006 0.397192915625 0.44442388125 0.39426923281250004 0.4465367203125 0.394250353125 0.4476183265625 0.397098665625 0.4498233984375 0.425912459375 0.45032634531250004 0.4518234453125 0.45239726874999997 0.5043874640625 0.4543967140625 0.5332408640625 0.45328170468750006 0.5361531859374999 0.45116866875 0.536171915625 0.4500955765625 0.5333351125 0.44788218750000003 0.5268474656250001 0.44776894531250006
1 0.5359839984375 0.41984067031250005 0.5330604640625001 0.4219449953125 0.530430309375 0.44891342031250003 0.530383184375 0.45161317968750003 0.5332314984375001 0.45381825156250005 0.534674459375 0.4538434390625 0.5375866328125001 0.451738915625 0.5383609203125 0.44905185000000003 0.5401412703124999 0.4290969171875 0.5402639125 0.42207073125 0.5374269609375 0.4198658578125 0.5359839984375 0.41984067031250005
1 0.5453665046875 0.46051316875000003 0.536833221875 0.45388112031250005 0.5332502296875 0.45274516093750006 0.5303266953125 0.45484948437500006 0.530307815625 0.45593109218750005 0.5402558140625 0.4642064796875 0.5486099624999999 0.48110101875 0.5513431515625 0.48925047343749994 0.554191465625 0.49145554375 0.5556344281250001 0.49148073124999997 0.5585466015625 0.48937620937500004 0.5585748453125 0.48775805625 0.54888334375 0.465439009375 0.5453665046875 0.46051316875000003
0 0.52918291875 0.44159070468749995 0.52561133125 0.44240583906250003 0.52263878125 0.44471376874999996 0.5207424046875 0.4478753609375 0.5207389234375001 0.4519815484375 0.5225797234375 0.45525948749999995 0.5303035703125001 0.4613832953125 0.5343160859375 0.4626545390625 0.5365337390625 0.4625739796875 0.5419041171875 0.4589789125 0.542612971875 0.4567848171875 0.54086805625 0.448013675 0.5394194031249999 0.446361225 0.53609788125 0.4452213109375 0.534257740625 0.44255676250000003 0.52918291875 0.44159070468749995
2 0.4222544984375 0.5771983515625 0.41290165312499993 0.5764983890625001 0.3920636 0.5728973703125 0.3891514265625 0.5750018906250001 0.389132546875 0.5760834984375001 0.39196935 0.5782968875 0.4128074046875 0.5818979078125001 0.5035210296875 0.5867271296875 0.5294602609375 0.5871799 0.53238394375 0.5850670609375 0.5324028234375 0.583985453125 0.5295545109375001 0.5817803828125 0.48129864843750003 0.5803928453125 0.4222544984375 0.5771983515625
2 0.52952651875 0.70709710625 0.5028149984375 0.7098681453125 0.46031010937500005 0.7091262203124999 0.425764075 0.706904571875 0.3998719671875 0.7037520421875 0.396948434375 0.7058563640625 0.3969295546875 0.706937971875 0.39977771875 0.709151559375 0.4249426640625 0.712291396875 0.460215859375 0.7145257375 0.5027207484375 0.7152676640625 0.5265369796875 0.7129827953125 0.52943226875 0.712496625 0.5323559515625 0.710383784375 0.5323748312500001 0.709302178125 0.52952651875 0.70709710625
2 0.46598795937500004 0.8383250562500001 0.5106987359375 0.8364049046875 0.5337991671875 0.8341075421875 0.5367114890625 0.83199450625 0.5367303671875 0.8309128984375 0.5338934156249999 0.8287080250000001 0.530291690625 0.82864515625 0.5035801703125 0.831416196875 0.45022298593750004 0.8331854249999999 0.4127721484375 0.8319950078125 0.405578065625 0.8313327265625 0.396969415625 0.8290185890625 0.39404573125 0.8311314296875001 0.3940270015625 0.8322045203125 0.39687516562499997 0.83441810625 0.40404085468749995 0.8367070578125 0.41195073750000005 0.8373818343749999 0.46598795937500004 0.8383250562500001