0 0.44232421874999994 0.5339853484375 0.442001953125 0.536564103125 0.443935546875 0.5403003656250001 0.44729492187500003 0.5431941390625 0.455078125 0.543472528125 0.458408203125 0.54222710625 0.462939453125 0.5381831499999999 0.463134765625 0.536476190625 0.46172851562500006 0.5347838828125 0.45814453125 0.5340879125 0.45602539062499997 0.53259340625 0.45295898437500004 0.532527471875 0.45120117187500003 0.5316043953125 0.44935546875 0.5314652015625 0.44432617187499995 0.5324175828125 0.44232421874999994 0.5339853484375
1 0.403095703125 0.67818315 0.40619140624999994 0.6777216125 0.46068359374999995 0.6577435890625 0.46192382812500005 0.6554212453125 0.45944335937499997 0.653567765625 0.458203125 0.653567765625 0.40185546875 0.674 0.400615234375 0.6763296703125 0.403095703125 0.67818315
1 0.411767578125 0.5778534796875 0.4210546875 0.5792454218749999 0.439013671875 0.5843516484375 0.44953125 0.5885347984375 0.453251953125 0.59131868125 0.45634765625 0.5917875453125 0.458828125 0.589926740625 0.457587890625 0.588065934375 0.458203125 0.5876043953125001 0.453251953125 0.5848205125 0.44148437500000004 0.5801758234375 0.42415039062500004 0.5750622703125 0.411767578125 0.573201465625 0.409287109375 0.5750622703125 0.409287109375 0.5759926734375 0.411767578125 0.5778534796875
1 0.469345703125 0.58249816875 0.468115234375 0.58249816875 0.458203125 0.588065934375 0.456962890625 0.588065934375 0.457587890625 0.5885347984375 0.45634765625 0.590388278125 0.458828125 0.592249084375 0.46192382812500005 0.5917875453125 0.46501953125 0.5894652015624999 0.47306640624999996 0.5862124546875 0.47801757812499995 0.58295970625 0.48544921875 0.5801758234375 0.49288085937500004 0.5759926734375 0.499072265625 0.5708791203125 0.499072265625 0.56995604375 0.49659179687500005 0.5680952375 0.494736328125 0.5680952375 0.48173828125 0.5764542125000001 0.47430664062499994 0.5792454218749999 0.469345703125 0.58249816875
1 0.456962890625 0.541619046875 0.46624999999999994 0.5485860812500001 0.47430664062499994 0.5588058609375001 0.47740234375 0.5597362640625 0.479873046875 0.5578754578125 0.479873046875 0.5569450546875 0.471826171875 0.5462637359375 0.461298828125 0.5383663000000001 0.45386718750000005 0.5355824171875 0.451396484375 0.537435896875 0.45262695312499995 0.5397582421875 0.456962890625 0.541619046875
1 0.43529296874999995 0.5169963375 0.442724609375 0.5337216125 0.445205078125 0.537435896875 0.44830078125000006 0.5383663000000001 0.450771484375 0.53650549375 0.450771484375 0.5355824171875 0.44830078125000006 0.53186080625 0.445205078125 0.52350183125 0.43653320312500005 0.5081758234375 0.43529296874999995 0.50677655625 0.432197265625 0.5058534796874999 0.42971679687500003 0.507706959375 0.42971679687500003 0.5086373625 0.43529296874999995 0.5169963375
1 0.44024414062500006 0.5002783875000001 0.4371484375 0.5039926734375 0.43034179687499996 0.5091062265625 0.42971679687500003 0.51095970625 0.432197265625 0.5128205125 0.43529296874999995 0.511890109375 0.44024414062500006 0.5086373625 0.44333984375 0.5049230765625 0.45262695312499995 0.49795604375 0.45634765625 0.49377289375 0.46005859375 0.49098901093749997 0.463154296875 0.49005860781250005 0.4625390625 0.48958974375000003 0.463779296875 0.4877362640625 0.461298828125 0.48587545781249997 0.46005859375 0.48587545781249997 0.4544921875 0.48819780156250003 0.450771484375 0.49238095312499996 0.44024414062500006 0.5002783875000001
1 0.440869140625 0.463113553125 0.44210937499999997 0.46636629999999996 0.451396484375 0.4784468859375 0.4544921875 0.48402197812500003 0.457587890625 0.48587545781249997 0.458203125 0.4872674 0.461298828125 0.4877362640625 0.463779296875 0.48587545781249997 0.463154296875 0.4835531140625 0.46005859375 0.48169963437499996 0.458203125 0.4793772890625 0.44767578124999996 0.4645128203125 0.442724609375 0.45568498125 0.44148437500000004 0.454293040625 0.438388671875 0.4533626375 0.43591796875 0.45521611718750005 0.43591796875 0.45614652031249997 0.440869140625 0.463113553125
1 0.46624999999999994 0.40505494531249997 0.458203125 0.41295238124999994 0.458203125 0.4138754578125 0.44953125 0.4231648359375 0.44953125 0.4240952375 0.4458203125 0.42688644687500005 0.445205078125 0.429208790625 0.44767578124999996 0.43106227031250005 0.45015625000000004 0.43013919375 0.450771484375 0.4306007328125 0.463154296875 0.4166666671875 0.463154296875 0.4157362640625 0.468115234375 0.41109157500000004 0.468115234375 0.410161171875 0.4712109375 0.40783882812499994 0.471826171875 0.4055164828125 0.469345703125 0.403655678125 0.468115234375 0.403655678125 0.46687500000000004 0.40458608125 0.46624999999999994 0.4041245421875 0.46624999999999994 0.40505494531249997
1 0.43158203124999994 0.437567765625 0.42352539062499994 0.4436043953125 0.41857421875 0.44592674062500004 0.41919921875000005 0.44639560468750006 0.41795898437499995 0.448249084375 0.4204296875 0.450109890625 0.42352539062499994 0.4496483515625 0.434677734375 0.441750915625 0.44891601562499994 0.43524542187500004 0.45015625000000004 0.43292307656249995 0.44767578124999996 0.43106227031250005 0.446435546875 0.43106227031250005 0.43529296874999995 0.43570695937500004 0.4328125 0.437567765625 0.43158203124999994 0.437567765625
1 0.469970703125 0.365567765625 0.473681640625 0.36649816875 0.476162109375 0.36882051250000003 0.47740234375 0.36882051250000003 0.48978515624999996 0.3753260078125 0.49102539062500006 0.3767179484375 0.4996875 0.380432234375 0.5040234375 0.38368498125 0.507119140625 0.38414652031249996 0.509599609375 0.38229304062499997 0.5083593750000001 0.380432234375 0.5089746093749999 0.3799706953125 0.507119140625 0.37950183125 0.505263671875 0.3776483515625 0.50216796875 0.3767179484375 0.488544921875 0.36882051250000003 0.48173828125 0.3660366296875 0.47677734374999997 0.36231501875 0.469970703125 0.3609230765625 0.46749023437500004 0.36278388281249996 0.46749023437500004 0.3637142859375 0.469970703125 0.365567765625
1 0.432197265625 0.3799706953125 0.43095703125 0.3799706953125 0.43158203124999994 0.380432234375 0.43034179687499996 0.38229304062499997 0.4328125 0.38414652031249996 0.43591796875 0.38368498125 0.444580078125 0.378109890625 0.446435546875 0.3776483515625 0.450771484375 0.37392674062500003 0.45262695312499995 0.3734652015625 0.456962890625 0.37021245468749997 0.463779296875 0.36649816875 0.46501953125 0.36649816875 0.46439453124999996 0.3660366296875 0.46563476562500006 0.3641758234375 0.463154296875 0.36231501875 0.46192382812500005 0.36231501875 0.45386718750000005 0.3660366296875 0.43962890625 0.3757875453125 0.432197265625 0.3799706953125
1 0.439013671875 0.314476190625 0.43405273437499997 0.31772161250000003 0.428486328125 0.32004395625000004 0.42415039062500004 0.323296703125 0.42352539062499994 0.325157509375 0.426005859375 0.327018315625 0.42724609375 0.327018315625 0.4328125 0.323296703125 0.45573242187499996 0.312153846875 0.456962890625 0.3098315015625 0.4544921875 0.3079706953125 0.453251953125 0.3079706953125 0.44333984375 0.312153846875 0.44024414062500006 0.314476190625 0.439013671875 0.314476190625
0 0.47531249999999997 0.7162344328125 0.479091796875 0.7146373625 0.48121093750000005 0.7109010984374999 0.477431640625 0.70631501875 0.47344726562500006 0.7058974359375 0.4715234375 0.7043663 0.46920898437499997 0.7040512828125001 0.46431640625000004 0.7046373625 0.460791015625 0.7069597062499999 0.46052734375000004 0.71022710625 0.46290039062500005 0.7124542125 0.46334960937499997 0.714520146875 0.46615234375 0.7163516484375 0.4725390625 0.7165567765625 0.47531249999999997 0.7162344328125
2 0.4334375 0.363245421875 0.4334375 0.3641758234375 0.43591796875 0.3660366296875 0.46005859375 0.36649816875 0.502783203125 0.3641758234375 0.5287890625 0.3641758234375 0.538076171875 0.36510622656249997 0.540556640625 0.363245421875 0.540556640625 0.36231501875 0.538076171875 0.3604615390625 0.5343652343749999 0.35999267343749997 0.50216796875 0.3595311359375 0.46005859375 0.36185347968750003 0.43591796875 0.361391940625 0.4334375 0.363245421875
3 0.48544921875 0.36882051250000003 0.48544921875 0.37392674062500003 0.4879296875 0.3864688640625 0.486689453125 0.40505494531249997 0.486689453125 0.4380293046875 0.48978515624999996 0.47612454218750005 0.48978515624999996 0.51049816875 0.4873046875 0.543479853125 0.4873046875 0.5620586078125 0.4879296875 0.5750622703125 0.492255859375 0.5885347984375 0.492255859375 0.6215164828125 0.49349609375 0.64195604375 0.4959765625 0.672608059375 0.5015527343749999 0.7209157515625 0.507119140625 0.748791209375 0.5089746093749999 0.75018315 0.511455078125 0.7506446890625 0.51455078125 0.748791209375 0.51455078125 0.7464688640625 0.509599609375 0.7255677656249999 0.505263671875 0.6902637359375 0.4996875 0.62104761875 0.4996875 0.588065934375 0.49535156249999995 0.5746007328125 0.494736328125 0.56158974375 0.494736328125 0.5439413921875 0.497216796875 0.51049816875 0.497216796875 0.47612454218750005 0.49412109375 0.4380293046875 0.49412109375 0.40505494531249997 0.49535156249999995 0.3864688640625 0.49288085937500004 0.37392674062500003 0.49288085937500004 0.36882051250000003 0.49535156249999995 0.3395531140625 0.4959765625 0.29449816875 0.49535156249999995 0.28242490781249996 0.49349609375 0.281025640625 0.49102539062500006 0.280564103125 0.4879296875 0.28242490781249996 0.4879296875 0.339091575 0.48544921875 0.36882051250000003
1 0.44953125 0.2991428578125 0.45201171875 0.3089010984375 0.4544921875 0.31075457812499996 0.45573242187499996 0.31075457812499996 0.458203125 0.3089010984375 0.45573242187499996 0.2982124546875 0.446435546875 0.276380953125 0.44333984375 0.2735970703125 0.44210937499999997 0.2735970703125 0.43962890625 0.27545787499999996 0.43962890625 0.2768498171875 0.44953125 0.2991428578125
2 0.42971679687500003 0.42734798593749995 0.42724609375 0.429208790625 0.42724609375 0.43013919375 0.42971679687500003 0.4319926734375 0.44333984375 0.4319926734375 0.461298828125 0.43153113593750003 0.475537109375 0.4296703296875 0.4959765625 0.4287399265625 0.532509765625 0.4287399265625 0.53994140625 0.4296703296875 0.5424121093750001 0.42781684999999997 0.5424121093750001 0.42688644687500005 0.53994140625 0.42502564062500003 0.532509765625 0.4240952375 0.4959765625 0.4240952375 0.469345703125 0.42549450625 0.46068359374999995 0.42688644687500005 0.42971679687500003 0.42734798593749995
2 0.47925781250000005 0.4793772890625 0.45262695312499995 0.4826227109375 0.45015625000000004 0.48448351718750005 0.45015625000000004 0.48541391875000006 0.45262695312499995 0.4872674 0.45510742187500003 0.4872674 0.5015527343749999 0.48030036562499995 0.5238378906250001 0.479838828125 0.548603515625 0.4775164828125 0.5510839843750001 0.475655678125 0.5510839843750001 0.47472527500000006 0.548603515625 0.4728717953125 0.5455078125 0.4728717953125 0.5238378906250001 0.4751941390625 0.5015527343749999 0.475655678125 0.47925781250000005 0.4793772890625
0 0.45765625 0.596615384375 0.461376953125 0.597457875 0.46693359375 0.5966886453125 0.47095703125000005 0.5952600734375 0.474833984375 0.5926959703125 0.47526367187499996 0.5904615390625 0.4734375 0.588659340625 0.46920898437499997 0.5869523812499999 0.46462890625000003 0.5866300359375 0.462470703125 0.5855970703125 0.457451171875 0.5850769234375 0.451884765625 0.5864175828125 0.45011718749999996 0.5888058609375 0.45109374999999996 0.5918241765625 0.45765625 0.596615384375
0 0.45304687499999996 0.6565567765625 0.45430664062500004 0.65850549375 0.45597656249999996 0.6595750921875 0.45939453124999996 0.6604175828125001 0.46159179687499996 0.6601684984375 0.46732421874999996 0.6572380953125 0.471728515625 0.6559633703125 0.4730078125 0.6548205125 0.474033203125 0.6518095234375 0.473251953125 0.6491501828125 0.47142578124999995 0.647838828125 0.4671484375 0.647252746875 0.464501953125 0.647890109375 0.46161132812499994 0.6476703296874999 0.45868164062499994 0.6484175828125001 0.45408203125 0.651978021875 0.4532421875 0.6533626375 0.45304687499999996 0.6565567765625
2 0.45201171875 0.3065787546875 0.44953125 0.308432234375 0.44953125 0.3093626375 0.45201171875 0.31122344375 0.45386718750000005 0.31122344375 0.46687500000000004 0.308432234375 0.49535156249999995 0.3051794875 0.538076171875 0.30193406562499997 0.540556640625 0.300073259375 0.540556640625 0.2991428578125 0.538076171875 0.2972893765625 0.5343652343749999 0.2972893765625 0.5083593750000001 0.2991428578125 0.46624999999999994 0.30378754531249996 0.45201171875 0.3065787546875
2 0.43653320312500005 0.5355824171875 0.4328125 0.53604395625 0.43034179687499996 0.5379047625 0.43034179687499996 0.5388278390625 0.4328125 0.5406886453124999 0.44210937499999997 0.5397582421875 0.461298828125 0.539296703125 0.502783203125 0.535113553125 0.5411718750000001 0.5341831499999999 0.54365234375 0.5323296703125 0.54365234375 0.5313992671875 0.5411718750000001 0.5295384609375 0.5238378906250001 0.5295384609375 0.4959765625 0.5309377296875 0.461298828125 0.5346520140625 0.43653320312500005 0.5355824171875
2 0.461298828125 0.5889963375 0.440869140625 0.5894652015624999 0.438388671875 0.59131868125 0.438388671875 0.592249084375 0.440869140625 0.594109890625 0.46192382812500005 0.5936410249999999 0.49349609375 0.590388278125 0.5170312499999999 0.5894652015624999 0.544892578125 0.5871428578125 0.547373046875 0.5852820515625 0.547373046875 0.5843516484375 0.544892578125 0.58249816875 0.5411718750000001 0.58249816875 0.51640625 0.5848205125 0.49349609375 0.5857435890625 0.461298828125 0.5889963375
2 0.48111328125 0.6484542125 0.46439453124999996 0.649384615625 0.446435546875 0.6489230765625 0.44396484375 0.6507765562500001 0.44396484375 0.651706959375 0.446435546875 0.653567765625 0.46501953125 0.6540293046875 0.48173828125 0.6530989015625 0.500927734375 0.65031501875 0.513310546875 0.649846153125 0.5337500000000001 0.6470622703125 0.5362207031249999 0.645201465625 0.5362207031249999 0.6442783875 0.5337500000000001 0.6424175828124999 0.53126953125 0.6424175828124999 0.5126953125 0.645201465625 0.49535156249999995 0.6461318687500001 0.48111328125 0.6484542125
2 0.453251953125 0.7093040296875001 0.453251953125 0.7102344328125 0.45573242187499996 0.7120952375 0.461298828125 0.7125567765625 0.49164062499999994 0.7120952375 0.5430371093749999 0.704659340625 0.5510839843750001 0.7041978015625 0.553564453125 0.702336996875 0.553564453125 0.70140659375 0.5510839843750001 0.6995531140625 0.547373046875 0.6995531140625 0.49102539062500006 0.70745055 0.45573242187499996 0.70745055 0.453251953125 0.7093040296875001
0 0.45158203124999996 0.31431501875 0.45337890625000005 0.314747253125 0.457607421875 0.31412454218749997 0.46109375 0.314527471875 0.46330078124999996 0.313201465625 0.46561523437499996 0.3128131875 0.4692578125 0.3106007328125 0.4695703125 0.3079120875 0.46572265625 0.3044688640625 0.460009765625 0.30340659375 0.45640625 0.3049010984375 0.45345703125 0.3053699640625 0.44958984375 0.3086739921875 0.449833984375 0.31250549375 0.45158203124999996 0.31431501875
0 0.45400390625 0.365252746875 0.454931640625 0.36654945 0.458564453125 0.36866666718749996 0.467041015625 0.370073259375 0.47705078125 0.365611721875 0.478251953125 0.363296703125 0.47632812500000005 0.35900366250000004 0.474033203125 0.3580879125 0.469580078125 0.3584395609375 0.46794921875 0.35786080625 0.46521484375 0.35768498125 0.45716796875 0.36050549374999996 0.45402343749999996 0.3637875453125 0.45400390625 0.365252746875
0 0.44369140625 0.43798534843750003 0.448193359375 0.43857142812500005 0.45064453125000004 0.43771428593749995 0.454501953125 0.43392674062500003 0.457880859375 0.4325567765625 0.45988281249999996 0.4288717953125 0.45853515624999996 0.42681318749999997 0.453349609375 0.4246300359375 0.451064453125 0.424608059375 0.446875 0.425838828125 0.44167968750000003 0.4301758234375 0.44173828125 0.43553846093750004 0.442294921875 0.43695238124999997 0.44369140625 0.43798534843750003
0 0.45591796875 0.48997069531250004 0.458388671875 0.4920879125 0.46080078125 0.492725275 0.465 0.49206593437499996 0.46861328125 0.4891062265625 0.47228515625 0.4877289375 0.47461914062500005 0.48366300312500005 0.473681640625 0.48013919375 0.46970703125 0.478476190625 0.46747070312499994 0.478358975 0.46514648437500006 0.47951648281250003 0.4607421875 0.4799633703125 0.45902343749999996 0.480608059375 0.45669921875 0.4827619046875 0.45484375000000005 0.48627838749999996 0.45591796875 0.48997069531250004
1 0.44333984375 0.6846886453125001 0.44333984375 0.6856190468750001 0.44706054687499996 0.6888644687500001 0.4544921875 0.6986227109375001 0.461298828125 0.7051282046875 0.46501953125 0.710703296875 0.468115234375 0.7116263734375 0.4705859375 0.7097728937500001 0.4705859375 0.708842490625 0.46749023437500004 0.7041978015625 0.463154296875 0.6995531140625 0.463154296875 0.6986227109375001 0.45944335937499997 0.6958388281250001 0.45944335937499997 0.694908425 0.44830078125000006 0.6828278390625 0.44830078125000006 0.6818974359375 0.445205078125 0.6795750921875 0.445205078125 0.6786520140625 0.444580078125 0.679113553125 0.44210937499999997 0.67818315 0.43962890625 0.68004395625 0.44024414062500006 0.6823663 0.44333984375 0.6846886453125001
1 0.5003124999999999 0.6828278390625 0.49349609375 0.6884029296875 0.488544921875 0.6944395609375 0.475537109375 0.7037289375 0.468115234375 0.706981684375 0.46687500000000004 0.7093040296875001 0.469345703125 0.7111648359375 0.47306640624999996 0.7102344328125 0.479873046875 0.706981684375 0.49040039062499996 0.6990842484375 0.492255859375 0.6986227109375001 0.49535156249999995 0.6944395609375 0.5065039062500001 0.6842197796875 0.5065039062500001 0.6828278390625 0.5040234375 0.6809743593750001 0.502783203125 0.6809743593750001 0.5015527343749999 0.6818974359375 0.500927734375 0.681435896875 0.5003124999999999 0.6828278390625
1 0.44706054687499996 0.6150109890625 0.451396484375 0.6321978015624999 0.45386718750000005 0.6470622703125 0.45573242187499996 0.653567765625 0.458203125 0.6554212453125 0.45944335937499997 0.6554212453125 0.46192382812500005 0.653567765625 0.46192382812500005 0.6521684984375 0.45944335937499997 0.6442783875 0.45510742187500003 0.6219780218750001 0.451396484375 0.609435896875 0.44891601562499994 0.6075750921874999 0.44767578124999996 0.6075750921874999 0.445205078125 0.609435896875 0.445205078125 0.6108278390625 0.44706054687499996 0.6150109890625