1 0.5277734374999999 0.41125274687499996 0.5294140625 0.41247619062499996 0.530224609375 0.41247619062499996 0.555146484375 0.40144322343749994 0.556376953125 0.4008351640625 0.5571875000000001 0.3993040296875 0.555556640625 0.398073259375 0.554736328125 0.398073259375 0.52982421875 0.4091062265625 0.52859375 0.4097216125 0.5277734374999999 0.41125274687499996
2 0.525732421875 0.44619047656250005 0.5187890625 0.4464908421875 0.508984375 0.4477216125 0.507353515625 0.4489450546875 0.507353515625 0.4495604390625 0.508984375 0.45078388281250004 0.510625 0.45078388281250004 0.5191992187500001 0.4495604390625 0.5265527343749999 0.44925274687499994 0.5330859375 0.44741391875 0.535537109375 0.445882784375 0.536357421875 0.44373626406250005 0.536357421875 0.4428131875 0.5347265625000001 0.44158974375 0.53390625 0.44158974375 0.532275390625 0.4428131875 0.531455078125 0.4446520140625 0.525732421875 0.44619047656250005
2 0.51552734375 0.52095970625 0.50041015625 0.5197362640625001 0.498779296875 0.52095970625 0.498779296875 0.5215750921875 0.50041015625 0.522798534375 0.5028613281250001 0.5231062265624999 0.5151171875 0.5240219781250001 0.5241015625000001 0.5237216124999999 0.526142578125 0.52218315 0.52859375 0.51850549375 0.52859375 0.5178974359375 0.526962890625 0.5166666671875 0.526142578125 0.5166666671875 0.524921875 0.5172820515625001 0.522470703125 0.5206520140625 0.51552734375 0.52095970625
1 0.535537109375 0.47591208749999997 0.52900390625 0.48204395624999996 0.5265527343749999 0.48357509218750006 0.526142578125 0.4851062265625 0.5277734374999999 0.4863296703125 0.52982421875 0.486021978125 0.530224609375 0.4851062265625 0.535126953125 0.481428571875 0.540029296875 0.476527471875 0.5420703125 0.470703296875 0.5404394531250001 0.469479853125 0.53962890625 0.469479853125 0.53798828125 0.470703296875 0.536767578125 0.474380953125 0.535537109375 0.47591208749999997
1 0.526962890625 0.6603956046875 0.52859375 0.6616190468750001 0.530224609375 0.661926740625 0.531865234375 0.660703296875 0.531865234375 0.6597802203125 0.520830078125 0.651201465625 0.52001953125 0.649978021875 0.5159277343750001 0.646908425 0.51552734375 0.6459926734375 0.5134765625 0.64568498125 0.511845703125 0.646908425 0.512255859375 0.6484395609375 0.526962890625 0.6603956046875
1 0.5147070312500001 0.6438461531249999 0.514296875 0.645069596875 0.5159277343750001 0.6463003656249999 0.5171582031249999 0.6463003656249999 0.527373046875 0.639252746875 0.5359472656250001 0.6346520140624999 0.535537109375 0.634344321875 0.536357421875 0.6331208796875 0.5347265625000001 0.6318974359375 0.53349609375 0.6318974359375 0.5253222656250001 0.6364908421875 0.52287109375 0.6386373625 0.5147070312500001 0.6438461531249999
0 0.513193359375 0.655457875 0.51859375 0.6536703296875 0.5216406250000001 0.6515531140624999 0.5224609375 0.6502564109375 0.522119140625 0.644161171875 0.52095703125 0.64304761875 0.5171777343749999 0.641472528125 0.512412109375 0.641890109375 0.510205078125 0.64386813125 0.506962890625 0.6454871796874999 0.5060449218749999 0.64740659375 0.505205078125 0.649201465625 0.505732421875 0.6525860812500001 0.509912109375 0.6553992671875 0.513193359375 0.655457875
2 0.5147070312500001 0.644153846875 0.511025390625 0.6478315015625 0.5065332031249999 0.6466007328125001 0.493876953125 0.6447619046875 0.492236328125 0.6447619046875 0.49060546875 0.6459926734375 0.49060546875 0.6466007328125001 0.492236328125 0.6478315015625 0.506123046875 0.6496703296875 0.512255859375 0.651201465625 0.513076171875 0.65058608125 0.5134765625 0.6508937734375 0.5134765625 0.6502783875 0.5179785156250001 0.6459926734375 0.5183789062499999 0.6444615390624999 0.516748046875 0.64323076875 0.5159277343750001 0.64323076875 0.5151171875 0.6438461531249999 0.5147070312500001 0.6435384609375 0.5147070312500001 0.644153846875
1 0.521650390625 0.6279120875 0.5241015625000001 0.6297509156250001 0.5347265625000001 0.6337362640624999 0.541669921875 0.6346520140624999 0.5433007812499999 0.633428571875 0.5433007812499999 0.6328131875 0.541669921875 0.63158974375 0.535126953125 0.6306666671875 0.525732421875 0.6269890109375 0.52287109375 0.6230109890625 0.520830078125 0.6223956046875 0.5191992187500001 0.623619046875 0.5191992187500001 0.6242344328125 0.521650390625 0.6279120875
1 0.5220605468749999 0.61595604375 0.522470703125 0.6227032968749999 0.5241015625000001 0.623926740625 0.524921875 0.623926740625 0.5265527343749999 0.6227032968749999 0.526142578125 0.61595604375 0.52451171875 0.61013919375 0.52287109375 0.608908425 0.5220605468749999 0.608908425 0.5204296875 0.61013919375 0.5204296875 0.6110549453125 0.5220605468749999 0.61595604375
3 0.51552734375 0.4204468859375 0.51552734375 0.4403663 0.5171582031249999 0.4584468859375 0.516748046875 0.467641025 0.51552734375 0.476527471875 0.51552734375 0.47928205156250003 0.516337890625 0.48112087968750006 0.514296875 0.4875604390625 0.5151171875 0.4930769234375 0.512666015625 0.5028791203125 0.512666015625 0.51758974375 0.512255859375 0.52341391875 0.510625 0.5313772890624999 0.5098046875 0.5540586078125 0.50939453125 0.557428571875 0.507763671875 0.5623296703125 0.50857421875 0.572747253125 0.506943359375 0.588073259375 0.507353515625 0.5984908421874999 0.5053124999999999 0.603391940625 0.5053124999999999 0.6220879125 0.5044921875 0.6251501828125 0.50490234375 0.6364908421875 0.503271484375 0.6453772890625 0.501220703125 0.6521172156249999 0.49836914062500004 0.6680586078124999 0.49836914062500004 0.6698974359375 0.50041015625 0.6711208796875 0.5020410156249999 0.6708131875000001 0.503271484375 0.6698974359375 0.506123046875 0.6524249078125 0.508173828125 0.64568498125 0.5098046875 0.636798534375 0.50939453125 0.625457875 0.51021484375 0.6223956046875 0.51021484375 0.6036996343750001 0.512255859375 0.598798534375 0.511845703125 0.5883809531249999 0.5134765625 0.5730549453125 0.512666015625 0.5626373625000001 0.514296875 0.5577362640625 0.5147070312500001 0.5543663 0.51552734375 0.53168498125 0.5171582031249999 0.5237216124999999 0.517568359375 0.5178974359375 0.517568359375 0.5031868125 0.52001953125 0.4933772890625 0.5191992187500001 0.48786080624999995 0.521240234375 0.481428571875 0.5204296875 0.47683516406250004 0.5220605468749999 0.4633479859375 0.5220605468749999 0.4584468859375 0.5204296875 0.4403663 0.5204296875 0.4204468859375 0.521240234375 0.41339926718750003 0.521650390625 0.3919487171875 0.5204296875 0.391025640625 0.5187890625 0.39071794843749996 0.516748046875 0.3919487171875 0.516337890625 0.41339926718750003 0.51552734375 0.4204468859375
2 0.530224609375 0.40849084218750004 0.526962890625 0.41186813125 0.503271484375 0.41400732656250006 0.501630859375 0.4152380953125 0.501630859375 0.41584615312500006 0.503271484375 0.4170769234375 0.5053124999999999 0.4170769234375 0.5147070312500001 0.41584615312500006 0.52287109375 0.4155457875 0.52859375 0.4146227109375 0.5294140625 0.41400732656250006 0.52982421875 0.41431501875 0.52982421875 0.41370695937499996 0.53390625 0.40941391875 0.53390625 0.40879853437499997 0.532275390625 0.4075750921875 0.531455078125 0.4075750921875 0.530634765625 0.40819047656249996 0.530224609375 0.40788278437500003 0.530224609375 0.40849084218750004
0 0.52806640625 0.4197142859375 0.53029296875 0.41925274687499997 0.534453125 0.416791209375 0.5374218749999999 0.4118095234375 0.5357031250000001 0.40720146562500004 0.531884765625 0.40586080625000004 0.527099609375 0.40671062343750003 0.521923828125 0.40949450625 0.5206835937500001 0.4116923078125 0.519970703125 0.4142857140625 0.522451171875 0.41770695937499996 0.524150390625 0.41882783906250004 0.52806640625 0.4197142859375
1 0.52859375 0.4106373625 0.530224609375 0.41186813125 0.531044921875 0.41186813125 0.53267578125 0.4106373625 0.531865234375 0.40542857187500003 0.532275390625 0.3919487171875 0.530634765625 0.39071794843749996 0.52982421875 0.39071794843749996 0.52818359375 0.3919487171875 0.5277734374999999 0.40573626406249996 0.52859375 0.4106373625
0 0.5339453125 0.45077655625 0.5367089843749999 0.44972893750000004 0.5396386718749999 0.44662271093749994 0.539873046875 0.44315018281249996 0.538916015625 0.44158974375 0.5349804687499999 0.43995604374999997 0.532197265625 0.439926740625 0.5254492187500001 0.44329670312499997 0.52365234375 0.44463736249999997 0.52193359375 0.447296703125 0.5228125 0.4498974359375 0.52427734375 0.45114285781249996 0.5260644531249999 0.4524615390625 0.529775390625 0.4531501828125 0.5318359375 0.452608059375 0.5339453125 0.45077655625
1 0.5330859375 0.4418974359375 0.532275390625 0.443428571875 0.53390625 0.4446520140625 0.5347265625000001 0.4446520140625 0.5437109375 0.440974359375 0.551474609375 0.4388351640625 0.55228515625 0.4373040296875 0.550654296875 0.43607325937499997 0.549423828125 0.43607325937499997 0.5420703125 0.43821977968750003 0.53431640625 0.44128205156250006 0.5330859375 0.4418974359375
1 0.531455078125 0.4526227109375 0.535537109375 0.4615091578125 0.5371777343749999 0.4627326 0.53798828125 0.4627326 0.53962890625 0.4615091578125 0.53962890625 0.46059340625 0.535126953125 0.45109157499999997 0.53349609375 0.445882784375 0.531865234375 0.4446520140625 0.531044921875 0.4446520140625 0.5294140625 0.445882784375 0.5294140625 0.44679853437499994 0.531455078125 0.4526227109375
2 0.506123046875 0.4857216125 0.5204296875 0.4857216125 0.52982421875 0.48663736249999995 0.531455078125 0.48541391875000006 0.531455078125 0.484798534375 0.52982421875 0.48357509218750006 0.5277734374999999 0.4832674 0.520830078125 0.4826520140625 0.506123046875 0.4826520140625 0.5044921875 0.483882784375 0.5044921875 0.4844908421875 0.506123046875 0.4857216125
0 0.5289843750000001 0.4900512828125 0.5335058593750001 0.48808058593750003 0.534501953125 0.483435896875 0.5310937499999999 0.4804249078125 0.527724609375 0.480161171875 0.524892578125 0.479091575 0.52109375 0.47922344375000003 0.516162109375 0.48225641093749994 0.514609375 0.484117215625 0.5140722656250001 0.4855970703125 0.5145898437499999 0.48768498125 0.515302734375 0.48961172187499996 0.5177636718749999 0.49081318749999997 0.5208984375 0.49117216093750005 0.5289843750000001 0.4900512828125
2 0.503271484375 0.55650549375 0.5 0.5555897437499999 0.498779296875 0.5555897437499999 0.497138671875 0.5568131875 0.497138671875 0.557428571875 0.498779296875 0.5586520140625 0.5028613281250001 0.5595750921875 0.510625 0.5598827843749999 0.51388671875 0.5604908421875 0.521240234375 0.5604908421875 0.522470703125 0.5598827843749999 0.524921875 0.5555897437499999 0.524921875 0.5546666671875 0.5232812499999999 0.5534432234375 0.522470703125 0.5534432234375 0.521240234375 0.5540586078125 0.5191992187500001 0.557428571875 0.503271484375 0.55650549375
0 0.528349609375 0.562021978125 0.52857421875 0.5561684984374999 0.527294921875 0.5536263734375 0.5255859375 0.5524615390625 0.52271484375 0.551838828125 0.518779296875 0.552388278125 0.515302734375 0.555252746875 0.515234375 0.5576923078125 0.5159765625 0.561245421875 0.5186132812500001 0.5634285718750001 0.524609375 0.5642710625 0.528349609375 0.562021978125
2 0.49060546875 0.6211721609375 0.48897460937500004 0.6223956046875 0.48897460937500004 0.6230109890625 0.49060546875 0.6242344328125 0.496728515625 0.6251501828125 0.506943359375 0.6257655671875 0.520830078125 0.6257655671875 0.524921875 0.6242344328125 0.526962890625 0.6227032968749999 0.526962890625 0.6220879125 0.5253222656250001 0.62086446875 0.52451171875 0.62086446875 0.52001953125 0.6227032968749999 0.506943359375 0.6227032968749999 0.49060546875 0.6211721609375
0 0.51005859375 0.6272161171875 0.51314453125 0.6304835171875001 0.514814453125 0.631274725 0.519453125 0.6318974359375 0.524697265625 0.6306007328125001 0.5275292968749999 0.628358975 0.52998046875 0.6248937734375 0.529951171875 0.620791209375 0.52876953125 0.618754578125 0.526396484375 0.6174871796875 0.5225292968749999 0.617435896875 0.516611328125 0.62068131875 0.5122265625 0.6206446890625 0.5094335937500001 0.6224468859375001 0.508671875 0.6244175828125 0.51005859375 0.6272161171875
1 0.517568359375 0.49981685000000003 0.519609375 0.50931868125 0.521240234375 0.510542125 0.5220605468749999 0.510542125 0.52369140625 0.50931868125 0.521650390625 0.5001245421875 0.52369140625 0.4949157515625 0.5253222656250001 0.4857216125 0.5253222656250001 0.4841904765625 0.52369140625 0.48295970625000006 0.52287109375 0.48295970625000006 0.521240234375 0.4841904765625 0.519609375 0.49460805937499996 0.517568359375 0.49981685000000003
1 0.5159277343750001 0.579794871875 0.52001953125 0.584703296875 0.5220605468749999 0.5853113546875 0.52369140625 0.5840879125 0.52369140625 0.583472528125 0.5187890625 0.57704029375 0.5171582031249999 0.5733626375 0.5147070312500001 0.5724468859375 0.513076171875 0.5736703296875 0.513076171875 0.57458608125 0.5159277343750001 0.579794871875
1 0.52982421875 0.5926666671875 0.531044921875 0.5926666671875 0.53267578125 0.5914432234375 0.531865234375 0.5899120875 0.5220605468749999 0.5868498171875001 0.520830078125 0.5868498171875001 0.5191992187500001 0.588073259375 0.52001953125 0.5896043953125 0.52982421875 0.5926666671875
0 0.526845703125 0.5943296703125001 0.5283789062500001 0.5917435890625 0.528681640625 0.584205128125 0.5276562499999999 0.5815824171874999 0.526103515625 0.5804175828125 0.52234375 0.579611721875 0.517919921875 0.5805787546875 0.51375 0.583611721875 0.513330078125 0.5867838828124999 0.514443359375 0.588703296875 0.51404296875 0.5905128203125 0.514853515625 0.5929010984375 0.5162011718749999 0.5941978015625 0.5178125 0.5955091578125 0.5209374999999999 0.5961758234375 0.524931640625 0.595706959375 0.526845703125 0.5943296703125001
1 0.517568359375 0.508703296875 0.52369140625 0.5188131874999999 0.52451171875 0.5197362640625001 0.5265527343749999 0.520344321875 0.52818359375 0.5191208796875 0.52818359375 0.51850549375 0.52369140625 0.512380953125 0.520830078125 0.50686446875 0.5179785156250001 0.50441025625 0.5179785156250001 0.5038021984375 0.517568359375 0.5041025640625 0.5159277343750001 0.50349450625 0.514296875 0.5047179484375001 0.5147070312500001 0.506249084375 0.517568359375 0.508703296875
1 0.52451171875 0.52218315 0.5404394531250001 0.5243296703125 0.5477929687499999 0.52586080625 0.5490234375 0.52586080625 0.550654296875 0.5246373625 0.550654296875 0.5240219781250001 0.5477929687499999 0.5224908421875 0.52451171875 0.5191208796875 0.52287109375 0.520344321875 0.52287109375 0.52095970625 0.52451171875 0.52218315
0 0.527451171875 0.527978021875 0.53052734375 0.5264102562499999 0.5316015625 0.5249450546875 0.5322265625 0.5191501828125 0.53115234375 0.516725275 0.5270410156249999 0.5146373625 0.5222265625 0.5154652015625001 0.517373046875 0.52068131875 0.516884765625 0.522725275 0.5177734375 0.5250329671875 0.5213085937499999 0.527391940625 0.525263671875 0.5283076921875 0.527451171875 0.527978021875
2 0.517568359375 0.589296703125 0.49264648437499997 0.5883809531249999 0.491015625 0.5896043953125 0.491015625 0.5902197796875 0.49264648437499997 0.5914432234375 0.49591796875 0.591750915625 0.5098046875 0.5923663 0.521240234375 0.5920586078125 0.52287109375 0.5908278390625 0.52369140625 0.5850109890625 0.52369140625 0.58286446875 0.5220605468749999 0.5816337 0.521240234375 0.5816337 0.519609375 0.58286446875 0.5191992187500001 0.5883809531249999 0.517568359375 0.589296703125
1 0.5404394531250001 0.5730549453125 0.541259765625 0.5730549453125 0.545751953125 0.5755091578125 0.5465722656249999 0.5755091578125 0.548203125 0.5742857140625001 0.5473828125 0.5730549453125 0.5477929687499999 0.572747253125 0.54697265625 0.572747253125 0.5420703125 0.5699926734375 0.522470703125 0.5558974359375 0.521240234375 0.5558974359375 0.519609375 0.5571208796875 0.52001953125 0.558344321875 0.5404394531250001 0.5730549453125
1 0.5232812499999999 0.551296703125 0.520830078125 0.5546666671875 0.520830078125 0.5552820515625 0.522470703125 0.55650549375 0.52451171875 0.5558974359375 0.526962890625 0.5531355312499999 0.530634765625 0.5516043953125 0.540029296875 0.545479853125 0.541259765625 0.5451721609375 0.542890625 0.543641025 0.5433007812499999 0.54241025625 0.541669921875 0.5411868125 0.540849609375 0.5411868125 0.531865234375 0.5470109890625 0.5241015625000001 0.551296703125 0.5232812499999999 0.551296703125