1 0.370171625 0.23885934843749998 0.37481693437499997 0.2350857640625 0.3825743703125 0.2263722125 0.3833409609375 0.2260806171875 0.386441646875 0.22114922812499999 0.386441646875 0.22056603749999998 0.384897025 0.2194082328125 0.38411899374999997 0.2194082328125 0.3829519453125 0.21998284687499997 0.380240275 0.224339621875 0.37598398125 0.22840480312500003 0.37598398125 0.22898799374999998 0.3643592671875 0.2400257296875 0.36397025156249996 0.241475128125 0.36552631562500004 0.242641509375 0.36707093749999997 0.24205831875 0.36745995468750003 0.2423499140625 0.36745995468750003 0.2417667234375 0.370171625 0.23885934843749998
1 0.385663615625 0.40410806250000003 0.38411899374999997 0.40295025781250005 0.3833409609375 0.40295025781250005 0.375594965625 0.4061406515625 0.36629290625 0.40875643281249996 0.3461441640625 0.41601200625 0.345377575 0.41746998281250003 0.346922196875 0.4186277875 0.34885583593749997 0.4183361921875 0.36784897031249997 0.4113722125 0.38101830625 0.40730703281249997 0.384897025 0.4055574609375 0.385663615625 0.4046912515625 0.385663615625 0.40410806250000003
1 0.3825743703125 0.373610634375 0.38101830625 0.374777015625 0.379473684375 0.386106346875 0.3798512578125 0.40295025781250005 0.381407321875 0.40410806250000003 0.3821853546875 0.40410806250000003 0.3837299765625 0.40295025781250005 0.3833409609375 0.38638936562500004 0.384897025 0.37622641562500003 0.384897025 0.374777015625 0.3833409609375 0.373610634375 0.3825743703125 0.373610634375
1 0.3763729984375 0.21359348125 0.365903890625 0.20866209218749998 0.355835240625 0.20517152656249998 0.3542906171875 0.2063379078125 0.3550572078125 0.20778730781250002 0.3693935921875 0.21359348125 0.3821853546875 0.22114922812499999 0.38411899374999997 0.2214408234375 0.385663615625 0.22027444218749997 0.384897025 0.2191166375 0.385286040625 0.21882504218749999 0.384508009375 0.21882504218749999 0.3786956515625 0.215626071875 0.3763729984375 0.21359348125
2 0.43099542343749997 0.45028301875 0.43255148749999994 0.4491252140625 0.43255148749999994 0.4485420234375 0.43099542343749997 0.44738422031249997 0.41279176250000005 0.44738422031249997 0.40038901562499996 0.44795883437499995 0.38993135 0.4491252140625 0.380240275 0.45173241875 0.3786956515625 0.4528988 0.3786956515625 0.45348198906250003 0.380240275 0.45463979375 0.381407321875 0.45463979375 0.3922540046875 0.45173241875 0.40038901562499996 0.450866209375 0.41279176250000005 0.45028301875 0.43099542343749997 0.45028301875
2 0.380240275 0.4003344765625 0.3786956515625 0.40149228125 0.3786956515625 0.40207547187500003 0.380240275 0.4032332765625 0.413180778125 0.403524871875 0.4267391296875 0.40439965625 0.42945080156250004 0.40439965625 0.43099542343749997 0.4032332765625 0.43099542343749997 0.40265866250000004 0.42945080156250004 0.40149228125 0.4220823796875 0.4009176671875 0.380240275 0.4003344765625
0 0.392299771875 0.353044596875 0.3892791765625 0.35397941718750003 0.385354690625 0.353250428125 0.38221967968750004 0.3544253859375 0.37628146406249996 0.354819896875 0.3721395875 0.358044596875 0.371716246875 0.36075471718749996 0.3728832953125 0.3634391078125 0.3747025171875 0.36482847343749997 0.385938215625 0.3653516296875 0.390766590625 0.3630789015625 0.3947711671875 0.362564321875 0.39916475937499996 0.358687821875 0.39869565156250003 0.3557204109375 0.39446224218750003 0.3531732421875 0.392299771875 0.353044596875
0 0.3930205953125 0.3081560890625 0.38743707031249996 0.3086363640625 0.38223112187499997 0.3095025734375 0.3798741421875 0.3113979421875 0.3802288328125 0.31620926250000003 0.3830320359375 0.3183533453125 0.39796338750000004 0.317881646875 0.4024485125 0.316029159375 0.404576659375 0.31343053125 0.40416475937499996 0.3105317328125 0.40040045781250005 0.3081389359375 0.3977459953125 0.30804459687499997 0.3956521734375 0.3088850765625 0.3930205953125 0.3081560890625
2 0.423249428125 0.3573499140625 0.41899313437499996 0.3573499140625 0.41084668124999996 0.3564837046875 0.3907093828125 0.3564837046875 0.380240275 0.357641509375 0.3786956515625 0.35880789062499996 0.3786956515625 0.3593825046875 0.380240275 0.360548884375 0.39108695625 0.3593825046875 0.41084668124999996 0.3593825046875 0.42596109843749996 0.360548884375 0.42751716249999994 0.3593825046875 0.42751716249999994 0.35880789062499996 0.42596109843749996 0.357641509375 0.423249428125 0.3573499140625
2 0.43255148749999994 0.31234133750000004 0.42286041250000006 0.3114665515625 0.4073684203125 0.3108833625 0.38993135 0.3108833625 0.384897025 0.3111749578125 0.3833409609375 0.31234133750000004 0.3833409609375 0.3129159515625 0.384897025 0.31408233281250003 0.4069794046875 0.3137907375 0.42286041250000006 0.314373928125 0.4306064078125 0.3152401375 0.43255148749999994 0.3152401375 0.434096109375 0.31408233281250003 0.434096109375 0.3134991421875 0.43255148749999994 0.31234133750000004
0 0.391784896875 0.2646655234375 0.389130434375 0.265789021875 0.384897025 0.265643225 0.380629290625 0.266955403125 0.3765560640625 0.2687993140625 0.375286040625 0.27100343125 0.37604119062499997 0.2740994859375 0.3799885578125 0.27656946875 0.3865217390625 0.2768867921875 0.39080091562499997 0.2753087484375 0.39306636093749997 0.27518010312499996 0.3962356984375 0.2737907375 0.3985469109375 0.27116638125 0.3986498859375 0.26753859375 0.3944965671875 0.2645883359375 0.391784896875 0.2646655234375
0 0.384759725 0.4931389359375 0.3825286046875 0.49364494062500003 0.3801144171875 0.495257290625 0.37868421093750004 0.49783876562499996 0.3794164765625 0.5025128640625 0.381613271875 0.5050514578125 0.38479405 0.505986278125 0.3883066359375 0.5054373921875001 0.3922425625 0.5030960546875 0.39332951875 0.49632075468750003 0.3924256296875 0.4944082328125 0.39066361562499996 0.4933361921875 0.384759725 0.4931389359375
2 0.3907093828125 0.5327615781249999 0.38915331875 0.5339279593749999 0.38915331875 0.5345025734375 0.3907093828125 0.535668953125 0.39381006875 0.5359605484375 0.432162471875 0.53770154375 0.43951945156249994 0.53770154375 0.44107551562499997 0.5365351625 0.44107551562499997 0.5359605484375 0.43951945156249994 0.53479416875 0.4224713953125 0.5345025734375 0.3907093828125 0.5327615781249999
2 0.425183065625 0.4950085765625 0.4213157890625 0.4944253859375 0.41046910781249996 0.49355917656250003 0.39342105312500003 0.4929759859375 0.384508009375 0.4958833625 0.3837299765625 0.49733276093749995 0.385286040625 0.49849056562499994 0.38605263125 0.49849056562499994 0.39381006875 0.4958833625 0.41008009218749997 0.4964579765625 0.42363844375 0.49791595156249996 0.425183065625 0.49791595156249996 0.4267391296875 0.496749571875 0.4267391296875 0.49616638125 0.425183065625 0.4950085765625
0 0.37367276875 0.4012435671875 0.37353546875 0.4032332765625 0.375423340625 0.4057975984375 0.3782723109375 0.4066895375 0.3807093828125 0.40829331093750004 0.38582379843750003 0.409459690625 0.3945652171875 0.40684391093750005 0.3985125859375 0.403610634375 0.3978832953125 0.3988850765625 0.39598398125 0.3974699828125 0.39381006875 0.397075471875 0.3892448515625 0.398250428125 0.38398169375 0.3977873078125 0.38101830625 0.3988765015625 0.3756407328125 0.399459690625 0.37367276875 0.4012435671875
2 0.43099542343749997 0.22085763281249998 0.43099542343749997 0.22027444218749997 0.42945080156250004 0.2191166375 0.413180778125 0.21882504218749999 0.4 0.2191166375 0.3961327234375 0.21969125156249997 0.384897025 0.21969125156249997 0.3833409609375 0.22085763281249998 0.3833409609375 0.2214408234375 0.384897025 0.222598628125 0.3961327234375 0.222598628125 0.4 0.2220154375 0.41356979374999997 0.2217238421875 0.42945080156250004 0.2220154375 0.43099542343749997 0.22085763281249998
2 0.4306064078125 0.26819039375 0.432162471875 0.267032590625 0.432162471875 0.2664494 0.4306064078125 0.2652915953125 0.42789473750000007 0.2652915953125 0.4166590390625 0.2661578046875 0.403489703125 0.2664494 0.38101830625 0.269939965625 0.3798512578125 0.27022298437500003 0.37830663593749997 0.271389365625 0.37830663593749997 0.27197255625 0.3798512578125 0.2731303609375 0.38101830625 0.2731303609375 0.403489703125 0.269356775 0.42751716249999994 0.2684819890625 0.4306064078125 0.26819039375
1 0.3643592671875 0.48135505937499995 0.364748284375 0.48252144062499996 0.380629290625 0.494133790625 0.38411899374999997 0.49849056562499994 0.38605263125 0.49907375624999994 0.38760869531250003 0.49791595156249996 0.38760869531250003 0.49733276093749995 0.3833409609375 0.4921012 0.36784897031249997 0.48078044531249997 0.365903890625 0.48019725625 0.3643592671875 0.48135505937499995
1 0.37908466875 0.49616638125 0.3771395875 0.49559176718750003 0.375594965625 0.496749571875 0.37598398125 0.49791595156249996 0.37908466875 0.50052315625 0.3798512578125 0.50052315625 0.3829519453125 0.5025557468749999 0.384897025 0.502847340625 0.386441646875 0.5016895375 0.385663615625 0.50052315625 0.38605263125 0.5002401375 0.3825743703125 0.49878216093749994 0.37908466875 0.49616638125
1 0.4120137296875 0.5141766718749999 0.4073684203125 0.5170840484375 0.39418764375 0.5272469984375 0.38993135 0.5327615781249999 0.38993135 0.5333447687499999 0.391475971875 0.5345025734375 0.39342105312500003 0.5339279593749999 0.3968993140625 0.5292795890625 0.41394736875 0.5165008578125 0.41433638437500003 0.5153344765625001 0.41279176250000005 0.5141766718749999 0.4120137296875 0.5141766718749999
0 0.3877116703125 0.5293224703125 0.3857894734375 0.5313979421874999 0.38614416406249996 0.53463979375 0.3877116703125 0.5373413375 0.3897368421875 0.5386620921875 0.3998627 0.5392109781250001 0.40364988593750006 0.53858490625 0.4066933640625 0.5369296734375 0.4077803203125 0.5353945109375 0.40788329531249995 0.5321440828124999 0.4069794046875 0.530626071875 0.404816934375 0.52947684375 0.4000572078125 0.5296741 0.3901487421875 0.5284219546875 0.3877116703125 0.5293224703125
1 0.394576659375 0.5336363640624999 0.3930320359375 0.5324699828125 0.38993135 0.5324699828125 0.3736613265625 0.5333447687499999 0.370560640625 0.5339279593749999 0.3604805484375 0.534210978125 0.3589359265625 0.5353773578125 0.3589359265625 0.5359605484375 0.3604805484375 0.537118353125 0.3651373 0.537118353125 0.3736613265625 0.5362435671875 0.3930320359375 0.5353773578125 0.394576659375 0.534210978125 0.394576659375 0.5336363640624999
1 0.37132723125 0.42501715312500005 0.370560640625 0.42501715312500005 0.36900457656249996 0.4261835328125 0.36900457656249996 0.42704974218749997 0.37520595 0.44041166406250004 0.37830663593749997 0.45319039375000003 0.3798512578125 0.4543481984375 0.380629290625 0.4543481984375 0.3821853546875 0.45319039375000003 0.3821853546875 0.4520240140625 0.37908466875 0.44012006875000004 0.3732723109375 0.426758146875 0.37132723125 0.42501715312500005
1 0.3500228828125 0.352418525 0.350800915625 0.35386792499999997 0.36125858125 0.3573499140625 0.37405034375 0.3608404796875 0.37908466875 0.36141509374999997 0.380629290625 0.360257290625 0.380629290625 0.3596741 0.37908466875 0.3585162953125 0.37094965625 0.35705831875 0.351578946875 0.35125214374999997 0.3500228828125 0.352418525
1 0.3728832953125 0.33673241875 0.37132723125 0.33789022343749997 0.37132723125 0.3387650078125 0.3779176203125 0.35328473437499996 0.37830663593749997 0.35880789062499996 0.3798512578125 0.3599656953125 0.380629290625 0.3599656953125 0.3821853546875 0.35880789062499996 0.3817963390625 0.35299313906249996 0.375594965625 0.3384734140625 0.3736613265625 0.33673241875 0.3728832953125 0.33673241875
1 0.356613271875 0.308850771875 0.3422768875 0.3079845625 0.3407208234375 0.3091423671875 0.3407208234375 0.3097255578125 0.3422768875 0.3108833625 0.36900457656249996 0.3129159515625 0.384508009375 0.3155317328125 0.385663615625 0.3155317328125 0.3872196796875 0.314373928125 0.3872196796875 0.3137907375 0.385663615625 0.31262435625 0.37405034375 0.3105917671875 0.356613271875 0.308850771875
1 0.394965675 0.3076929671875 0.394965675 0.3071097765625 0.4015560640625 0.3007204109375 0.40542334062499996 0.29520583125 0.41008009218749997 0.29084905625 0.413180778125 0.28620068593750003 0.413180778125 0.2856174953125 0.4116247140625 0.284459690625 0.41084668124999996 0.284459690625 0.409691075 0.2850343046875 0.4069794046875 0.2891080625 0.40232265468749995 0.2934562609375 0.398455378125 0.2989794171875 0.3872196796875 0.3105917671875 0.38605263125 0.3111749578125 0.385663615625 0.31262435625 0.3872196796875 0.3137907375 0.3887643015625 0.313207546875 0.38915331875 0.3134991421875 0.394965675 0.3076929671875
1 0.38101830625 0.27342195468749997 0.3825743703125 0.2722641515625 0.3825743703125 0.2716809609375 0.38101830625 0.27051457968750003 0.3798512578125 0.27051457968750003 0.371716246875 0.2722641515625 0.3600915328125 0.2731303609375 0.3461441640625 0.2748713546875 0.3445995421875 0.27516295 0.3430549203125 0.27632933125000003 0.3430549203125 0.2769039453125 0.3445995421875 0.2780703265625 0.3461441640625 0.2780703265625 0.357768878125 0.27632933125000003 0.3721052625 0.27516295 0.38101830625 0.27342195468749997
1 0.379473684375 0.2452487140625 0.3779176203125 0.24409090937500003 0.3771395875 0.24409090937500003 0.375594965625 0.2452487140625 0.375594965625 0.24612349843749998 0.3779176203125 0.251346484375 0.3798512578125 0.2583190390625 0.3817963390625 0.27051457968750003 0.3833409609375 0.2716809609375 0.38411899374999997 0.2716809609375 0.385663615625 0.27051457968750003 0.385663615625 0.2690651796875 0.3833409609375 0.2565780453125 0.379473684375 0.2452487140625
1 0.3821853546875 0.457255575 0.3821853546875 0.456672384375 0.3817963390625 0.4569639796875 0.380240275 0.4563807890625 0.3786956515625 0.45754717031250003 0.37908466875 0.45899656875000006 0.38411899374999997 0.46364494062499995 0.3872196796875 0.4682933109375 0.3883752859375 0.4717753 0.38993135 0.4729331046875 0.3907093828125 0.4729331046875 0.3922540046875 0.4717753 0.39108695625 0.468001715625 0.3872196796875 0.46190394531249995 0.3821853546875 0.457255575
0 0.386887871875 0.215463121875 0.38400457656250003 0.215540309375 0.38028604062500004 0.2169468265625 0.37874141875 0.2184819890625 0.378146453125 0.22151801093749998 0.379542334375 0.22359348125 0.384897025 0.2253687828125 0.39118993125 0.2263036015625 0.39711670468750004 0.2246655234375 0.398924484375 0.22114065156249998 0.3963386734375 0.217564321875 0.3925286046875 0.2165351625 0.3893135015625 0.21661234999999998 0.386887871875 0.215463121875
0 0.379610984375 0.4488164671875 0.3772082375 0.4496655234375 0.37597254062499996 0.45104631250000005 0.37481693437499997 0.4595969125 0.37635011406249996 0.46198113281250003 0.38092677343750003 0.4634991421875 0.38343249375 0.4627873078125 0.38607551562500003 0.4604716984375 0.38874141875 0.45326758125 0.387974828125 0.45055746093750004 0.3863729984375 0.44903945156249997 0.38393592656250003 0.44840480312500003 0.379610984375 0.4488164671875
3 0.409691075 0.535668953125 0.40775743750000004 0.5536706687499999 0.40891304375 0.5545454546874999 0.41046910781249996 0.5548370499999999 0.4124027453125 0.5536706687499999 0.41433638437500003 0.5382761578124999 0.4116247140625 0.516792453125 0.4124027453125 0.49994854218749996 0.4120137296875 0.4740994859375 0.40891304375 0.4334391078125 0.4116247140625 0.365480275 0.4116247140625 0.3283104625 0.41084668124999996 0.3193053171875 0.409691075 0.25309605468749996 0.40775743750000004 0.21824185312500002 0.4065903890625 0.2031389359375 0.40542334062499996 0.2022727265625 0.40387871875 0.2019811328125 0.4019450796875 0.2031389359375 0.4019450796875 0.2063379078125 0.40504576718749996 0.25309605468749996 0.4062013734375 0.3193053171875 0.4069794046875 0.3283104625 0.4069794046875 0.365480275 0.404267734375 0.4334391078125 0.4073684203125 0.47439108125 0.40775743750000004 0.49994854218749996 0.4069794046875 0.5170840484375 0.409691075 0.535668953125