1 0.5556214765624999 0.49245100781250006 0.5524008359375 0.49415294374999996 0.550355915625 0.4977110515625 0.5341919984375 0.5156625375 0.5330468921875 0.5182527718750001 0.535594003125 0.5208769734375001 0.539372678125 0.5203650671875 0.5504298703125 0.5065971359375 0.5573985734375 0.4999368875 0.5596150578125 0.4952955640625 0.5570665953125 0.4926798921875 0.5556214765624999 0.49245100781250006
0 0.572145359375 0.2627782078125 0.56038835625 0.2599018671875 0.55823400625 0.2603213125 0.5554463359375 0.26216176875 0.5528581375 0.265467709375 0.55345343125 0.26826365 0.5551053484375 0.2699854046875 0.5598678609375 0.2711419015625 0.5626951250000001 0.2706716578125 0.5649729875 0.27337561875 0.5673883281250001 0.2744751171875 0.572033671875 0.27467752968750003 0.5746637 0.273537790625 0.5765648546875 0.27081374999999996 0.57619666875 0.266952134375 0.572145359375 0.2627782078125
1 0.54311271875 0.42671423906249994 0.5456484515625 0.42933663749999995 0.5621106625000001 0.43748719999999996 0.5635557828125 0.437716084375 0.566777771875 0.43600561875 0.5657722671875 0.43307476093749997 0.5541907234375001 0.42680760937500006 0.5465049234375 0.4239290875 0.5432842828125 0.42563102343750003 0.54311271875 0.42671423906249994
2 0.484851921875 0.439659446875 0.477079665625 0.43732679531249996 0.47385902656249995 0.4390287328125 0.47368746249999993 0.4401119484375 0.47622319218750003 0.44273434843750004 0.48326720156249997 0.44495165468750003 0.5322465515625 0.4532687875 0.5479485484375 0.45686612968749996 0.5511705390625 0.45515566406249997 0.5513421046875 0.454072446875 0.5488050203125 0.451458578125 0.5438392484375 0.4501125109375 0.484851921875 0.439659446875
0 0.5472710625 0.29816551874999997 0.5496253546875 0.3003132765625 0.5535971109375 0.3015281359375 0.5634981484375 0.300656946875 0.565015334375 0.2996207359375 0.5664055796875 0.296955665625 0.5652876359375 0.29399825625 0.5579481890625 0.28952212187500004 0.5497728421875 0.2891453125 0.5467787937499999 0.29111046093750004 0.5461772234375 0.29328841875 0.5472710625 0.29816551874999997
2 0.5491976125 0.2901995671875 0.5427002609375 0.28917048749999996 0.5207158203125 0.2879005296875 0.5174938296875 0.28961099375 0.5173222640625 0.290694209375 0.5198593484375 0.2933080796875 0.5234664578125 0.293879390625 0.5425720390625 0.29469338125 0.5603509203125 0.299170490625 0.5635842890625 0.2974618296875 0.5637558546875 0.29637861249999997 0.5612073921875 0.293762940625 0.5491976125 0.2901995671875
1 0.566764659375 0.26802875625 0.5665930953125 0.2691119734375 0.567695084375 0.271507290625 0.5696855109375 0.2729329328125 0.5801650656249999 0.2768047640625 0.5855910359375 0.27988493281250004 0.5877530281250001 0.28022735781249997 0.590986396875 0.2785186953125 0.5899695140625 0.27558603593750003 0.5699852984375 0.2663268203125 0.566764659375 0.26802875625
1 0.56697350625 0.360092990625 0.566503278125 0.358348559375 0.5644263953124999 0.357468790625 0.5607873203125 0.35245960468750004 0.559973965625 0.35288160468749996 0.55726666875 0.351342421875 0.5540332984375 0.3530510859375 0.5543333125000001 0.355870203125 0.56895413125 0.37093353125 0.5742518796875 0.37953659375000004 0.5750538578125 0.379112790625 0.5777738828125 0.380645246875 0.5809945234375 0.3789433109375 0.5807058890625 0.37612599375 0.576885221875 0.37218969375 0.574048125 0.3667567046875 0.56697350625 0.360092990625
1 0.5660319281249999 0.36603788593750003 0.5636983718749999 0.36677867656249996 0.548262703125 0.38484550624999997 0.5448160046875 0.3926144078125 0.5473517375 0.3952368046875 0.5487968578125 0.395465690625 0.5520302265625 0.393757028125 0.5553053593749999 0.3870713421875 0.569842565625 0.36996385625 0.5700127796875 0.3688891703125 0.567477046875 0.3662667703125 0.5660319281249999 0.36603788593750003
1 0.5521472968750001 0.39765756093750004 0.5723448390625 0.4008565375 0.5755782093749999 0.39914787343749997 0.5757497734375 0.3980646578125 0.5732013125 0.395448984375 0.55164510625 0.3914752515625 0.548423115625 0.3931857171875 0.54825155 0.394268934375 0.5521472968750001 0.39765756093750004
2 0.54791943125 0.4197115671875 0.5053509734375 0.4129693859375 0.4973220453125 0.41225729375000003 0.49410140625 0.4139592296875 0.49392984218749997 0.41504244687499997 0.49646557343750003 0.41766484375 0.5427275984375 0.4244324640625 0.54311271875 0.42671423906249994 0.5456484515625 0.42933663749999995 0.547093571875 0.429565521875 0.550326940625 0.427856859375 0.5504551625 0.4223339640625 0.54791943125 0.4197115671875
0 0.5430056140625 0.41759558124999996 0.5395664890625 0.4189831296875 0.53813576875 0.42138823593749997 0.5397984499999999 0.42738713125 0.5415858234375001 0.4303893671875 0.5457260828125 0.4322341984375 0.55089750625 0.4330182984375 0.5537222765625 0.432416509375 0.5552754140625 0.43056412968749996 0.55503920625 0.42807861718750007 0.556631625 0.42686196875000004 0.5571426859375 0.425255471875 0.5541934609375 0.4186156453125 0.552004553125 0.41741212031249997 0.5478475671874999 0.41699852968749995 0.5430056140625 0.41759558124999996
0 0.5377181796875 0.44906433906250004 0.53596635625 0.4512874390625 0.5357818562500001 0.4544407515625 0.5375281843749999 0.457112984375 0.539597796875 0.45936428749999997 0.5432487625 0.461131621875 0.5463405484375 0.4615688546875 0.5488204718749999 0.461008625 0.552875040625 0.45757646406249997 0.5543647875 0.45509327343750006 0.55374995625 0.45094778125 0.5506322906250001 0.4489064421875 0.5426192078125001 0.4478733609375 0.5377181796875 0.44906433906250004
1 0.543518425 0.4334320890625 0.5400828765625 0.43177756250000005 0.5368608874999999 0.43348802812500004 0.5366042171875 0.4351085875 0.5377926640624999 0.43695803125 0.5390005734375001 0.45267730781250004 0.5415376562499999 0.45529117656249996 0.5429827765625 0.4555200609375 0.5462147953125001 0.453819928125 0.5464728171875 0.45219083906249996 0.5448672859375 0.44362174374999996 0.5451784515625 0.43701743593750003 0.543518425 0.4334320890625
1 0.54591478125 0.45100080781249996 0.543582578125 0.45173307031250004 0.5384872296875 0.45591842656250003 0.5313369359375 0.46365155781249995 0.5311653703125 0.46473477343749997 0.53371248125 0.46735897499999995 0.5374911578125 0.4668470703125 0.5429282828125 0.460503809375 0.5497367984375 0.45492858125 0.5499083625 0.453845365625 0.5473599015625 0.45122969375000005 0.54591478125 0.45100080781249996
2 0.4870975265625 0.4721726859375 0.4869259625 0.473255903125 0.48946304375 0.47586977187499996 0.5173463875000001 0.481947271875 0.5404341703125 0.48560401718749996 0.5436661890625001 0.483903884375 0.5438377531249999 0.48282066874999996 0.5412906421875 0.4801964671875 0.518931109375 0.47665506406249997 0.490319515625 0.470462221875 0.4870975265625 0.4721726859375
0 0.528546328125 0.477662115625 0.527173071875 0.48014626875 0.5280936828125 0.48538063437499995 0.5291878265625 0.48716268281249997 0.5345631375 0.489605315625 0.54277298125 0.488291403125 0.545792640625 0.484765275 0.5447680687500001 0.48158658593750003 0.538908134375 0.47668029843750004 0.53401583125 0.47545952812500003 0.530961509375 0.47647960625 0.528546328125 0.477662115625
1 0.543999659375 0.45845272187499997 0.5302112890624999 0.480111625 0.5299546171875 0.4817321859375 0.5325030796875 0.48434785625 0.5339481984375001 0.484576740625 0.5380686531250001 0.48190693281249997 0.5509572109375 0.46121590156250003 0.5512138828125 0.4595953421875 0.5486654203125 0.45697967031250003 0.5472203 0.45675078593749996 0.543999659375 0.45845272187499997
1 0.5431095046875 0.48270532499999996 0.540573771875 0.48008292499999994 0.5384117828125 0.4797405 0.530041075 0.48118631093750003 0.5099606015625 0.4818878671875 0.505208384375 0.48390679218750005 0.5050368203125 0.48499000781249996 0.5075725515625 0.4876124078125 0.509745921875 0.48795663593749994 0.5217988171875 0.4865344578125 0.5366554953125 0.4861159234375 0.541247528125 0.48518201875000005 0.542937940625 0.4837885421875 0.5431095046875 0.48270532499999996
2 0.5312697953125001 0.510766890625 0.4791535609375 0.5036228796875 0.47593292187499997 0.5053248171875 0.47576135781250006 0.5064080328125 0.4782970890625 0.50903043125 0.5310564656250001 0.5168271296875 0.5360542015624999 0.5226110734375 0.538859334375 0.5236061859375 0.5420799749999999 0.52190425 0.5417062328125 0.5196242765625 0.5347917984375 0.5118755453125 0.5312697953125001 0.510766890625
0 0.527577315625 0.509482603125 0.5259781953125 0.5121408203125 0.5259462984375001 0.5148461671875 0.5265692828125 0.516509875 0.52837224375 0.5179407984375 0.5322755265625 0.5231229796875 0.5340526624999999 0.5243487171875 0.539707925 0.5257602718750001 0.5431503734375001 0.523909859375 0.54445135 0.5190098734374999 0.5431516546874999 0.5148433421874999 0.5418750328125 0.5133296609375 0.5397152234375 0.5123843 0.5390664140625 0.5105154062499999 0.5370185234375 0.5090107171875 0.5305375390625 0.5082465265625 0.527577315625 0.509482603125
1 0.5423366453125 0.5202836890625 0.5398009140625 0.5176612921875 0.5383557921875 0.51743240625 0.5351224234374999 0.51914106875 0.5346941875 0.5218448437500001 0.5373597203125 0.5283610484375 0.5449910234375 0.536223321875 0.5454626031250001 0.537959225 0.54898325625 0.53907640625 0.552205246875 0.5373659421875 0.5519166125 0.534548625 0.5442853078125001 0.526686353125 0.5419948671875 0.5224415921875 0.5423366453125 0.5202836890625
2 0.5315683140624999 0.5462941671875 0.51865871875 0.5436986671875 0.493880521875 0.5414353968750001 0.47375805781249997 0.537688746875 0.47053606875 0.5393992109375 0.470364503125 0.5404824265625 0.4729015859375 0.543096296875 0.4937409203125 0.5469564890624999 0.518530496875 0.5492215609375 0.5307118421875 0.55170171875 0.5339338328125 0.5499912546875 0.534104046875 0.5489165671875 0.5315683140624999 0.5462941671875
0 0.5196947859375001 0.551591771875 0.52257245625 0.5543382734375 0.5271251078125 0.555715084375 0.5351033171874999 0.5524759484375 0.53657960625 0.5495622109375 0.5314812250000001 0.5434563140625001 0.5242461703125 0.542371596875 0.5220509265625 0.54282828125 0.5179223687500001 0.5455492640624999 0.517570925 0.5479154734375 0.5190484718749999 0.549854421875 0.5196947859375001 0.551591771875
1 0.5213690875 0.5219463906249999 0.51813571875 0.5236550546875 0.517964153125 0.5247382703125 0.523937009375 0.5384318968749999 0.5231976078125 0.5477399796875 0.5257447187500001 0.55036418125 0.5271898390625 0.550593065625 0.530411828125 0.5488826 0.5313227953124999 0.5384913 0.5259930828125 0.5254503625 0.5248046328125 0.5236009171875 0.5213690875 0.5219463906249999
2 0.573807315625 0.27025459375 0.573507303125 0.267435475 0.5708851125 0.26535894843749996 0.570413534375 0.2636230453125 0.5696115578125001 0.2640468484375 0.5683380015624999 0.262734746875 0.5616804656250001 0.2627906875 0.55101931875 0.2599917375 0.517110203125 0.25462106093750003 0.5138882125 0.2563315265625 0.5137166484375 0.2574147421875 0.51625373125 0.2600286125 0.550162846875 0.2653992875 0.557933753125 0.26774046875 0.5653195390625 0.267799871875 0.56705329375 0.2708460734375 0.5678666484375 0.27042407343749997 0.5691288265625001 0.2717343734375 0.5705739453125 0.2719632578125 0.573807315625 0.27025459375
1 0.519917296875 0.43301646250000003 0.5213624171875 0.433245346875 0.5487102562499999 0.4287111921875 0.5505836125 0.42623629999999996 0.5480365015625 0.4236121 0.5458745109375001 0.4232696734375 0.5192535703125001 0.42792770156250004 0.5173802140625 0.4304025921875 0.519917296875 0.43301646250000003
1 0.5547731687499999 0.553851446875 0.5520544921874999 0.5523104609375 0.5356356234375 0.5485995781249999 0.5301231937499999 0.5460652828125 0.526889825 0.547773946875 0.5267196109375 0.5488486328125 0.527821603125 0.55124395 0.5298120281250001 0.552669590625 0.546242275 0.5563822765624999 0.5616762234375 0.561598375 0.5645664625 0.56205614375 0.5677998328125 0.56034748125 0.567971396875 0.559264265625 0.565422934375 0.5566485937500001 0.5547731687499999 0.553851446875
2 0.5220510078125 0.5830383718750001 0.49687631093749995 0.578491525 0.472268328125 0.5751535703124999 0.46903495937499995 0.5768622328124999 0.4688647453125 0.5779369203125 0.47141185625000004 0.5805611203125001 0.5154991609375 0.586993040625 0.5274238359375001 0.591093759375 0.5295858250000001 0.591436184375 0.53281784375 0.5897360515625001 0.5329894078125 0.588652834375 0.530442296875 0.5860286328125001 0.5220510078125 0.5830383718750001
0 0.5186013984375 0.5909729328125 0.5228439140625001 0.594381509375 0.530606190625 0.594273221875 0.53495816875 0.5907307875 0.5355413437500001 0.58734335 0.5349505734375 0.5856235421875 0.5291738796875001 0.581517328125 0.5183978046875 0.58047505 0.5148590234375 0.581313478125 0.5125895859375 0.583122353125 0.5123413359375 0.587340984375 0.5143868406250001 0.5895972109375001 0.5186013984375 0.5909729328125
1 0.5285803203125 0.588505328125 0.528751884375 0.5874221109375 0.5262034234375 0.5848064390625 0.5247583031249999 0.5845775546875001 0.5146971828125 0.5874168421875 0.5012005187499999 0.58860160625 0.4857858046875 0.587830109375 0.48255378593750003 0.58953024375 0.482382221875 0.5906134609375 0.48492933281250006 0.5932376625 0.48781957187499997 0.59369543125 0.5017777875 0.5942362390625 0.5152858328125001 0.5930532796875 0.5268785281249999 0.5898970015625 0.5285803203125 0.588505328125
1 0.5371178828125001 0.6746755421875 0.5350409984375 0.6737957734375 0.53058856875 0.6692085875 0.5289399218749999 0.6656250421875 0.5225721437499999 0.6590645390625001 0.5197350468749999 0.6536315515625 0.5162995015625 0.651977025 0.5130775109375 0.653687490625 0.512907296875 0.6547621765625 0.5156579359375 0.6607410375 0.522014334375 0.6672997374999999 0.5256534078125 0.6723089250000001 0.52548184375 0.6733921406250001 0.52757010625 0.6742737125 0.5306638734375 0.678086140625 0.5341845265625 0.6792033234375 0.5374065171875 0.6774928578125 0.5371178828125001 0.6746755421875
1 0.5105304 0.6510632890625 0.5093852937500001 0.653653521875 0.511921025 0.6562759218750001 0.5156997 0.655764015625 0.5326669468749999 0.6373801984374999 0.53292361875 0.6357596390625 0.5303865359375 0.6331457687500001 0.5289414156250001 0.6329168843749999 0.525709396875 0.63461701875 0.5105304 0.6510632890625
0 0.506719253125 0.6522957390624999 0.50722226875 0.6559688718750001 0.5095699625 0.6585265171875 0.51270695625 0.6601512421875 0.520105471875 0.6602039203125 0.5228489765625 0.6583477249999999 0.5230589343750001 0.655180959375 0.5215277140625 0.6518870531250001 0.5164823359375 0.6480977625000001 0.514269425 0.6477822453125001 0.51071406875 0.648504384375 0.5075867453125 0.650500884375 0.506719253125 0.6522957390624999
2 0.515037325 0.6506667265625 0.5092568453124999 0.6497511874999999 0.47925485312499994 0.647770940625 0.4590459296875 0.6445701609375 0.4558239390625 0.6462806265625 0.455652375 0.64736384375 0.4581894578125 0.6499777124999999 0.47839838125 0.6531784921875 0.5084003734375 0.6551587390625 0.51688815 0.657613459375 0.52012151875 0.655904796875 0.519104634375 0.6529721375 0.515037325 0.6506667265625
1 0.5256036234375 0.58859343125 0.5294993671875 0.5919820578125 0.5442278234375 0.5970864171875 0.5463898140625 0.5974288421875 0.5496231828125 0.5957201796875 0.5497947484375 0.5946369640625 0.5472462859375 0.5920212921875 0.52900855625 0.58580155 0.5257751875000001 0.5875102140624999 0.5256036234375 0.58859343125
1 0.517608234375 0.6017359156250001 0.5161631156250001 0.6015070312499999 0.5129297453125 0.60321569375 0.51288798125 0.608192715625 0.5140750781250001 0.6100506890624999 0.514782146875 0.619579128125 0.5173178796875 0.622201528125 0.5187629984375 0.6224304125 0.52199636875 0.6207217484374999 0.5214608640625 0.6101100921875 0.520272415625 0.60826065 0.5201439671875 0.6043583140625 0.517608234375 0.6017359156250001
0 0.517815834375 0.61463881875 0.5130585234375 0.615511575 0.510975565625 0.6175423375 0.51215731875 0.6227481171875 0.5143096484375 0.625213615625 0.516287759375 0.6263487796875 0.520392840625 0.6270164484375 0.525435925 0.6266960609375001 0.5295444812500001 0.6253533390625 0.5310887859375 0.6231148578125 0.5299472 0.6193493265625001 0.521783846875 0.61469898125 0.517815834375 0.61463881875
2 0.528567446875 0.6212116812499999 0.5260317156250001 0.6185892843749999 0.515380596875 0.615800665625 0.49033435000000003 0.6151561546875 0.4665296953125 0.6113858671875 0.4632963265625 0.61309453125 0.4631247625 0.614177746875 0.4656732234375 0.61679341875 0.47567984843750005 0.618937878125 0.4960603359375 0.621055440625 0.5152409953125 0.6213217578125 0.52517389375 0.6240053640625 0.5283958828124999 0.6222948984375 0.528567446875 0.6212116812499999
0 0.5305843828125 0.3912958640625 0.53120409375 0.39290659375 0.5351280015625 0.39626470937499997 0.54062795625 0.3962265203125 0.5486853109375 0.4000731875 0.5544942625 0.399777928125 0.556287240625 0.3987679109375 0.5582256484375 0.3957350140625 0.5591235859375 0.392275025 0.5585870093749999 0.3905812859375 0.5544858203125 0.3876060265625 0.5498084171875 0.3859121859375 0.540326784375 0.3856082640625 0.5332726 0.38684291718749997 0.5311387234375 0.3889005875 0.5305843828125 0.3912958640625
2 0.543285778125 0.392922865625 0.550788634375 0.3968828015625 0.552950625 0.397225228125 0.5561826437499999 0.3955250953125 0.5551657578125 0.392592434375 0.5455873703125 0.3877442 0.5426971296875001 0.3872864296875 0.5381037484375 0.38822886562500003 0.5302591140625 0.38642683125 0.5221564578125 0.3862538859375 0.501862428125 0.38359044999999997 0.49864043750000003 0.385300915625 0.4984688734375 0.3863841328125 0.50100595625 0.388998 0.5212999859375 0.3916614375 0.5294026421875 0.39183438125 0.5386923953125 0.3938653 0.543285778125 0.392922865625
1 0.5566755 0.621230746875 0.5472992875 0.6197457 0.5346910578124999 0.6199607890625 0.5245865953125 0.6183603984375 0.5213532265625 0.6200690609375 0.5211816609375 0.6211522781250001 0.523728771875 0.6237764796875 0.5345501046875001 0.625490409375 0.5471596859375001 0.6252667921875 0.555819028125 0.6266382968750001 0.5590523968750001 0.6249296359375001 0.5592239609375 0.62384641875 0.5566755 0.621230746875
1 0.5653485140625001 0.3376540640625 0.5630149578125 0.3383948546875 0.560338275 0.3413020765625 0.5554464546875 0.3488420921875 0.55501821875 0.35154586875 0.557555303125 0.35415973749999996 0.5590004234375 0.354388621875 0.5622324421875 0.3526884890625 0.56907269375 0.34212590625 0.569329365625 0.340505346875 0.5667936328125001 0.3378829484375 0.5653485140625001 0.3376540640625
3 0.5221467984375 0.3629691546875 0.517906203125 0.3850298890625 0.5182062171874999 0.3878490078125 0.5201115359374999 0.38981199375000003 0.519971934375 0.395333084375 0.52234883125 0.39903197343749996 0.52293748125 0.40466840781249996 0.522081009375 0.410075959375 0.5191362749999999 0.4146019390625 0.51892294375 0.4206621765625 0.5156464609375 0.4273563921875 0.5153046828125001 0.42951429531249996 0.516866871875 0.4336437125 0.5145652796875 0.43882237812499997 0.5107098062500001 0.4631648859375 0.50892290625 0.4650939046875 0.50726310625 0.47093378750000003 0.5061819265625 0.4823997734375 0.50867589375 0.4899991953125 0.5049405609375001 0.49495077812500005 0.49741367968750005 0.5331206234375 0.4981738921875 0.53767384375 0.49717646875000004 0.5486110156249999 0.49265974218749997 0.5584224765625 0.48717778125000005 0.5930342140625 0.488279771875 0.59542953125 0.4875948640625 0.5997538671875 0.488985490625 0.6049664984375 0.483869190625 0.6279901796875 0.4854313796875 0.632119596875 0.48414667187499993 0.640230925 0.481299775 0.6442128328125001 0.4801852796875 0.6512494734375001 0.4816623625 0.6559162328125 0.4798643109375 0.6672686796875 0.4778193921875 0.6708267875 0.4778933453125 0.6797128703124999 0.47553861093750005 0.68986675625 0.47277681875 0.693311321875 0.4728188109375 0.6977595296875 0.47111701874999995 0.6991512046875 0.4704321109375 0.7034755390625 0.4713638890625 0.7069455437500001 0.4761467171875 0.709373025 0.48009695781249995 0.7077779015625 0.47951968906250003 0.70214326875 0.481466771875 0.6991292312499999 0.4812645953125 0.6957660437500001 0.48411149375000007 0.6917841328125001 0.48655268593749995 0.6810843765625 0.48732405156249997 0.67621416875 0.48630716874999996 0.67328150625 0.488523653125 0.668640184375 0.49066483281249995 0.6551213078125 0.488833240625 0.6526191765625 0.48986127812499997 0.6461284093749999 0.49246288437499997 0.6437688609375 0.4942622859375 0.6324078859375 0.49268871562500005 0.6282766671875 0.49764483125 0.6063380031250001 0.49633931249999996 0.600588028125 0.497110678125 0.5957178203125 0.4960086859375 0.593322503125 0.50131908125 0.55979398125 0.505750703125 0.550519865625 0.5069069609375 0.5385062031250001 0.5060730203125 0.534492128125 0.5135885234375 0.49632048125 0.5170772125 0.49299978749999995 0.5171317078125 0.4880160390625 0.514637740625 0.48041661874999997 0.5174957906250001 0.46701128125 0.519284040625 0.46507373437500005 0.5232246218750001 0.4401938828125 0.5255262125 0.4350152171875 0.5259544484374999 0.43231144062500004 0.5242093156250001 0.42926343749999996 0.527495828125 0.422579553125 0.527795615625 0.41597344375 0.5306425124999999 0.41199153437499997 0.5315854421874999 0.40603811093750003 0.5307081609375001 0.3975843578125 0.5283426421875 0.39388727343749996 0.5291140078125001 0.389017065625 0.5266520031249999 0.385855521875 0.5304516328125 0.36650529062500004 0.533771459375 0.3642507546875 0.5384820546875 0.3345092234375 0.5373481 0.32767603125 0.5408910578125 0.309946359375 0.5394684703125 0.30029585000000003 0.541298484375 0.29338128124999996 0.5401100343749999 0.2915318375 0.542498084375 0.285807296875 0.5438372874999999 0.2727122234375 0.5462990640625 0.2664485390625 0.546063575 0.2586560015625 0.549210259375 0.2480679828125 0.547306290625 0.24609646875000002 0.5445125375 0.24510315781249997 0.5405622953125 0.2466982796875 0.5391491390625001 0.25090727031250004 0.5339238500000001 0.28389845 0.5305636093749999 0.291121478125 0.5323824703125 0.2936303359375 0.530724021875 0.2994616875 0.5321466109374999 0.3091121984375 0.5286887578125 0.32630452656250003 0.52973625625 0.333683590625 0.5254538953125001 0.360721346875 0.5221467984375 0.3629691546875
1 0.49805061874999995 0.6551807109375 0.4948172484375 0.656889375 0.4954058984375 0.662525809375 0.502854484375 0.680894725 0.50403155625 0.6827423671874999 0.5074671015625001 0.68439689375 0.5107004703125 0.6826882296875 0.5108720359375 0.6816050140625001 0.5052843 0.6701931640625001 0.5020314703125 0.6580319953125 0.4994957390625 0.6554095953125 0.49805061874999995 0.6551807109375
1 0.5138793453125 0.685963315625 0.5113308828124999 0.68334764375 0.5098971421875 0.6831205609375 0.507553559375 0.6838510203125 0.5003281859375 0.692131828125 0.49321988125000005 0.7043131671875 0.49024476093749997 0.7138179703125 0.49278049375000005 0.7164403703125 0.4942256125 0.7166692546875 0.49745898125 0.714960590625 0.500348996875 0.7059931296874999 0.5054974859375 0.6968325546874999 0.5137077796875 0.68704653125 0.5138793453125 0.685963315625
0 0.5007060546875 0.6799511640625 0.500854971875 0.6816621921875 0.5022412828125 0.6856500921875 0.5054575156250001 0.689499403125 0.509570184375 0.6914447828125 0.5121539734375 0.6917753265625 0.5158550203125001 0.690280628125 0.5190621984375 0.6862333765625 0.5201271828125 0.6825288046875 0.519807321875 0.6795404203125 0.5169768796875001 0.6770112375 0.5094153171875 0.6757786296875 0.5019235937500001 0.6782292375 0.5007060546875 0.6799511640625
2 0.511930684375 0.6795606515625 0.502554471875 0.67807560625 0.46279114843749997 0.6723285375 0.4595577796875 0.6740372 0.4593862140625 0.675120415625 0.4619346765625 0.6777360875 0.5060333609375001 0.6841698109375 0.506493559375 0.6859039109375 0.5090406703125 0.6885281125 0.5104744109375 0.6887551953125 0.5137077796875 0.68704653125 0.5144791453125 0.6821763234375 0.511930684375 0.6795606515625
1 0.583706528125 0.29178325156249996 0.5851516484375 0.2920121359375 0.5845212359375 0.291352721875 0.586126540625 0.29049658906250003 0.5862967546875 0.28942190156250003 0.583761021875 0.286799503125 0.582315903125 0.28657061875 0.576033459375 0.2888980015625 0.561635628125 0.291059165625 0.5599338375 0.29245084062500004 0.555353184375 0.2933865484375 0.5559835984375 0.2940459625 0.5541966984375 0.29597498125 0.556743809375 0.29859918125 0.55818893125 0.29882806562500003 0.5683365078125 0.29544290625 0.57967118125 0.2939157171875 0.583706528125 0.29178325156249996
1 0.5537365000000001 0.2942408796875 0.5545286765624999 0.303231975 0.557064634375 0.3152796046875 0.5596003671875 0.317902003125 0.5610454875 0.3181308875 0.56427885625 0.316422225 0.564535528125 0.3148016640625 0.5609507203125 0.2953835 0.558403609375 0.2927593 0.55696986875 0.2925322171875 0.5537365000000001 0.2942408796875
2 0.5650598796875 0.334836746875 0.5647598656249999 0.332017628125 0.5614945328125 0.329288415625 0.561035684375 0.3275457859375 0.5555232546875 0.3250114890625 0.5306903390625 0.31830674062500003 0.515545025 0.31590795781250003 0.51185145625 0.315882521875 0.5086194374999999 0.3175826546875 0.5084478734375 0.3186658703125 0.510994984375 0.32129007187499997 0.529833865625 0.3237142921875 0.549699659375 0.3290815015625 0.5552971953125 0.33107845468749997 0.55830450625 0.33543675624999997 0.5603813890625 0.3363165265625 0.5618265109375 0.3365454109375 0.5650598796875 0.334836746875
0 0.551095840625 0.33271249375 0.5565276359375 0.33737610625 0.5620426625 0.3390102609375 0.56485911875 0.3386082515625 0.5667053546874999 0.33733562968749997 0.5679892890625 0.331217634375 0.5661401859375 0.3283105421875 0.559722221875 0.324128990625 0.5522409328125 0.32246319375 0.5480210796875 0.32391943749999996 0.5465317484375001 0.3261054234375 0.5469504890625 0.32972149375000004 0.551095840625 0.33271249375
1 0.568914003125 0.3105027671875 0.5562720875 0.3295629078125 0.556014065625 0.3311919953125 0.5585625296875001 0.33380766875 0.5600076484375001 0.33403655312499997 0.5641281015625 0.33136674374999997 0.5767599875 0.31229627187500003 0.577016659375 0.3106757140625 0.5744681968750001 0.3080600421875 0.57303445625 0.307832959375 0.568914003125 0.3105027671875
1 0.56132431875 0.33036310156250004 0.558102328125 0.33207356718750003 0.5591929421875 0.33446708125 0.5583909640625 0.334890884375 0.559836084375 0.33511976875 0.5603813890625 0.3363165265625 0.57493828125 0.3425041015625 0.577100271875 0.342846528125 0.5803336406249999 0.3411378640625 0.58050520625 0.3400546484375 0.57795674375 0.33743897500000003 0.56132431875 0.33036310156250004
2 0.5482097031250001 0.357121096875 0.5558955015625 0.3599996203125 0.55911749375 0.3582891546875 0.562147334375 0.35322583281250003 0.56240400625 0.351605271875 0.5598568953124999 0.348981071875 0.5584117749999999 0.34875218750000003 0.555189784375 0.3504626515625 0.553316428125 0.35293754375 0.5238164000000001 0.347714375 0.520755946875 0.34833129218750003 0.5134552671875 0.34773454375 0.510234628125 0.34943648125000004 0.5100630640625 0.350519696875 0.5125987953125 0.353142096875 0.5206277234375001 0.3538541859375 0.523688178125 0.35323726875 0.5482097031250001 0.357121096875
0 0.5616382359375 0.3486336953125 0.555952425 0.3480041921875 0.5531494265625 0.3488367515625 0.5519164562500001 0.35058246406250004 0.548108428125 0.3534154171875 0.54774581875 0.3575459890625 0.5500593796875 0.3620129921875 0.5521922781249999 0.364012021875 0.554666071875 0.3649633984375 0.5585532890625 0.3648708734375 0.5618183 0.3630360734375 0.5636687421875 0.3601903375 0.5635190984375 0.3580420328125 0.5649835390625 0.354024771875 0.5643927140625 0.3509060390625 0.5616382359375 0.3486336953125
1 0.566198315625 0.2435454671875 0.5643989140625 0.25490644218749997 0.564131090625 0.2659504296875 0.5666782015625 0.26857463125000003 0.5681233203125 0.268803515625 0.5713453109375 0.26709305 0.5716131359375 0.2560490625 0.5734125375 0.2446880875 0.5708754546875 0.24207421718750002 0.5694303328125 0.2418453328125 0.566198315625 0.2435454671875