2 0.549847446875 0.6264356859375 0.5479883046875 0.625580084375 0.534742265625 0.6280810484375 0.5277602390625 0.628628915625 0.52010225 0.6299421062499999 0.5163186953125 0.6298026265625001 0.509391090625 0.630653490625 0.5080502375 0.6321892734375 0.5081781828125 0.6327912109375 0.510027771875 0.63364884375 0.5144953203125 0.6330138046875 0.5203377375 0.633022734375 0.527995728125 0.63170954375 0.5349792765625 0.6311688453125 0.5450333515625 0.6293388625 0.5486249875 0.6285754359375 0.5499753921874999 0.627037621875 0.549847446875 0.6264356859375
1 0.5527123828125 0.588857690625 0.540743221875 0.58952190625 0.5394867453125001 0.589481903125 0.5371080171875 0.5881076078125 0.5363056296875001 0.5882781609375 0.5349647765625 0.5898139437500001 0.5348179515625 0.5910959265625 0.5350098703125 0.591998834375 0.536859459375 0.5928564656249999 0.5512902000000001 0.5919835921875001 0.5605885046875 0.5925162171875 0.5617920843750001 0.5922603890625 0.5631314140625 0.590717440625 0.5630049921875 0.5901226687500001 0.5602875203125001 0.5891274546874999 0.5527123828125 0.588857690625
2 0.5137535578125 0.61186334375 0.512414228125 0.61340629375 0.51254065 0.6140010640625 0.5143917625000001 0.614865865625 0.540682596875 0.6108429156249999 0.546926209375 0.6107665718749999 0.5481297890625 0.61051074375 0.5494706421875 0.608974959375 0.5493426968749999 0.6083730234375 0.5474931078124999 0.6075153906249999 0.543308359375 0.6074611859375 0.5137535578125 0.61186334375
0 0.5430329765625 0.612882328125 0.5475457234375 0.613728125 0.5507688015625 0.6122641125 0.5521770625 0.6104818234375 0.5523068265625 0.6084619874999999 0.550027575 0.605770834375 0.5454663703125 0.604837971875 0.541050740625 0.6055293828125 0.5381549406249999 0.6071709890625 0.5365353140625 0.609649809375 0.5369460484374999 0.612333684375 0.539331 0.6135493734375 0.5430329765625 0.612882328125
1 0.553672746875 0.6071380765625001 0.5496174671875 0.6076929765625 0.5462255546875 0.60747025 0.5448847015625 0.6090060328125 0.545012646875 0.6096079703124999 0.54779256875 0.6108969875 0.5591061671875 0.609121340625 0.56131185625 0.6077088078124999 0.5608562421875 0.6074910859375 0.5615226546875001 0.6067277921875001 0.561394709375 0.6061258546875 0.5595451203125 0.6052682218750001 0.5572739343750001 0.6063726203125 0.553672746875 0.6071380765625001
1 0.5591419328125 0.613188121875 0.5612647703125 0.613358540625 0.5626056234375 0.6118227593750001 0.5624776781249999 0.611220821875 0.559170140625 0.609422309375 0.557465853125 0.607275525 0.555151096875 0.6062022015624999 0.5550231515624999 0.6056002625 0.5521792578125 0.604010278125 0.550065746875 0.601957965625 0.5466194140625 0.6014322421875 0.545415834375 0.6016880703124999 0.5447509453125 0.6024585296875 0.544285778125 0.6022428375 0.5429260453125 0.605662540625 0.543353453125 0.6096460765625 0.545204565625 0.6105108765625 0.546006953125 0.6103403234375 0.5473462828125 0.6087973734375 0.547384040625 0.6050295328125 0.554648171875 0.60975435 0.5568256546875 0.61210763125 0.5591419328125 0.613188121875
1 0.53241851875 0.5699907421875 0.5325464640625001 0.5705926781249999 0.533539246875 0.571317865625 0.5352624140625 0.571580728125 0.559820528125 0.5672969484375 0.561170934375 0.5657591359375 0.5610429890625 0.5651571984375 0.559183846875 0.5643015953125 0.5378786234375 0.5682010281250001 0.533759371875 0.568454959375 0.53241851875 0.5699907421875
1 0.5346693015625 0.5707630984375001 0.534205659375 0.570554571875 0.5347521546875 0.569180146875 0.5329025640625 0.5683225125 0.532100178125 0.568493065625 0.5281524421875 0.5715266578125 0.514250840625 0.5729161921875 0.510649653125 0.573681646875 0.5093088 0.57521743125 0.5094367453124999 0.5758193671875 0.511286334375 0.5766770015625 0.5148875234375 0.5759115453125 0.5287891234375001 0.5745220093750001 0.5314599796875 0.5733251687500001 0.5317251984375 0.5726471531249999 0.5346693015625 0.5707630984375001
0 0.52849115 0.56734283125 0.5270395421875 0.5688272578125 0.5267931921875 0.5703925359375 0.525347134375 0.572137921875 0.5251617359375 0.5745066203125 0.5264444375 0.575844253125 0.52931348125 0.5764252765625 0.532656759375 0.5757146421875 0.5346517328125 0.5740622906249999 0.5379372609375 0.5728920796875 0.539607021875 0.5708370046875 0.538236990625 0.5670688109375 0.534197828125 0.5658677 0.530617528125 0.5662617234375 0.52849115 0.56734283125
2 0.505089809375 0.5711036125 0.50374895625 0.5726393953125 0.5038769015625 0.57324133125 0.5057264906250001 0.574098965625 0.5306140234375001 0.5713179984375001 0.5339948609375 0.5715355890625 0.535198440625 0.5712797609375 0.53653929375 0.5697439765625 0.5364113484375 0.569142040625 0.5345617593750001 0.56828440625 0.5324373984374999 0.5681068203125 0.505089809375 0.5711036125
1 0.546442725 0.5554157890625 0.5453859703124999 0.5543896328125 0.545723190625 0.5540033875 0.544465190625 0.55395621875 0.5402273203125 0.5517263203125 0.5362533703125 0.5506911015625 0.5330082828125 0.5491863921875 0.53241669375 0.548375928125 0.53115869375 0.5483287578125 0.5282508265625 0.546437803125 0.5274484390625 0.5466083562499999 0.526109109375 0.5481513046875001 0.52793981875 0.550892859375 0.52874220625 0.5507223078125 0.531522128125 0.5520113249999999 0.5321137171875 0.5528217875 0.536087665625 0.5538570078125 0.54078115 0.556304628125 0.5420487031250001 0.5563497671875 0.54303345625 0.55708415 0.5451033953125 0.5569587375 0.546442725 0.5554157890625
1 0.5360480828124999 0.5360100359375 0.5341984937500001 0.5351524046875 0.53339610625 0.53532295625 0.53272969375 0.5360862484375 0.5322660515625001 0.5358777234375001 0.525452025 0.5470327078125 0.5250319515624999 0.5490019046875 0.5268830640625 0.549866703125 0.5287610859375 0.5488383859375 0.5305220125 0.5453334062499999 0.5321985625 0.5434042109375 0.5320721390625 0.5428094406249999 0.5359747828125 0.537590959375 0.5360480828124999 0.5360100359375
0 0.53196940625 0.5515792187499999 0.5349439484375 0.5493216999999999 0.535864196875 0.5472162265625 0.535607584375 0.545398353125 0.5330094140625 0.54369621875 0.5260207296875 0.5439309359375 0.523077346875 0.5464289890625 0.5227116828125 0.5514723671875 0.5253007140625 0.5531315046875 0.52812099375 0.5529664390625 0.5300217328125 0.552232878125 0.53196940625 0.5515792187499999
2 0.5273844671875 0.5463073875 0.4880395109375 0.5537342062499999 0.4866891046875 0.5552720203125 0.4868170515625 0.5558739562499999 0.4886761921875 0.5567295609375 0.5115126640625001 0.5521900843750001 0.5160346328125 0.5518580421875 0.5280866453125 0.549610875 0.5316782796874999 0.5488474484375 0.5330271625 0.5473024703125 0.5329007390625 0.5467076984375 0.5310400750000001 0.5458449296875 0.5273844671875 0.5463073875
1 0.5307745546875 0.5249153 0.5341553921875 0.5251328890625 0.538549415625 0.5241989109375 0.54122179375 0.5230092375 0.5442487500000001 0.51954223125 0.54493251875 0.51688785 0.543082928125 0.5160302171875 0.5422805421875 0.51620076875 0.5379127328125 0.521203559375 0.5339199046875 0.5220522609375 0.5313303781250001 0.5216589828125 0.5303375953125 0.5209337953125 0.5260903984375 0.5205857890625001 0.5248963703125 0.5208395875 0.523545965625 0.5223774015625 0.5236739109374999 0.5229793375 0.525533053125 0.5238349421875 0.5289138906249999 0.52405253125 0.5307745546875 0.5249153
1 0.5244898359375 0.5071375078125 0.5251111546875 0.504189325 0.5249192359375 0.5032864203125 0.523069646875 0.5024287859375 0.5222672609375001 0.5025993390625 0.5209264078125 0.504135121875 0.5204423625000001 0.5058033515625 0.5209244140625 0.5119697453125001 0.519928115625 0.519072015625 0.52076604375 0.5210883828124999 0.5226251859375 0.5219439859375 0.5234180203125 0.5217754640625001 0.524768425 0.5202376515625 0.5239849171875 0.51852428125 0.5247515390624999 0.51428695 0.5244898359375 0.5071375078125
0 0.51760085625 0.5200535187499999 0.517578646875 0.5217808640625 0.51932349375 0.523836640625 0.5209348921875 0.5260630859375001 0.5270460828125 0.5274304359374999 0.533327371875 0.5248070828125 0.5349780046875 0.5222392859375 0.534358278125 0.5206858359375001 0.53251586875 0.5193922765625001 0.529215190625 0.5192699921874999 0.5280687234375 0.5181505609375 0.524815346875 0.5170295859375 0.5219103375 0.51707785 0.5196954859375 0.5179306046875001 0.51760085625 0.5200535187499999
2 0.526955234375 0.520709040625 0.5256252328125 0.520370096875 0.524048890625 0.51882525 0.5237116703125 0.519211496875 0.521988503125 0.5189486328124999 0.5206380984375001 0.520486446875 0.5209564390625 0.5219841234375 0.511239584375 0.5234278609375 0.4948575234375 0.5269099749999999 0.4925238875 0.527720571875 0.491183034375 0.5292563546875 0.49131098125 0.529858290625 0.49316057031250005 0.530715925 0.5263258875 0.52366641875 0.5276762921875 0.52212860625 0.526955234375 0.520709040625
1 0.52335995 0.47824283906250004 0.5225575625000001 0.4784133921875 0.521216709375 0.4799491734375 0.5209245828125 0.4825203078125 0.52256138125 0.49219358125 0.524403165625 0.494940271875 0.5262527546875 0.49579790468749996 0.5270551421875 0.495627353125 0.5283959953124999 0.49409156875000004 0.526491759375 0.4910510765625 0.5250249546875 0.48415030000000003 0.5252095390625 0.479100471875 0.52335995 0.47824283906250004
1 0.555135109375 0.48433361250000007 0.555683128125 0.48296635156249995 0.5538320156250001 0.48210155156249995 0.553029628125 0.48227210468750004 0.5468122296875 0.48641726093750004 0.5396645 0.4901310328125 0.52826805 0.4934896328125 0.526927196875 0.4950254140625 0.5270551421875 0.495627353125 0.52890473125 0.496484984375 0.530499953125 0.49614591093750005 0.538368740625 0.49385170624999997 0.5445032859375 0.49128950156249995 0.555600275 0.4845493046875 0.555135109375 0.48433361250000007
0 0.5235857375 0.49917342500000006 0.527551090625 0.499933353125 0.5316795875 0.499018365625 0.5337448874999999 0.4973211078125 0.5344520937499999 0.49557548437500004 0.5329320375 0.4927454296875 0.5301530718749999 0.49117909062500004 0.5259975 0.49036971874999996 0.52380340625 0.49103830937500004 0.5225071140625 0.49222009531250005 0.522037025 0.4963494609375 0.5235857375 0.49917342500000006
2 0.5133061765625 0.5016804687499999 0.52970711875 0.4963144328125 0.531047971875 0.49477865000000004 0.529991215625 0.4937524953125 0.5303284374999999 0.49336624999999995 0.5295260500000001 0.49353680312500003 0.5276764609375 0.49267916874999995 0.5256160734375 0.4928025515625 0.5232620359375 0.4954899015625 0.515731990625 0.49740502812500004 0.5126694953125 0.4986851171875 0.4970802671875 0.501998709375 0.492412996875 0.5036199 0.49107214375 0.5051556828125 0.49120009062500003 0.5057576203124999 0.4930496796875 0.506615253125 0.4950556453125 0.506188871875 0.4981181421875 0.504908784375 0.5133061765625 0.5016804687499999
1 0.5252168734375 0.4850532046875 0.5255749671875 0.474948415625 0.5242094234375 0.47242255312500003 0.5223502812499999 0.47156694843749997 0.5215574468749999 0.47173547187500003 0.5202070421875 0.473273284375 0.5215821375 0.4757971171875 0.521114978125 0.4834160484375 0.5218607265624999 0.488897259375 0.5215046265625001 0.491167425 0.52175899375 0.492364134375 0.523619659375 0.49322690312499995 0.52441249375 0.4930583796875 0.525761375 0.4915134015625 0.5259082 0.4902314171875 0.5252168734375 0.4850532046875
1 0.5159147515625 0.4707403890625 0.5133891968750001 0.470648078125 0.5053018078125 0.4758123578125 0.503952925 0.47735733593749996 0.5038156515625001 0.47863729062499993 0.5056652421875001 0.479494925 0.506467628125 0.47932437187500004 0.5085468953125 0.47731706718750005 0.513688659375 0.47402967812499996 0.5162781843750001 0.4744229546875 0.517617515625 0.47288000625000004 0.5174910921875 0.47228523593749994 0.5159147515625 0.4707403890625
0 0.515163303125 0.47678699843750005 0.5182248671874999 0.4763010171875 0.5225120796875 0.476790309375 0.5255776234375 0.4755245546875 0.5269375562499999 0.4734679296875 0.5262250234375 0.47077330625 0.5239985640625 0.4690820390625 0.5213734390625 0.4682394578125 0.516448884375 0.4684623390625 0.5126713406250001 0.469572359375 0.5107993296875 0.471850175 0.5107861296875 0.4738077859375 0.5117133328125 0.4754456734375 0.515163303125 0.47678699843750005
2 0.5232151171874999 0.4716902 0.518903946875 0.471041225 0.5156399796875 0.47142043593749994 0.5077182953125 0.473418809375 0.498794275 0.47469402499999996 0.48241221406249996 0.478176140625 0.4810713609375 0.479711921875 0.48119930625 0.480313859375 0.4830488953125 0.4811714921875 0.49943095781249996 0.477689378125 0.5083565 0.476421328125 0.5162781843750001 0.4744229546875 0.519140959375 0.4741290203125 0.522194128125 0.47473082499999997 0.5229869625 0.47456230312500003 0.52433736875 0.47302448906250005 0.5232151171874999 0.4716902
1 0.54667711875 0.4504131546875 0.54203805625 0.448268534375 0.53275863125 0.44585198750000005 0.5208723234375 0.44493324999999995 0.5190771546875 0.444378615625 0.5154215468750001 0.444841071875 0.5134891046875001 0.4455663921875 0.5121387000000001 0.44710420468749995 0.5122666453125 0.4477061421875 0.5141257859375 0.44856174531250004 0.51725225625 0.447582628125 0.5317376421875 0.4488926140625 0.54061435 0.45138727031250003 0.5447897703125 0.4533233640625 0.5459837984375 0.453069565625 0.5473342031249999 0.451531753125 0.54667711875 0.4504131546875
1 0.516250315625 0.41928989375 0.51545748125 0.41945841718750004 0.514107075 0.4209962296875 0.5117961375 0.43370309375 0.5098805828125 0.440379115625 0.510142284375 0.44752855625 0.5120014265624999 0.44838415937500004 0.5127942609375 0.4482156375 0.514144665625 0.4466778234375 0.5137905593750001 0.44111336718749994 0.5182998515625 0.4210412359375 0.51810945625 0.42014549843750004 0.516250315625 0.41928989375
0 0.5187588390625 0.44945686875 0.52032171875 0.44727471718749995 0.5196948734375 0.44441957812500005 0.5132887546875 0.4419465265625 0.5096734453125 0.442692515625 0.5083471265624999 0.44420274062500004 0.5077346406250001 0.4465348921875 0.508716984375 0.449089778125 0.5106263906249999 0.45018185624999996 0.515008865625 0.4510253859375 0.5187588390625 0.44945686875
2 0.4783913453125 0.4533412171875 0.47851776875 0.4539359890625 0.48036888125 0.45480078749999997 0.5123930671875 0.44830091406249994 0.514590953125 0.4487774375 0.5153837875 0.44860891562500005 0.5167341921874999 0.44707110156249996 0.5156119421875001 0.4457368125 0.512157578125 0.44522028437500005 0.479730675 0.45179826875 0.4783913453125 0.4533412171875
1 0.5409061765625001 0.4272084875 0.541243396875 0.42682224375000005 0.53997584375 0.42677710468749996 0.538991090625 0.4260427203125 0.5218726078125 0.4221617328125 0.51583979375 0.42125706249999995 0.5103874937499999 0.42115771874999997 0.5097959046875 0.4203472546875 0.5079447921875 0.41948245625 0.5071424062500001 0.419653009375 0.5058030765625 0.42119595781249997 0.5056562515625 0.42247794218749996 0.50591061875 0.42367465 0.50776173125 0.42453945 0.5114268921875 0.42407496250000004 0.5195296453125 0.42485421875 0.53093343125 0.42744835156249994 0.5394184984375 0.43002625468750005 0.540612525 0.42977245625 0.54196293125 0.4282346421875 0.5409061765625001 0.4272084875
1 0.4981881859375 0.43252865937499996 0.500731096875 0.4307298828125 0.502345196875 0.4285068859375 0.5089013390625 0.42398265312500005 0.5098409984375001 0.4225321453125 0.51098060625 0.42197534843750006 0.5105154390625 0.42175965625 0.5110634578125001 0.4203923953125 0.50920279375 0.41952962656250004 0.508008765625 0.419783425 0.5063306921875 0.42170545156249994 0.4997760734375 0.426236853125 0.4981619734375 0.42845984843749996 0.49387549374999995 0.4318725203125 0.48855999531250005 0.43833501249999995 0.48568789375000004 0.44051083750000003 0.48615153749999995 0.44071936406249995 0.48560504218749995 0.442093790625 0.48745463125 0.44295142500000007 0.4893870734375 0.44222610468749995 0.4981881859375 0.43252865937499996
0 0.5027769578125 0.42180173125 0.501781271875 0.42416290625 0.5024190171875 0.42617688593749997 0.5042679328124999 0.427454084375 0.5065172984374999 0.4275152234375 0.5096965124999999 0.42650242499999996 0.5154129078125 0.4225835953125 0.5169588328125 0.4189595421875 0.5160792609375 0.41749877343749997 0.514582559375 0.4167983109375 0.5094384578125 0.41739740468750003 0.5043416203125 0.4192522078125 0.5027769578125 0.42180173125
2 0.5127400093750001 0.41846320156249994 0.4987555546875 0.4214356890625 0.4799570046875 0.4273113515625 0.478617675 0.4288543015625 0.47874409843750004 0.429449071875 0.4805952109375 0.430313871875 0.48259162499999997 0.42988952031250005 0.499393759375 0.42443820781249997 0.5118374125 0.42210779374999996 0.5133782140625 0.4214657203125 0.51471754375 0.41992277031249997 0.514591121875 0.41932800156249994 0.5127400093750001 0.41846320156249994
1 0.523112121875 0.3965232484375 0.5191925937499999 0.3957910265625 0.5186634546875 0.3952743671875 0.512693090625 0.39466349843750004 0.5113442078125 0.39620847656249997 0.5124649359375 0.3975356015625 0.51677610625 0.3981845765625 0.5216803875 0.3996511796875 0.5290353999999999 0.40278384999999994 0.5310957875 0.4026604671875 0.5324366406250001 0.40112468437500004 0.5313879140625 0.4000893328125 0.5317155828125 0.3997051171875 0.528671965625 0.39910128437500003 0.523112121875 0.3965232484375
1 0.49642208749999994 0.3927968484375 0.49011450312499993 0.392572225 0.4887640984375 0.3941100375 0.48889204375000006 0.394711975 0.4907511859375 0.395567578125 0.49586626562499997 0.39605316562500004 0.4973146609375 0.396996075 0.50714058125 0.3980381953125 0.50794296875 0.3978676421875 0.5092838203125 0.396331859375 0.5081726453125001 0.39500270625 0.49873684375 0.393870175 0.49642208749999994 0.3927968484375
0 0.5128232109375 0.4003954 0.517377896875 0.3980566609375 0.5185791609375 0.39562931875 0.517008321875 0.3933118671875 0.5148450328124999 0.3925284015625 0.5104019609375 0.39257404375 0.5049352218750001 0.394567390625 0.503369165625 0.396922478125 0.5035168296875 0.39883840625 0.5060412140625 0.40061614062500006 0.508713096875 0.4006923265625 0.5128232109375 0.4003954
2 0.5083441609375 0.397782365625 0.5141241296875 0.3974974953125 0.5154730125 0.395952515625 0.5153465890625 0.39535774375 0.5122294468749999 0.394454971875 0.5081086734375 0.39470173750000004 0.49811704843750004 0.3968255234375 0.4800569125 0.4022296640625 0.4732652828125 0.4036732703125 0.46785959843749997 0.405765984375 0.46651874531250004 0.40730176562500003 0.466646690625 0.40790370156250005 0.4684962796875 0.4087613359375 0.4700915015625 0.4084222609375 0.47429360468750004 0.40658537812500006 0.48069359375 0.40522501875000005 0.4987537296875 0.39982087499999996 0.5083441609375 0.397782365625
1 0.5642613015625 0.6196121109375 0.5624117109375 0.6187544765624999 0.56120813125 0.6190103062500001 0.5443138171874999 0.6279264609374999 0.54159786875 0.6269384125 0.54079548125 0.627108965625 0.539454628125 0.6286447468749999 0.5404940265625 0.6315619906250001 0.542343615625 0.6324196234375 0.543146003125 0.632249071875 0.5475589046875 0.6294311718750001 0.5623099796875 0.62222135 0.564389246875 0.6202140468749999 0.5642613015625 0.6196121109375
1 0.540403840625 0.6271922109375 0.539053434375 0.6287300234375001 0.5401379265624999 0.63383215625 0.551483775 0.6439507484375 0.5524670046875 0.6446779640625 0.554591365625 0.6448555515625001 0.5559417703125 0.6433177390625 0.555813825 0.6427158015625001 0.5440123625 0.6323794875 0.543055815625 0.6278792921874999 0.541196675 0.6270236890625001 0.540403840625 0.6271922109375
0 0.5354763109375 0.628951109375 0.5359649625 0.6311091249999999 0.5362172640625 0.6325309625 0.538269328125 0.635045715625 0.5401417656249999 0.6360108359375001 0.5427718500000001 0.6363131078125 0.54565644375 0.634853634375 0.5490143265625 0.629608640625 0.5485006546875 0.62827231875 0.5455016578125 0.6255768703125 0.5422242171875 0.625000265625 0.538585646875 0.6256837921875 0.5363355265624999 0.6272630515625 0.5354763109375 0.628951109375
3 0.49531035156250003 0.44848670625000003 0.49664921093750003 0.454785546875 0.49615583750000003 0.4583356671875 0.496965559375 0.46411784687499996 0.50150823125 0.4835166984375 0.5078742796875 0.4997043703125 0.513034753125 0.5239824953125 0.51516293125 0.5379402718749999 0.5151251734375 0.5417081140625 0.5169291984375 0.548222646875 0.5172193328125 0.5534861359375001 0.5289227125 0.61051895 0.5291670578125001 0.619559478125 0.53160425 0.636896821875 0.5314385453125 0.6400627265625001 0.53188483125 0.642162340625 0.5341356140625 0.6429346984375 0.535676415625 0.6422926234374999 0.5366800484375001 0.6411430859375 0.5343337375 0.62221359375 0.5337819015624999 0.6098006640625 0.5220785218749999 0.5527678500000001 0.5217244140624999 0.5472033921875 0.5199203890625 0.540688859375 0.519958146875 0.5369210171875001 0.5178299703125 0.522963240625 0.5126694953125 0.4986851171875 0.5103189734375 0.493545009375 0.508452496875 0.48673667500000006 0.5062394734375 0.482196475 0.5018232234375 0.4633923953125 0.500951053125 0.4573164125 0.5014444265625 0.45376629218750003 0.50004159375 0.44716648281250004 0.498612078125 0.444339653125 0.498894653125 0.4417705484375 0.49723897499999997 0.43398119687500003 0.49684932656249997 0.42622981875 0.49495663749999996 0.41535267343750004 0.4951767625 0.412489765625 0.49473047656249997 0.410390153125 0.49355532812499997 0.4087600296875 0.4905250234375 0.39060505624999997 0.4891406015625 0.3899631171875 0.48748140624999997 0.3900012234375 0.48572980781249997 0.3916243109375 0.4875774046875 0.40031656875 0.48729482968750004 0.402885671875 0.488824084375 0.410080253125 0.4903175734375 0.41320805156249996 0.4900974484375 0.41607095781250003 0.49205411093749996 0.4272490734375 0.4923797859375 0.43469948281250004 0.4940369875 0.44249599999999994 0.4937528890625 0.4450579375 0.49531035156250003 0.44848670625000003
1 0.538149878125 0.5753484390625 0.5368105484375 0.5768913859375 0.53628874375 0.5823274578125 0.5344996109375 0.5895982515625 0.5346915296875 0.59050115625 0.53654111875 0.5913587890625001 0.5373435046874999 0.5911882375 0.5386843578125 0.5896524546874999 0.5409937734375 0.576938425 0.5408033765625 0.5760426843750001 0.538952265625 0.5751778859375001 0.538149878125 0.5753484390625
0 0.5416709109375 0.592665115625 0.54395748125 0.5919618890625 0.5454101984374999 0.590529653125 0.5456937296875 0.587683228125 0.5433700703125 0.585675584375 0.535602 0.5865178546875 0.5323187390624999 0.5888260125 0.5316632625 0.59255289375 0.5327002640625 0.59451945625 0.5354765718750001 0.5955096546875 0.5385575 0.5946450734375001 0.5416709109375 0.592665115625
2 0.505409975 0.5942161031250001 0.504069121875 0.595751884375 0.5041970671875 0.596353821875 0.50604665625 0.5972114546875 0.509702265625 0.5967489968749999 0.5360759515625 0.591143096875 0.5418014999999999 0.590555228125 0.5431408296875 0.589012278125 0.5430144078125 0.5884175078125 0.5411632953125001 0.5875527078125 0.5354392703124999 0.5881477453125 0.505409975 0.5942161031250001