0 0.5058620328125001 0.5432130468749999 0.5043290859375 0.545520125 0.5028345609375 0.5479302734375 0.5036263953125 0.5506608234375 0.5121411890625 0.5551577062499999 0.5166811890624999 0.5545293140625 0.5186945203125 0.5530146484375 0.5232764671875 0.5515930046874999 0.52481845625 0.5498772765625 0.524628896875 0.547108290625 0.5232089890625 0.5453393765625 0.516540771875 0.5418656296875 0.5079994953125 0.5419289734375 0.5058620328125001 0.5432130468749999
2 0.5292624015625 0.5913735484375 0.55113146875 0.5873731109375 0.5635641062500001 0.583397665625 0.5646850765625 0.5815922265625 0.5630789359375 0.5804736875 0.562290553125 0.5805012171875 0.549067953125 0.5847913796875 0.5287653328124999 0.588441284375 0.5166946546875 0.591812425 0.5155430375 0.5927401375 0.5053710890625001 0.593974146875 0.503835596875 0.5952110953124999 0.5038559296875 0.59579335 0.5054739671874999 0.5969201765625 0.51643399375 0.595649946875 0.5195246421874999 0.5940715578125 0.5292624015625 0.5913735484375
2 0.5453434015624999 0.6918735515625001 0.5652427890625 0.6876460640625 0.5667782828125 0.6864091140624999 0.566757646875 0.6858181703125 0.5651399125000001 0.684700034375 0.5639573390625 0.6847413312499999 0.5448463328125001 0.6889412874999999 0.5327359625 0.690843353125 0.5280582296875 0.69218133125 0.5154507921875 0.69115113125 0.5139149953125 0.6923793921875 0.5139356312500001 0.6929703359375 0.515553365625 0.694088471875 0.5171288546875 0.6943292875 0.5285553000000001 0.695113596875 0.5332211359375 0.6937673328125 0.5453434015624999 0.6918735515625001
2 0.53881993125 0.73010711875 0.553618021875 0.7260577703125 0.5551419203125 0.724821225 0.5551215875 0.724238971875 0.55351514375 0.723111740625 0.55233256875 0.7231530359375 0.5383228625 0.727174853125 0.5199683125 0.73076543125 0.5106466578125 0.733744740625 0.4938276015625 0.73609836875 0.492292109375 0.73733531875 0.49231244218750003 0.7379175734375 0.49393047812499996 0.7390443984374999 0.49549564999999995 0.7389897421875 0.5111437265625 0.73667700625 0.5220318296875 0.7333471609375 0.53881993125 0.73010711875
1 0.455824009375 0.739783440625 0.49667822343749995 0.7389484453125 0.4982021234375 0.7377119015625 0.498181790625 0.7371296468749999 0.496575346875 0.7360024140625 0.45572113124999997 0.7368374125 0.4541972328125 0.7380739562499999 0.45421786875 0.7386649000000001 0.455824009375 0.739783440625
0 0.491323415625 0.3801776421875 0.48371583124999995 0.383044890625 0.4813602078125 0.38439748749999997 0.48055676406250003 0.3866529890625 0.48478291406249996 0.39365759218749996 0.49094610000000005 0.3976275265625 0.49484727812499996 0.3983178859375 0.4979005953125 0.397332465625 0.5005859484374999 0.39478502187500003 0.5011425328125 0.38944930312500003 0.5005180546875 0.385860215625 0.49748788125 0.3821898171875 0.49473801718750005 0.38056305625000003 0.491323415625 0.3801776421875
1 0.4882549703125 0.385383553125 0.48863884375 0.385074315625 0.48785046093749995 0.385101846875 0.471429215625 0.37624345625 0.446093471875 0.359752396875 0.4449108984375 0.35979369375000003 0.4433866953125 0.3610215484375 0.44382185781250005 0.36218098125 0.4663279171875 0.376421596875 0.46996692187500005 0.37924414375 0.4711482203125 0.3794987234375 0.4779804484375 0.383680221875 0.4803646546875 0.384475759375 0.48557914843749994 0.3875391203125 0.48756042187500004 0.387765765625 0.4890843203125 0.38652921875 0.4882549703125 0.385383553125
1 0.483560953125 0.4085266859375 0.4835403171875 0.40793574218749995 0.49034551718749997 0.40004126093750003 0.49112358125 0.399718259375 0.49480589999999997 0.3928116265625 0.4947855671875 0.39222937343750003 0.4931791234375 0.3911021421875 0.492390740625 0.3911296734375 0.491228803125 0.3917619140625 0.4879200390625 0.3980638359375 0.481114840625 0.40595831718750003 0.48033677656249996 0.40628131874999995 0.48035741249999997 0.40687226406250004 0.46796212343750004 0.423219159375 0.4672353453125 0.4250108328125 0.4688530796875 0.4261289671875 0.4707918078125 0.4254696015625 0.482420928125 0.40945399374999997 0.483560953125 0.4085266859375
2 0.46635525156249996 0.388506265625 0.485195275 0.3878483578125 0.4887826890625 0.38919354375 0.4907639640625 0.38942018749999996 0.49457981249999994 0.3863373125 0.5063182046875 0.3847527703125 0.526693721875 0.3828579125 0.5407753515625 0.3808957109375 0.5517047265625 0.3787477546875 0.5532289296874999 0.3775198984375 0.55320829375 0.37692895625 0.5516018484375 0.3758017234375 0.5504192765625 0.3758430203125 0.540672778125 0.37795836875 0.529328575 0.379529146875 0.494083046875 0.3834137390625 0.492144015625 0.38406441562500004 0.48986238593750003 0.3862062171875 0.4854865890625 0.3848885609375 0.4721317359375 0.385059090625 0.46625237343750003 0.38556023437500003 0.4647284734375 0.38679678125 0.46474880625 0.387379034375 0.46635525156249996 0.388506265625
2 0.4687748765625 0.3451084296875 0.4687955125 0.3456993734375 0.470401653125 0.3468179140625 0.47236101562500005 0.3467494921875 0.48800909218750005 0.34443675625000003 0.490849396875 0.346991359375 0.49087003281249997 0.3475823046875 0.49125390625 0.3472730671875 0.49283941093749994 0.3478006640625 0.49400165156250003 0.3471771140625 0.49662588281250003 0.3435441859375 0.509182034375 0.34310571562500003 0.5236578546875 0.341129746875 0.5460249640625 0.33975700625 0.5475491671875 0.33852915 0.54752853125 0.33793820625 0.5459223890625 0.336819665625 0.5400327093749999 0.33702533749999997 0.5180698046875001 0.3386710953125 0.5086968625 0.3401817359375 0.49534073437500004 0.3406481421875 0.4934120234375 0.341594290625 0.49190845781250003 0.3434130890625 0.490664278125 0.34169024375 0.49028040468749995 0.34199948125 0.4894713859375 0.34143606718749997 0.4879062140625 0.341490725 0.47029907812499994 0.3438805734375 0.4687748765625 0.3451084296875
2 0.5228667109375 0.419526853125 0.5470790156249999 0.4151487546875 0.548614809375 0.41392049531249997 0.5485941734375 0.4133295515625 0.5469761375 0.41220272500000005 0.545410965625 0.41225738125 0.5208034984375 0.41695381249999997 0.5040666828125 0.4216625265625 0.48645924375 0.4240436859375 0.47555050468750004 0.42678258593749996 0.47402630312499994 0.42801044218750006 0.4740469390625 0.428601384375 0.47565307968750004 0.4297199265625 0.4768356515625 0.42967862968750004 0.490471803125 0.426261521875 0.5065124937500001 0.4242222078125 0.5228667109375 0.419526853125
0 0.495070875 0.42300338125000003 0.4952601921875 0.42543303593750004 0.497771075 0.42752929218749997 0.500959015625 0.4294017859375 0.5073323015625 0.429083515625 0.5143081140625 0.425742375 0.5156130046875 0.42421764531250006 0.5158239484375 0.42194803125 0.5131548312499999 0.415985375 0.5107277125 0.4146257734375 0.5076209859375 0.4140816921875 0.5026991140625 0.41574143125 0.501158759375 0.4185012171875 0.49650032499999996 0.42105665625000005 0.495070875 0.42300338125000003
1 0.5102786328125 0.41938347656249997 0.5218522390625 0.4130800703125 0.522640621875 0.41305253906250006 0.5481316796875 0.40008545156249997 0.5511901 0.397916521875 0.5511694640625 0.39732557812499997 0.5495633234375 0.3962070375 0.548774940625 0.39623456875 0.5201935375 0.4107887375 0.5194167484375 0.41081586249999996 0.512478021875 0.4148865875 0.5116896390625 0.41491411874999995 0.507468978125 0.417706596875 0.506680596875 0.41773412656250003 0.5070851046875 0.41801583437499995 0.5063379953125 0.41922525312500003 0.507955728125 0.420343390625 0.5099047734375 0.4199794953125 0.5102786328125 0.41938347656249997
1 0.508473434375 0.4238665984375 0.5064405703125 0.42216259375 0.50566378125 0.42218972031249996 0.5041282875 0.42342666875 0.5041589390625 0.4243043953125 0.512583671875 0.4405159046875 0.5249177859375 0.45599052812499996 0.526556459375 0.4577083 0.5285361546875 0.45822213125 0.5300719515625001 0.45699387187499996 0.530051315625 0.4564029265625 0.5185659140625 0.44296079062500004 0.515250453125 0.4377689875 0.508473434375 0.4238665984375
0 0.5090623625 0.45602215468749996 0.5007903484375 0.4584775578125 0.4987430234375 0.46068078593750006 0.4979577875 0.46345770625 0.49763205624999995 0.4660967703125 0.49916353124999996 0.4684012484375 0.501956309375 0.47059207187499996 0.5058764265625 0.47115995625 0.5093770484375 0.47001970000000004 0.51143845625 0.4675549515625 0.51416259375 0.46645051249999997 0.516527021875 0.46368805156250004 0.516875753125 0.46204009375000005 0.5147600406249999 0.4579636234375 0.511263921875 0.4562411078125 0.5090623625 0.45602215468749996
1 0.5059199765625 0.463431990625 0.5043138359375 0.4623134484375 0.5031312609375 0.46235474375 0.49497026875000005 0.464997690625 0.488665759375 0.464626184375 0.4871415578125 0.465854040625 0.48716219374999997 0.4664449828125 0.48876863750000005 0.4675722140625 0.49113220625 0.46777680781250003 0.49546703281250004 0.46792126562499997 0.49819444687500003 0.4672430578125 0.5036383468750001 0.465573790625 0.5059406125 0.46402293281249996 0.5059199765625 0.463431990625
1 0.5360299359375 0.47004606562499995 0.5209132000000001 0.464970540625 0.51691095625 0.4630481765625 0.5089796718749999 0.460967184375 0.507455771875 0.4622037296875 0.5082838484375001 0.4636452734375 0.5142351359374999 0.46520374374999995 0.52022769375 0.4679441015625 0.5325554125 0.4719336921875 0.54689378125 0.47732352968749997 0.5488634609374999 0.4775505796875 0.5503989546875 0.4763136296875 0.5495592859375 0.47487248906249996 0.5424047875 0.47276437343750005 0.5360299359375 0.47004606562499995
2 0.522218440625 0.50234775625 0.52573393125 0.5016333281249999 0.55156396875 0.498373365625 0.5530881734374999 0.49714551093750003 0.5530675359375 0.496554565625 0.5514610921875 0.4954273359375 0.549884328125 0.49548239687500006 0.523276225 0.4990653625 0.515509421875 0.50169454375 0.5099626453125 0.5004177796875 0.4915271296875 0.501357396875 0.48999133281249996 0.5025856546874999 0.49001196875 0.5031766 0.491629703125 0.5042947359375 0.5092768375000001 0.5033826515625 0.5148239171875 0.50466810625 0.5164006828125001 0.5046130437499999 0.522218440625 0.50234775625
0 0.5037756484375 0.501416921875 0.504232534375 0.5038633359375 0.5053195578125 0.5057395859375 0.50761240625 0.5072430921875 0.51464774375 0.51026026875 0.517944890625 0.5106062812500001 0.5229218203125 0.5081963375 0.5254900265625 0.5039562984375 0.525524696875 0.5012925984375001 0.5225929171875 0.49844535468749995 0.5191663 0.4970510484375 0.5153431187499999 0.4969322296875 0.5054015859375001 0.4994459328125 0.5037756484375 0.501416921875
1 0.5065064140625 0.5137987265625 0.5121787453125 0.5077013984375001 0.5156226187499999 0.5049360468749999 0.5159755374999999 0.5037403921875 0.514369396875 0.5026218515624999 0.5135810140625 0.5026493828125 0.508602925 0.5063558078125 0.5086235609374999 0.5069467515625 0.50330256875 0.5121356125000001 0.5033232046875 0.5127265578125 0.4871517609375 0.5336254031250001 0.486424984375 0.535417075 0.4880311234375 0.536535615625 0.48998174843750003 0.5358845359375 0.491485009375 0.5340570453125 0.506526746875 0.5143809796875 0.5065064140625 0.5137987265625
1 0.5393971140625 0.5102922000000001 0.525877778125 0.50575255625 0.5159755374999999 0.5037403921875 0.5144516390625 0.5049769375000001 0.514471971875 0.5055591921875 0.5168771140625 0.5069543640624999 0.524393571875 0.5084581781249999 0.5379245015625 0.512997415625 0.5621225640625 0.51951340625 0.56409224375 0.51974045625 0.5656277375000001 0.51850350625 0.5647880671875 0.5170623671875 0.5624038625 0.516266828125 0.5393971140625 0.5102922000000001
2 0.49522296875 0.551015184375 0.5073555546875 0.5494168765625 0.5171845984375001 0.5496653031250001 0.51991170625 0.54897840625 0.523770103125 0.5467815421875 0.5276901031250001 0.5463488203125 0.558518865625 0.5399733765625 0.5600427640625 0.5387368312499999 0.560022128125 0.5381458859375 0.5584159890625 0.5370273453125 0.5572334140625 0.5370686421875 0.5420208015625 0.5405495015625 0.5213239890625 0.544213171875 0.518253975 0.5463825046874999 0.5166875281250001 0.5467330390625 0.5068584859375 0.5464846109375 0.49512039531249996 0.54807784375 0.4857049046875 0.548702471875 0.48418070156250004 0.549930328125 0.48420133749999994 0.550521271875 0.4858074796875 0.5516398125 0.49522296875 0.551015184375
1 0.5120010578125 0.5474883593750001 0.5103946140625 0.5463611265625 0.50960623125 0.5463886578125 0.5080707390625 0.5476256078125 0.5066390968750001 0.551504021875 0.50357578125 0.565167078125 0.501571525 0.5752518656250001 0.5016124937499999 0.5764250640624999 0.5032189375 0.57755229375 0.5040073203125 0.5775247625000001 0.5055428125 0.5762878140625001 0.5102265109374999 0.55284920625 0.5120317078125 0.548366084375 0.5120010578125 0.5474883593750001
1 0.562314078125 0.53629955625 0.5607079359375 0.535181015625 0.5595253625 0.5352223125 0.5177468921874999 0.5431634578125 0.514241415625 0.5441646687499999 0.5127175171875 0.5454012125000001 0.5123746125 0.5468836484375 0.51398105625 0.54801088125 0.5147694390625001 0.54798335 0.517071403125 0.5464238015625 0.5276078609375 0.543993734375 0.5608105109375 0.5381183546874999 0.5623347140625 0.5368904999999999 0.562314078125 0.53629955625
0 0.5073002390625 0.589051646875 0.5038130328125 0.590243640625 0.5007409625 0.5903596203125 0.49775593437500004 0.5916384890625 0.49661493125 0.5945322453124999 0.49879960624999997 0.5969270265625 0.5014471765625 0.6022726656249999 0.5045209984375 0.6042013468749999 0.50753776875 0.60449624375 0.5102869140624999 0.6034431359375 0.5119971062500001 0.6012255796875 0.5198630328125 0.5987756562500001 0.5212887796875 0.5970552859375 0.5214853984375 0.5947078640625 0.5205405984375 0.5925830203125 0.5182672953125 0.590974421875 0.5118373234375 0.58933695625 0.5073002390625 0.589051646875
0 0.52472601875 0.61670381875 0.5198843421875 0.6153415265625 0.5158468843749999 0.6157348453125 0.5122774265625 0.617895515625 0.5109024203125 0.6207365390625 0.5113777015625 0.622712459375 0.5139733828125 0.6249101671874999 0.51460994375 0.6275156265625 0.5163151453125 0.6291440640625 0.5196710484375 0.6301753984375 0.522744028125 0.6300854890625 0.5292908062499999 0.62708996875 0.5348158015625 0.6257485046875 0.5362983031249999 0.6239913484375 0.53668916875 0.620558225 0.5350478859375001 0.6181009640624999 0.532977384375 0.6169812375 0.529265046875 0.6163799953125 0.52472601875 0.61670381875
1 0.536055159375 0.6173610125 0.5371964609375001 0.6161378281250001 0.544891340625 0.6114490328125 0.5452548796875 0.6105575421875 0.558603034375 0.5988932874999999 0.5585720796875 0.598006871875 0.556965940625 0.5968883296875 0.55617755625 0.5969158609375 0.5405374546874999 0.6104264453125 0.5324690203125 0.61571995 0.529368053125 0.6170028671875001 0.5259141671875 0.6194814375 0.525125784375 0.61950896875 0.5255302921875 0.6197906734374999 0.5247828796875 0.6209914046875 0.5264009171875 0.6221182296875 0.5283499609375 0.6217543359375 0.531803846875 0.6192757656250001 0.536055159375 0.6173610125
1 0.509194909375 0.60208911875 0.5071623484375001 0.6003938046874999 0.506385559375 0.6004209296874999 0.5048500687499999 0.6016578796875 0.50488071875 0.6025356046875 0.508694525 0.610363796875 0.5136790078125 0.6181424046874999 0.516954471875 0.6218564421874999 0.5189344703125001 0.6223789640625 0.5204699640625 0.6211420140625 0.52044963125 0.6205597593750001 0.5163548296875 0.6159868375 0.513857428125 0.6119497968750001 0.509194909375 0.60208911875
0 0.49525581875 0.6526759656250001 0.49258376249999997 0.6542745421875 0.49025101875 0.6572795234375 0.4918218828125 0.6610443859374999 0.49474134375 0.6628740468750001 0.5013197328125 0.6637754484375 0.5084574265625 0.6627431078125 0.5161779156249999 0.659784909375 0.51785016875 0.658142940625 0.518721359375 0.654170984375 0.5179212109375 0.651867071875 0.5162791359375001 0.650384346875 0.5099799109375 0.6494992984375 0.49525581875 0.6526759656250001
1 0.5280650421875001 0.6361991640625 0.526458903125 0.6350806234374999 0.5256705187499999 0.6351081546875 0.524519871875 0.6357313015625 0.521936609375 0.640537425 0.51477849375 0.6496275609375 0.5094371671875 0.65423416875 0.509468121875 0.655120584375 0.51108585625 0.6562387203125 0.5126407093750001 0.6558885921875001 0.517982034375 0.6512819828125 0.524756278125 0.6425010875 0.5280856796875 0.6367901093749999 0.5280650421875001 0.6361991640625
1 0.5047403781249999 0.654694015625 0.5039519953125 0.6547215468750001 0.49874781874999996 0.6519536578125 0.48441976875000003 0.6468592921874999 0.47481915781249995 0.642182803125 0.471999490625 0.64021914375 0.470029809375 0.63999209375 0.4684943171875 0.64122904375 0.46932366875 0.6423747093750001 0.46893979531249996 0.6426839484375 0.4817336296875 0.6487193875 0.48214845625 0.6492965671875 0.49647650624999995 0.65439093125 0.5016806828125 0.6571588203125 0.5036503640625 0.6573858703125001 0.50518585625 0.6561489203125 0.5043565046875 0.6550032546875 0.5047403781249999 0.654694015625
2 0.5358465156250001 0.65626155625 0.5574239671875 0.6552122218750001 0.5625265421875 0.6547382046875 0.5718791515625 0.6526453109375 0.5734146453125 0.6514083609375 0.5733943125 0.65082610625 0.5717762734375 0.64969928125 0.57060529375 0.649740171875 0.5620294734375 0.6518059390625 0.5569384921875 0.652279553125 0.535349446875 0.6533292921875 0.5016394109375 0.65597693125 0.4977090921875 0.65611418125 0.4835145703125 0.6548435718750001 0.48199067187500005 0.65608011875 0.4820110046875 0.6566623703125 0.48361744843750004 0.657789603125 0.497417778125 0.659073978125 0.5358465156250001 0.65626155625
0 0.5237923140625 0.68736205625 0.5184415984374999 0.6867136171875 0.5151192578125 0.6873081875 0.5122793625 0.6890866421874999 0.5112210328125 0.6920210171875001 0.5107385765625 0.6941608968749999 0.5121353515625 0.697261865625 0.5165863546875 0.6994034859375 0.522711671875 0.7002946046875 0.528088009375 0.6993498765624999 0.5304685796874999 0.6983792484375 0.5323923171875 0.69629345 0.532454725 0.6937592921875 0.53109685625 0.6914400515625 0.527322421875 0.690057890625 0.5262094171875 0.6884348765625 0.5237923140625 0.68736205625
1 0.5491401921875 0.687912546875 0.5475221546875 0.6867857203125001 0.53652085625 0.6868740625 0.527893746875 0.687471159375 0.52321759375 0.6885219499999999 0.5193282453125 0.6898324 0.517804346875 0.69106894375 0.5178246796875 0.6916511984375 0.5194311234375 0.692778428125 0.5206136953125 0.6927371328125 0.5283908171875 0.690403425 0.5476250328125001 0.68973175 0.549160525 0.6884948 0.5491401921875 0.687912546875
1 0.533488925 0.735009196875 0.5296651046874999 0.726894225 0.5230252359375 0.7056173390625 0.521626890625 0.6994797937499999 0.5190779 0.69396539375 0.517471759375 0.6928468515625 0.5166833765625001 0.6928743828124999 0.515159175 0.6941022375 0.5151901296875 0.6949886546874999 0.5177184828125 0.6999121109375 0.5195507125 0.7075049671875 0.5234774109375 0.71856596875 0.5261802624999999 0.7284863796875001 0.529589559375 0.7360328625 0.53120729375 0.7371509984375 0.5319840828125 0.737123871875 0.5335198796875 0.7358956140624999 0.533488925 0.735009196875
0 0.5037017109375 0.7286622796875 0.49871155156249997 0.7300285718749999 0.496893371875 0.7321454875 0.49342085625000004 0.7330933421875 0.4904318765625 0.7359211171875 0.4896934984375 0.7393750781249999 0.49065997031249997 0.741455659375 0.49274995625000007 0.74280093125 0.495780140625 0.7431475640625 0.503975246875 0.7408166609375 0.5071884437499999 0.74141793125 0.5137300578125 0.73993655625 0.5160576359375 0.738445721875 0.5169861234375001 0.73644688125 0.5166154890625 0.7344760078125 0.514485990625 0.7323316281250001 0.5037017109375 0.7286622796875
1 0.50766528125 0.7497541953125 0.5114211015625 0.7446199906250001 0.5121463 0.7431155046875 0.5124172812500001 0.7395734546875 0.5103450265625 0.736409065625 0.50714118125 0.73474595 0.5051718046875 0.7345275921875001 0.5036360078125 0.7357558515625 0.5044656625 0.736910209375 0.5040814859375 0.73721075625 0.5064659953125 0.738014984375 0.508508875 0.740005771875 0.507470146875 0.7441662953125 0.504088184375 0.7487044796875 0.5041088203124999 0.749295425 0.5057265546874999 0.7504135609375 0.5065033421875 0.7503864359375 0.50766528125 0.7497541953125
1 0.45590326875000003 0.2916381125 0.4559239046875 0.29222905625 0.4575300453125 0.29334759843749997 0.48957872968749994 0.2993023078125 0.49674226875 0.3020017734375 0.49753065156250004 0.3019742421875 0.49906614375 0.30073729375 0.49822647499999995 0.299296153125 0.49105134218749996 0.296597090625 0.4574274703125 0.29041025625 0.45590326875000003 0.2916381125
2 0.537765453125 0.62112970625 0.5608374281249999 0.617670225 0.5669980906250001 0.613922503125 0.5665935796875 0.6136407953125 0.5673294 0.6124404718750001 0.56572295625 0.611313240625 0.56454038125 0.6113545375 0.5583913140625001 0.6151018546875 0.539611921875 0.617828471875 0.5110957453125 0.6229485312499999 0.4899740890625 0.625748240625 0.4880134515625 0.6261125390625 0.48648925 0.6273403953125001 0.4865098859375 0.627931340625 0.48811602499999995 0.6290498796875 0.48969279062500004 0.6289948187500001 0.516279284375 0.625125475 0.537765453125 0.62112970625
2 0.4972722328125 0.4634381421875 0.5051625484375 0.4643459375 0.5117790078125 0.4623485921875 0.5242748296874999 0.45985010156249995 0.5461848671875 0.45702286093750005 0.5528216578125 0.45560776875000003 0.5551545765625 0.4549346359375 0.556678778125 0.4537067828125 0.5566581421875 0.45311583750000006 0.5550520015625 0.451997296875 0.553869428125 0.45203859375000005 0.5480310328125 0.45371293437500004 0.533150703125 0.455407196875 0.5179190328125001 0.4580099265625 0.5046770734375 0.4614132671875 0.500716103125 0.460672790625 0.4861580421875 0.460293671875 0.48183353125000006 0.4604446875 0.480309328125 0.4616725421875 0.480329965625 0.4622634859375 0.4819364078125 0.46339071875000004 0.4972722328125 0.4634381421875
1 0.4818132109375 0.5609152953125001 0.4802774140625 0.5621435546875 0.48112770468750005 0.5638888578125 0.49461246562500005 0.5787403375 0.5065317515625 0.5936377828125 0.5073510875 0.5944966671875 0.5093426796875 0.595018784375 0.510866578125 0.593782240625 0.5096017640625 0.59146845 0.485419984375 0.5631473031249999 0.48379320937500003 0.5614378171875 0.4818132109375 0.5609152953125001
1 0.5082936359375 0.5988838375000001 0.5066755984375 0.5977570109375 0.505898809375 0.5977841359375 0.504363315625 0.5990210874999999 0.50335681875 0.6037721515625 0.5011264765625 0.6073826234374999 0.49453735 0.6214646359375 0.49008698125 0.628981053125 0.48974407812500004 0.6304634890624999 0.491350521875 0.63159071875 0.4933008421875 0.6309309468750001 0.494783771875 0.6285212062500001 0.5069223218750001 0.60482226875 0.5082936359375 0.5988838375000001
3 0.5117314546875 0.3822057765625 0.5140480890625 0.4033378015625 0.5155098390624999 0.43422734218750003 0.5194981421875 0.4470524875 0.520083846875 0.4638248734375 0.5191799234375 0.4715132765625 0.5193237703125 0.4756325046875 0.5208646859375 0.48618515625000003 0.5223313328125 0.50558056875 0.521364528125 0.5118007078125 0.5185925265625 0.5225039687499999 0.5186850859375001 0.5251545281250001 0.5207859515625 0.540107709375 0.522748390625 0.5627312625 0.5256376375 0.5776569140625 0.5305772281250001 0.5954518875 0.5313787015625 0.6184031140624999 0.5303479484375 0.6337614859375 0.5313755109375 0.6631870296875 0.5321912281250001 0.6752441671875 0.53585364375 0.70134094375 0.532248365625 0.7220881 0.5315259421875 0.746275871875 0.5318060906250001 0.7769021421875 0.533008025 0.7777476671875 0.5345951078125 0.777988078125 0.5365131984375 0.7767377671875 0.5362330484375 0.746111496875 0.5369554734374999 0.7219237234375 0.54056075 0.7011765671875 0.536898334375 0.675079790625 0.5360726046875001 0.6627358703125 0.5350550562499999 0.6335971093749999 0.536085809375 0.6182387390625 0.5352740171875 0.5949920390625001 0.5303344265625001 0.577197065625 0.5274670921875 0.5625664828125 0.5254930578125 0.5399433328125001 0.5234037875 0.524989746875 0.523321546875 0.5226346609375 0.5257509484375 0.513422525 0.5270384406249999 0.50541619375 0.5255833875 0.486020375 0.524030878125 0.47546812968749996 0.5248128671875001 0.4639555640625 0.5242065265625 0.44659223593749997 0.5202182234375 0.43376709062499996 0.518755196875 0.40317342500000003 0.5164385625000001 0.3820414015625 0.5162880171875 0.3664284484375 0.5145583640625 0.3617729328125 0.51356815 0.3447188421875 0.512200759375 0.33946771249999996 0.5100602015625 0.32304545625 0.509628359375 0.31067907968749997 0.514928715625 0.304899275 0.5152613015624999 0.3031213671875 0.5118110359375 0.2944016859375 0.5085185546875 0.27889845156250004 0.5073053296875 0.278062021875 0.505729840625 0.2778212078125 0.503811446875 0.279062828125 0.5038630375 0.2805401875 0.5075481296875 0.29631684375 0.5105645125 0.3035812171875 0.5048906 0.30996572968749997 0.5053634125 0.32350530312500003 0.5074936531249999 0.33963208749999996 0.5088610421875 0.3448832171875 0.5098396609375 0.3619377140625 0.511580909375 0.366592825 0.5117314546875 0.3822057765625
2 0.544140715625 0.297101128125 0.54566491875 0.2958732734375 0.54564428125 0.2952823296875 0.5440381421875 0.2941637890625 0.5428555687500001 0.29420508437500004 0.5307639515625 0.2969765890625 0.5170664984375 0.2986382453125 0.506168078125 0.3016726171875 0.49480324062500003 0.30265244999999996 0.4932793421875 0.3038889953125 0.49329997812500004 0.30447993906250004 0.4949061171875 0.3055984796875 0.50666484375 0.3045961921875 0.5175635671875 0.3015705109375 0.5347765124999999 0.2991944265625 0.544140715625 0.297101128125
0 0.4980859671875 0.29527251875 0.494677309375 0.29572218906250003 0.4920453734375 0.298137253125 0.48984909375 0.299066640625 0.48820809687500005 0.3016037171875 0.489480978125 0.30647530624999997 0.49537106875000003 0.31060269375 0.49865224843749995 0.311488721875 0.5019348296875 0.31141759687500004 0.508290765625 0.30761084843750003 0.5103703890625 0.304005640625 0.50989335 0.3016469390625 0.50751813125 0.30011150625 0.504367090625 0.299960515625 0.50032285 0.29583827500000004 0.4980859671875 0.29527251875
1 0.5001718984375 0.3101305109375 0.5021634921875 0.310652628125 0.503687390625 0.309416084375 0.5036567390625 0.3085383578125 0.5007445109375 0.3039241390625 0.49876451250000003 0.303401615625 0.49722871562500004 0.304629875 0.4972596703125 0.3055162921875 0.5001718984375 0.3101305109375
0 0.4849113390625 0.3464765421875 0.48589408125 0.34802579843750003 0.49521218281249996 0.35425221875 0.5001429125 0.35417574531249996 0.5036510640625 0.3519215046875 0.503649446875 0.3458918015625 0.4977419453125 0.33860657656250004 0.4911841984375 0.33663423593749997 0.48774106250000004 0.337093809375 0.4844402625 0.339967278125 0.485025525 0.34442783125 0.4849113390625 0.3464765421875
1 0.4990215546875 0.310762346875 0.4982331734375 0.310789878125 0.4966973765625 0.3120181375 0.4932924328125 0.326867753125 0.492198796875 0.3407578609375 0.4922707203125 0.34281747500000004 0.49388845468750003 0.34393561093749997 0.49467683906250004 0.3439080796875 0.49620104062500003 0.342680225 0.49753342500000003 0.3246575296875 0.50065865 0.3127673046875 0.5006276953125 0.3118808875 0.4990215546875 0.310762346875
1 0.4971742375 0.3479451203125 0.4956387453125 0.34918207031250004 0.495659078125 0.349764325 0.49727711562500004 0.35089115 0.5290790765625 0.3497806015625 0.5400597390625 0.34910131718750004 0.5415839421875 0.3478734609375 0.54156330625 0.3472825171875 0.5399568609375 0.3461552859375 0.52896588125 0.3465391 0.4971742375 0.3479451203125