1 0.5390682421874999 0.5377776421875 0.55520533125 0.542952534375 0.5598970671875 0.5402383046875 0.5576421515625001 0.5367037890625 0.5484407 0.53234226875 0.5426631343749999 0.5315423890625001 0.5379713984375 0.53425661875 0.540249528125 0.53709923125 0.5390682421874999 0.5377776421875
1 0.53162173125 0.4998730921875 0.5350955890625 0.499933728125 0.539776190625 0.4972193046875 0.5398005875 0.49582166718750004 0.53521756875 0.49294554531249996 0.5132786359375 0.48836169218750003 0.5085980328125 0.49107611562500003 0.5108528328124999 0.49461735156250003 0.53162173125 0.4998730921875
0 0.539695096875 0.606508728125 0.5367632609374999 0.6092133484375 0.5365252046875 0.6107282421875 0.53801294375 0.612273259375 0.54472165 0.61524025625 0.5514826578124999 0.6158489359375 0.558790571875 0.6132005359375 0.5602682796875 0.61085365625 0.5585734484375 0.609049609375 0.5549684515625 0.6082069953125 0.551268534375 0.6064217203125 0.548654703125 0.606221503125 0.5465394375 0.6068096749999999 0.5444391953125 0.6058992265625001 0.542325934375 0.6057346328125 0.539695096875 0.606508728125
1 0.5261095296875 0.6165890218750001 0.5260851343749999 0.617986659375 0.5306681531249999 0.6208627796874999 0.5364823140625 0.6195662046875 0.5470737125 0.6106569515625 0.547098109375 0.6092593140625 0.5425150890625 0.6063831937499999 0.540199184375 0.60634276875 0.5320091921875 0.610394 0.5261095296875 0.6165890218750001
1 0.5632961859375001 0.610940115625 0.5505963625 0.607922315625 0.5459157593749999 0.6106367390624999 0.5481705578125 0.6141779734374999 0.56087038125 0.617195775 0.565550984375 0.6144813499999999 0.5632961859375001 0.610940115625
0 0.5507015421875 0.4940627234375 0.548787178125 0.493350440625 0.5359831265625 0.493113503125 0.53189043125 0.4940502828125 0.5287371015625 0.4954067453125 0.5285854125 0.49771627812499997 0.5302570453125 0.498935153125 0.5342481015625 0.49999287187499997 0.5371614828125 0.5015358875 0.5397450781249999 0.5015541 0.543081471875 0.50055706875 0.5463120124999999 0.5011578953125 0.548509078125 0.5009878796875 0.553160853125 0.49801081406250003 0.5528395109375001 0.4960022125 0.5507015421875 0.4940627234375
2 0.56421316875 0.49204688125 0.553755946875 0.49326913437500003 0.5363755203125 0.4929657578125 0.53169491875 0.49568018281250004 0.5316705234375 0.49707781874999996 0.536253540625 0.49995394062500004 0.5547919203125 0.5002775296874999 0.5698808375 0.49914284531249997 0.5745614390625 0.49642842031249995 0.574585834375 0.49503078437500003 0.5700029328125 0.4921479421875 0.56421316875 0.49204688125
1 0.525296459375 0.4640919296875 0.531061828125 0.4655906265625 0.53574243125 0.4628762015625 0.5357668265625 0.46147856562499995 0.5323662734375 0.45721829999999997 0.5243093953125 0.454281540625 0.5196176578125 0.45699577187499996 0.5195932609375 0.4583934078125 0.525296459375 0.4640919296875
1 0.49881216406249995 0.45383648593750003 0.501091478125 0.45597336562499996 0.5080137328125 0.45819128593749997 0.5218969703125 0.4591326515625 0.52658870625 0.45641842187500004 0.5266131015625 0.455020784375 0.52201895 0.45214446875 0.5035171640625 0.44972442343749996 0.4988365609375 0.45243884999999995 0.49881216406249995 0.45383648593750003
0 0.5151566890625 0.4598887875 0.51687250625 0.4611285984375 0.5268961671875 0.46241260312500004 0.5305033 0.4612186546875 0.5337612171874999 0.45642263125 0.5326314140624999 0.4547897609375 0.528772215625 0.453196628125 0.5208318078125 0.4525203125 0.51844920625 0.453110540625 0.5149369953125 0.45524715000000004 0.5136799843750001 0.45707360937499997 0.5151566890625 0.4598887875
2 0.51853289375 0.45278264999999995 0.5138522890624999 0.455497075 0.51382789375 0.4568947125 0.5184109140625 0.4597708328125 0.52304154375 0.46055741406250006 0.5473330921875 0.4630785171875 0.5774621343749999 0.46360442187500006 0.5821428531249999 0.460883278125 0.5821672484375 0.45948564062499997 0.5775842296875 0.4566095203125 0.5486131421875 0.456103828125 0.51853289375 0.45278264999999995
1 0.5204353875 0.41014807031249995 0.5157547859375 0.41286249374999995 0.5157303890625 0.41426013125 0.520313290625 0.417142971875 0.5237982828125001 0.4172038015625 0.5400707296875 0.41398596093749995 0.5447624656250001 0.41127173125 0.5447868625 0.40987409531249996 0.5401927093750001 0.40699777968750006 0.53671885 0.4069371421875 0.5204353875 0.41014807031249995
0 0.51797343125 0.41145610781249997 0.5153883109375 0.41152524843749994 0.513367978125 0.41241754531249997 0.5121479953125 0.414674821875 0.5127012859375 0.4161564796875 0.518020559375 0.4196033328125 0.52019875 0.4198766046875 0.5245956953124999 0.4193753078125 0.5294412078125 0.416146209375 0.5293860390625 0.4135642078125 0.5246290953125 0.41044307812499997 0.5220129203125 0.4103772484375 0.51797343125 0.41145610781249997
1 0.52826243125 0.29417157656250004 0.52357069375 0.29688580625 0.523546296875 0.29828344375000004 0.528140334375 0.30116647812499997 0.543242628125 0.29862724375 0.54792216875 0.29661183125 0.5467764125000001 0.29589280156250003 0.5491411109375 0.293137953125 0.544558090625 0.29026183125 0.5422310515625 0.2902212125 0.52826243125 0.29417157656250004
2 0.5217047921875 0.33742393125 0.5170241890625 0.34013835625 0.5169997937499999 0.34153599375 0.5215826953125 0.344418834375 0.5725660203125 0.345308753125 0.5772100296875 0.3446907828125 0.581901884375 0.34196983125 0.5819262796875 0.340572196875 0.5773321250000001 0.3376958796875 0.572700315625 0.33761503125000003 0.5217047921875 0.33742393125
2 0.51342668125 0.4135208875 0.513402284375 0.41491852500000004 0.5179851875 0.41780136562500003 0.5306972078125 0.420120346875 0.5874581 0.42181014375 0.592138703125 0.41909572031250003 0.5921632156250001 0.4176913640625 0.5875801953125 0.41481524218750004 0.5319772578124999 0.4131456578125 0.518107284375 0.4108064640625 0.51342668125 0.4135208875
1 0.5431301140625 0.37207060625 0.538535959375 0.369194290625 0.5362200546875 0.369153865625 0.5222035875000001 0.37520720937499996 0.5198876828125 0.375166784375 0.5210334375000001 0.375885815625 0.518668740625 0.3786406640625 0.523251759375 0.3815167859375 0.52906485625 0.3809192234375 0.5302472046875 0.3795417984375 0.5325631093750001 0.379582221875 0.54189991875 0.37555100937499997 0.540754165625 0.37483197968750004 0.5431301140625 0.37207060625
1 0.5291136468750001 0.37812395 0.5245306281250001 0.375247828125 0.521045634375 0.375186996875 0.504762171875 0.3783979234375 0.5024096734375 0.3804539546875 0.5000937671875 0.38041353125 0.501239521875 0.3811325609375 0.498874825 0.383887409375 0.5034577265625 0.38677025 0.5057736328125 0.386810675 0.5174375999999999 0.3828133609375 0.5244086484375 0.382236009375 0.5290892515625 0.37952158593749996 0.5291136468750001 0.37812395
0 0.5179619 0.378298975 0.5177566609375 0.37984804843750003 0.5217437046875 0.3830498390625 0.52549075625 0.38341098906250004 0.530056725 0.38152130156249997 0.531688671875 0.379271215625 0.53163336875 0.377973009375 0.5275165765625001 0.37518568281250003 0.52512004375 0.37465990625 0.5230445140625 0.3748858140625 0.5195645328125 0.3770902015625 0.5179619 0.378298975
2 0.5175351828125 0.37722281562500004 0.5175107875 0.3786204515625 0.5197901 0.38075733125 0.52671235625 0.382975253125 0.5765021984375001 0.3852424 0.5811939359375 0.38252817031249997 0.58121833125 0.381130534375 0.5766241765625 0.37825421875 0.5372437125 0.3768677984375 0.5222157859375 0.374508390625 0.5175351828125 0.37722281562500004
1 0.53331985 0.33622861249999997 0.5228749421875001 0.336745325 0.5181943390625 0.3394597515625 0.51816994375 0.34085738593750003 0.522752846875 0.343740228125 0.545983078125 0.3413428671875 0.552991784375 0.3379700484375 0.5530161812500001 0.3365724125 0.5484331625000001 0.333696290625 0.5449593046875 0.333635653125 0.53331985 0.33622861249999997
1 0.5181332328125 0.3429605609375 0.521607090625 0.3430211984375 0.5262989453125 0.340300246875 0.5263233421875 0.3389026125 0.5217291875 0.33602629687499996 0.4974864296875 0.33070991875 0.49280582656250005 0.3334243421875 0.49506074375000003 0.3369588578125 0.5181332328125 0.3429605609375
0 0.525356453125 0.3368692984375 0.521277253125 0.336394809375 0.51740946875 0.3372078078125 0.5149347359374999 0.3386097234375 0.5148655609375 0.340658559375 0.5185920796875 0.342834140625 0.519525565625 0.344866871875 0.5226037296875 0.346540471875 0.52635735 0.346525334375 0.534080159375 0.3437161390625 0.535422834375 0.3427246359375 0.5354068062499999 0.3404525046875 0.5321515515625 0.338715321875 0.5278176734375 0.338155728125 0.525356453125 0.3368692984375
1 0.5038132546874999 0.300042815625 0.528140334375 0.30116647812499997 0.5328210531249999 0.2984453359375 0.5328454484375 0.2970476984375 0.52826243125 0.29417157656250004 0.5039353515625 0.2930479140625 0.49925474843749995 0.2957623390625 0.499230353125 0.29715997656250004 0.5038132546874999 0.300042815625
0 0.5279604 0.29424696093749997 0.5209269953125 0.2952063484375 0.5189213046875001 0.29653579375 0.5187780609375 0.298361528125 0.52138495625 0.30023526718750004 0.5221061875 0.30230462187499996 0.5259291687500001 0.3040584359375 0.5337009312500001 0.304187371875 0.539863525 0.3033472140625 0.542034821875 0.3021013171875 0.542451609375 0.30055593593749996 0.5413518078124999 0.2991185125 0.5302278984375 0.2945083484375 0.5279604 0.29424696093749997
2 0.5200601234375 0.29892834375 0.52464314375 0.30180446562499996 0.5570149015625 0.3065637046875 0.560488759375 0.306624340625 0.5651804968749999 0.30391010937499996 0.56520489375 0.302512475 0.5606107390624999 0.2996361578125 0.5247652406250001 0.2948095625 0.5200846375 0.2975239890625 0.5200601234375 0.29892834375
3 0.5425059984375 0.47418548125 0.5351809750000001 0.4950420015625 0.5336568500000001 0.5159997765625 0.545795215625 0.5511833765625 0.5498533734375 0.5841288421875 0.54821935 0.6113827015625 0.5407346890625 0.6420228703124999 0.5441718375 0.6441866828125 0.54879145 0.64496635 0.5546301234375 0.6422654171875 0.560821590625 0.6199910484375 0.5637721390625 0.5836727640625 0.5597017828124999 0.551426115625 0.5475756140625 0.5155436984375 0.54907534375 0.49598355937500005 0.5563404421875 0.47792211875 0.5564136296875 0.47372920937499996 0.5443718984375 0.43364735468750004 0.54929669375 0.41694312499999997 0.5461400984375 0.3987064953125 0.5488709671875001 0.37497365781249997 0.545677896875 0.3588267625 0.545032609375 0.329436025 0.5406703328125 0.31327544218750003 0.5399762515625001 0.2866799765625 0.5334313015625 0.2634842625 0.5299940359375 0.2613271703125 0.525363290625 0.2605473109375 0.5195247328125 0.263241521875 0.5194636265625 0.2667423328125 0.5260686203125 0.28713625 0.5267748984375 0.313032896875 0.531126040625 0.329193284375 0.5317713281249999 0.3585840234375 0.5349644 0.37473091875 0.53223353125 0.3984637546875 0.535402325 0.4160015671875 0.5304531328125 0.43410343281249997 0.5425059984375 0.47418548125
1 0.5561451578125001 0.4891099296875 0.5573640984375 0.48563605 0.5527810796875 0.48275992968750003 0.5504651734375 0.48271950468749997 0.5469791171875 0.48335768593750006 0.545784571875 0.4854339296875 0.5317437109375 0.492884909375 0.5305247671875 0.49635878906249997 0.5351077875 0.49923491093749994 0.5397639937500001 0.49791812343749997 0.5409208828125001 0.4986373484375 0.5409452781249999 0.49723971093749997 0.5491119375 0.49388710468749997 0.5503066015625 0.4918041421875 0.5561451578125001 0.4891099296875
1 0.5066955375 0.533710696875 0.504318525 0.5371710828125 0.5089015453125 0.5400472062499999 0.51121745 0.5400876296875 0.5251972046875 0.5361374609375 0.532144921875 0.5362587328124999 0.5368256421875001 0.5335375890625 0.5368500375 0.532139953125 0.53226701875 0.5292638296875001 0.52416135 0.5291223453125 0.5066955375 0.533710696875
0 0.5354612421875 0.528754984375 0.532476346875 0.5287566546875 0.52715325625 0.530633125 0.5248783515625 0.5320721359375 0.5249322390625 0.5340895140625 0.5334307046875 0.5391646796875 0.535545021875 0.5392688 0.5399158374999999 0.53835031875 0.54589991875 0.5388042859375 0.5507044984375 0.5379202609375 0.5527101875 0.5365908140625 0.5528419453125 0.53478504375 0.55104104375 0.5333152171875 0.5430592640625 0.5324567 0.5354612421875 0.528754984375
2 0.5449912390625 0.5308839953125 0.5287809625000001 0.5299020125 0.5241003609375 0.5326164375 0.5240759640625 0.5340140734375 0.528658865625 0.5368969156250001 0.5437111890625 0.537858684375 0.550634509375 0.5393775953125 0.585407559375 0.5392855296875 0.5900881625000001 0.5365711046875 0.5901126750000001 0.5351667484375 0.5855296562500001 0.5322906265625 0.551914559375 0.5324029046875001 0.5449912390625 0.5308839953125
1 0.5408705390625 0.5678808859375 0.538543496875 0.5678402671875 0.5315346734374999 0.5712198046875 0.5256351296874999 0.577408109375 0.5233070265624999 0.578066503125 0.522087965625 0.5815471015625 0.5266709859375001 0.5844232234375 0.5313271921875 0.5831064359375 0.532472946875 0.583825465625 0.53249734375 0.5824278296875 0.54542904375 0.5721613624999999 0.5454534390625 0.570763728125 0.5408705390625 0.5678808859375
2 0.54238079375 0.6140769140625 0.587563221875 0.6148655749999999 0.5922549593750001 0.6121513453125 0.592279471875 0.6107469890624999 0.5876853171875001 0.6078706734375 0.542502890625 0.6070820125 0.537811153125 0.6097962421875 0.537786640625 0.6112005984375 0.54238079375 0.6140769140625
1 0.5326438359375001 0.574035290625 0.5407484421875 0.5748757890625 0.54542904375 0.5721613624999999 0.5454534390625 0.570763728125 0.5408705390625 0.5678808859375 0.5327659328125 0.5670403875 0.5280852109375 0.5697615328125 0.528060815625 0.5711591687500001 0.5326438359375001 0.574035290625
2 0.54073624375 0.57557460625 0.5824204171875 0.5777002687499999 0.58710101875 0.5749858453125001 0.5871254140625 0.5735882078125 0.5825423953125 0.5707120859375 0.5408582234375 0.5685864234375 0.5361664859374999 0.571300653125 0.5361420890625 0.572698290625 0.54073624375 0.57557460625
0 0.540147059375 0.5672162765625 0.535814675 0.5691234828125 0.534119096875 0.5705524421875 0.5340918875 0.5721113453125 0.5393482265625 0.5753352921875 0.54670460625 0.5769289750000001 0.551601065625 0.5765237765625 0.5540957203125 0.5752566375 0.5553182984375 0.5715744578125 0.5529277625 0.5694289140625 0.54753965 0.569287815625 0.54513281875 0.56743773125 0.542681434375 0.5668639484375 0.540147059375 0.5672162765625