1 0.5410591234375 0.436933065625 0.544118884375 0.43839812812499995 0.54908705 0.43817698125 0.5777969953125 0.4341420625 0.5803334875 0.43188387187500005 0.5802028984375001 0.43095468437499995 0.5771431375 0.429489621875 0.5434659390625 0.433752184375 0.540928534375 0.436003878125 0.5410591234375 0.436933065625
0 0.5552260375 0.4709950015625 0.5517828234375 0.469570578125 0.5456268515625 0.47064115468749995 0.5424874578125001 0.47279854375 0.5383758171874999 0.4738601078125 0.5356907078125 0.47711985625000003 0.5366461124999999 0.47923185312500005 0.5408075625000001 0.48065472812500004 0.543962321875 0.48080771093749997 0.547553753125 0.48186674218750003 0.55118864375 0.481885984375 0.5546745546875 0.48056117499999995 0.5595463546875 0.47603331249999997 0.5591176609375 0.4736220015625 0.55627616875 0.47271599374999995 0.5552260375 0.4709950015625
1 0.5340873187499999 0.555030359375 0.5315499140625 0.5572820515625 0.531680503125 0.558211240625 0.5347402640625 0.559676303125 0.5476057671875 0.5597698828125 0.5615018234375 0.5620841703125 0.562901115625 0.5618875125 0.5654376078125 0.5596293218749999 0.5637122999999999 0.55750625625 0.5534499546875 0.5556288265625 0.5461914046875 0.554747240625 0.5340873187499999 0.555030359375
1 0.6087632203125 0.5630289734375 0.6073639281250001 0.5632256296875 0.603533878125 0.5613917421875 0.587543775 0.5593717546875 0.5815441421875 0.557365696875 0.5730080171874999 0.5576178296875 0.5704715234375 0.55987601875 0.5706021125 0.5608052078125 0.573661875 0.5622702687500001 0.5793336640625 0.5619436078125 0.5838584703125 0.56367985625 0.599848571875 0.56569984375 0.6036786234375 0.5675337328125 0.607247496875 0.56750924375 0.6097839890625 0.565251053125 0.60812351875 0.563589334375 0.6087632203125 0.5630289734375
2 0.5456776359375 0.39361147343749997 0.545547046875 0.392682284375 0.542486371875 0.3912107234375 0.5382138734375 0.391340728125 0.5220513734375001 0.393135134375 0.5000109593750001 0.39386054531250003 0.4699017203125 0.3980921234375 0.452527396875 0.40148809375 0.44998999062499995 0.4037397859375 0.4501205796875 0.404668975 0.4531803421875 0.4061340359375 0.47055557812500004 0.40274456406250003 0.5006648171875 0.3985129875 0.52270523125 0.39778757656249997 0.5325002750000001 0.396410971875 0.5396371078125 0.3963554984375 0.54314023125 0.395863165625 0.5456776359375 0.39361147343749997
2 0.5636336109375 0.5162628109375 0.54669195 0.5176962640625 0.5081771765624999 0.5231091625000001 0.47686498593750004 0.5289344296875 0.47432758125 0.531186121875 0.47445817031250004 0.5321153109375001 0.47751793124999997 0.5335803734375 0.485218928125 0.53249806875 0.508831034375 0.527761603125 0.5473458078125 0.5223487046875 0.56428746875 0.5209152515625 0.5668239625 0.5186570625 0.5666933734375 0.5177278734375 0.5636336109375 0.5162628109375
2 0.47371060312499996 0.5725207125 0.4738421046875 0.5734563984375 0.4769018671875 0.5749214593749999 0.4832684109375 0.574497159375 0.5756999546875 0.561506753125 0.578237359375 0.5592550593750001 0.5781067703125 0.5583258718749999 0.575047009375 0.556860809375 0.5092962046875 0.566571940625 0.476248009375 0.5702690203125 0.47371060312499996 0.5725207125
2 0.4871869359375 0.6175731156250001 0.48731752500000003 0.6185023046875 0.49037728593749996 0.6199673671875 0.5418224 0.61510939375 0.5821700421875 0.6075438203125 0.584706534375 0.6052856296875 0.5845759453125 0.6043564421875 0.5815161843750001 0.6028913796875 0.5418632953125 0.6103593125 0.489723428125 0.6153149265625 0.4871869359375 0.6175731156250001
1 0.6127635359375 0.5966047671875 0.6085656609375001 0.597194740625 0.5940538453124999 0.6006522421875 0.5771877187500001 0.6025521640625 0.574640528125 0.6048052312500001 0.5747711171875001 0.6057344203125 0.5778406640625 0.6071981078124999 0.5821042921874999 0.6070759765625 0.594707703125 0.6053046828124999 0.61341648125 0.6012507109375 0.6159538875 0.5989990171875 0.6158232984375 0.5980698296875 0.6127635359375 0.5966047671875
2 0.547663815625 0.4331622125 0.5355686015625001 0.4334374578125 0.491390909375 0.43916914374999994 0.462172765625 0.44470011249999997 0.459635359375 0.44695180468749995 0.45976594843749996 0.44788099375 0.46282662343750003 0.4493525515625 0.5053429328125 0.44195265 0.5355170078125 0.43818241718750006 0.5455181765625 0.4382014703125 0.548316759375 0.4378081546875 0.5508541640625 0.4355564625 0.5507235765625 0.43462727343749996 0.547663815625 0.4331622125
2 0.5534142953125001 0.47407899843749995 0.55035361875 0.47260743749999995 0.5468504984375 0.47309976875000004 0.54068029375 0.47492110312499997 0.490266646875 0.4820062796875 0.47009282499999994 0.48578906718750003 0.4675554203125 0.488040759375 0.46768600937500004 0.48896994843749997 0.4707457703125 0.4904350078125 0.490919590625 0.486652221875 0.5413332375000001 0.479567046875 0.5510074765625 0.4772598796875 0.5535448828125 0.47500818593750005 0.5534142953125001 0.47407899843749995
2 0.5915542312500001 0.6488974625 0.5398718812500001 0.6571084843749999 0.51389476875 0.660282246875 0.5067579359375001 0.6603377218750001 0.49058656406249995 0.6621400015625001 0.48804915781249997 0.6643916937500001 0.48817974687500004 0.6653208828125 0.491239509375 0.66678594375 0.50741179375 0.6649901609375 0.5145486265625 0.6649346875 0.5643332734375 0.6584149953125 0.5761006421875 0.6558070296875 0.5922071765625 0.6535434046875 0.5947445828125 0.6512917125000001 0.59461399375 0.650362525 0.5915542312500001 0.6488974625
0 0.5722519234375001 0.6018676015625 0.5701052921875001 0.60263975 0.5655169203125 0.6032912296874999 0.56253774375 0.6054526078125 0.5614191875000001 0.60849881875 0.562736646875 0.61055993125 0.5641705015625 0.6113192109375001 0.5754595375 0.611342796875 0.5819277390625001 0.6092277890625 0.58647295 0.6067071703125 0.5864757203125001 0.604241846875 0.5822292203125 0.60143280625 0.5783731875 0.601047071875 0.5722519234375001 0.6018676015625
1 0.5364892078125 0.602580090625 0.5339518015625 0.6048317828124999 0.534083303125 0.60576746875 0.537143065625 0.60723253125 0.5528062390625 0.6069263 0.5673312968750001 0.6086751015625 0.5694351281250001 0.608379428125 0.5719725343750001 0.6061277359374999 0.5702463140625 0.6039981734375 0.5622193 0.6027607546875 0.5499837125 0.6021081875000001 0.5364892078125 0.602580090625
0 0.57903924375 0.6534989546875 0.5805927234375 0.6556064109374999 0.5886516937499999 0.657568215625 0.591829428125 0.6566776609375 0.5974662984375 0.6525524890625001 0.5982822734375 0.6512583546874999 0.5977055 0.648503415625 0.5949542953125 0.6474588203125 0.5857059390625 0.6474002296875 0.582611571875 0.648457971875 0.5798367125 0.6505111203125 0.57903924375 0.6534989546875
1 0.56225618125 0.648747784375 0.5530253015625 0.6490975578125 0.5435882984375 0.6480516749999999 0.5410508921875 0.65030336875 0.54118148125 0.65123255625 0.5427771124999999 0.65243293125 0.5486452421875 0.653503303125 0.5823375109375 0.6544600390624999 0.5858406328125 0.65396770625 0.5883780390625 0.6517160140625 0.58824745 0.650786825 0.585186775 0.6493152671875 0.5781156937499999 0.6498385843750001 0.56225618125 0.648747784375
1 0.6169058015625 0.651496865625 0.5972819890625 0.6490400203125 0.5880511109375 0.6493897937499999 0.5855137046875 0.6516414875 0.5856442937499999 0.652570675 0.5887040546875 0.6540357359375 0.5943767578125 0.653715575 0.6066673984375 0.6548308609375 0.619099325 0.6568804625 0.632421434375 0.660222953125 0.6338207265625 0.6600262953125 0.63635813125 0.657774603125 0.6346319109375 0.655645040625 0.6169058015625 0.651496865625
3 0.5378224406250001 0.6374848875 0.5405257406249999 0.661760925 0.54401536875 0.67643778125 0.5453639796875 0.6809925796875 0.54766415 0.6820939390625 0.5505275703125 0.68216196875 0.553769515625 0.679811259375 0.548855740625 0.6601131359375 0.5404259046875 0.600131740625 0.5334964171875 0.5660200734374999 0.5266742375 0.54800815625 0.523249446875 0.5337926453125 0.5214356671875 0.4904275109375 0.516465925 0.47026016875 0.5098661609375 0.4233004078125 0.49816764375 0.37563260625 0.49003987968749996 0.31275950625000004 0.48775040937499997 0.311663271875 0.4848860734375 0.31158874375 0.48164412968750003 0.313939453125 0.48342260625 0.331706046875 0.48976210625 0.376813928125 0.501460625 0.42448172812499996 0.5080603890625001 0.4714414890625 0.5121248796875 0.48509663906249995 0.5149096625 0.535441809375 0.5183442375 0.5496559453125001 0.52515571875 0.5676627390625 0.526961846875 0.5754729484375 0.5378224406250001 0.6374848875
0 0.52457951875 0.348145978125 0.5243053375 0.3533661734375 0.5293590421875 0.35716171406249997 0.531037140625 0.357528853125 0.5355885859375 0.357253628125 0.539734040625 0.3544446328125 0.541665696875 0.35029684843750003 0.539989353125 0.3451851265625 0.5375841765625 0.34234259375 0.5351236484374999 0.3419462671875 0.529882009375 0.3428485859375 0.5262198265625 0.3449071703125 0.52457951875 0.348145978125
1 0.52395243125 0.32032470156250004 0.521415025 0.32257639375 0.5249704046875 0.3377210953125 0.5284467890625 0.347191646875 0.53150655 0.34865670937500004 0.5329058421874999 0.3484600515625 0.5354432484375 0.346208359375 0.53505148125 0.3434207921875 0.5319118109375001 0.3362750859375 0.5284114843750001 0.32159310625000004 0.5253517234375 0.32012804375 0.52395243125 0.32032470156250004
1 0.48942381562500004 0.35410059375 0.4895544046875 0.3550297828125 0.49262395156250005 0.35649346875 0.5229295296875 0.3536589234375 0.5305647765625 0.352108775 0.5331021812500001 0.3498570828125 0.5329715921875 0.34892789375 0.5299118328125 0.3474628328125 0.513165596875 0.35028682031249997 0.4919710078125 0.351847525 0.48942381562500004 0.35410059375
2 0.44881499687500004 0.359807790625 0.446277590625 0.3620594828125 0.4464081796875 0.362988671875 0.4494679421875 0.364453734375 0.5285915359375 0.3533336375 0.5355329421875 0.3518876296875 0.5380703484375 0.3496359359375 0.5379388453125 0.34870025 0.534879084375 0.3472351890625 0.4578495359375 0.3580609859375 0.44881499687500004 0.359807790625
0 0.5403584484375 0.38799791875 0.53573848125 0.390270621875 0.5375083796875 0.3949119890625 0.53242609375 0.391836090625 0.5311954796875 0.3936589578125 0.5312659109375 0.3954381234375 0.5333742781249999 0.3976597546875 0.5388496859374999 0.39941480625 0.54235228125 0.399273734375 0.54447816875 0.3984249890625 0.549177746875 0.394020721875 0.5483940484375001 0.3911424640625 0.5464359890625 0.3886412875 0.5443990999999999 0.387993265625 0.5403584484375 0.38799791875
1 0.5681632953125 0.375747859375 0.56803270625 0.374818671875 0.564963159375 0.37335498437500003 0.5628691140625001 0.3736492828125 0.5540859671875 0.377255840625 0.5483066187500001 0.3818582421875 0.5469073265625 0.38205490000000003 0.538722071875 0.38984467968750003 0.5366839921875 0.39060819687500004 0.53631525625 0.393025559375 0.5393759296875 0.3944971203125 0.5428133015625 0.39353694375 0.556213740625 0.38217159375 0.5656170171875 0.378007425 0.5681632953125 0.375747859375
1 0.509097090625 0.3873687828125 0.5033693343750001 0.3872262234375 0.5008221421875 0.38947929062500003 0.5009527312500001 0.3904084796875 0.5025581484375 0.3916074796875 0.506952365625 0.3924145375 0.53530864375 0.39601628125 0.5374026875 0.3957219828125 0.5399498796875 0.393468915625 0.539818378125 0.392533228125 0.5352847015625 0.3908048546875 0.523753653125 0.39005327031250003 0.509097090625 0.3873687828125
0 0.5440688812500001 0.43037424375000005 0.5404639890625 0.4312784484375 0.5353713296875 0.43352481718749997 0.5338355531250001 0.43488035781249995 0.532268703125 0.438002825 0.5328736703125 0.43968036250000003 0.536116871875 0.44117265312500004 0.5418662734375 0.442392234375 0.544575228125 0.4415741875 0.54831945625 0.44130639218749995 0.550033709375 0.44058175781250003 0.5556878421875 0.43331335937500004 0.5550374671875 0.43188074531250004 0.5536231828125 0.431118715625 0.550244140625 0.43121591875 0.5440688812500001 0.43037424375000005
1 0.528550996875 0.4140350078125 0.5260135906250001 0.4162867 0.5281973296875 0.421671671875 0.5373596609375 0.4360283671875 0.540419421875 0.437493428125 0.5418187140625 0.4372967703125 0.54435611875 0.43504507812500004 0.5441606921875 0.43365454375 0.5407082515625 0.42939541875 0.533019834375 0.41530203749999994 0.5299600734375 0.413836975 0.528550996875 0.4140350078125
0 0.5817896874999999 0.5573378124999999 0.5778304734375 0.5552239 0.5734559546875 0.5546989984375 0.56863573125 0.5559727921875 0.5599765703124999 0.5564144953125 0.556092578125 0.5591668671875001 0.55242570625 0.5604110906249999 0.5513076828125001 0.562609078125 0.55292600625 0.5646809171875 0.5565657109375 0.565799425 0.56469178125 0.564617625 0.5697252984375 0.5655004906250001 0.5731130828125 0.5651105078125 0.5757506828125 0.5635007234375 0.5782657546875 0.563220140625 0.5807788781250001 0.5621446921875 0.5825697437499999 0.5591961546875 0.5817896874999999 0.5573378124999999
1 0.572266240625 0.455778528125 0.56920648125 0.454313465625 0.5678071890624999 0.4545101234375 0.5665384859375 0.45563596874999995 0.5657691093749999 0.45527364062500003 0.5640570453125 0.45835687968750005 0.5526298484375001 0.46849736875000003 0.5453206171875 0.47236723906250006 0.5442482531249999 0.47489011718749996 0.547308015625 0.47635517812500006 0.5579897796875 0.47106378906249996 0.568214025 0.4625169890625 0.5723968296875 0.456707715625 0.572266240625 0.455778528125
1 0.534756196875 0.47338151406250006 0.5237235609375 0.4711352578125 0.5151323828125001 0.47092466875000005 0.5125851921875 0.4731777359375 0.5127157812500001 0.47410692499999996 0.515785328125 0.4755706125 0.521513084375 0.47571317031250004 0.534704603125 0.478126471875 0.5419071875 0.478538840625 0.5440012328125 0.4782445421875 0.546548425 0.475991475 0.5464178359375 0.47506228593750005 0.543347375 0.4735921 0.534756196875 0.47338151406250006
0 0.571838453125 0.5177005265625 0.5716693828125 0.5162135234375 0.5699722453125 0.515000909375 0.5687949125 0.5128008312500001 0.566257415625 0.5117858375 0.5602496609375 0.5124910234375 0.5558976765625 0.51503749375 0.5547597015625 0.516383509375 0.54950553125 0.5177646734375 0.547361490625 0.5202592593750001 0.548425828125 0.5232173484375 0.5507823562499999 0.5246487203125 0.55349299375 0.5250496515624999 0.557194040625 0.52440360625 0.561141134375 0.5253662703125 0.565500671875 0.523938559375 0.5681342296875 0.5219450265625001 0.5685901171875 0.5200057499999999 0.5707585374999999 0.5191046453125 0.571838453125 0.5177005265625
1 0.571768184375 0.5132244874999999 0.5825654671875 0.5036429859375 0.5868149375 0.498308053125 0.5918888359375 0.49379817187499997 0.593927828125 0.49304115312499996 0.5942956515625 0.49061729062500004 0.5912358906249999 0.48915222968750005 0.5898366 0.4893488875 0.5832878734375 0.49358895937499997 0.579678103125 0.4983635296875 0.5732697515625 0.5035314140625 0.5727606390625 0.505020965625 0.56888969375 0.5079371578125 0.5658440890625 0.5116848984375 0.5598693124999999 0.514896765625 0.5587969484374999 0.51741964375 0.5618567109375 0.5188847046875 0.571268859375 0.5147126640625 0.571768184375 0.5132244874999999
1 0.553254834375 0.5186689953125 0.5320086500000001 0.524974659375 0.5266628765625 0.52762104375 0.5255905140625 0.5301439203125 0.5286600609375001 0.5316076078124999 0.5300593515625 0.5314109499999999 0.537434334375 0.5280089218749999 0.5560125218749999 0.5230257609375 0.5585499281249999 0.52077406875 0.5584184265625 0.5198383828125 0.5553586640625 0.5183733203124999 0.553254834375 0.5186689953125