2 0.5134856796875 0.5369228515625 0.50615938125 0.535565509375 0.48400740468750003 0.5344045734375 0.464362265625 0.5323955437500001 0.4609757734375 0.5341709234375001 0.4609249015625 0.5351416453125 0.46410726249999995 0.537261284375 0.47065067968749996 0.5380909046875 0.505904696875 0.5404251828125 0.5132306765625 0.5417885921875001 0.5657405828125001 0.5445405203125 0.5691270734375 0.5427651390625 0.569177946875 0.54179441875 0.565995584375 0.5396747796875 0.5134856796875 0.5369228515625
0 0.5526244515625 0.5389375265624999 0.5512457765625001 0.540185428125 0.5492300359375 0.54203873125 0.5492071109375 0.543455025 0.5505072171875 0.5446851421875001 0.553990265625 0.54615741875 0.563800565625 0.5472981734375 0.5678738328125 0.546513921875 0.5693721671875001 0.5455278046875 0.570115978125 0.5436686796875 0.5691578890625 0.541002490625 0.5624503375 0.537627378125 0.55700005 0.5376702578125 0.5526244515625 0.5389375265624999
1 0.513842746875 0.5301096015625 0.5104664859375 0.53188551875 0.5104156125 0.5328562390625 0.5135877437499999 0.534975340625 0.5233389609375 0.537439240625 0.554285871875 0.543453509375 0.5575600656249999 0.543625103125 0.5609465578124999 0.5418497234374999 0.56099743125 0.5408790031249999 0.55781506875 0.5387593625 0.5455675656250001 0.537138028125 0.513842746875 0.5301096015625
1 0.5585929765625 0.53977351875 0.5552064859375 0.5415488984375 0.5564102046875 0.5499040265625 0.5592866921875 0.557860128125 0.562469053125 0.5599797671875 0.564106153125 0.5600655640625 0.56749264375 0.558290184375 0.5675689546875 0.5568341015625 0.56464159375 0.549848721875 0.5634124359375 0.5419789546875 0.5602300734375001 0.539859315625 0.5585929765625 0.53977351875
2 0.5663451328125 0.580186015625 0.5565020828125 0.5796701625 0.5162145625 0.5790188656249999 0.4670145203125 0.5759537078125 0.46362802968750005 0.5777290859375 0.46357715625000007 0.578699809375 0.4667595171875 0.580819446875 0.47247415625 0.5816056328125 0.5159595593749999 0.58388460625 0.566090446875 0.585045690625 0.569476621875 0.5832763765625 0.5695278125 0.5822995890625 0.5663451328125 0.580186015625
0 0.5489357578125 0.5819139421874999 0.5489321406250001 0.5837449390625 0.550777625 0.5857275953125 0.555811953125 0.5879442921875 0.56749665625 0.587187834375 0.570970815625 0.5845227484375 0.570903821875 0.5828644796875 0.568168946875 0.5802329296875001 0.5616312265625 0.5781199531250001 0.5555756140625 0.5779668499999999 0.5511706140625 0.5803823921875 0.5489357578125 0.5819139421874999
1 0.5370072140625 0.5591320625 0.533773659375 0.5579892109375 0.5303874859375 0.559758525 0.5310887656250001 0.5622348296874999 0.5413932953125 0.56960683125 0.55472756875 0.582010634375 0.554676378125 0.582987421875 0.5555203625 0.5825449593750001 0.5587539171875 0.5836878125 0.5621404078125 0.5819124312499999 0.5614493609375 0.5794366625 0.5378511984375 0.5586896 0.5370072140625 0.5591320625
1 0.577338359375 0.5744168765625 0.5748827140625 0.57428818125 0.5699103171875 0.5750009781250001 0.566523825 0.5767763578125 0.5655777734375 0.5791663296875 0.5588305453125 0.5822256625 0.558779353125 0.58320245 0.5619617156250001 0.5853220890624999 0.57111371875 0.5833621734375 0.5737582890625 0.5800817453125 0.58046985 0.5775072375 0.5805207234374999 0.5765365171875 0.577338359375 0.5744168765625
2 0.5607663171875 0.6237934171874999 0.550206465625 0.6212932234374999 0.48541306874999995 0.6174108515625 0.4566668015625 0.6163910171875 0.453290859375 0.6181608671875 0.45323966718750003 0.6191376546875 0.45641179843749996 0.621256759375 0.5384868375 0.6250653515625 0.54912268125 0.6261155296875 0.5580556671875 0.6285304625 0.5605113140625 0.6286591578125 0.5638974875 0.6268898453125 0.5639486796875001 0.62591305625 0.5607663171875 0.6237934171874999
0 0.5523795234375 0.6205493109375 0.5496855296875001 0.6232066140625 0.550492046875 0.6258283578125 0.5502851203125 0.627819040625 0.552040540625 0.63014983125 0.55588285625 0.6333808671875001 0.5603116859374999 0.6348175390625 0.5656560749999999 0.633467203125 0.566506134375 0.6319299968750001 0.5650977375 0.6266972328125 0.5656147421875 0.6244672859375 0.5642299515625 0.6223080125 0.5604896640625 0.6202625562499999 0.5574033421875 0.61963845 0.5523795234375 0.6205493109375
1 0.5527641765625 0.619474409375 0.5533531578125 0.6238976875 0.5565358390624999 0.626011259375 0.5581831687500001 0.6260975921874999 0.5615591109375 0.62432774375 0.5617097 0.6057926046875 0.55852701875 0.6036790328125 0.5568899203125001 0.6035932359375 0.5535037468749999 0.6053625484375 0.5527641765625 0.619474409375
2 0.556296403125 0.66209921875 0.5432706734375 0.65946979375 0.49321641562499996 0.6568465625 0.4637282265625 0.6543216796875 0.46035196718750004 0.656097596875 0.46030109374999995 0.6570683171875 0.46347322343749997 0.6591874203125 0.4708351890625 0.6600599390624999 0.527448071875 0.66302689375 0.542187209375 0.6642860328125 0.553575521875 0.6668357281249999 0.5560414 0.666964959375 0.5594176609375 0.6651890421875 0.559468534375 0.664218321875 0.556296403125 0.66209921875
1 0.5313737390625 0.49395446718749997 0.527987246875 0.49572984687500005 0.5279363734375 0.49670056875 0.5311187359375 0.4988202078125 0.5425988828125 0.49942185625 0.5672421765625 0.5002266625 0.57062866875 0.4984512828125 0.570679540625 0.49748056093750004 0.5674971796875 0.49536092343749993 0.542879321875 0.49407075625 0.5313737390625 0.49395446718749997
1 0.553906834375 0.6605139046875 0.5342871328125 0.6580195140625 0.515547084375 0.6545978390625 0.5082617468749999 0.6522631718749999 0.49946649374999996 0.6474159046875 0.4953889546875 0.6467155171875001 0.4920130125 0.648485365625 0.49354804531249996 0.650518671875 0.4927040609375 0.6509611343749999 0.4943411578125 0.65104693125 0.5039394359375 0.656429059375 0.513654984375 0.6593777828125 0.54954885625 0.66516461875 0.5536518328125 0.6653796468750001 0.5570383234375 0.663604265625 0.557089515625 0.6626274765625 0.553906834375 0.6605139046875
1 0.5905812828125 0.6829257375 0.5898800046875 0.680449434375 0.5874501109375 0.679829309375 0.575549125 0.67140025625 0.5577805625 0.6651032453125 0.5512625812499999 0.663788265625 0.5478863234375 0.6655641828125 0.54783545 0.666534903125 0.5510075796875 0.6686540078125 0.5583186734375001 0.6704972453125 0.5712165828125 0.67556560625 0.57677828125 0.6792700234375 0.5775304343750001 0.6807756078125 0.57996064375 0.6813896625 0.5831175703125 0.6839946625 0.587195109375 0.6846950515625 0.5905812828125 0.6829257375
0 0.5759445828125 0.6624840671875 0.5748439109375 0.6609723859375001 0.571798925 0.65955956875 0.5588502421875 0.6601585265625001 0.5533113984375 0.6591503750000001 0.5483222046875 0.660379403125 0.5448498390625 0.662618725 0.543560184375 0.6643214859375 0.5448136109374999 0.6666381328125001 0.5490313234374999 0.6699496796875 0.5529833328125 0.671087596875 0.5551907 0.67066791875 0.5598051046875 0.6681720953125 0.563231765625 0.668175253125 0.5659133265625 0.666734034375 0.57022834375 0.66603545625 0.5741284484375 0.664639846875 0.575453534375 0.6638271578125 0.5759445828125 0.6624840671875
2 0.5660486437500001 0.46015788906250005 0.575850734375 0.4616510640625 0.5792269921875 0.45987514999999995 0.579277865625 0.45890442656249997 0.5761057359375 0.45678532499999996 0.5671324265625 0.45533558125000007 0.5441259140625 0.45462264062499996 0.5367999343750001 0.45325922968750004 0.49658872499999995 0.45115185 0.48751303281249997 0.45165568437500003 0.4711371171875 0.45030468125 0.46775062500000003 0.4520800609375 0.46769943437499994 0.45305684843750005 0.4708821140625 0.455170421875 0.478233846875 0.456042403125 0.4880871296875 0.4565587921875 0.49716250312500004 0.456061025 0.5357161515625 0.4580815359375 0.5430526812500001 0.4594394140625 0.5660486437500001 0.46015788906250005
1 0.539936759375 0.4875712734375 0.5414463546875 0.4900899390625 0.5560322359375001 0.49427337656250003 0.568137353125 0.4988074125 0.56978468125 0.49889374531249997 0.5731609421875 0.4971178296875 0.5716513453125 0.49459916249999997 0.569246571875 0.49349974531249996 0.55793456875 0.48949396875 0.5433127 0.4858014234375 0.539936759375 0.4875712734375
1 0.562926 0.629765178125 0.5597436375 0.6276455375000001 0.558106540625 0.6275597421875 0.5302323624999999 0.6412229265625 0.5301814890625 0.642193646875 0.5251070265625 0.6448539515625 0.52421185 0.6462732015625 0.5241609765625 0.647243921875 0.5273433390625 0.6493635624999999 0.5306786406249999 0.6485649703125 0.5314717515625 0.6490932296875 0.5349246390625 0.6458551640625 0.5620057046875 0.6316637218750001 0.562926 0.629765178125
2 0.5715747171875 0.4960613109375 0.5453197640624999 0.49468534843749995 0.5321414140625 0.49496808750000004 0.46734801875 0.491085715625 0.4639615265625 0.49286109375000003 0.463910653125 0.4938318171875 0.467093015625 0.4959514546875 0.5318864109375 0.49983382656249997 0.5450647625 0.4995510875 0.571319715625 0.5009270515625001 0.57470620625 0.499151671875 0.5747570796875 0.49818094999999996 0.5715747171875 0.4960613109375
1 0.571977321875 0.4570556578125 0.56859083125 0.45883103593749996 0.5698711796875 0.4657240171875 0.5728751671875 0.4712472484375 0.5760575296875 0.4733668875 0.5776946265625 0.47345268437500004 0.58108111875 0.471677303125 0.5811574296875001 0.470221221875 0.5781280046874999 0.4651833515625 0.5767967828125 0.4592610921875 0.573614421875 0.4571414546875 0.571977321875 0.4570556578125
1 0.5582251953124999 0.452429221875 0.543766496875 0.44581898124999997 0.542998821875 0.4448053625 0.5389212828125001 0.44410497187500003 0.535535109375 0.44587428593749995 0.5370803734375 0.4479081296875 0.5362261562499999 0.44835005624999996 0.5378734875 0.44843638906249994 0.5523318671874999 0.4550526953125 0.5530995421875 0.45606631562500005 0.5668519875 0.46068668281249997 0.568489084375 0.4607724796875 0.5718752578124999 0.459003165625 0.57035543125 0.4564839640625 0.5582251953124999 0.452429221875
0 0.5641094625 0.454872971875 0.5619062859375 0.4554084609375 0.55792435 0.45797393125 0.5580053328125001 0.459365253125 0.5596802046875 0.4606880140625 0.5656642765625 0.46220619375 0.5712387265625 0.4646884578125 0.5759558734375 0.4647349125 0.580822546875 0.4632987046875 0.5820247171874999 0.45876245156250006 0.5789825671875 0.45612088125000005 0.574673078125 0.45495206093749996 0.5719048671875 0.45530584531249996 0.5641094625 0.454872971875
1 0.5720638218749999 0.4238859296875 0.5764218 0.419235215625 0.5764726734375001 0.4182644953125 0.5733005421875 0.4161453921875 0.5716532140624999 0.41605905937500004 0.569146375 0.41690715312500004 0.5647887140625001 0.4215517984375 0.5602266078125 0.43009753125000005 0.55676380625 0.4333289921875 0.5547950765625 0.4395710859375 0.557967525 0.44168412031250004 0.5596148546874999 0.441770453125 0.5629907968750001 0.4400006046875 0.5649443203125 0.43424440937500003 0.568407121875 0.43101294687499997 0.5720638218749999 0.4238859296875
1 0.5266070203125001 0.4122382078125 0.5297897015624999 0.4143517796875 0.56737154375 0.419253690625 0.5714745203125 0.41946871874999997 0.5748610125 0.4176933390625 0.5749122046874999 0.41671654843750006 0.5717295234375 0.414602978125 0.5300443859375 0.40949210625 0.5266582125 0.4112614203125 0.5266070203125001 0.4122382078125
0 0.5728652921874999 0.4136830296875 0.56785615625 0.41450948906249996 0.5661826078125001 0.41551075937500004 0.5636044328125001 0.4173285015625 0.563122028125 0.4187024640625 0.56403624375 0.4200522828125 0.5676502515624999 0.422158040625 0.5727388953125 0.4231425984375 0.5777705156249999 0.42267017031250004 0.5796865062500001 0.4219371203125 0.582369053125 0.41949822968749995 0.58254609375 0.4180778453125 0.5810679421875 0.4159380140625 0.5786883453125 0.414553984375 0.5728652921874999 0.4136830296875
2 0.5757816265625 0.4157887265625 0.5257375984375 0.41316602968750005 0.50106886875 0.412846584375 0.4707109421875 0.41125559218749996 0.46732445 0.41303097343750006 0.4672732578125 0.4140077625 0.47045593906249994 0.416121334375 0.500813865625 0.417712325 0.525482596875 0.41803177187499996 0.5755266234375 0.4206544671875 0.5789131140625 0.41887908749999997 0.5789639875 0.41790836562499994 0.5757816265625 0.4157887265625
1 0.5659738828124999 0.3830799359375 0.5661400375000001 0.3957670140625 0.554805265625 0.40785743906249994 0.5547540734374999 0.4088342265625 0.5579364359375 0.41095386562499997 0.5620906031249999 0.41019210624999997 0.574320234375 0.3966884984375 0.574179834375 0.383509990625 0.571007703125 0.3813908875 0.5693603734375 0.3813045546875 0.5659738828124999 0.3830799359375
1 0.5287233515625 0.3718562015625 0.5286724781250001 0.3728269234375 0.5334665015625 0.3755177203125 0.56110355 0.3818452203125 0.563569428125 0.3819744515625 0.56695591875 0.3801990703125 0.5670067921874999 0.37922835 0.5638244296875 0.3771087109375 0.5491513703125 0.374392953125 0.53210984375 0.370080821875 0.5287233515625 0.3718562015625
0 0.5763598187500001 0.376956534375 0.5732539 0.37709794375 0.5701055515625 0.3764827546875 0.56723693125 0.37679477499999997 0.5617495625 0.3757832375 0.5596291953125 0.376304815625 0.5576353953125001 0.37773949375 0.5560994828125 0.3792468390625 0.5568354203125 0.3810618390625 0.5623716 0.383882784375 0.5653885171875 0.3866142890625 0.5704175874999999 0.388344015625 0.5734454671875 0.3881255125 0.5810024296875 0.384494165625 0.5867782312500001 0.3845048453125 0.5889436890625 0.3829270734375 0.5887517453125 0.3814995171875 0.58726333125 0.3803386203125 0.5763598187500001 0.376956534375
2 0.56792740625 0.3773237390625 0.559772328125 0.3759229609375 0.5376712234375 0.3737913046875 0.47367094062500004 0.3704371921875 0.47028476562500005 0.37220650625 0.47023357499999996 0.37318329375000003 0.4734162546875 0.37529686406249996 0.480777903125 0.37617544999999997 0.5374165390625001 0.3786509765625 0.5644134125 0.3815319890625 0.5724918625 0.384394915625 0.5741289609375 0.3844807125 0.577515453125 0.38270533125 0.57600585625 0.3801866640625 0.56792740625 0.3773237390625
3 0.5216367046875 0.6954099 0.524905565625 0.6643598125 0.5272787671875 0.5405719625 0.5330009671875 0.5257478421874999 0.5333068421875 0.51991138125 0.5318352203125001 0.5008106156250001 0.538977009375 0.3801989234375 0.5382551890625 0.346986834375 0.535865621875 0.3454015203125 0.53260663125 0.3447440296875 0.528401909375 0.3464704453125 0.529133959375 0.379683071875 0.521992171875 0.5002947640625 0.523173121875 0.5247460937499999 0.517461153125 0.53957075 0.5167727734375 0.552705821875 0.5161079625 0.6438956375 0.51179365625 0.6948940484375 0.5141729921875 0.696478825 0.5174316640625001 0.6971423828125001 0.5216367046875 0.6954099
0 0.5612051625000001 0.49482432656249997 0.5596822890625 0.4960829234375 0.5590888265625 0.5003590625000001 0.5603067046875 0.5013962750000001 0.5648159140625 0.5032569328125 0.5689468953125 0.504112215625 0.57309375 0.5034899953124999 0.5772094828125 0.500329253125 0.576728428125 0.4954127703125 0.575100321875 0.494372309375 0.5703306593749999 0.49297861249999997 0.566928334375 0.49309840312500003 0.564338484375 0.49435583593750004 0.5612051625000001 0.49482432656249997