0 0.54873046875 0.4032701421875 0.5534765625 0.405112559375 0.55693359375 0.4056220375 0.562861328125 0.40459715625000003 0.565224609375 0.4031101890625 0.5665625000000001 0.40101895781249997 0.5656054687500001 0.3977784359375 0.5624414062499999 0.396090046875 0.55787109375 0.39558056875 0.5559667968750001 0.39582345937499996 0.55310546875 0.39710308125 0.549951171875 0.3979561609375 0.54853515625 0.398998815625 0.547607421875 0.400776065625 0.54873046875 0.4032701421875
0 0.5523828125 0.558637440625 0.5586621093749999 0.55879146875 0.561162109375 0.5577606640624999 0.5633007812499999 0.5545023703124999 0.5631445312500001 0.5531220375 0.56130859375 0.5511552125 0.565205078125 0.55031398125 0.57052734375 0.55013033125 0.573017578125 0.548554503125 0.5734375 0.5469786734375 0.57240234375 0.54575829375 0.570791015625 0.545154028125 0.56669921875 0.5444075828125 0.557421875 0.5438033171875001 0.555537109375 0.5429324640625001 0.553349609375 0.542742890625 0.548994140625 0.5439395734375 0.5458398437499999 0.5463684828125001 0.543828125 0.5497630328125 0.542705078125 0.5510781984374999 0.54296875 0.55326421875 0.54646484375 0.5564218015625 0.5523828125 0.558637440625
1 0.525263671875 0.553216825 0.549765625 0.553684834375 0.55283203125 0.5518246453125 0.55283203125 0.55089455 0.549765625 0.5490343609375 0.525263671875 0.5485722749999999 0.52220703125 0.5504324640625 0.52220703125 0.551362559375 0.525263671875 0.553216825
1 0.55283203125 0.573193128125 0.553603515625 0.576445496875 0.55666015625 0.5782997625 0.5581933593749999 0.5782997625 0.561259765625 0.576445496875 0.5604882812499999 0.5615758296875 0.5574316406250001 0.5527547390625001 0.554365234375 0.55089455 0.55283203125 0.55089455 0.549765625 0.5527547390625001 0.55283203125 0.5620438390625 0.55283203125 0.573193128125
2 0.47166992187499995 0.5871267765625 0.553603515625 0.588056871875 0.562021484375 0.5908412328125 0.5635546875 0.5908412328125 0.566611328125 0.5889869671875 0.565087890625 0.5866587671875 0.553603515625 0.583412321875 0.47166992187499995 0.5824822281250001 0.468603515625 0.5843364921875 0.468603515625 0.5852665874999999 0.47166992187499995 0.5871267765625
0 0.557578125 0.593412321875 0.5612207031249999 0.5938981046875 0.564306640625 0.5934715640625 0.5672265624999999 0.5921504734374999 0.56923828125 0.5892891 0.576943359375 0.5891291468750001 0.578974609375 0.5881457343750001 0.579560546875 0.5868305687500001 0.5790625 0.585734596875 0.577197265625 0.584401659375 0.57224609375 0.583276065625 0.566015625 0.5830450234375 0.5635351562500001 0.582434834375 0.5605078125 0.5824229859375001 0.558623046875 0.582968009375 0.553271484375 0.5826718015625 0.550859375 0.5833056875 0.54951171875 0.5848281984375 0.5494042968749999 0.58611966875 0.5506249999999999 0.5879324640625 0.5508398437500001 0.590420615625 0.551904296875 0.5916350703125001 0.555546875 0.5923281984375001 0.557578125 0.593412321875
1 0.525263671875 0.5736552125000001 0.539052734375 0.57969194375 0.547470703125 0.5852665874999999 0.5490039062500001 0.5852665874999999 0.553603515625 0.588056871875 0.5558984375 0.5885189578125 0.5574316406250001 0.5885189578125 0.5604882812499999 0.5866587671875 0.558955078125 0.584804503125 0.5597265625000001 0.5843364921875 0.554365234375 0.5824822281250001 0.5428808593750001 0.575515403125 0.5405859375000001 0.57504739375 0.531396484375 0.5699407578125 0.527568359375 0.5694727484375 0.5245019531249999 0.5713329390624999 0.5260351562500001 0.573193128125 0.525263671875 0.5736552125000001
1 0.5482421875 0.597345971875 0.542109375 0.6043127968750001 0.534453125 0.6089573453125 0.5321582031250001 0.60941943125 0.531396484375 0.61174170625 0.534453125 0.6136018953125 0.53828125 0.6131398109374999 0.5413476562499999 0.6108175359375 0.5436425781249999 0.6103495265625 0.5490039062500001 0.6061729859375 0.554365234375 0.60013033125 0.561259765625 0.5954857812500001 0.56431640625 0.5885189578125 0.561259765625 0.5866587671875 0.5597265625000001 0.5866587671875 0.55666015625 0.5885189578125 0.554365234375 0.5931635078124999 0.5482421875 0.597345971875
2 0.47932617187500004 0.6224289093750001 0.47932617187500004 0.6233590046875 0.48239257812499997 0.6252132703125 0.49617187500000004 0.6256812796875 0.505361328125 0.624751184375 0.562783203125 0.6252132703125 0.5689160156249999 0.624751184375 0.57197265625 0.6228909953125 0.57197265625 0.6219609 0.5689160156249999 0.620106634375 0.505361328125 0.620106634375 0.49617187500000004 0.6210367296875 0.48239257812499997 0.6205687203125 0.47932617187500004 0.6224289093750001
0 0.56431640625 0.6285900468750001 0.5677734375 0.6286966828125 0.5736718749999999 0.626232228125 0.57412109375 0.6242535546875 0.573486328125 0.6212618484375 0.570703125 0.618927725 0.566455078125 0.6179620859375 0.561650390625 0.617701421875 0.557275390625 0.6190521328124999 0.562333984375 0.6223518953125 0.5556640625 0.62094194375 0.556376953125 0.623998815625 0.5592382812500001 0.6264218015624999 0.56431640625 0.6285900468750001
1 0.52220703125 0.6233590046875 0.52220703125 0.624283175 0.525263671875 0.6261433656250001 0.527568359375 0.6261433656250001 0.5352246093749999 0.624283175 0.562021484375 0.624283175 0.565087890625 0.6224289093750001 0.565087890625 0.621498815625 0.562021484375 0.619638625 0.5436425781249999 0.619176540625 0.530625 0.620106634375 0.525263671875 0.621498815625 0.52220703125 0.6233590046875
1 0.5520703124999999 0.624751184375 0.53751953125 0.6423992890625 0.53751953125 0.64379739375 0.5405859375000001 0.645651659375 0.5444140625 0.6447215640625 0.558955078125 0.627073459375 0.5658496093750001 0.624751184375 0.5673828125 0.6233590046875 0.5673828125 0.6224289093750001 0.56431640625 0.6205687203125 0.562783203125 0.6205687203125 0.554365234375 0.6228909953125 0.554365234375 0.623821090625 0.5520703124999999 0.624751184375
1 0.5597265625000001 0.5035189578125 0.5597265625000001 0.5044431281249999 0.562783203125 0.5063033171875 0.566611328125 0.5053732234375 0.572744140625 0.49794431250000004 0.573505859375 0.48725710937500005 0.570439453125 0.48540284375000003 0.5689160156249999 0.48540284375000003 0.5658496093750001 0.48725710937500005 0.565087890625 0.497476303125 0.5597265625000001 0.5035189578125
1 0.54517578125 0.495154028125 0.555126953125 0.5063033171875 0.558955078125 0.5072334125 0.562021484375 0.5053732234375 0.5597265625000001 0.5016587671875 0.551298828125 0.49236966875 0.54517578125 0.48772511874999996 0.54517578125 0.4867950234375 0.5444140625 0.48725710937500005 0.5413476562499999 0.48632701406249995 0.53828125 0.488187203125 0.539052734375 0.490509478125 0.54517578125 0.495154028125
0 0.561259765625 0.5132049765625 0.56275390625 0.51289691875 0.568115234375 0.5131575828125 0.57275390625 0.51219194375 0.57421875 0.510159953125 0.57197265625 0.5080687203124999 0.57361328125 0.505195496875 0.57185546875 0.5016943125 0.5697265625 0.5006338859375 0.565205078125 0.4998341234375 0.559443359375 0.500337678125 0.554423828125 0.5019135078125 0.55166015625 0.5045853078125 0.55103515625 0.5071504734375 0.5482812499999999 0.50933056875 0.5491796875 0.5124170609375 0.5514453125000001 0.5150236968749999 0.556123046875 0.51566943125 0.559951171875 0.514579384375 0.561259765625 0.5132049765625
3 0.51455078125 0.40271919375 0.5183789062499999 0.4528850703125 0.517607421875 0.46078199062499997 0.513779296875 0.47425355468749997 0.516083984375 0.5016587671875 0.511484375 0.5402132703125 0.5153125000000001 0.5699407578125 0.516845703125 0.605242890625 0.516083984375 0.631718009375 0.519912109375 0.63915284375 0.519140625 0.6814218015625 0.521435546875 0.68281398125 0.5245019531249999 0.683276065625 0.528330078125 0.6814218015625 0.529091796875 0.638684834375 0.525263671875 0.6312559234374999 0.5260351562500001 0.60477488125 0.5245019531249999 0.5699407578125 0.520673828125 0.534638625 0.525263671875 0.502120853125 0.52296875 0.47425355468749997 0.5267968749999999 0.46078199062499997 0.527568359375 0.44405805625 0.525263671875 0.429662321875 0.5237402343750001 0.402257109375 0.520673828125 0.385071090625 0.519912109375 0.3349052125 0.517607421875 0.333507109375 0.51455078125 0.33304502343750003 0.51072265625 0.3349052125 0.511484375 0.385533175 0.51455078125 0.40271919375
2 0.464775390625 0.3641646921875 0.46171875 0.36602488125 0.46171875 0.3669549765625 0.464775390625 0.3688092421875 0.467841796875 0.3688092421875 0.490810546875 0.36602488125 0.5245019531249999 0.36556279687500004 0.5436425781249999 0.3669549765625 0.55283203125 0.3692772515625 0.555126953125 0.3692772515625 0.5581933593749999 0.3674170609375 0.5581933593749999 0.3664869671875 0.555126953125 0.3646327015625 0.5405859375000001 0.3618424171875 0.5245019531249999 0.36091824687499996 0.50306640625 0.36091824687499996 0.48239257812499997 0.3618424171875 0.467841796875 0.36370260625 0.464775390625 0.3641646921875
2 0.47013671874999996 0.5471800953125 0.47013671874999996 0.5481101890625 0.47320312500000006 0.5499644546875 0.478564453125 0.5504324640625 0.5183789062499999 0.5490343609375 0.54517578125 0.5490343609375 0.547470703125 0.5495023703124999 0.551298828125 0.5527547390625001 0.553603515625 0.553216825 0.555126953125 0.553216825 0.5581933593749999 0.551362559375 0.5574316406250001 0.5490343609375 0.55283203125 0.5467120859375 0.5520703124999999 0.5453199046874999 0.549765625 0.5448578203125 0.517607421875 0.5443898109374999 0.48698242187499996 0.5457879140624999 0.47320312500000006 0.5453199046874999 0.47013671874999996 0.5471800953125
2 0.47320312500000006 0.506765403125 0.47013671874999996 0.5086255921875 0.47013671874999996 0.5095556875 0.47320312500000006 0.511409953125 0.5091894531250001 0.5109478671875001 0.553603515625 0.5118779625000001 0.5635546875 0.5100177718750001 0.566611328125 0.5081635078125 0.566611328125 0.5072334125 0.5635546875 0.5053732234375 0.561259765625 0.5053732234375 0.55283203125 0.5072334125 0.5099511718749999 0.5063033171875 0.47320312500000006 0.506765403125
1 0.558955078125 0.47796800937499995 0.554365234375 0.48075829375 0.529091796875 0.48772511874999996 0.527568359375 0.49004739375 0.530625 0.491901659375 0.5321582031250001 0.491901659375 0.558955078125 0.48447274843750004 0.566611328125 0.4793601890625 0.566611328125 0.47796800937499995 0.5635546875 0.47611374375000004 0.562021484375 0.47611374375000004 0.5604882812499999 0.47703791406249996 0.5597265625000001 0.4765758296875 0.558955078125 0.47796800937499995
1 0.5482421875 0.4696090046875 0.5574316406250001 0.4747156390625 0.561259765625 0.47518364999999996 0.56431640625 0.473323459375 0.562783203125 0.4714632703125 0.5635546875 0.47100118437500005 0.555126953125 0.467748815625 0.5520703124999999 0.46542654062500005 0.550537109375 0.46542654062500005 0.53751953125 0.4603199046875 0.531396484375 0.45892180156249995 0.528330078125 0.46078199062499997 0.52986328125 0.463104265625 0.5482421875 0.4696090046875
0 0.565302734375 0.48408767812500003 0.5691601562499999 0.48298578125 0.5705859375 0.48205568750000005 0.5720898437499999 0.480071090625 0.571630859375 0.47777843593749997 0.5731738281250001 0.4766350703125 0.57443359375 0.4740699046875 0.573369140625 0.4726421796875 0.5698925781249999 0.47111966875 0.563818359375 0.470017771875 0.559091796875 0.47035545 0.556103515625 0.47138033124999995 0.5541406249999999 0.47288507031250004 0.5544140625 0.47499407656250003 0.5532421875 0.477701421875 0.554296875 0.481001184375 0.558955078125 0.4834063984375 0.565302734375 0.48408767812500003
2 0.475498046875 0.47286137500000003 0.475498046875 0.47378554531250006 0.478564453125 0.475645734375 0.49310546874999994 0.475645734375 0.5 0.4747156390625 0.5329296875 0.4747156390625 0.5520703124999999 0.475645734375 0.5581933593749999 0.47611374375000004 0.565087890625 0.47889810468749994 0.566611328125 0.47889810468749994 0.569677734375 0.47703791406249996 0.56814453125 0.47518364999999996 0.5689160156249999 0.4747156390625 0.5673828125 0.4747156390625 0.5597265625000001 0.4714632703125 0.53369140625 0.470071090625 0.49923828124999997 0.470071090625 0.49234375 0.47100118437500005 0.478564453125 0.47100118437500005 0.475498046875 0.47286137500000003
1 0.542109375 0.45103080625 0.5352246093749999 0.4640343609375 0.5352246093749999 0.46542654062500005 0.53828125 0.4672867296875 0.539814453125 0.4672867296875 0.5436425781249999 0.46449644531249995 0.549765625 0.451492890625 0.554365234375 0.44638033125 0.5558984375 0.44081161093750004 0.55283203125 0.43895142187499997 0.551298828125 0.43895142187499997 0.5482421875 0.44081161093750004 0.546708984375 0.445918246875 0.542109375 0.45103080625
1 0.53369140625 0.4268720375 0.53828125 0.4324466828125 0.5413476562499999 0.43383886250000003 0.542109375 0.43523696718749993 0.5444140625 0.4356990515625 0.546708984375 0.4375592421875 0.550537109375 0.4380213265625 0.553603515625 0.4361670609375 0.5520703124999999 0.43430687187499994 0.55283203125 0.43383886250000003 0.550537109375 0.43337677656249995 0.54517578125 0.43012440781250005 0.5413476562499999 0.42547985781250003 0.529091796875 0.41712085312499997 0.5245019531249999 0.4157286734375 0.521435546875 0.4175829390625 0.521435546875 0.41897511875 0.53369140625 0.4268720375
0 0.552978515625 0.44614336562499995 0.55806640625 0.445 0.56078125 0.4423992890625 0.5609472656250001 0.44020734531250005 0.56271484375 0.439354265625 0.566357421875 0.4388092421875 0.56787109375 0.4377606640625 0.568251953125 0.43643365 0.56681640625 0.4344312796875 0.56392578125 0.4332049765625 0.5530664062499999 0.4317476296875 0.55068359375 0.4322215640625 0.547509765625 0.43206753593749997 0.54533203125 0.43284952656250003 0.543203125 0.43501184843749996 0.544296875 0.437659953125 0.54416015625 0.43934834062499994 0.54537109375 0.4415462078125 0.5499902343749999 0.44540284375 0.552978515625 0.44614336562499995
2 0.475498046875 0.43709123281249995 0.475498046875 0.4380213265625 0.478564453125 0.4398815171875 0.48391601562500003 0.4398815171875 0.513779296875 0.4375592421875 0.5459375 0.43709123281249995 0.554365234375 0.44081161093750004 0.5558984375 0.44081161093750004 0.558955078125 0.43895142187499997 0.5574316406250001 0.43709123281249995 0.5581933593749999 0.436629146875 0.55666015625 0.436629146875 0.549765625 0.4329146921875 0.5436425781249999 0.4324466828125 0.513779296875 0.4329146921875 0.478564453125 0.43523696718749993 0.475498046875 0.43709123281249995
1 0.555126953125 0.40039691875 0.5581933593749999 0.402257109375 0.561259765625 0.40178909999999995 0.56431640625 0.4036492890625 0.5658496093750001 0.40550947812500004 0.56431640625 0.41526066406249995 0.5673828125 0.41712085312499997 0.5689160156249999 0.41712085312499997 0.57197265625 0.41526066406249995 0.572744140625 0.41340639843749993 0.573505859375 0.404579384375 0.56814453125 0.3990047390625 0.5635546875 0.39714455000000004 0.561259765625 0.39714455000000004 0.5581933593749999 0.397612559375 0.555126953125 0.399466825 0.555126953125 0.40039691875
1 0.5245019531249999 0.390177725 0.528330078125 0.3920379140625 0.529091796875 0.3934300953125 0.5405859375000001 0.399466825 0.547470703125 0.4013270140625 0.555126953125 0.40178909999999995 0.5581933593749999 0.399934834375 0.5581933593749999 0.3990047390625 0.555126953125 0.39714455000000004 0.5482421875 0.3966824640625 0.542109375 0.39436018906250003 0.531396484375 0.38785545 0.5267968749999999 0.380888625 0.52296875 0.37995853125 0.519912109375 0.38181872031249997 0.519912109375 0.3832109 0.5245019531249999 0.390177725
2 0.47090820312500004 0.402257109375 0.47396484375 0.404111375 0.480859375 0.404111375 0.503828125 0.40271919375 0.561259765625 0.40271919375 0.56431640625 0.40086492968750004 0.56431640625 0.399934834375 0.561259765625 0.39807464531250003 0.503828125 0.39807464531250003 0.47396484375 0.399466825 0.47090820312500004 0.4013270140625 0.47090820312500004 0.402257109375
1 0.549765625 0.3934300953125 0.550537109375 0.3966824640625 0.553603515625 0.3985426546875 0.555126953125 0.3985426546875 0.5581933593749999 0.3966824640625 0.5581933593749999 0.375781990625 0.5558984375 0.3664869671875 0.55283203125 0.3646327015625 0.551298828125 0.3646327015625 0.5482421875 0.3664869671875 0.550537109375 0.37624407656250003 0.549765625 0.3934300953125
1 0.517607421875 0.3530213265625 0.53828125 0.3650947875 0.546708984375 0.3669549765625 0.549765625 0.3650947875 0.5482421875 0.3627725125 0.5428808593750001 0.36138033125 0.53828125 0.35905805625 0.525263671875 0.3511611375 0.5183789062499999 0.3451244078125 0.517607421875 0.3455864921875 0.51455078125 0.3446563984375 0.511484375 0.3465165875 0.511484375 0.34790876718749997 0.517607421875 0.3530213265625
0 0.54220703125 0.368234596875 0.5455859375000001 0.370829384375 0.549931640625 0.37210308125 0.5582421875 0.37093601875000004 0.560302734375 0.36904620781249997 0.563505859375 0.36744075781249996 0.5643359375 0.3661255921875 0.5631738281249999 0.3639573453125 0.560400390625 0.362138625 0.55578125 0.361137440625 0.5507128906250001 0.360781990625 0.547236328125 0.3615284359375 0.5450976562500001 0.361232228125 0.542236328125 0.36156398125 0.5460742187500001 0.3651244078125 0.53990234375 0.362476303125 0.538095703125 0.36457345937499996 0.539814453125 0.36754146875 0.54220703125 0.368234596875