2 0.46197265625000006 0.3842710625 0.463291015625 0.384520146875 0.47883789062500004 0.3862564109375 0.5016503906249999 0.38972893750000004 0.502646484375 0.38972893750000004 0.5039648437500001 0.3887326 0.5039648437500001 0.38824175781250003 0.502646484375 0.387245421875 0.501318359375 0.3869963375 0.477177734375 0.383523809375 0.46197265625000006 0.38178754531250003 0.46064453125 0.3827838828125 0.46064453125 0.38327472500000004 0.46197265625000006 0.3842710625
1 0.507939453125 0.5393186812499999 0.5062792968750001 0.5442783875 0.5062792968750001 0.545025640625 0.507607421875 0.5460146515625001 0.508271484375 0.5460146515625001 0.5099218750000001 0.5442783875 0.512900390625 0.5313772890624999 0.51388671875 0.5197216124999999 0.512568359375 0.518725275 0.5119042968749999 0.518725275 0.5105859374999999 0.5197216124999999 0.5095898437499999 0.5311282046875 0.507939453125 0.5393186812499999
1 0.47883789062500004 0.3177875453125 0.48181640625 0.3237362640625 0.49041015625 0.334161171875 0.49041015625 0.3346520140625 0.497685546875 0.341846153125 0.497685546875 0.342344321875 0.49801757812499997 0.34209523750000004 0.4993359375 0.34259340625 0.5006640625000001 0.3416043953125 0.5003320312499999 0.340358975 0.493056640625 0.3331648359375 0.493056640625 0.3326739921875 0.48578124999999994 0.32423443281250003 0.48213867187500004 0.3172893765625 0.4808203125 0.3115824171875 0.47950195312500005 0.31059340625 0.47883789062500004 0.31059340625 0.47750976562499997 0.3115824171875 0.47750976562499997 0.31257875468749996 0.47883789062500004 0.3177875453125
1 0.507939453125 0.33986813125 0.502314453125 0.342842490625 0.5016503906249999 0.342842490625 0.501982421875 0.343091575 0.501318359375 0.3440805859375 0.502646484375 0.3450769234375 0.504296875 0.34482783906250003 0.506943359375 0.343091575 0.51025390625 0.3413553109375 0.510908203125 0.3413553109375 0.5148828125 0.3381245421875 0.5191796875 0.33068864531250003 0.5191796875 0.3301904765625 0.517861328125 0.3291941390625 0.517197265625 0.3291941390625 0.5162011718749999 0.3296923078125 0.512236328125 0.3366373625 0.507939453125 0.33986813125
1 0.502978515625 0.30910622656250003 0.517529296875 0.31257875468749996 0.53306640625 0.3180366296875 0.53373046875 0.3180366296875 0.535048828125 0.31704029375 0.53439453125 0.3158021984375 0.520498046875 0.31084249062499997 0.5105859374999999 0.308109890625 0.502314453125 0.3063736265625 0.50099609375 0.3073699640625 0.50099609375 0.30786080625 0.502978515625 0.30910622656250003
1 0.497685546875 0.5174871796875 0.507275390625 0.519472528125 0.508271484375 0.519472528125 0.5095898437499999 0.518476190625 0.5095898437499999 0.5179853484375 0.508271484375 0.5169890109375 0.5006640625000001 0.515750915625 0.47750976562499997 0.5083076921874999 0.47652343750000004 0.5083076921874999 0.4751953125 0.5093040296875 0.47619140625 0.510791209375 0.497685546875 0.5174871796875
1 0.51322265625 0.47804395624999996 0.520498046875 0.48573626406250003 0.520498046875 0.48622710625 0.527451171875 0.492930403125 0.527451171875 0.49342124531250003 0.531083984375 0.4968937734375 0.5370410156250001 0.5048351640625001 0.5380273437499999 0.5053333328125 0.54365234375 0.51104029375 0.543984375 0.510791209375 0.545302734375 0.5112820515625 0.546630859375 0.5102930406249999 0.5462988281250001 0.5090549453125 0.540009765625 0.5035970703125 0.53373046875 0.49540659375 0.53306640625 0.49515750937499997 0.5300878906250001 0.491934065625 0.5300878906250001 0.491435896875 0.52314453125 0.4847399265625 0.52314453125 0.48424175781249995 0.522490234375 0.484 0.51818359375 0.47878388281250006 0.512568359375 0.47382417656250003 0.51025390625 0.47109890156249995 0.5099218750000001 0.4713479859375 0.50859375 0.4708498171875 0.507275390625 0.471838828125 0.507607421875 0.47308424843749997 0.51322265625 0.47804395624999996
2 0.46891601562499996 0.5933992671875 0.472880859375 0.5936483515625001 0.5006640625000001 0.5936483515625001 0.5162011718749999 0.5941465203125 0.517529296875 0.5931501828125 0.517529296875 0.5926520140625 0.5162011718749999 0.5916630031250001 0.5006640625000001 0.5911648359375 0.48015625 0.59141391875 0.46891601562499996 0.5909157515625 0.46758789062500006 0.5919120875 0.46758789062500006 0.5924029296875 0.46891601562499996 0.5933992671875
1 0.49966796875 0.6199413921875 0.5003320312499999 0.6345787546875 0.5006640625000001 0.6370622703125 0.501982421875 0.6380512828125 0.502646484375 0.6380512828125 0.5039648437500001 0.6370622703125 0.502978515625 0.6261465203125 0.502978515625 0.6201904765624999 0.5039648437500001 0.609274725 0.5062792968750001 0.59513553125 0.5062792968750001 0.5938974359375 0.5049609375 0.5929010984375 0.504296875 0.5929010984375 0.502978515625 0.5938974359375 0.502646484375 0.595384615625 0.49966796875 0.6199413921875
1 0.45767578125 0.5561904765625 0.45899414062500005 0.5571794875 0.45965820312499994 0.5571794875 0.46891601562499996 0.55295970625 0.483798828125 0.5507326 0.48776367187499997 0.550974359375 0.49404296875 0.5524688640625001 0.498681640625 0.5551941390625 0.49966796875 0.5551941390625 0.50099609375 0.554205128125 0.5003320312499999 0.5532087906250001 0.5006640625000001 0.55295970625 0.495703125 0.5502344328125 0.48974609375 0.548747253125 0.483466796875 0.548249084375 0.46758789062500006 0.5507326 0.45833007812500004 0.5549450546875 0.45767578125 0.5561904765625
1 0.5277734374999999 0.5641245421875001 0.52876953125 0.5641245421875001 0.5300878906250001 0.56313553125 0.5291015625 0.5616483515625 0.5049609375 0.554205128125 0.5039648437500001 0.554205128125 0.502646484375 0.5551941390625 0.5036328125 0.55668131875 0.5277734374999999 0.5641245421875001
2 0.45536132812499996 0.5546959703125001 0.4566796875 0.5556923078125 0.47784179687500006 0.5549450546875 0.502978515625 0.5559413921874999 0.512236328125 0.5559413921874999 0.5135546875 0.5549450546875 0.5135546875 0.5544542125 0.512236328125 0.553457875 0.4907421875 0.5532087906250001 0.47189453124999997 0.5524688640625001 0.4566796875 0.5532087906250001 0.45536132812499996 0.554205128125 0.45536132812499996 0.5546959703125001
0 0.506572265625 0.5597875453125 0.51228515625 0.5586227109374999 0.5151171875 0.5572380953125 0.516376953125 0.5561758234374999 0.516796875 0.5545128203125 0.5151953125000001 0.5522417578125001 0.5121386718750001 0.55095970625 0.50962890625 0.5508058609375001 0.5059179687500001 0.549567765625 0.5009375 0.549296703125 0.4958984375 0.550205128125 0.49373046875000004 0.5514358968749999 0.492919921875 0.5535531140625001 0.49430664062499996 0.5558827843749999 0.49609375 0.557567765625 0.498779296875 0.557978021875 0.50216796875 0.5595531140625 0.506572265625 0.5597875453125
2 0.46263671874999995 0.5177362640625 0.463955078125 0.518725275 0.49503906249999996 0.518476190625 0.51322265625 0.5202197796875 0.5148828125 0.5202197796875 0.5162011718749999 0.51922344375 0.5162011718749999 0.518725275 0.5148828125 0.5177362640625 0.49503906249999996 0.516 0.472880859375 0.516 0.463955078125 0.516249084375 0.46263671874999995 0.5172380953125 0.46263671874999995 0.5177362640625
2 0.46924804687500005 0.4706007328125 0.46924804687500005 0.47109890156249995 0.47056640625 0.4720879125 0.4751953125 0.472336996875 0.502646484375 0.47283516406250004 0.511572265625 0.471838828125 0.512900390625 0.4708498171875 0.512900390625 0.4703516484375 0.511572265625 0.4693626375 0.5099218750000001 0.4693626375 0.502314453125 0.4703516484375 0.47056640625 0.46961172187500005 0.46924804687500005 0.4706007328125
1 0.4894140625 0.2743736265625 0.493720703125 0.2780952375 0.49404296875 0.27883516406250003 0.5039648437500001 0.284293040625 0.517197265625 0.2937216125 0.51884765625 0.2942197796875 0.5201757812500001 0.29322344375 0.5198437499999999 0.2922344328125 0.51521484375 0.28876190468749996 0.507939453125 0.28404395625 0.505625 0.282065934375 0.49735351562499996 0.2775970703125 0.49041015625 0.271890109375 0.490078125 0.2711501828125 0.488427734375 0.2709010984375 0.48709960937499996 0.271890109375 0.487431640625 0.27313553125 0.4894140625 0.2743736265625
1 0.46858398437500004 0.2604835171875 0.472548828125 0.26618315 0.47784179687500006 0.2704029296875 0.47916992187499996 0.2706520140625 0.48048828125 0.269655678125 0.48048828125 0.26891575156249997 0.4751953125 0.2646959703125 0.4666015625 0.2535311359375 0.464951171875 0.25304029375 0.463623046875 0.2540293046875 0.463623046875 0.254527471875 0.46858398437500004 0.2604835171875
0 0.49459960937499997 0.596065934375 0.498291015625 0.59695238125 0.5039941406249999 0.599384615625 0.506240234375 0.5991282046874999 0.5084570312500001 0.59786080625 0.51142578125 0.5938241765625001 0.51078125 0.5912161171875 0.509755859375 0.590073259375 0.507177734375 0.58886446875 0.502119140625 0.58841025625 0.496318359375 0.5897289375 0.494580078125 0.590571428125 0.49302734375 0.59254945 0.4933203125 0.5946227109375 0.49459960937499997 0.596065934375
0 0.50947265625 0.5241245421875 0.512900390625 0.524659340625 0.51484375 0.524293040625 0.5169140624999999 0.5230842484375 0.5191015625000001 0.5200366296875 0.519296875 0.517794871875 0.51814453125 0.515619046875 0.514599609375 0.51386813125 0.5059277343749999 0.5126520140624999 0.5039453125 0.513435896875 0.501962890625 0.5153479859375001 0.5010351562500001 0.518021978125 0.50220703125 0.5204249078125 0.505419921875 0.5225567765625 0.50947265625 0.5241245421875
0 0.515595703125 0.47255677656249995 0.515673828125 0.4705567765625 0.514697265625 0.46832967031250006 0.512548828125 0.46685714218749996 0.5100390625 0.4664688640625 0.507763671875 0.46694505468749997 0.503251953125 0.46604395624999995 0.500615234375 0.46675457812500004 0.49854492187500005 0.468476190625 0.49800781250000004 0.4703516484375 0.498623046875 0.47230036562500005 0.50134765625 0.47501098906249994 0.51017578125 0.476432234375 0.5143164062500001 0.47451282031249997 0.515595703125 0.47255677656249995
0 0.497978515625 0.4319487171875 0.5025976562500001 0.4346373625 0.5115332031250001 0.4338095234375 0.513701171875 0.432388278125 0.514541015625 0.43085714218750004 0.514501953125 0.4287179484375 0.513564453125 0.42697435937500006 0.509970703125 0.4248351640625 0.495986328125 0.423706959375 0.49283203125 0.42437362656250005 0.491298828125 0.425846153125 0.490771484375 0.4283516484375 0.49234375 0.43043956093749997 0.49488281250000005 0.4316337 0.497978515625 0.4319487171875
0 0.490986328125 0.3884542125 0.48984375 0.386380953125 0.49091796875 0.39000732656250003 0.49484374999999997 0.39186080625 0.49725585937499994 0.3937655671875 0.5015332031249999 0.39368498125 0.506640625 0.390021978125 0.506943359375 0.387479853125 0.5050683593749999 0.384608059375 0.5032324218750001 0.3835604390625 0.5006445312500001 0.3833699640625 0.49812500000000004 0.381794871875 0.49513671875 0.3815970703125 0.49292968750000005 0.3820952375 0.49124999999999996 0.38331868125 0.4903515625 0.3856263734375 0.490791015625 0.3848131875 0.49765625 0.3864029296875 0.496513671875 0.3884542125 0.49375 0.3893113546875 0.490986328125 0.3884542125
1 0.4864453125 0.471838828125 0.492724609375 0.47283516406250004 0.5039648437500001 0.47283516406250004 0.50529296875 0.471838828125 0.50529296875 0.4713479859375 0.5039648437500001 0.4703516484375 0.492724609375 0.4703516484375 0.48677734375000004 0.4693626375 0.477177734375 0.466380953125 0.47585937500000003 0.4673772890625 0.47652343750000004 0.46861538437499994 0.4864453125 0.471838828125
1 0.492060546875 0.4118095234375 0.498681640625 0.4217289375 0.5049609375 0.42892307656249995 0.506611328125 0.4294212453125 0.507939453125 0.4284249078125 0.507939453125 0.42793406562499997 0.50099609375 0.4199926734375 0.49470703125000004 0.41031501875 0.48709960937499996 0.3951868125 0.48511718750000005 0.39022710625 0.483466796875 0.3887326 0.482802734375 0.3887326 0.48148437499999996 0.38972893750000004 0.48148437499999996 0.3904688640625 0.492060546875 0.4118095234375
1 0.51884765625 0.4264468859375 0.511240234375 0.42793406562499997 0.507607421875 0.42818315 0.5062792968750001 0.4291721609375 0.5062792968750001 0.4296703296875 0.507607421875 0.430659340625 0.515869140625 0.4296703296875 0.5340625 0.424703296875 0.54728515625 0.4202417578125 0.5674609375 0.4142857140625 0.568125 0.41304761875 0.566796875 0.41205860781250003 0.565810546875 0.41205860781250003 0.5459667968749999 0.41800732656250006 0.5360449218750001 0.42147985312499997 0.51884765625 0.4264468859375
1 0.5016503906249999 0.287523809375 0.49801757812499997 0.295706959375 0.49603515624999994 0.30240292968750004 0.49603515624999994 0.3031501828125 0.49735351562499996 0.30413919375 0.49801757812499997 0.30413919375 0.49966796875 0.30240292968750004 0.501318359375 0.29595604375 0.50529296875 0.28702564062499997 0.50892578125 0.276608059375 0.5119042968749999 0.2651941390625 0.5119042968749999 0.2644468859375 0.5105859374999999 0.263457875 0.5099218750000001 0.263457875 0.50859375 0.2644468859375 0.5049609375 0.278344321875 0.5016503906249999 0.287523809375
1 0.45999023437500003 0.36913553125 0.46097656249999996 0.36938461562499997 0.47189453124999997 0.3760805859375 0.47486328125000005 0.37831501875 0.48611328125000003 0.384520146875 0.488427734375 0.3862564109375 0.49437499999999995 0.3887326 0.49503906249999996 0.3887326 0.49636718750000003 0.3877435890625 0.495703125 0.38650549375 0.48875976562499995 0.38327472500000004 0.46560546875000003 0.36938461562499997 0.46263671874999995 0.3671501828125 0.46097656249999996 0.366908425 0.45965820312499994 0.3678974359375 0.460322265625 0.368886446875 0.45999023437500003 0.36913553125
0 0.49494140625 0.3498095234375 0.49697265625 0.34931868125 0.498603515625 0.350117215625 0.501630859375 0.350358975 0.50345703125 0.3500146515625 0.50611328125 0.34795604375 0.5094531250000001 0.346930403125 0.510908203125 0.3442637359375 0.5096777343750001 0.3407399265625 0.50751953125 0.33879120937499996 0.50150390625 0.33708424843749996 0.497431640625 0.3380073265625 0.493037109375 0.3410769234375 0.48875976562499995 0.3411282046875 0.48640625000000004 0.34364102500000004 0.485986328125 0.34524542187499996 0.486572265625 0.3469377296875 0.49019531250000004 0.349384615625 0.49494140625 0.3498095234375
0 0.489501953125 0.3092893765625 0.492255859375 0.3099194140625 0.49515624999999996 0.3097802203125 0.498486328125 0.3122564109375 0.50322265625 0.3130549453125 0.506728515625 0.312615384375 0.5090625 0.3110329671875 0.5105664062499999 0.3085347984375 0.51021484375 0.30606593437499996 0.5088769531249999 0.3037802203125 0.505498046875 0.301340659375 0.49777343749999997 0.2991794875 0.49470703125000004 0.2997216125 0.492314453125 0.3016923078125 0.489599609375 0.302615384375 0.48734374999999996 0.3047838828125 0.487646484375 0.307523809375 0.489501953125 0.3092893765625
0 0.49088867187499996 0.2762197796875 0.49344726562499996 0.2748717953125 0.494365234375 0.273296703125 0.49404296875 0.271391940625 0.49268554687500005 0.269846153125 0.48958007812500004 0.26720879062499997 0.485986328125 0.26583882812500004 0.47808593750000006 0.2663663 0.47637695312500006 0.26695970625 0.4744140625 0.2691062265625 0.4751953125 0.2719706953125 0.47630859374999995 0.2735824171875 0.47906250000000006 0.27543589687500003 0.485107421875 0.276754578125 0.49088867187499996 0.2762197796875
3 0.47552734374999994 0.302153846875 0.47585937500000003 0.327706959375 0.47552734374999994 0.40783882812499994 0.48181640625 0.44753113593749994 0.48048828125 0.5083076921874999 0.48048828125 0.545274725 0.482802734375 0.57504029375 0.48478515624999996 0.6328424906250001 0.48578124999999994 0.63358974375 0.48709960937499996 0.633838828125 0.48875976562499995 0.6328424906250001 0.48875976562499995 0.627882784375 0.48677734375000004 0.5747912093750001 0.48445312500000004 0.545025640625 0.48445312500000004 0.5083076921874999 0.48578124999999994 0.44753113593749994 0.47950195312500005 0.40783882812499994 0.47950195312500005 0.302153846875 0.47750976562499997 0.24832234375 0.47652343750000004 0.2475824171875 0.4751953125 0.24733333281249997 0.473544921875 0.24832234375 0.473544921875 0.2535311359375 0.47552734374999994 0.302153846875
1 0.493720703125 0.4003956046875 0.483798828125 0.4142857140625 0.48015625 0.41726739999999996 0.48015625 0.4177582421875 0.48148437499999996 0.418754578125 0.483134765625 0.4182564109375 0.48677734375000004 0.4152820515625 0.496689453125 0.40138461562499994 0.49966796875 0.3951868125 0.5006640625000001 0.39022710625 0.5006640625000001 0.38923076874999996 0.4993359375 0.38824175781250003 0.498681640625 0.38824175781250003 0.49735351562499996 0.38923076874999996 0.496689453125 0.393699634375 0.493720703125 0.4003956046875
2 0.45833007812500004 0.27313553125 0.45965820312499994 0.2741245421875 0.460322265625 0.2741245421875 0.463291015625 0.27288644687499997 0.472548828125 0.271890109375 0.488427734375 0.2738754578125 0.48974609375 0.2738754578125 0.49107421875 0.27288644687499997 0.49107421875 0.272388278125 0.48974609375 0.27139926718749996 0.488427734375 0.2711501828125 0.47222656250000006 0.26941391875 0.462958984375 0.2704029296875 0.45899414062500005 0.271890109375 0.45833007812500004 0.27313553125
2 0.45271484375000004 0.3073699640625 0.454033203125 0.308358975 0.45568359375 0.308358975 0.46991210937499994 0.30687179531250003 0.48776367187499997 0.30687179531250003 0.504296875 0.308608059375 0.50595703125 0.308608059375 0.507275390625 0.30761172187499997 0.507275390625 0.3071208796875 0.50595703125 0.30612454218749996 0.48809570312500006 0.30438827812499997 0.46991210937499994 0.30438827812499997 0.454033203125 0.3058754578125 0.45271484375000004 0.30687179531250003 0.45271484375000004 0.3073699640625
2 0.45634765625 0.3413553109375 0.455029296875 0.342344321875 0.455029296875 0.342842490625 0.45634765625 0.34383150156250003 0.45899414062500005 0.3440805859375 0.49503906249999996 0.34631501875000004 0.506611328125 0.342842490625 0.507275390625 0.3416043953125 0.50595703125 0.340608059375 0.5049609375 0.340608059375 0.49437499999999995 0.34383150156250003 0.45866210937499996 0.3413553109375 0.45634765625 0.3413553109375
2 0.45999023437500003 0.42793406562499997 0.49041015625 0.4286739921875 0.5092578125 0.430908425 0.5105859374999999 0.430908425 0.5119042968749999 0.42991941406249995 0.5119042968749999 0.4294212453125 0.5105859374999999 0.4284249078125 0.49041015625 0.4261978015625 0.45999023437500003 0.42545055 0.45866210937499996 0.4264468859375 0.45866210937499996 0.4269377296875 0.45999023437500003 0.42793406562499997