1 0.571982421875 0.5321853140624999 0.57509765625 0.5340442890625 0.5906640624999999 0.5335780890625 0.60544921875 0.5345104890625 0.612451171875 0.5345104890625 0.6155664062499999 0.532651515625 0.6155664062499999 0.5317249421875 0.612451171875 0.5298659671875 0.580546875 0.5289335671875001 0.57509765625 0.5293997671875 0.571982421875 0.531258740625 0.571982421875 0.5321853140624999
2 0.4809375 0.6436421906249999 0.5712109375 0.6436421906249999 0.582880859375 0.6450349656250001 0.5859960937500001 0.643175990625 0.5859960937500001 0.6422435890625 0.582880859375 0.6403904421875 0.571982421875 0.63899766875 0.4809375 0.63899766875 0.47782226562499996 0.640850815625 0.47782226562499996 0.6417832171875 0.4809375 0.6436421906249999
0 0.57181640625 0.6470979015625 0.576201171875 0.6477039625 0.5829394531250001 0.6477331000000001 0.584970703125 0.6471853140625 0.587109375 0.6458158515625 0.5878320312499999 0.6427797203125001 0.5891699218750001 0.6413053609375 0.5887792968750001 0.6399650343750001 0.58720703125 0.6389801859375 0.5787109375 0.637610721875 0.571767578125 0.6377272734375 0.5676953124999999 0.639178321875 0.566552734375 0.6401282046875 0.5651269531249999 0.6420104890625 0.56580078125 0.6443939390625 0.569853515625 0.6457750578125 0.57181640625 0.6470979015625
1 0.540078125 0.607884615625 0.5735449218750001 0.607884615625 0.576650390625 0.606025640625 0.576650390625 0.605093240625 0.5735449218750001 0.60324009375 0.540078125 0.60324009375 0.536962890625 0.605093240625 0.536962890625 0.606025640625 0.540078125 0.607884615625
1 0.531513671875 0.6376048953125 0.5688671875 0.6436421906249999 0.5712109375 0.6436421906249999 0.57431640625 0.6417832171875 0.57431640625 0.640850815625 0.5712109375 0.63899766875 0.55564453125 0.6371386953125 0.531513671875 0.6329603734375 0.5284082031249999 0.6348135203124999 0.5284082031249999 0.6357459203125 0.531513671875 0.6376048953125
3 0.522177734375 0.42212703906250004 0.522958984375 0.4657808859375 0.522177734375 0.506182984375 0.518291015625 0.5349708625 0.5213964843750001 0.548904428125 0.520625 0.570268065625 0.522177734375 0.5749125875 0.522958984375 0.5962703968749999 0.52529296875 0.6153146859375 0.52529296875 0.671503496875 0.527626953125 0.6728962703125 0.5307421875 0.6733624703125 0.53462890625 0.671503496875 0.53462890625 0.6148484843750001 0.5322949218749999 0.5962703968749999 0.531513671875 0.5744463875 0.5299609375000001 0.5698018640625 0.5307421875 0.548438228125 0.5284082031249999 0.540081584375 0.527626953125 0.5293997671875 0.531513671875 0.50664335625 0.5322949218749999 0.4397727265625 0.5307421875 0.4086596734375 0.5284082031249999 0.3914801859375 0.5284082031249999 0.3311072265625 0.52607421875 0.3297144515625 0.522958984375 0.32924825156250004 0.5190625 0.3311072265625 0.5190625 0.391940559375 0.522177734375 0.42212703906250004
2 0.457587890625 0.3626864796875 0.46070312500000005 0.3645454546875 0.482490234375 0.36361305312500003 0.531513671875 0.36361305312500003 0.551748046875 0.3645454546875 0.5603125 0.365938228125 0.562646484375 0.365938228125 0.5657617187499999 0.3640792546875 0.5657617187499999 0.36315268125 0.562646484375 0.36129370625 0.551748046875 0.3599009328125 0.5322949218749999 0.35896853125 0.481708984375 0.35896853125 0.46070312500000005 0.3599009328125 0.457587890625 0.36175990625 0.457587890625 0.3626864796875
0 0.5590234374999999 0.37062354375 0.5661328125 0.3703962703125 0.568583984375 0.3683391609375 0.568701171875 0.3667132859375 0.575322265625 0.3660722609375 0.5775488281250001 0.364358975 0.57630859375 0.3619580421875 0.573759765625 0.3606993 0.5685546875 0.3600990671875 0.563017578125 0.35846736562500003 0.5584082031250001 0.3583974359375 0.5528515625 0.35946386874999997 0.551025390625 0.3602272734375 0.55021484375 0.3613636359375 0.549765625 0.36335664375 0.5520898437499999 0.367319346875 0.554072265625 0.368817015625 0.5590234374999999 0.37062354375
1 0.551748046875 0.3552564109375 0.5533105468749999 0.36175990625 0.556416015625 0.36361305312500003 0.557978515625 0.36361305312500003 0.5610937500000001 0.36175990625 0.55953125 0.354790209375 0.55408203125 0.3445745921875 0.5509765625 0.3427156171875 0.5494140625 0.3427156171875 0.5462988281250001 0.3445745921875 0.5462988281250001 0.345967365625 0.551748046875 0.3552564109375
1 0.5533105468749999 0.3821911421875 0.552529296875 0.3914801859375 0.55564453125 0.3933333328125 0.5571972656249999 0.3933333328125 0.5603125 0.3914801859375 0.5610937500000001 0.3826573421875 0.5657617187499999 0.372435896875 0.56498046875 0.3663986015625 0.561865234375 0.3645454546875 0.5603125 0.3645454546875 0.5571972656249999 0.3663986015625 0.557978515625 0.371975525 0.5533105468749999 0.3821911421875
2 0.47548828125 0.39844405625 0.478603515625 0.4003030296875 0.5190625 0.39937062968750003 0.5571972656249999 0.3998368296875 0.56419921875 0.4021561765625 0.5657617187499999 0.4021561765625 0.5688671875 0.4003030296875 0.5673144531250001 0.39797785625 0.5587500000000001 0.39519230781250003 0.518291015625 0.3947261078125 0.478603515625 0.3956585078125 0.47548828125 0.3975174828125 0.47548828125 0.39844405625
1 0.5704296875 0.6487470859375 0.5696484374999999 0.6501398593750001 0.561865234375 0.6543181812500001 0.561865234375 0.6552505828124999 0.5587500000000001 0.6571095578125 0.5587500000000001 0.6617482515625001 0.561865234375 0.6636072265624999 0.563427734375 0.6636072265624999 0.566533203125 0.6617482515625001 0.566533203125 0.65850233125 0.582880859375 0.6482808859375 0.583662109375 0.6436421906249999 0.5797656250000001 0.640850815625 0.5782128906249999 0.640850815625 0.57509765625 0.642709790625 0.57587890625 0.6459615390625 0.5704296875 0.6487470859375
0 0.547216796875 0.3989510484375 0.548388671875 0.400139859375 0.5525488281250001 0.40164918437499997 0.5558496093749999 0.4057284375 0.560595703125 0.40691724999999995 0.564287109375 0.40678904375 0.56611328125 0.406270396875 0.5690625 0.404294871875 0.569677734375 0.402086246875 0.5811425781249999 0.4012529140625 0.5837890625 0.3996911421875 0.583154296875 0.39743589687499997 0.58091796875 0.396328671875 0.573896484375 0.396299534375 0.564931640625 0.39422494218750004 0.560673828125 0.39513403281250004 0.5545703125 0.394236596875 0.552275390625 0.3941375296875 0.550341796875 0.3948018640625 0.547529296875 0.39736014062499997 0.547216796875 0.3989510484375
1 0.5237402343750001 0.3896212125 0.533076171875 0.3933333328125 0.5533105468749999 0.3998368296875 0.5548632812500001 0.3998368296875 0.557978515625 0.39797785625 0.556416015625 0.3956585078125 0.55408203125 0.3947261078125 0.538525390625 0.3900874125 0.5299609375000001 0.3863694640625 0.52529296875 0.385442890625 0.522177734375 0.38729603749999997 0.522177734375 0.38822843749999997 0.5237402343750001 0.3896212125
2 0.479375 0.605559440625 0.48482421875000004 0.606025640625 0.5603125 0.6064860140625 0.5704296875 0.6069522140625 0.576650390625 0.6088111890625 0.5782128906249999 0.6088111890625 0.581318359375 0.6069522140625 0.5797656250000001 0.6046328671875 0.5712109375 0.6023076921875 0.479375 0.60091491875 0.47625976562499994 0.6027738921875 0.47625976562499994 0.603700465625 0.479375 0.605559440625
2 0.47237304687500004 0.43280885781249995 0.47548828125 0.4346678328125 0.499609375 0.43327505781250003 0.54396484375 0.43280885781249995 0.5587500000000001 0.43327505781250003 0.568095703125 0.43559440625 0.5696484374999999 0.43559440625 0.572763671875 0.43373543124999997 0.5712109375 0.431416084375 0.55953125 0.42863053593749995 0.522958984375 0.4281643359375 0.47548828125 0.430023309375 0.47237304687500004 0.431882284375 0.47237304687500004 0.43280885781249995
1 0.5501953125 0.41144522187500004 0.541630859375 0.42955710937499997 0.541630859375 0.4309498828125 0.5447460937499999 0.43280885781249995 0.5462988281250001 0.43280885781249995 0.5494140625 0.4309498828125 0.5571972656249999 0.41330419531249996 0.561865234375 0.4081934734375 0.56419921875 0.3998368296875 0.5610937500000001 0.39797785625 0.55953125 0.39797785625 0.556416015625 0.3998368296875 0.5548632812500001 0.4058741265625 0.5501953125 0.41144522187500004
0 0.569052734375 0.4392191140625 0.573505859375 0.43906177187499995 0.575224609375 0.4385139859375 0.5770605468750001 0.4367482515625 0.5770898437499999 0.4345804203125 0.58060546875 0.43348484843749996 0.581923828125 0.43186480156249996 0.5813867187499999 0.4305419578125 0.579697265625 0.4296212125 0.5759765625 0.42946386875 0.5741308593750001 0.42847902031249996 0.5647265625 0.4265734265625 0.561064453125 0.42667249375000005 0.559404296875 0.42716200468750004 0.557236328125 0.43047785625 0.5584374999999999 0.4333449890625 0.5630566406249999 0.4372144515625 0.566044921875 0.4386013984375 0.569052734375 0.4392191140625
1 0.562646484375 0.429090909375 0.562646484375 0.4309498828125 0.5657617187499999 0.43280885781249995 0.5673144531250001 0.43280885781249995 0.5704296875 0.4309498828125 0.5712109375 0.4258449890625 0.57587890625 0.41377039687500006 0.576650390625 0.4063403265625 0.5735449218750001 0.4044813515625 0.571982421875 0.4044813515625 0.5688671875 0.4063403265625 0.5673144531250001 0.41655594375 0.562646484375 0.429090909375
1 0.5673144531250001 0.4634557109375 0.5704296875 0.4653146859375 0.571982421875 0.4653146859375 0.57509765625 0.4634557109375 0.57509765625 0.43931235468749996 0.5735449218750001 0.43420163125 0.5704296875 0.4323426578125 0.5688671875 0.4323426578125 0.5657617187499999 0.43420163125 0.5673144531250001 0.4397727265625 0.5673144531250001 0.4634557109375
2 0.4708203125 0.46670745937499997 0.47392578125 0.4685664328125 0.47704101562499995 0.4685664328125 0.512060546875 0.4653146859375 0.5462988281250001 0.4653146859375 0.5501953125 0.4657808859375 0.55953125 0.469032634375 0.5610937500000001 0.469032634375 0.56419921875 0.46717365937500005 0.562646484375 0.46484848437500004 0.551748046875 0.4611363640625 0.512060546875 0.46067016250000004 0.47392578125 0.4639219109375 0.4708203125 0.4657808859375 0.4708203125 0.46670745937499997
0 0.563525390625 0.47250582812499997 0.565458984375 0.47084498906250005 0.566025390625 0.46906177187500003 0.5704882812500001 0.46879370624999994 0.5731640625 0.4679953375 0.5791699218749999 0.46800699375 0.583486328125 0.46749999999999997 0.585615234375 0.46655011718750006 0.58623046875 0.46500582812499996 0.584755859375 0.46343240156250004 0.5807519531249999 0.46245920781249994 0.572373046875 0.4615209796875 0.56826171875 0.46155594375 0.56162109375 0.46025058281250003 0.55947265625 0.460530303125 0.5578515625 0.461503496875 0.55212890625 0.46058275000000004 0.547822265625 0.46114801875 0.5458984375 0.4624708625 0.54591796875 0.46400932343749995 0.5485546875 0.466590909375 0.5520605468750001 0.4717832171875 0.555810546875 0.4736305359375 0.558818359375 0.4741899765625 0.563525390625 0.47250582812499997
1 0.5408593749999999 0.4588111890625 0.5486425781250001 0.4643881125 0.5486425781250001 0.4653146859375 0.5494140625 0.46484848437500004 0.552529296875 0.4657808859375 0.55564453125 0.4639219109375 0.5548632812500001 0.4616025640625 0.547080078125 0.45602564062499995 0.540078125 0.448595571875 0.5361914062500001 0.44766899843749997 0.533076171875 0.449527971875 0.53462890625 0.45231352031250005 0.5408593749999999 0.4588111890625
1 0.538525390625 0.4899300703125 0.541630859375 0.4917832171875 0.543193359375 0.4917832171875 0.5462988281250001 0.4899300703125 0.5486425781250001 0.48435314687500003 0.5610937500000001 0.46949300625 0.5610937500000001 0.4685664328125 0.557978515625 0.46670745937499997 0.556416015625 0.46670745937499997 0.55408203125 0.467639859375 0.540078125 0.484819346875 0.538525390625 0.4899300703125
2 0.47548828125 0.4987529140625 0.47548828125 0.4996794875 0.478603515625 0.5015384609375 0.498828125 0.5015384609375 0.5213964843750001 0.5001456875 0.5587500000000001 0.5006060609375 0.568095703125 0.5015384609375 0.5712109375 0.4996794875 0.5712109375 0.4987529140625 0.568095703125 0.49689393906249996 0.55953125 0.495967365625 0.5213964843750001 0.495501165625 0.498828125 0.49689393906249996 0.478603515625 0.49689393906249996 0.47548828125 0.4987529140625
0 0.5660546875 0.5058974359375 0.56908203125 0.50691725 0.572919921875 0.5066899765625 0.574609375 0.506095571875 0.57630859375 0.5039918421875 0.5763281250000001 0.5011888109375 0.57970703125 0.50056526875 0.581181640625 0.4990209796875 0.58080078125 0.4976923078125 0.579248046875 0.49670745937499994 0.5730566406250001 0.49542540781250005 0.570439453125 0.4953379953125 0.56865234375 0.4943123546875 0.565185546875 0.49399184218750003 0.562705078125 0.49321678281250003 0.556005859375 0.49449300625000003 0.55482421875 0.495326340625 0.5543554687500001 0.496649184375 0.5545996093750001 0.49965035 0.55552734375 0.50091491875 0.560400390625 0.5022144515625 0.5660546875 0.5058974359375
1 0.561865234375 0.497360140625 0.56498046875 0.49921328593750003 0.566533203125 0.49921328593750003 0.5696484374999999 0.497360140625 0.5704296875 0.477389278125 0.572763671875 0.4727447546875 0.572763671875 0.47135198125000005 0.5696484374999999 0.46949300625 0.568095703125 0.46949300625 0.56498046875 0.47135198125000005 0.562646484375 0.4769230765625 0.561865234375 0.497360140625
1 0.5712109375 0.50803613125 0.57431640625 0.5159324015625 0.577431640625 0.5205769234375001 0.580546875 0.5228962703125 0.582880859375 0.533117715625 0.5859960937500001 0.5349708625 0.587548828125 0.5349708625 0.5906640624999999 0.533117715625 0.588330078125 0.522435896875 0.586767578125 0.51965035 0.58521484375 0.5191841484374999 0.582880859375 0.5163986015625001 0.577431640625 0.5047902093750001 0.57509765625 0.503857809375 0.572763671875 0.5010722609375 0.571982421875 0.5015384609375 0.5688671875 0.5006060609375 0.5657617187499999 0.502465034375 0.5657617187499999 0.5033974359375 0.5712109375 0.50803613125
2 0.47625976562499994 0.5340442890625 0.47625976562499994 0.5349708625 0.479375 0.5368298375 0.48560546875000005 0.5368298375 0.508173828125 0.5354370625 0.5797656250000001 0.5349708625 0.582880859375 0.533117715625 0.582880859375 0.5321853140624999 0.5797656250000001 0.5303321671875 0.547861328125 0.5303321671875 0.48560546875000005 0.5317249421875 0.479375 0.5321853140624999 0.47625976562499994 0.5340442890625
0 0.56896484375 0.5382517484375 0.573017578125 0.5378088578125 0.576435546875 0.5365967359375 0.5812304687500001 0.5361363640625 0.5846582031249999 0.53446386875 0.585703125 0.53324009375 0.585419921875 0.531882284375 0.583125 0.5293298375 0.579697265625 0.5278962703125 0.57375 0.52661421875 0.570546875 0.5270279718750001 0.5669140625 0.5290384609375 0.565146484375 0.5308682984375 0.5630468750000001 0.5335489515625 0.562998046875 0.53556526875 0.5653515625 0.5373951046875 0.56896484375 0.5382517484375
1 0.5673144531250001 0.5298659671875 0.5688671875 0.5317249421875 0.572763671875 0.532651515625 0.57587890625 0.530792540625 0.57587890625 0.5293997671875 0.56498046875 0.512680653125 0.563427734375 0.51082750625 0.55953125 0.5098951046875 0.556416015625 0.5117540796875 0.556416015625 0.5131468531250001 0.5673144531250001 0.5298659671875
1 0.576650390625 0.607418415625 0.586767578125 0.607884615625 0.60388671875 0.6102039625 0.6070019531249999 0.6102039625 0.6101171875 0.6083449890625 0.6101171875 0.607418415625 0.6070019531249999 0.605559440625 0.587548828125 0.60324009375 0.576650390625 0.6027738921875 0.5735449218750001 0.6046328671875 0.5735449218750001 0.605559440625 0.576650390625 0.607418415625
2 0.467705078125 0.5688752906250001 0.467705078125 0.5698018640625 0.4708203125 0.5716608390625 0.498828125 0.5716608390625 0.5159570312499999 0.570268065625 0.5673144531250001 0.5711946390625 0.57587890625 0.5739801859375 0.577431640625 0.5739801859375 0.580546875 0.5721212125 0.578984375 0.5698018640625 0.5712109375 0.5670163171875 0.5673144531250001 0.5665501171875 0.51517578125 0.56562354375 0.498828125 0.5670163171875 0.4708203125 0.5670163171875 0.467705078125 0.5688752906250001
1 0.56498046875 0.5823426578124999 0.5587500000000001 0.5920920749999999 0.5587500000000001 0.5934848484375 0.561865234375 0.5953438234374999 0.563427734375 0.5953438234374999 0.566533203125 0.5934848484375 0.577431640625 0.5772319343750001 0.578984375 0.5721212125 0.57587890625 0.570268065625 0.57431640625 0.570268065625 0.5712109375 0.5721212125 0.5688671875 0.5781585078125 0.56498046875 0.5823426578124999
1 0.562646484375 0.5688752906250001 0.5704296875 0.5716608390625 0.571982421875 0.5716608390625 0.57509765625 0.5698018640625 0.5735449218750001 0.5674825171875 0.568095703125 0.56562354375 0.547080078125 0.5540151515625 0.5447460937499999 0.5540151515625 0.541630859375 0.5558682984375001 0.5424121093750001 0.5577272734375 0.562646484375 0.5688752906250001
0 0.572099609375 0.5769580421875 0.575322265625 0.5774883453124999 0.5787109375 0.5772144515625001 0.582177734375 0.5746969703125 0.5850195312500001 0.5740093234375 0.586748046875 0.5724825171875 0.58728515625 0.5682692312500001 0.58541015625 0.56655594375 0.5825 0.5653904421875 0.578818359375 0.5652214453125 0.573203125 0.56574009375 0.568701171875 0.567115384375 0.56734375 0.5682459203125 0.5668261718750001 0.5708741265625 0.5677734375 0.5735081578125001 0.569365234375 0.5757226109375 0.572099609375 0.5769580421875
0 0.57482421875 0.61126456875 0.57787109375 0.6109440562499999 0.581201171875 0.6095804203124999 0.58265625 0.6079487171875 0.59037109375 0.606200465625 0.5921289062499999 0.6047494171875 0.591650390625 0.6029836828125 0.589208984375 0.601940559375 0.58033203125 0.602360140625 0.5759375 0.6012762234375 0.5716210937499999 0.6022552453125 0.568857421875 0.603525640625 0.567109375 0.6075291375 0.5683203125 0.60870629375 0.57482421875 0.61126456875