1 0.5816938703125001 0.44459743906250004 0.5785494265625 0.4422512828125 0.55861649375 0.43998792656249996 0.5468643171875 0.4399986453125 0.53166399375 0.44125929218750004 0.5265260609375 0.44236812968750006 0.524644428125 0.4447940109375 0.5277882843749999 0.4471468609375 0.5294558281249999 0.447292753125 0.537129346875 0.4458863 0.5522959828125 0.445135409375 0.578099590625 0.44739293281250003 0.5816036687499999 0.445628446875 0.5816938703125001 0.44459743906250004
0 0.5916265984375 0.6346203671875 0.5932274921875 0.6335326375 0.5934374359375 0.6317565421875 0.592118228125 0.630372859375 0.5819059609375 0.6263761953125 0.5800892734375 0.6244430296875 0.5762608671875 0.6225564859375 0.5696208671874999 0.621503334375 0.5645968515625001 0.6214348249999999 0.5623661953125 0.621988484375 0.5602853 0.6238235140625 0.5584353421875 0.625139059375 0.5584112343750001 0.626911175 0.5601248812499999 0.629273821875 0.5616931671875001 0.630180084375 0.5632958578125 0.63318739375 0.5652682859375 0.63433814375 0.57072454375 0.6345793921875 0.5753649953125 0.6329210703125 0.5816111109375 0.6334877750000001 0.58549691875 0.6347182234375001 0.589655834375 0.634947159375 0.5916265984375 0.6346203671875
1 0.608908084375 0.61293920625 0.605764228125 0.61058635625 0.6040966859375 0.6104404640625 0.595364475 0.614344796875 0.590237371875 0.6154545828125 0.573561625 0.623851696875 0.5710266234375 0.6241426171875 0.5699673468750001 0.6266471921875 0.5731117890624999 0.628993346875 0.5773257484375 0.6288425703125 0.5931112093750001 0.6208937625 0.6034658609375 0.617650825 0.6088178828124999 0.6139702125000001 0.608908084375 0.61293920625
2 0.6017434140625 0.35922565156249997 0.5985995578125001 0.3568728 0.57936509375 0.35622890156250003 0.5328843937500001 0.35061076406249997 0.5254814796875 0.3489241953125 0.5021683578125 0.34688456093750003 0.4937963703125 0.3466715546875 0.49029229374999994 0.348436040625 0.4902020921875 0.34946705 0.4933465328125 0.35181320625 0.5250310578125 0.3540725390625 0.5324345578125 0.355752415625 0.5780809 0.36130430156250004 0.5947689484375001 0.3622448671875 0.5981491359375 0.3620211453125 0.6016532125 0.360256659375 0.6017434140625 0.35922565156249997
2 0.6028100296875001 0.318349896875 0.5996553453125 0.3159960984375 0.5880493 0.3144612515625 0.5724091125 0.311021859375 0.535089659375 0.3061984796875 0.4960124625 0.30226021875 0.4859729296875 0.301901321875 0.4824682671875 0.3036725046875 0.4823786515625 0.3046968171875 0.48552250937499997 0.3070496671875 0.5147063046875 0.3090834703125 0.5504141406249999 0.31324640000000004 0.57112491875 0.3160972578125 0.59504689375 0.3207806625 0.5992049234375 0.32114444375 0.6027204140625 0.31937420781250003 0.6028100296875001 0.318349896875
2 0.5876541578125 0.44356729375 0.5760932140625 0.44151694218750004 0.473837025 0.4310123359375 0.4703323640625 0.432783515625 0.47024274843749997 0.4338078296875 0.47338660312499997 0.43616068124999996 0.48250216406249996 0.43747763749999996 0.5341093796874999 0.441992684375 0.5756427921875 0.44666528593750005 0.5830462921875 0.4483451625 0.587204321875 0.44870894375 0.5907192265625001 0.446945403125 0.590809428125 0.445914396875 0.5876541578125 0.44356729375
2 0.6078205234375 0.404875253125 0.6046652531250001 0.40252815000000003 0.5846421171875 0.4012958015625 0.570670059375 0.39799560624999997 0.5507822265625 0.39521674687499997 0.509992384375 0.391648096875 0.48409857343749996 0.3904215828125 0.4805939125 0.3921927640625 0.48050429687499996 0.393217078125 0.48364815156249996 0.39556992812499997 0.5095419625 0.3967964421875 0.549508859375 0.40029309375000005 0.56939669375 0.403071953125 0.583358509375 0.40636450625 0.6042154171874999 0.4076698 0.607730321875 0.40590626093750004 0.6078205234375 0.404875253125
2 0.5847770421875 0.5340708750000001 0.5741737578125 0.5305527046875 0.4735400125 0.52070949375 0.4700359359375 0.5224739796875 0.469945734375 0.5235049890625 0.473089590625 0.5258578390624999 0.48137137812499997 0.5271018515625 0.5130456609375 0.5293535421875 0.572056378125 0.5355484640625 0.5818253062500001 0.5390003828125 0.5843266203125 0.5392192203125 0.5878312828125 0.5374480390625 0.5879208984375001 0.5364237265625 0.5847770421875 0.5340708750000001
2 0.55187153125 0.6224667640625 0.5411437718750001 0.6204960515625 0.5028552453125 0.617146240625 0.470471665625 0.6132741453125 0.46696759062500004 0.61503863125 0.46687738906250004 0.6160696390625 0.47002124375000004 0.618422490625 0.502405409375 0.622287890625 0.5398601640625 0.6255647578125 0.5663622421875 0.6294417375 0.5771904453125 0.6303890828125 0.580694521875 0.628624596875 0.5807847234375 0.6275935890625 0.5776408671875 0.6252407390625 0.55187153125 0.6224667640625
2 0.5913652546875 0.48745154687500003 0.5755560796875 0.4860684234375 0.5541354187499999 0.4816038546875 0.4925788703125 0.4756989046875 0.4825393390625 0.475340009375 0.47903526249999995 0.4771044953125 0.4789450609375 0.47813550468750005 0.48208891718749997 0.48048835468749995 0.5379100921875 0.484852625 0.560299240625 0.487850321875 0.5751056578125 0.49121676875000003 0.5909148328125 0.4925998921875 0.5944297374999999 0.490836353125 0.5945199390625 0.4898053453125 0.5913652546875 0.48745154687500003
3 0.52771851875 0.5534525640625 0.525243234375 0.600951178125 0.51999661875 0.6513172843749999 0.5223518031250001 0.653081684375 0.525642375 0.6538822765625001 0.529980221875 0.6521907359375 0.53378595625 0.618293978125 0.537702121875 0.554326015625 0.538159884375 0.510806490625 0.5405467093749999 0.48352494999999995 0.5475194296875 0.46131967031250004 0.5490505125 0.44381931406249997 0.548103409375 0.43543875 0.5545891187499999 0.3805127484375 0.5534622 0.37418750312500004 0.5534683828125 0.31662356406250003 0.554279025 0.3073578828125 0.5592348078125 0.2891249953125 0.560292340625 0.26743435625 0.557926328125 0.265669009375 0.5546471687500001 0.26486266875000003 0.550297909375 0.2665599578125 0.5492854781250001 0.28773509218750004 0.5443405218749999 0.30596892656249997 0.5433201640624999 0.36552193593750004 0.544605515625 0.37963929687500003 0.5423990937500001 0.4048588203125 0.5392004671875 0.42221328593749996 0.5375358265625 0.4604462171875 0.530597378125 0.48213504687500003 0.5281209359375 0.5104409000000001 0.52771851875 0.5534525640625
0 0.6063459421874999 0.3175933640625 0.6029314593749999 0.3139688078125 0.5976672875 0.31203085625 0.593649678125 0.3125563546875 0.5911849625000001 0.3120438921875 0.5868375515625 0.31222346875 0.5815255265625 0.31270318124999996 0.579392246875 0.3145133890625 0.57956510625 0.316154321875 0.5815801859375 0.31856357812499997 0.5822036500000001 0.3215391875 0.584523121875 0.3234623703125 0.5907984625 0.324692746875 0.596099403125 0.3235914234375 0.5995770296875 0.3236258328125 0.6033617359375001 0.3222704265625 0.6054713328125 0.3201073484375 0.6063459421874999 0.3175933640625
1 0.5914631734375 0.313727771875 0.5898064578125 0.313582828125 0.5826741484375 0.308803234375 0.5737835078125 0.30491545000000003 0.5650840968749999 0.2989665984375 0.560216184375 0.296989109375 0.5594726140625 0.29588515625 0.5488801578125 0.29236793437499997 0.5453760812499999 0.29413242031250003 0.5468072921875 0.2968548828125 0.554120590625 0.2995657671875 0.5628308296875 0.30551556562500004 0.5756539984375 0.3123446484375 0.5773215406250001 0.3124905390625 0.5844436078124999 0.31726249218749997 0.5885679515625 0.31813602812499997 0.5920720265625 0.3163715421875 0.590595715625 0.31416458281250004 0.5914631734375 0.313727771875
1 0.5682308546875 0.3396982734375 0.5789348984375 0.33233705156250004 0.586269584375 0.3252004984375 0.592410278125 0.3221083375 0.593469553125 0.3196037640625 0.5903251109375 0.3172576078125 0.5886575671875 0.31711171562499996 0.586900409375 0.3179901375 0.586111153125 0.317408384375 0.5851426640625 0.3188752546875 0.579001971875 0.3219674171875 0.572545571875 0.32866810625 0.5645124187499999 0.3341852015625 0.5548670640625 0.33904854375000004 0.553853475 0.34103091874999997 0.5569973296875 0.34338376875 0.561256390625 0.3427174890625 0.5682308546875 0.3396982734375
0 0.5807213234375 0.355193975 0.5794150874999999 0.357029315625 0.580947521875 0.3603408 0.582830396875 0.36151744531249996 0.588567525 0.363038040625 0.5929554375 0.36576283125 0.5969519 0.366476765625 0.5993528625 0.366221340625 0.6041595671875 0.3641593078125 0.60553313125 0.362053265625 0.6044027046875 0.360382525 0.6046124093749999 0.3577361625 0.602762096875 0.3553143359375 0.5970738515625 0.353609128125 0.58935205 0.35494389531250004 0.584728421875 0.354289775 0.5807213234375 0.355193975
1 0.5764121984374999 0.3419656515625 0.5762768968749999 0.34351216406249996 0.5856856031250001 0.3510814203125 0.5925484812499999 0.3589406484375 0.5966163109375 0.3603354359375 0.6001317984375001 0.358565203125 0.600222 0.3575341953125 0.5957143078125 0.3514393671875 0.5832062609374999 0.3410084515625 0.5799271015625 0.3402021125 0.5764121984374999 0.3419656515625
1 0.56482928125 0.3497694328125 0.5465633046875 0.3476586625 0.54234993125 0.34780274375000003 0.5388452703125 0.349573925 0.53875506875 0.35060493125000003 0.5418995093750001 0.35295108750000004 0.5635450890625 0.35484482968750003 0.58570931875 0.360413353125 0.5881998046875 0.3606312421875 0.5917147093749999 0.358867703125 0.5918049109375 0.3578366953125 0.5862042546875 0.3547561984375 0.56482928125 0.3497694328125
0 0.6018614578125 0.40027925781249996 0.5958274593749999 0.40065532812500004 0.5885347140625 0.4015756453125 0.5860470328125 0.403321115625 0.586331071875 0.405437259375 0.5913077453125 0.40916475781250006 0.5961077609375 0.4111700390625 0.5985537625 0.411397528125 0.6071281125 0.40942226249999997 0.6100272484375 0.40796239375 0.6108681421875 0.406457375 0.61018201875 0.40394851249999997 0.6064759984375 0.40116195 0.6018614578125 0.40027925781249996
1 0.6335108 0.3988251578125 0.626017684375 0.39816959375 0.6089243140625 0.4018618703125 0.6013409953125 0.40223731406249996 0.597826090625 0.404000853125 0.5977358890625 0.4050318609375 0.6008911593749999 0.40737896406249996 0.6067612484375 0.40737982656250005 0.6264010328125 0.403390884375 0.6330603781249999 0.4039735015625 0.6365758687499999 0.40220326875 0.636665484375 0.4011789546875 0.6335108 0.3988251578125
1 0.5466004796874999 0.3855210328125 0.54804310625 0.38823775 0.578906746875 0.39975512343749997 0.5933980421875 0.4067234015625 0.5950655859375 0.40686929374999997 0.5985696609375 0.40510480781249997 0.5971378656249999 0.40238903906249995 0.588292909375 0.3979790578125 0.5639984124999999 0.388075309375 0.5501159703125 0.3837508 0.5466004796874999 0.3855210328125
0 0.5942357109375 0.4432930953125 0.59354688125 0.4419375796875 0.5901039234375001 0.43976094374999997 0.5861229578125 0.4392440015625 0.5794994421874999 0.4413697046875 0.5737525953125 0.440833190625 0.5703144203125 0.441719703125 0.568346178125 0.4438884015625 0.568891534375 0.44638495 0.5722443703125 0.44834457031249997 0.578594621875 0.4497164234375 0.5826826203125 0.45150425 0.5856407625 0.45186424531249997 0.5884739828125001 0.45153195625000003 0.5923211375 0.4483403265625 0.5938852546875 0.44567753750000005 0.5942357109375 0.4432930953125
1 0.604283646875 0.41649292187500003 0.6007789859375 0.4182641046875 0.594706525 0.43017939062500005 0.5818736875 0.4425421171875 0.581784071875 0.44356643125 0.584938753125 0.44592022968749995 0.5891869859375001 0.44525300156250003 0.6020089953125 0.4328893265625 0.608970571875 0.420539125 0.6091058734375 0.41899261250000003 0.6059511921875 0.41663881406250003 0.604283646875 0.41649292187500003
1 0.54031676875 0.5628524734375 0.5304119515625 0.560953759375 0.5269078765625 0.562718246875 0.526817675 0.5637492546875 0.529962115625 0.566095409375 0.5357425890624999 0.5671205859375 0.5512474734375 0.5721064890625 0.5658283859375 0.5780504578125 0.5674959296875 0.5781963484375 0.57100000625 0.5764318609375 0.5695579656249999 0.57370845 0.559055709375 0.5691602203125 0.54031676875 0.5628524734375
0 0.602335203125 0.4867787359375 0.5994664234375 0.48477376406249995 0.5892749953124999 0.4845297546875 0.5835128578125001 0.485165725 0.5795388765625 0.4853172578125 0.5755612890624999 0.4870065859375 0.5743463796875 0.4885463453125 0.5746374921874999 0.489833334375 0.5769358609374999 0.49224713593749997 0.5821224484374999 0.49469775 0.5864408125 0.49572318437499996 0.5885985687499999 0.49562862656249995 0.595712375 0.4920144515625 0.60011044375 0.491380571875 0.6019176749999999 0.49005454375 0.602335203125 0.4867787359375
1 0.6274333140625 0.48749713906250003 0.6309379749999999 0.485725959375 0.631027590625 0.4847016453125 0.6278837359375 0.4823487953125 0.625382421875 0.4821299578125 0.61100445625 0.4834692984375 0.6067117078125001 0.48464533593750003 0.5898883578125 0.48525128281249996 0.586373453125 0.4870148203125 0.586283253125 0.488045828125 0.5894379359374999 0.49039962656249997 0.5919284234375 0.49061751718749996 0.59872306875 0.4896536203125 0.607095059375 0.489866625 0.6113883906249999 0.48868389375000004 0.6274333140625 0.48749713906250003
1 0.5855847828125 0.4864263703125 0.5670256578124999 0.478063303125 0.5598927609375 0.47329040312500004 0.5501791765624999 0.469330621875 0.5462358218750001 0.466388375 0.54212289375 0.4655090890625 0.538607403125 0.4672793234375 0.5400951296875001 0.469480534375 0.53921625625 0.46992309375 0.5408838 0.470068984375 0.5448163265625 0.4730102859375 0.5545407390625 0.47697101406250003 0.56246230625 0.4823323640625 0.581855203125 0.49076837656250005 0.5835119171875001 0.4909133203125 0.587026821875 0.48914978124999997 0.5855847828125 0.4864263703125
0 0.5942987093750001 0.5369817125 0.595027221875 0.5355140828125 0.5945081296875 0.53421389375 0.5923121234375001 0.5328749328125 0.584443025 0.530904715625 0.5805209796875 0.5288413249999999 0.5780059093750001 0.528655015625 0.5747190437499999 0.5294333359375 0.57075263125 0.5302466484374999 0.5687030484375 0.5320979109375 0.568871190625 0.5342916109375 0.5705508499999999 0.5372921640625 0.5738196578125 0.539838090625 0.577943353125 0.541716740625 0.5819614875 0.542182965625 0.5861830609375 0.54194515625 0.58924755 0.5404660234375 0.5902708265625 0.5379987765625 0.5927230031249999 0.5377815640625 0.5942987093750001 0.5369817125
1 0.551005021875 0.5077814421875 0.552402546875 0.5110136640625 0.5646405765625 0.524530909375 0.5713230515625 0.5344521531249999 0.575391465625 0.535840246875 0.57890636875 0.5340767078125 0.5789965703125 0.5330457 0.5730468375 0.5242274609375001 0.5585883421875 0.507405996875 0.5545096843749999 0.5060102625 0.551005021875 0.5077814421875
1 0.6019617734375 0.54854035 0.5973301906249999 0.5439862875 0.5974203921875 0.5429552796875 0.589453725 0.538109434375 0.5805179828125 0.5347371562500001 0.57701390625 0.5365016421875 0.578455946875 0.539225053125 0.5857133171875 0.54245049375 0.5920124421875 0.547150446875 0.5966548515625 0.5517054578125 0.59656465 0.552736465625 0.6052640593749999 0.5586853171875 0.609343303125 0.5600743593749999 0.612847378125 0.5583098718749999 0.612194009375 0.5561749093749999 0.6019617734375 0.54854035
1 0.5522982390625 0.6079864859375 0.5403088421875 0.6012303484375 0.5372095015625 0.5983686875 0.53308574375 0.59748845625 0.52958166875 0.59925294375 0.5301899359375 0.601903409375 0.5429685890625 0.6092413 0.556355509375 0.6192296578125001 0.5639962281249999 0.6276763890625 0.564874515625 0.627240525 0.5681199859375 0.6285566218749999 0.5716240625 0.6267921359375 0.5717142640625 0.6257611265625 0.56407354375 0.6173143953125 0.5522982390625 0.6079864859375
2 0.5537487890625 0.5723253265625 0.533950571875 0.568522153125 0.476552053125 0.5629809859375 0.473047978125 0.564745471875 0.4729577765625 0.565776478125 0.47610163125 0.568129328125 0.4827158765625 0.56922745 0.5193927890625 0.5719168140625001 0.5706848859375 0.5800336953125 0.5765104578125 0.580543365625 0.5800259484375 0.5787731328125 0.5801155640625 0.5777488187500001 0.5769608796875 0.5753950203125 0.5537487890625 0.5723253265625
0 0.580513571875 0.5730748625000001 0.5713207578125 0.5716432078125 0.5679220968750001 0.5724522234375 0.562231103125 0.572649175 0.5585944609375 0.5743076171875 0.5583133890624999 0.5762731265625 0.5595474125 0.5780069 0.5638548703125 0.5802794078125 0.5649062703125 0.5821051421875 0.5683475046875001 0.583802653125 0.573823646875 0.584315484375 0.576162584375 0.583771296875 0.5779136328125001 0.5823391609375 0.5842379515625 0.581887296875 0.5857905609375 0.5807278828125 0.5860347140625 0.579433753125 0.5849865140625 0.5779456046875 0.5825001734375 0.5769320390625 0.5819469171875 0.5744010687500001 0.580513571875 0.5730748625000001
1 0.6117886890625 0.5608077515625001 0.6086442484375 0.5584615953125 0.606976703125 0.558315703125 0.58679688125 0.5684773046875 0.572938153125 0.5734847296875001 0.571270609375 0.5733388374999999 0.5720592812499999 0.5739272859375 0.5702113343749999 0.5758434125 0.573366603125 0.578190515625 0.577569734375 0.5780387921875 0.585423071875 0.57457701875 0.5905495890625 0.5734739265625 0.6116533859375 0.5623542640625 0.6117886890625 0.5608077515625001