0 0.45855668906249997 0.766784125 0.46060849218750005 0.7664959703124999 0.463302759375 0.7655295546875001 0.4658591421875 0.763588825 0.46717799375 0.7602890796875 0.4663355 0.7578487546875 0.46228258593750005 0.7548872046875 0.4558053 0.7520079421875 0.4462389421875 0.75243075 0.4421448921875 0.75436125625 0.440964359375 0.7586104015624999 0.44236175156249996 0.7609524234375 0.45160322031250005 0.765832059375 0.45855668906249997 0.766784125
2 0.4544246421875 0.7601163109375 0.46139089687499996 0.762871196875 0.46422596250000003 0.760810728125 0.4628783203125 0.7581539125 0.45312102187500003 0.7543036375 0.44817359218749997 0.7563189296874999 0.4390415265625 0.75721450625 0.41801404062499997 0.756324134375 0.41103865156249997 0.754092421875 0.40819252656250005 0.7561526984375 0.40817426250000005 0.75719905 0.413020659375 0.7609719140625 0.41721428281249995 0.7615767578125 0.4389496265625 0.762479484375 0.44948634375 0.761608425 0.4544246421875 0.7601163109375
1 0.46624637812499997 0.7255582281249999 0.46631987031250005 0.72134790625 0.46232831093750004 0.7091667546875 0.4595558234375 0.7070084046875 0.45815117031249997 0.7069838875000001 0.45531610625 0.70904435625 0.455288565625 0.7106221875000001 0.45929853125 0.7217486828124999 0.45921576249999996 0.7264904859375 0.4612619859375 0.7296911374999999 0.46188721875 0.7344369921875 0.464648646875 0.7365951484375 0.4660533 0.7366196671874999 0.46889942500000004 0.7345593906250001 0.4682926015625 0.7287588796875 0.46624637812499997 0.7255582281249999
1 0.480757834375 0.6979002984375 0.45964772343750004 0.7017434265625 0.45539887500000004 0.704302553125 0.45538046562499995 0.7053572109374999 0.45814203750000004 0.7075070625000001 0.46025454843749997 0.7075439359375 0.466595571875 0.7055529703125 0.4827784453125 0.7032021515625 0.485613509375 0.7011416828125 0.4856319171875 0.7000870265625 0.48287034531249995 0.6979371734375001 0.480757834375 0.6979002984375
0 0.468203153125 0.7085299843749999 0.466135721875 0.7059104484375001 0.4658238734375 0.704127325 0.46337836718750003 0.7016174859375 0.46019103906250003 0.7004071890625 0.455891975 0.700772415625 0.44890715468750003 0.7073209453125 0.44882815468750004 0.711846834375 0.45080194218749997 0.7134928296874999 0.46107231718749997 0.716471528125 0.46450505625 0.7162988546875 0.4670797484375 0.713943096875 0.4684516828125 0.7101375578125 0.468203153125 0.7085299843749999
1 0.45312102187500003 0.7543036375 0.4502750421875 0.756355609375 0.45077141093749995 0.768484059375 0.456588715625 0.796496828125 0.4593612046875 0.7986551796875 0.4607658578125 0.7986796984375 0.4636009234375 0.7966192265625 0.463637740625 0.7945099140624999 0.4577928953125 0.768074978125 0.457287246875 0.7564780078125 0.454525675 0.7543281546875 0.45312102187500003 0.7543036375
1 0.5038148687499999 0.66301499375 0.5010258984375 0.6624346703125 0.47090123906250003 0.6598071937500001 0.467386003125 0.6602691703125 0.46455093906249995 0.6623296390625 0.46453267499999995 0.6633759921875 0.46729410312499997 0.6655341499999999 0.47642795156249995 0.6651702453125 0.491827690625 0.6664857203125 0.5009247218749999 0.6682311296875 0.50372296875 0.6682799734375 0.50656909375 0.666219696875 0.506587503125 0.665165040625 0.5038148687499999 0.66301499375
0 0.46617779531250003 0.657863996875 0.46241503125000005 0.658562553125 0.45760797656249996 0.6576064203125 0.45452338125 0.656215165625 0.44943584843749995 0.65674938125 0.4466299203125 0.6571406703125 0.4449022859375 0.658506075 0.444584934375 0.66337669375 0.44590442656249996 0.66511095 0.45243633125000005 0.6686640265625 0.460972490625 0.6683146109375 0.46841811875 0.668959603125 0.47064524687500003 0.668134559375 0.47317961249999996 0.6655538125 0.47295693906249997 0.661197103125 0.46838419375000007 0.6582264796875 0.46617779531250003 0.657863996875
2 0.47154487968750003 0.6634983906249999 0.4715631453125 0.6624520375 0.46879065625000005 0.6602936890625 0.4603646640625 0.6606699484375 0.44987389687499996 0.6589085171875 0.4421280765625 0.6608832687499999 0.42810366406249994 0.660638471875 0.425257684375 0.6626904453125 0.425239275 0.6637451015625 0.42801176406249997 0.6659034515625 0.44273297187500005 0.6661604109375 0.45118665 0.664198015625 0.45957596875 0.6659227640625 0.464486725 0.6660084828125 0.46869875624999996 0.6655586671875 0.47154487968750003 0.6634983906249999
1 0.4549609109375 0.6089647734375 0.4535562578125 0.60894025625 0.45071027812500003 0.610992228125 0.45068273750000004 0.6125700625 0.458071871875 0.6316637218750001 0.45801664375 0.6348276921875 0.46006301250000003 0.6380200390625 0.46355070468750004 0.63913589375 0.4663857703125 0.6370754234375 0.4651024875 0.6307314640625 0.4617158265625 0.6238274515625 0.4577224859375 0.611114628125 0.4549609109375 0.6089647734375
1 0.44393695468749994 0.5971842078125 0.43632913125000006 0.5912531875 0.4328414359375 0.59013733125 0.4299953109375 0.5921976078125 0.430655290625 0.5943190828125 0.4368788 0.5996942984375 0.4403573625 0.60133333125 0.4458361953125 0.6088055015625 0.449324034375 0.6099130546875 0.45217001406249996 0.60786108125 0.4501604640625 0.602559421875 0.448077425 0.601468084375 0.4460292734375 0.5977440640625 0.44393695468749994 0.5971842078125
0 0.44403615468749996 0.604811684375 0.4433199640625 0.60844591875 0.44432565156250003 0.6116782484375001 0.4496857484375 0.61517764375 0.4524933046875 0.617228615625 0.46332679531250004 0.619004334375 0.4659844015625 0.618236646875 0.46854851249999996 0.6164871093750001 0.46983528437500005 0.6143913078125001 0.4697686046875 0.6118731484375 0.46613999531249994 0.6080550875 0.46160862187499996 0.60778493125 0.457039196875 0.606525590625 0.4517968484375 0.6032525390625 0.4485490453125 0.6029715609374999 0.44403615468749996 0.604811684375
2 0.44992158125000004 0.61624504375 0.4534368171875 0.61578306875 0.45485987968749997 0.6147529296875 0.45554739843750003 0.615296571875 0.4577040765625 0.612169284375 0.45704409687499997 0.6100478078125 0.45151003593750005 0.6057396046875 0.44802234218750003 0.60462375 0.44517621875 0.6066840265625 0.4458361953125 0.6088055015625 0.44792116562500006 0.610420209375 0.447204175 0.6109310296875 0.433152221875 0.612264065625 0.4219260546875 0.6120681125 0.4190909921875 0.6141285812499999 0.41907258281250004 0.6151832374999999 0.42183400937500004 0.6173413953125 0.4337569734375 0.6175495109375 0.44992158125000004 0.61624504375
1 0.465874509375 0.5865023203125 0.46050405625 0.57218714375 0.45789874375000006 0.5610851671875 0.4551262546875 0.5589268171875 0.45372160156249997 0.5589022984375001 0.4508865375 0.56096276875 0.4528225953125 0.57047475 0.4588530265625 0.586911403125 0.46144906093750004 0.598544859375 0.46346788906249997 0.6033150390625 0.4662403765625 0.6054733890625 0.4676450296875 0.60549790625 0.4704800953125 0.6034374375 0.4705076359375 0.60185960625 0.46713025156250004 0.5944241140625001 0.465874509375 0.5865023203125
1 0.5066458593750001 0.5413930546875 0.5038733718749999 0.5392347046875 0.50246871875 0.5392101859375 0.48195615625 0.549385303125 0.45794469375 0.5584526765625 0.455824834375 0.559470653125 0.45437423125 0.5620786234375 0.4571358046875 0.5642284765625 0.45854045781249997 0.5642529953125 0.4952727125 0.5496177453125 0.5044984609375 0.5439888640625 0.505892053125 0.5440131890625 0.5052043890625 0.54347785 0.5066458593750001 0.5413930546875
0 0.45470705 0.5556881109375 0.4502016109375 0.555833753125 0.44677635000000004 0.5568455578125 0.44448576093750003 0.55750335625 0.44146285937499996 0.5601835656249999 0.4410362671875 0.5637065578125 0.44261279687500005 0.5659271015625 0.44820091250000005 0.5690400515625 0.4502178375 0.5694822953124999 0.4547145375 0.5692035890625 0.462307790625 0.5664619375 0.46420400624999997 0.561776709375 0.4626350125 0.5591243375 0.4583504578125 0.5567568421875 0.45470705 0.5556881109375
2 0.461404846875 0.561146365625 0.458632359375 0.558988015625 0.45232800781250004 0.5588779734375 0.44600332343750004 0.5592992171875 0.44105589375000004 0.561314509375 0.42702220312500005 0.5616011921874999 0.424176221875 0.563653165625 0.4241578140625 0.564707821875 0.42693030312499997 0.566866171875 0.44166078750000004 0.56659165 0.4466082171875 0.564576359375 0.45854045781249997 0.5642529953125 0.4613864375 0.562201021875 0.461404846875 0.561146365625
1 0.50965545 0.5293341078125 0.4922445203125 0.5221769968750001 0.4804409984375 0.5151260671875 0.4727870796875 0.5118358421875 0.469326925 0.509142153125 0.4637561921875 0.506934959375 0.46306674374999995 0.505867946875 0.45956977343750005 0.505283571875 0.45673485312500006 0.5073357374999999 0.45809162812500004 0.5094693765625 0.4573857 0.5099803890625 0.46503947500000004 0.5132789203125 0.468499628125 0.5159726078125 0.4761646078125 0.5192630281249999 0.487967984375 0.5263222609375 0.506774578125 0.5340187625 0.50817923125 0.53404328125 0.511014153125 0.531991115625 0.50965545 0.5293341078125
1 0.4418021078125 0.4786322140625 0.434973703125 0.46797985937500003 0.431485865625 0.46687230625 0.42863988593749996 0.4689242796875 0.4286214765625 0.4699789359375 0.434780625 0.4790412984375 0.436771765625 0.4853976125 0.44291072187499997 0.49498295781249996 0.44628810625000004 0.5024184484374999 0.450474525 0.5040698359375 0.45332065000000005 0.502009559375 0.45265874375 0.4993647140625 0.4431129328125 0.4833983421875 0.4418021078125 0.4786322140625
0 0.443788646875 0.5004642296874999 0.443484353125 0.502685171875 0.4477085203125 0.5072446375 0.4501132515625 0.5114566828125 0.4521153921875 0.5127459734375 0.4550955734375 0.513146884375 0.45855582968749997 0.515200940625 0.46441772343750004 0.5146719359375 0.4662872546875 0.513416996875 0.46868445937500003 0.5098204125 0.4676898453125 0.5046859921875 0.463258275 0.501867359375 0.45518261562499995 0.49865283906249996 0.45041994687500003 0.4976891734375 0.445917928125 0.4989064703125 0.443788646875 0.5004642296874999
2 0.4475365 0.5113950921875 0.46088252656249995 0.5105730687500001 0.46372865 0.5085127921875 0.46306674374999995 0.505867946875 0.45611889687499996 0.502058403125 0.4526678765625 0.4988415375 0.44917105 0.49824885781250006 0.446324925 0.500309134375 0.446306515625 0.5013637906249999 0.4469868328125 0.5029539796875 0.4518516375 0.5056721875 0.45113450468750005 0.5061913109375 0.4258399046875 0.5089064203125 0.4229937796875 0.510966696875 0.422975515625 0.5120130484375001 0.425748003125 0.5141713984375 0.42854624843750005 0.5142202421875 0.4475365 0.5113950921875
1 0.4519266703125 0.420876528125 0.45370646875 0.43934063593749995 0.45274310156249997 0.45460023281249995 0.45550467499999997 0.45675008437500003 0.4569093296875 0.45677460312499996 0.45975530937500003 0.45472263125 0.4602056796875 0.42892091250000003 0.45893887656250004 0.42099892812500006 0.45616638906249996 0.41884057812500003 0.45477279531250003 0.418816253125 0.4519266703125 0.420876528125
1 0.419185975 0.4476929296875 0.419167565625 0.4487475859375 0.42194019843749997 0.45089763281249995 0.44221566093750003 0.45493981093749997 0.4505865703125 0.45771921718749997 0.45268801875 0.4577558984375 0.455522940625 0.45570373281250004 0.45554134843750005 0.45464907656250003 0.4513843984375 0.45194322500000006 0.4220320984375 0.445632653125 0.419185975 0.4476929296875
0 0.4659400953125 0.45154105 0.456562325 0.44749803281249995 0.45368814999999996 0.44799611875 0.45053962968750005 0.45026709687500005 0.44739507968750003 0.4510429 0.44592216562500003 0.4530274625 0.44655696718750004 0.4572252265625 0.4481509359375 0.45908057031249994 0.45008667031250005 0.4597373765625 0.45420152343750003 0.45978428281249994 0.4559021796875 0.46186577343749996 0.45859788281249997 0.4627185984375 0.46330526406250006 0.461779015625 0.46703592031249996 0.45975079374999994 0.468550334375 0.456022503125 0.4659400953125 0.45154105
2 0.462590371875 0.4526621609375 0.4555965765625 0.45148510625 0.4450414484375 0.45341082187500004 0.4324032796875 0.4542452 0.42955730000000003 0.456297171875 0.42953889062500006 0.4573518296875 0.4323113796875 0.45951017812500006 0.4351206859375 0.459559215625 0.45621253125 0.45676244062500004 0.46249847187500004 0.457927140625 0.4653444515625 0.4558751671875 0.46536286093749996 0.4548205109375 0.462590371875 0.4526621609375
1 0.4939097421875 0.386844915625 0.48828377968750003 0.3878016921875 0.46583337656249996 0.387933153125 0.46298725156250004 0.38999343125 0.46296884218749995 0.39104808750000003 0.465741475 0.3931981328125 0.488888675 0.39307883125 0.500122190625 0.3922199359375 0.5029681703125 0.3901679640625 0.502986578125 0.38911330781250003 0.500214090625 0.3869549578125 0.4939097421875 0.386844915625
1 0.46437349531249994 0.39107260625 0.4616010078125 0.3889142546875 0.4601963546875 0.3888897359375 0.4573612890625 0.3909502078125 0.4572509796875 0.39726984062500004 0.45502095468750003 0.40459915 0.45472684374999994 0.4214487421875 0.45537769062500005 0.42409339218750003 0.4581501796875 0.42625174374999997 0.4595437734375 0.42627606875 0.4623898984375 0.42421579062500003 0.46203316250000004 0.4047215484375 0.4642540546875 0.3979154171875 0.46437349531249994 0.39107260625
0 0.4524775265625 0.3981916578125 0.46166854687500003 0.3996230453125 0.46408809218749997 0.39918347656250003 0.465815290625 0.3978429859375 0.4680526078125 0.397067959375 0.47203741718750003 0.3937898296875 0.47295548906249996 0.3906326140625 0.47080750625 0.3869234640625 0.468116296875 0.3858132046875 0.46341765781250005 0.38688585 0.45946272187500004 0.38655099531250003 0.45567490624999996 0.3848816453125 0.4523226765625 0.38551260625 0.44785555156249995 0.39043539374999997 0.4503154703125 0.39719031562499996 0.4524775265625 0.3981916578125
2 0.46793482500000005 0.387969834375 0.46583337656249996 0.387933153125 0.447539775 0.390778771875 0.42576775937500005 0.39197705156249996 0.4229326953125 0.3940375234375 0.42291443125 0.395083875 0.4256758578125 0.39724203125 0.4291930234375 0.3973034234375 0.448144671875 0.3960559125 0.46573219843749997 0.3937296125 0.47067784531249995 0.3911826484375 0.470696253125 0.3901279921875 0.46793482500000005 0.387969834375
1 0.470037815625 0.3074211796875 0.46863316250000003 0.3073966609375 0.46579809843750003 0.3094571296875 0.46565111562499995 0.3178777734375 0.4633199140625 0.331003540625 0.4631452453125 0.341010321875 0.46590667343750003 0.343168478125 0.4673113265625 0.343192996875 0.470157453125 0.34113272031249997 0.47032284375 0.3316574203125 0.472663321875 0.31800017187499996 0.47281030468749996 0.309579528125 0.470037815625 0.3074211796875
1 0.4983792109375 0.371646515625 0.494258934375 0.36683965625 0.49155993750000004 0.36047098437499997 0.4854027171875 0.35193199218750004 0.4805654515625 0.347635953125 0.4771512484375 0.34230977500000004 0.4729832390625 0.33960373125 0.47231398281250003 0.3380137359375 0.46881715625 0.33742105625 0.46597103281249996 0.33948133281250004 0.466632940625 0.342126178125 0.47078988906249997 0.344832028125 0.4748916109375 0.35070185 0.47972887656249996 0.354997890625 0.4865665578125 0.365118765625 0.48790685156249997 0.3688304296875 0.49203804218749997 0.37364578593750003 0.49552573750000006 0.37476164375 0.49836080312500003 0.372701171875 0.4983792109375 0.371646515625
0 0.47114108750000006 0.33485325 0.46337330468750004 0.334917028125 0.4607575609375 0.337089315625 0.45724507968749994 0.337393509375 0.45517737656249996 0.339226471875 0.4526234578125 0.3410260296875 0.45243685468750006 0.34474426875 0.454377025 0.346414596875 0.45916678749999995 0.347727625 0.46343890312499997 0.34700473125000003 0.46853106093749997 0.348107059375 0.4710242578125 0.3478847578125 0.476117803125 0.3438368234375 0.477018090625 0.342332371875 0.4758509484375 0.338208384375 0.47308643281249996 0.33559329375 0.47114108750000006 0.33485325
2 0.461685365625 0.3441497734375 0.469422053125 0.34269819687499997 0.47368196406249996 0.34013926250000004 0.47370022812499996 0.3390929109375 0.4709277390625 0.33693456093749996 0.4688262890625 0.33689788125 0.45753576406249996 0.340389071875 0.4533512734375 0.339261053125 0.44491600625 0.34016879375000003 0.42879014375 0.339887315625 0.4259441640625 0.3419392875 0.42592575468750005 0.3429939453125 0.42869824375 0.34515229375 0.4455209 0.345445934375 0.4504500671875 0.3444769953125 0.4581517203125 0.34566640625 0.461685365625 0.3441497734375
1 0.5122324234375 0.3018361265625 0.508781403125 0.2986192640625 0.49830711406250006 0.29527980625 0.492754790625 0.29201795625 0.4802178 0.28705587499999996 0.466954396875 0.28314439999999996 0.46411947812500004 0.2851965640625 0.46410106874999996 0.2862512203125 0.46756122187500004 0.288944909375 0.4877796734375 0.2956193859375 0.4933432046875 0.2988731234375 0.50519253125 0.3032998671875 0.5100280125000001 0.3070642328125 0.5121405218749999 0.30710110625000003 0.5149754421875 0.305048940625 0.514324596875 0.3024042890625 0.5122324234375 0.3018361265625
1 0.471002771875 0.252138903125 0.471085540625 0.2473971 0.46832411250000006 0.2452389421875 0.466919459375 0.2452144234375 0.464073334375 0.2472747015625 0.46320186874999997 0.2572693203125 0.460944159375 0.2661847640625 0.4606684578125 0.2819797 0.463365671875 0.2878166984375 0.4654487109375 0.2889080359375 0.4668533640625 0.2889325546875 0.4696994890625 0.286872278125 0.46768994062499997 0.2815706171875 0.467956365625 0.2663071625 0.471002771875 0.252138903125
0 0.47292708437500003 0.2832403453125 0.46892734062499997 0.281035653125 0.46273605937499995 0.2807863671875 0.459935828125 0.2814851109375 0.4583774765625 0.28329373750000003 0.454317490625 0.28327271249999997 0.449885921875 0.2867922515625 0.4498020953125 0.2909608578125 0.451338009375 0.2929730203125 0.4537804859375 0.29375497031250003 0.45999456875 0.2933317953125 0.46336480468749996 0.2942047 0.47029084687499995 0.2941926828125 0.47297608437500005 0.29310981406250003 0.47531935000000003 0.28816656875 0.47423054374999996 0.28462543125 0.47292708437500003 0.2832403453125
2 0.45205866562499997 0.2928859171875 0.45700609375 0.290870625 0.46613815937499997 0.2899750484375 0.46969021250000004 0.2874037578125 0.47109486718750004 0.2874282765625 0.47039628593750005 0.286884440625 0.4718376125 0.28480795 0.469065125 0.28264959843750004 0.46767153281249996 0.2826252734375 0.46271482500000005 0.2851720453125 0.455693340625 0.28558112812499997 0.4521596984375 0.2870977609375 0.44869041249999997 0.2849272484375 0.43537192812500003 0.2841714390625 0.4325259484375 0.28622341093750003 0.4325075390625 0.28727806718750004 0.43528002812500005 0.2894364171875 0.44648600156249996 0.2901553546875 0.4506540125 0.29286139843750003 0.45205866562499997 0.2928859171875
3 0.4400112515625 0.46016791562500003 0.44232423593750003 0.488651159375 0.43891743125 0.5228327875 0.43820976875 0.5633747859375 0.43984436562499996 0.5907912093750001 0.4384656640625 0.6292115390624999 0.4394382109375 0.653991421875 0.43712541875 0.6660625312499999 0.436546475 0.6992302359375 0.4377029671875 0.7134718578125 0.43616959531250005 0.72082163125 0.43253477343749996 0.728134725 0.4324981 0.7302357328125 0.43585707500000004 0.7387258812499999 0.43774718281249997 0.7508703515625 0.43759092343750006 0.759822478125 0.433075503125 0.7776533640625 0.4330204203125 0.7808090296875 0.43648970625 0.7829795421875 0.43929722812499994 0.7824969046875 0.4414262203125 0.780955753125 0.44599865000000005 0.7604925687499999 0.4461640421875 0.75101726875 0.4449156484375 0.742040625 0.4409332234375 0.7293362984375 0.444568046875 0.7220232046875 0.44611982812499995 0.713618775 0.444963334375 0.699377153125 0.44554227968750004 0.6662094484375001 0.44785507031250005 0.6541383390625 0.4480297390625 0.64413155625 0.4468916546875 0.6288352781250001 0.4482612265625 0.5909381265625 0.4466359046875 0.562990221875 0.4473251578125 0.52350288125 0.45074109531250006 0.48879807656249996 0.44841883281249995 0.4608463140625 0.45211801406249996 0.44984607343749994 0.452219046875 0.4440579203125 0.45100925468749997 0.43350363593749996 0.45230355 0.3992851328125 0.4488709390625 0.3950136109375 0.44890775781250003 0.3929042984375 0.4528458203125 0.3682184375 0.452635875 0.2997491953125 0.4565004484375 0.27927365625 0.456665984375 0.26979005 0.456125303125 0.2608340671875 0.45405154062499997 0.25921125 0.451251365625 0.25863903593750004 0.44770844375 0.26068715 0.4480928640625 0.27859525937499996 0.444219015625 0.299602278125 0.44442896249999997 0.3680715203125 0.440490896875 0.39275738125 0.44042653749999994 0.39644452812500003 0.44385915000000004 0.40071605000000005 0.44259239531250005 0.43335671875 0.4438021859375 0.44391100312500004 0.4437102859375 0.44917598124999997 0.4400112515625 0.46016791562500003
2 0.4622732296875 0.71232241875 0.46510815 0.7102702546875 0.46512655937499997 0.7092155984375 0.4617216328125 0.703357940625 0.4582339390625 0.702242084375 0.45539887500000004 0.704302553125 0.455352925 0.7069350437499999 0.449046646875 0.70630163125 0.4462301375 0.7072991390625 0.4427312375 0.7061913953125 0.42731323281250005 0.7059222734375 0.424467253125 0.7079742437500001 0.42444884375 0.7090289000000001 0.42722133125 0.7111872499999999 0.4314150984375 0.7117837890625001 0.4622732296875 0.71232241875
1 0.459649459375 0.6617124421875 0.4481199046875 0.6788975609375 0.44095158437500004 0.6877189828125 0.44093317499999996 0.6887736390625 0.4437056640625 0.690931990625 0.44723017499999995 0.6899385328125 0.46591699062499997 0.6639317984375 0.46593540000000006 0.6628771421875 0.46317397031249996 0.660718984375 0.4617693171875 0.6606944671874999 0.459649459375 0.6617124421875