0 0.5520992328125 0.32378291875 0.5597416234375 0.330442046875 0.563466284375 0.3313080578125 0.56990120625 0.326921434375 0.5700903281249999 0.3251986890625 0.5690921859375 0.3236263171875 0.5695381328125 0.32095735312499996 0.5682829421875 0.319367878125 0.5651823484375 0.3177176953125 0.558165053125 0.3171036421875 0.55073815 0.3192224328125 0.5502053671875 0.32173661249999996 0.5520992328125 0.32378291875
1 0.5477292484375 0.3811783328125 0.5434098421875 0.382991175 0.5430697546875 0.3843551921875 0.5475110953125 0.389808975 0.5499529359374999 0.3954847171875 0.5510390859375 0.395027203125 0.5543302265625 0.39729658749999996 0.558651471875 0.39547637343750003 0.5585954234375 0.3918442890625 0.556199790625 0.38979817968749997 0.5537579499999999 0.3841224359375 0.5477292484375 0.3811783328125
1 0.554588553125 0.36913659375 0.553798121875 0.364593084375 0.550837228125 0.3609572265625 0.5490166953125 0.3605033171875 0.5446954500000001 0.36232353281249996 0.5442521234375 0.3680004125 0.545732571875 0.369818340625 0.544646421875 0.370275853125 0.550335034375 0.3745839734375 0.5516445171875 0.377087596875 0.556021809375 0.3788994671875 0.5603430546875 0.377079253125 0.5592008578125001 0.37390468125 0.5602771671875 0.373444715625 0.554588553125 0.36913659375
2 0.5427296671875 0.38571920937500004 0.5469359953125 0.38821677499999996 0.551257240625 0.3863965609375 0.551022228125 0.38344034531250004 0.5367990234375 0.36687046562500003 0.5340731421875 0.3661908265625 0.5297617375 0.3680134953125 0.5299887484375 0.37095988593749996 0.5427296671875 0.38571920937500004
3 0.5342418437500001 0.4313745625 0.5323250890625 0.44681791875 0.525134553125 0.47180070937499996 0.52446139375 0.4861131515625 0.5117761 0.5408479703125 0.50941418125 0.561975578125 0.501090303125 0.5953608296875 0.49968276093749997 0.608761846875 0.49798415937499996 0.6155745625 0.490199828125 0.6273856656250001 0.4872557921875 0.6353366703125001 0.4894706234375 0.6380660218750001 0.4929425671875 0.639652165625 0.498169159375 0.638057678125 0.50094223125 0.6307923703125 0.508726565625 0.6189812640625 0.51217279375 0.597403515625 0.520327546875 0.5646965859375 0.522689465625 0.5435689781249999 0.535545725 0.48814846406249995 0.53621704375 0.47384339531249997 0.5432384546875 0.44953892812499996 0.5453261734375 0.433409875 0.5445829328125 0.42092141875 0.55419425625 0.3668611515625 0.5513464406249999 0.3589148875 0.5563460234375001 0.3543740109375 0.564629728125 0.3405181140625 0.562689096875 0.33279020625 0.5627362890625001 0.3248452578125 0.568918240625 0.3039496015625 0.5666917328125 0.30122516875 0.5632314671875001 0.29963410625 0.558004875 0.30122859375 0.5547109109374999 0.3105411609375 0.551208634375 0.32848682500000004 0.55320715 0.3398394453125 0.5457727453125 0.3502889859375 0.5407731625000001 0.35482986250000004 0.5400929875 0.35755789843749997 0.542940803125 0.3655041609375 0.5346239421875 0.41047381875 0.5332163999999999 0.4238748359375 0.5342418437500001 0.4313745625
2 0.5679628812499999 0.323250771875 0.5650118281250001 0.3196173703125 0.56319129375 0.319163459375 0.5498332625 0.3223486625 0.5404003421875 0.3214455828125 0.5360790984375 0.323265796875 0.5357390109375 0.3246298140625 0.5387017421875 0.32825829687499997 0.5414276234375001 0.3289379359375 0.557915671875 0.3287102671875 0.566208234375 0.3264314015625 0.5654621718749999 0.325524896875 0.5676227921875 0.3246147890625 0.5679628812499999 0.323250771875
1 0.5625041000000001 0.31030708906250004 0.5583047890625 0.319393928125 0.5574554890625001 0.3228002859375 0.5604065421875 0.32643368906250003 0.5622270765625 0.32688759843750004 0.566548321875 0.325067384375 0.57074579375 0.3159879171875 0.57159693125 0.3125741859375 0.5686342 0.30894570312499997 0.566813665625 0.30849179375 0.5625041000000001 0.31030708906250004
2 0.5449065859375 0.3421084828125 0.5445664984375 0.34347250156250003 0.5475273921875 0.34710835625 0.5567911875 0.348689759375 0.56077050625 0.3482409359375 0.5634403406249999 0.3452884875 0.560479446875 0.34165263281249997 0.5586589125 0.341198721875 0.5492259921875 0.34029564218749997 0.5449065859375 0.3421084828125
0 0.5615051265625 0.35154099843750003 0.56509609375 0.3485832734375 0.5653383140625 0.347108709375 0.5641167359375 0.34316252812500003 0.558893446875 0.3386650015625 0.55508790625 0.338836065625 0.550372509375 0.342782128125 0.5502580296875 0.347601228125 0.55543351875 0.3515777953125 0.5615051265625 0.35154099843750003
1 0.556054965625 0.3477857078125 0.5578755 0.34823961875 0.5665063109374999 0.34460410937499997 0.5668463984375001 0.34324009218749996 0.5638855046875 0.3396042359375 0.5584337421875001 0.338244959375 0.554112496875 0.3400651734375 0.553094071875 0.344149853125 0.556054965625 0.3477857078125
2 0.547074225 0.35278278125 0.543783084375 0.350513396875 0.539461840625 0.3523336125 0.5395178875 0.35596569843750003 0.5426497453125 0.3589158578125 0.545835809375 0.365505478125 0.546921959375 0.3650479640625 0.5502131015625 0.36731734843749997 0.55453250625 0.36550450625 0.5544782984375 0.3618650484375 0.5513464406249999 0.3589148875 0.5481585375 0.3523326421875 0.547074225 0.35278278125
0 0.541937921875 0.366256534375 0.5457514953125 0.3696585984375 0.5509495531249999 0.36989737968749997 0.5575076515624999 0.3664420796875 0.5583164968750001 0.3617726109375 0.5564244578124999 0.358293609375 0.553789515625 0.3568300109375 0.549609159375 0.356617859375 0.5455140375 0.35895650625000003 0.542277659375 0.3616658890625 0.541937921875 0.366256534375
0 0.5392126375 0.3853200328125 0.542622528125 0.389083496875 0.545058490625 0.39012941093750003 0.5528666046875 0.3900870125 0.5544038015625 0.3892877375 0.5551980750000001 0.387653221875 0.5531905312500001 0.382876734375 0.5499839515625 0.38026818906250004 0.5450236796875 0.37840494062499996 0.5421653375 0.3788434921875 0.5391426421875 0.3819115796875 0.5385131750000001 0.3835558609375 0.5392126375 0.3853200328125