1 0.520458984375 0.57322155625 0.5242382812499999 0.5741556890624999 0.5272753906250001 0.5722934125 0.5272753906250001 0.5713652687499999 0.52197265625 0.564401196875 0.51818359375 0.563467065625 0.51515625 0.5653293406250001 0.515908203125 0.5676526953125001 0.520458984375 0.57322155625
1 0.518935546875 0.3818383234375 0.51439453125 0.3850898203125 0.5128808593749999 0.3850898203125 0.5136328125 0.3855568859375 0.5121191406250001 0.38741317343750004 0.51515625 0.3892694609375 0.5212109375 0.3878802390625 0.5212109375 0.38695209531249997 0.525 0.3846287421875 0.52576171875 0.3823053890625 0.522724609375 0.3804491015625 0.5212109375 0.3804491015625 0.519697265625 0.3813772453125 0.518935546875 0.38091017968749996 0.518935546875 0.3818383234375
0 0.51830078125 0.39402395156250003 0.5197070312500001 0.3927005984375 0.5194726562499999 0.39006586875 0.521259765625 0.3878802390625 0.5194726562499999 0.38492215625 0.5176171875 0.38406586875 0.515302734375 0.384 0.510576171875 0.3851317359375 0.508916015625 0.386461078125 0.508525390625 0.3900898203125 0.5118066406249999 0.39379640781249997 0.514814453125 0.394754490625 0.51830078125 0.39402395156250003
1 0.51515625 0.364185628125 0.51818359375 0.3660479046875 0.519697265625 0.3660479046875 0.522724609375 0.364185628125 0.52197265625 0.360473053125 0.5212109375 0.35907784375 0.51818359375 0.35722155624999996 0.5166699218749999 0.35722155624999996 0.5136328125 0.35907784375 0.51439453125 0.3627964078125 0.51515625 0.364185628125
1 0.50984375 0.3581497 0.5136328125 0.35907784375 0.5166699218749999 0.35722155624999996 0.5166699218749999 0.3562934125 0.508330078125 0.34700000000000003 0.504541015625 0.34607185625 0.501513671875 0.34792814375000003 0.501513671875 0.3488562875 0.50984375 0.3581497
0 0.5200878906249999 0.3629820359375 0.521630859375 0.3623712578125 0.523681640625 0.3605089828125 0.523212890625 0.358538921875 0.51646484375 0.3542994015625 0.508505859375 0.35502994062500004 0.5067578125 0.3559101796875 0.506103515625 0.3572395203125 0.505986328125 0.3594491015625 0.5070214843749999 0.36074251562500004 0.51451171875 0.3627664671875 0.5200878906249999 0.3629820359375
1 0.5166699218749999 0.41389221562499995 0.5136328125 0.414820359375 0.51439453125 0.415287425 0.5128808593749999 0.4171437125 0.515908203125 0.41900000000000004 0.519697265625 0.418538921875 0.522724609375 0.4171437125 0.525 0.412964071875 0.52802734375 0.41110778437500006 0.5287890625 0.40878443124999997 0.52576171875 0.40692215625 0.5242382812499999 0.40692215625 0.522724609375 0.4078562875 0.52197265625 0.40738922187500004 0.5166699218749999 0.41389221562499995
1 0.5090917968750001 0.33864071875 0.5121191406250001 0.34049700625 0.5136328125 0.34049700625 0.5166699218749999 0.33864071875 0.520458984375 0.3293473046875 0.520458984375 0.3279520953125 0.5174218749999999 0.32609580781249997 0.515908203125 0.32609580781249997 0.5128808593749999 0.3279520953125 0.5090917968750001 0.33724550937500003 0.5090917968750001 0.33864071875
1 0.51515625 0.3237724546875 0.5136328125 0.32563473125 0.5166699218749999 0.3274910171875 0.520458984375 0.3270239515625 0.526513671875 0.32331137656250003 0.5287890625 0.3228443109375 0.52802734375 0.3223832328125 0.529541015625 0.3205209578125 0.526513671875 0.3186646703125 0.5242382812499999 0.3186646703125 0.5166699218749999 0.3228443109375 0.51439453125 0.32331137656250003 0.51515625 0.3237724546875
1 0.5242382812499999 0.3019401203125 0.52576171875 0.3019401203125 0.5287890625 0.3000838328125 0.5272753906250001 0.2977604796875 0.5128808593749999 0.2935808390625 0.50984375 0.29543712499999997 0.5113671875 0.2977604796875 0.5242382812499999 0.3019401203125
0 0.5244726562500001 0.45426946093750004 0.5266796874999999 0.454251496875 0.528515625 0.45349700625 0.52974609375 0.450101796875 0.528603515625 0.4489461078125 0.526533203125 0.44821556874999996 0.526708984375 0.44638922187499996 0.5254296875 0.445 0.5230175781249999 0.44441317343750003 0.5189746093750001 0.44467664687499997 0.517373046875 0.44529940156250003 0.515947265625 0.446826346875 0.51490234375 0.4488083828125 0.517197265625 0.451598803125 0.520556640625 0.45332335312499994 0.5244726562500001 0.45426946093750004
1 0.506064453125 0.293113771875 0.5090917968750001 0.2949760484375 0.51060546875 0.2949760484375 0.5136328125 0.293113771875 0.5136328125 0.291257484375 0.5113671875 0.284754490625 0.508330078125 0.28289820312499997 0.50681640625 0.28289820312499997 0.5037890625 0.284754490625 0.5053027343750001 0.291257484375 0.506064453125 0.293113771875
0 0.521962890625 0.3301317359375 0.5227636718750001 0.32886826406249997 0.522314453125 0.327538921875 0.5235058593749999 0.32549700625 0.5209374999999999 0.3226227546875 0.5144140625 0.321826346875 0.511064453125 0.323107784375 0.509892578125 0.324814371875 0.512158203125 0.3297964078125 0.513505859375 0.3309161671875 0.518271484375 0.33178443125 0.521962890625 0.3301317359375
0 0.507470703125 0.297748503125 0.51119140625 0.2992814375 0.514404296875 0.299467065625 0.51650390625 0.29893413125 0.5191015625000001 0.297287425 0.519541015625 0.2952035921875 0.515849609375 0.29106586874999996 0.510576171875 0.2901497 0.506181640625 0.29170059843749996 0.504501953125 0.2927185625 0.504072265625 0.2940958078125 0.504833984375 0.29585628750000004 0.507470703125 0.297748503125
2 0.47802734375 0.5760119765625 0.47802734375 0.5769401203125 0.481064453125 0.5787964078125001 0.48409179687500004 0.5787964078125001 0.49393554687499996 0.5774071859375 0.526513671875 0.5750838328125 0.529541015625 0.57322155625 0.529541015625 0.5722934125 0.526513671875 0.570437125 0.523486328125 0.570437125 0.48409179687500004 0.5736886234374999 0.481064453125 0.5741556890624999 0.47802734375 0.5760119765625
2 0.470458984375 0.548137725 0.473486328125 0.55 0.477275390625 0.55 0.49090820312499994 0.548604790625 0.5136328125 0.548604790625 0.525 0.549532934375 0.52802734375 0.5476766468750001 0.52802734375 0.546748503125 0.525 0.544886228125 0.520458984375 0.54442515 0.49090820312499994 0.543958084375 0.473486328125 0.5453532937500001 0.470458984375 0.54720958125 0.470458984375 0.548137725
2 0.467421875 0.5184131734374999 0.467421875 0.5193413171875 0.470458984375 0.5211976046875 0.47423828125 0.5211976046875 0.50076171875 0.5188742515625 0.52802734375 0.5179461078125 0.5310644531250001 0.5160898203125 0.5310644531250001 0.5151616765625 0.52802734375 0.5132994015625 0.522724609375 0.5132994015625 0.47423828125 0.5160898203125 0.470458984375 0.5165508984375 0.467421875 0.5184131734374999
2 0.466669921875 0.48356886250000003 0.46288085937499995 0.48403592812499996 0.45984375 0.485892215625 0.45984375 0.48682035937499996 0.46288085937499995 0.48868263437500004 0.494697265625 0.48635928125000005 0.51439453125 0.48635928125000005 0.51818359375 0.4854311375 0.525 0.487287425 0.52802734375 0.4854311375 0.526513671875 0.483107784375 0.519697265625 0.48078443125000003 0.5174218749999999 0.48078443125000003 0.5136328125 0.481712575 0.49393554687499996 0.481712575 0.466669921875 0.48356886250000003
1 0.51439453125 0.42039520937499997 0.515908203125 0.42039520937499997 0.52197265625 0.42364670625 0.523486328125 0.42364670625 0.5272753906250001 0.425970059375 0.5310644531250001 0.426437125 0.5340917968750001 0.42457485000000006 0.532578125 0.42271856249999995 0.533330078125 0.42225149687499997 0.53181640625 0.42225149687499997 0.520458984375 0.41667664687499995 0.5166699218749999 0.41621556875000004 0.5136328125 0.41807185625 0.51515625 0.41992814375 0.51439453125 0.42039520937499997
2 0.46363281250000005 0.45012574843750003 0.46363281250000005 0.45105389218749997 0.466669921875 0.45291017968749997 0.46893554687499994 0.45291017968749997 0.477275390625 0.4515209578125 0.4962109375 0.45105389218749997 0.50302734375 0.45012574843750003 0.52197265625 0.45105389218749997 0.525 0.44919760468750003 0.525 0.4482694609375 0.52197265625 0.4464071859375 0.50302734375 0.4454790421875 0.46969726562499997 0.4478023953125 0.466669921875 0.4482694609375 0.46363281250000005 0.45012574843750003
2 0.459091796875 0.41992814375 0.459091796875 0.420862275 0.46211914062500004 0.42271856249999995 0.46515625 0.42271856249999995 0.48181640625 0.420862275 0.51818359375 0.42039520937499997 0.5212109375 0.418538921875 0.5212109375 0.41761077812499997 0.51818359375 0.415748503125 0.508330078125 0.415748503125 0.472724609375 0.41667664687499995 0.46211914062500004 0.41807185625 0.459091796875 0.41992814375
2 0.46060546875 0.3897365265625 0.45757812500000006 0.3915928140625 0.45757812500000006 0.392526946875 0.46060546875 0.3943832328125 0.46288085937499995 0.3943832328125 0.476513671875 0.3911317359375 0.48636718749999996 0.3911317359375 0.494697265625 0.3902035921875 0.515908203125 0.3902035921875 0.518935546875 0.3883413171875 0.518935546875 0.38741317343750004 0.515908203125 0.3855568859375 0.49393554687499996 0.3855568859375 0.48560546875000005 0.3864850296875 0.475 0.3864850296875 0.46060546875 0.3897365265625
2 0.45833007812500004 0.3595449109375 0.46136718749999994 0.361401196875 0.46439453124999996 0.361401196875 0.482578125 0.3595449109375 0.51439453125 0.3600059875 0.5174218749999999 0.3581497 0.5174218749999999 0.35722155624999996 0.51439453125 0.35535928125 0.48181640625 0.354898203125 0.46136718749999994 0.35675449062500003 0.45833007812500004 0.358610778125 0.45833007812500004 0.3595449109375
3 0.48409179687500004 0.31355688593750003 0.48484375 0.3967065875 0.48711914062500006 0.4078562875 0.4886328125 0.42736526875 0.49318359375 0.4440838328125 0.49318359375 0.4589520953125 0.494697265625 0.4649880234375 0.494697265625 0.49286227499999996 0.498486328125 0.5040119765625 0.495458984375 0.5249161671875 0.498486328125 0.543958084375 0.5037890625 0.553712575 0.50302734375 0.5852994015624999 0.5053027343750001 0.5866946109375 0.508330078125 0.5871616765625001 0.5121191406250001 0.5852994015624999 0.5128808593749999 0.55278443125 0.507578125 0.543029940625 0.504541015625 0.5249161671875 0.507578125 0.5035449109375 0.5037890625 0.492395209375 0.5037890625 0.46452694687499996 0.502275390625 0.45848502968749993 0.502275390625 0.4440838328125 0.49772460937499996 0.42736526875 0.4962109375 0.4078562875 0.49393554687499996 0.3967065875 0.49318359375 0.31355688593750003 0.49090820312499994 0.29636526875 0.49015624999999996 0.2657065875 0.487880859375 0.264317365625 0.48484375 0.2638503 0.481064453125 0.2657065875 0.48181640625 0.29636526875 0.48409179687500004 0.31355688593750003
2 0.45681640625000003 0.29590419218749997 0.45984375 0.2977604796875 0.46288085937499995 0.2977604796875 0.48409179687500004 0.29590419218749997 0.5128808593749999 0.29636526875 0.515908203125 0.2945089828125 0.515908203125 0.2935808390625 0.5128808593749999 0.2917245515625 0.48409179687500004 0.291257484375 0.45984375 0.293113771875 0.45681640625000003 0.2949760484375 0.45681640625000003 0.29590419218749997
2 0.46211914062500004 0.3270239515625 0.46515625 0.328886228125 0.487880859375 0.3270239515625 0.5121191406250001 0.3274910171875 0.51818359375 0.328886228125 0.5212109375 0.3270239515625 0.519697265625 0.3247005984375 0.5128808593749999 0.3228443109375 0.487880859375 0.3223832328125 0.46515625 0.32423952031250003 0.46211914062500004 0.32609580781249997 0.46211914062500004 0.3270239515625
0 0.52705078125 0.5783293406250001 0.531591796875 0.5767245515625 0.5321679687499999 0.573610778125 0.530546875 0.570826346875 0.52931640625 0.5699880234375 0.5243261718750001 0.5694311375 0.51943359375 0.57157485 0.5183691406250001 0.5726526953125 0.51841796875 0.57407784375 0.52259765625 0.577748503125 0.52705078125 0.5783293406250001
1 0.52576171875 0.549532934375 0.529541015625 0.550461078125 0.537119140625 0.551389221875 0.548486328125 0.551389221875 0.551513671875 0.549532934375 0.551513671875 0.548604790625 0.548486328125 0.546748503125 0.537119140625 0.546748503125 0.52576171875 0.544886228125 0.522724609375 0.546748503125 0.522724609375 0.5476766468750001 0.52576171875 0.549532934375
1 0.533330078125 0.5383832328125 0.5287890625 0.542101796875 0.523486328125 0.5453532937500001 0.522724609375 0.54720958125 0.52576171875 0.54907185625 0.532578125 0.546748503125 0.5393945312499999 0.541173653125 0.54015625 0.5388503 0.537119140625 0.5369940125 0.53560546875 0.5369940125 0.5340917968750001 0.53792215625 0.533330078125 0.5374550890625 0.533330078125 0.5383832328125
0 0.52091796875 0.550604790625 0.5241113281249999 0.5516167671875001 0.52638671875 0.5516287421875 0.531220703125 0.549562875 0.5323828125000001 0.5484311374999999 0.532236328125 0.5456227546875 0.529755859375 0.5442514968750001 0.5271679687499999 0.5442275453125001 0.5235253906249999 0.543317365625 0.520478515625 0.544473053125 0.51619140625 0.544401196875 0.514052734375 0.54507185625 0.5124609375 0.546886228125 0.512646484375 0.548323353125 0.517548828125 0.5509041921875 0.52091796875 0.550604790625
1 0.519697265625 0.5202694609375 0.522724609375 0.5221257484375 0.5272753906250001 0.5211976046875 0.5310644531250001 0.5188742515625 0.5310644531250001 0.5179461078125 0.52802734375 0.5160898203125 0.526513671875 0.5160898203125 0.5212109375 0.5179461078125 0.519697265625 0.5193413171875 0.519697265625 0.5202694609375
1 0.5242382812499999 0.5160898203125 0.5242382812499999 0.5170179640625 0.5272753906250001 0.5188742515625 0.5340917968750001 0.5174790421875 0.5348437500000001 0.5160898203125 0.54015625 0.5128383234375 0.540908203125 0.5109760484375 0.537880859375 0.5091197609375 0.5363671875 0.5091197609375 0.530302734375 0.5119041921874999 0.530302734375 0.5128383234375 0.5242382812499999 0.5160898203125
0 0.527119140625 0.522401196875 0.529677734375 0.5226287421875 0.5314355468749999 0.5222694609375 0.5329003906249999 0.521257484375 0.5336035156250001 0.519682634375 0.533720703125 0.5149940125 0.5330468749999999 0.5136946109375 0.530966796875 0.512748503125 0.526376953125 0.5124131734375 0.52455078125 0.5126766468749999 0.5225 0.513748503125 0.52076171875 0.5148443109375 0.5204296875 0.5162335328125 0.5245996093749999 0.5213173656250001 0.527119140625 0.522401196875
1 0.5090917968750001 0.492395209375 0.5121191406250001 0.494257484375 0.5166699218749999 0.493323353125 0.52576171875 0.489610778125 0.525 0.48914371250000005 0.526513671875 0.487287425 0.523486328125 0.4854311375 0.5212109375 0.4854311375 0.51060546875 0.49007185625 0.5090917968750001 0.49146706562500003 0.5090917968750001 0.492395209375
1 0.5212109375 0.48217964062499996 0.5212109375 0.48356886250000003 0.5242382812499999 0.4854311375 0.52576171875 0.4854311375 0.5287890625 0.48356886250000003 0.530302734375 0.479389221875 0.530302734375 0.47613772499999996 0.5272753906250001 0.4742814375 0.52576171875 0.4742814375 0.522724609375 0.47613772499999996 0.522724609375 0.479389221875 0.5212109375 0.48217964062499996
0 0.5215429687500001 0.491754490625 0.523212890625 0.49235329375000003 0.52552734375 0.49231736562500006 0.527626953125 0.49129341249999997 0.53029296875 0.48770059843749997 0.5312890625 0.48541916093750004 0.5313085937500001 0.482395209375 0.528564453125 0.4808503 0.519208984375 0.4804071859375 0.5166894531249999 0.4809401203125 0.5153222656249999 0.48229341249999996 0.5167578125000001 0.48721556875000005 0.5215429687500001 0.491754490625
1 0.525 0.4603473046875 0.52802734375 0.46220359218749996 0.529541015625 0.46220359218749996 0.532578125 0.4603473046875 0.532578125 0.4589520953125 0.5272753906250001 0.45012574843750003 0.5242382812499999 0.4482694609375 0.522724609375 0.4482694609375 0.519697265625 0.45012574843750003 0.519697265625 0.4515209578125 0.525 0.4603473046875
1 0.51060546875 0.4417664671875 0.5174218749999999 0.4487305390625 0.5212109375 0.44965868281250004 0.5242382812499999 0.4478023953125 0.5242382812499999 0.44687425156250005 0.519697265625 0.4417664671875 0.51515625 0.43851497031250003 0.51515625 0.4375808390625 0.51439453125 0.4380479046875 0.5113671875 0.4371197609375 0.508330078125 0.43897604843750004 0.5090917968750001 0.4412994015625 0.51060546875 0.4417664671875
1 0.5090917968750001 0.39763473125000004 0.5121191406250001 0.3994910171875 0.5136328125 0.3994910171875 0.5166699218749999 0.39763473125000004 0.51818359375 0.3920598796875 0.51818359375 0.3902035921875 0.51515625 0.3883413171875 0.5136328125 0.3883413171875 0.51060546875 0.3902035921875 0.5090917968750001 0.39577844375 0.5090917968750001 0.39763473125000004
0 0.515625 0.42293413125 0.5192285156249999 0.422886228125 0.524931640625 0.4200538921875 0.5250390625 0.41783233593749997 0.51951171875 0.4139401203125 0.51658203125 0.413742515625 0.511123046875 0.41541317343750006 0.5092578125 0.41676047968749996 0.509296875 0.41836526875 0.511572265625 0.42104191562500004 0.515625 0.42293413125