1 0.5695707999999999 0.44046402812499996 0.56949911875 0.4394389453125 0.5661127125000001 0.43760172812500003 0.5636730171875 0.437772328125 0.55045694375 0.4469787296875 0.546498546875 0.44880412812500003 0.5440696953125 0.4489739703125 0.5409719359375 0.4512646046875 0.541044096875 0.4522965671875 0.5444300234375 0.45412690468749994 0.5468588750000001 0.45395706249999995 0.552468490625 0.45252779218750006 0.553210040625 0.4514458421875 0.5579703453125 0.44955745468749997 0.5695707999999999 0.44046402812499996
3 0.5283576531249999 0.6208472828125 0.53575324375 0.633272003125 0.5360143265625 0.67206553125 0.538561784375 0.6734359953125 0.5418399484374999 0.6737252671875 0.5457514203125 0.671384646875 0.5454181734375 0.63155915625 0.538023065625 0.6191413156250001 0.5362584671875 0.5939063859375 0.532424865625 0.5739873515625 0.5270683859374999 0.5324460140625 0.5197150671874999 0.4972525359375 0.51307726875 0.44907406875 0.5130473765625 0.4252733484375 0.5095480718750001 0.39860420625000004 0.49772832187500005 0.34612846875000003 0.49372532812500003 0.3122562265625 0.4911887140625 0.3108850046875 0.48789970781249997 0.310596490625 0.4839882359375 0.3129371109375 0.48456456875000004 0.321179053125 0.4879912296875 0.346809353125 0.494840378125 0.37479285 0.5026261875 0.4161712234375 0.5033762562499999 0.4502709328125 0.509977975 0.4979334203125 0.5187930203125 0.5423439359375 0.521143521875 0.5644268718750001 0.526521375 0.59458726875 0.5283576531249999 0.6208472828125
2 0.45636549375 0.34953934375 0.45326773437499995 0.351829978125 0.453339415625 0.35285506093749996 0.456725821875 0.35469227812500004 0.46488337656249995 0.35464035156249996 0.5070846734375001 0.3516893484375 0.5127303703125 0.3507760578125 0.5158389734375 0.34848466562499997 0.5157672921875001 0.3474595828125 0.5123700421875 0.3456231234375 0.49215478749999997 0.34807372187499996 0.45636549375 0.34953934375
0 0.5032349828125 0.34525255312500003 0.500795434375 0.3462043578125 0.4995965125 0.3476017390625 0.4996271890625 0.3489753578125 0.5014602953125 0.35166092656250003 0.5038439578125 0.35255890624999997 0.511768034375 0.3524403453125 0.519025134375 0.35041884687499997 0.520993953125 0.348656525 0.5203243546875 0.3445345734375 0.5173003203125 0.3428932453125 0.51477388125 0.3430699109375 0.51015501875 0.3449553203125 0.5032349828125 0.34525255312500003
1 0.5123339609374999 0.34510714375 0.5092362015624999 0.347397778125 0.5093083625 0.348429740625 0.5126942890625 0.350260078125 0.5183760671875 0.34986276875 0.534824175 0.35181671875 0.53726386875 0.35164611875 0.540362109375 0.3493623640625 0.540289946875 0.3483304015625 0.5369040218750001 0.3465000640625 0.5188289703125 0.3446529671875 0.5123339609374999 0.34510714375
1 0.5047217953125 0.37617589218749997 0.5006304 0.37594348437499997 0.49752131562499996 0.378227996875 0.4992921015625 0.3801781890625 0.49851495156250003 0.3807510390625 0.5001414140625 0.3806373046875 0.51610005625 0.3872781953125 0.5201914515625 0.38751060000000004 0.5233005359375 0.3852260875 0.5215302296875 0.38328277499999996 0.52230738125 0.38270992656249997 0.5206809171875 0.38282365937499996 0.5047217953125 0.37617589218749997
1 0.5506948953124999 0.3921043234375 0.5514725265625 0.3915383546875 0.5498460640625 0.39165208749999997 0.536434396875 0.38637478281250004 0.5297955453125 0.3847719125 0.5289101515625 0.383796815625 0.5207169984375 0.3833396421875 0.5176187578125 0.38562339687499997 0.5176909203125 0.386655359375 0.5210768453125 0.388485696875 0.526830784375 0.38912035 0.5302275546875 0.3909499296875 0.5318431734375 0.3908369546875 0.5443802890625 0.3951384046875 0.5452652015624999 0.3961066203125 0.5493565968749999 0.396339028125 0.55246568125 0.394054515625 0.5506948953124999 0.3921043234375
0 0.51278566875 0.3836661125 0.51148353125 0.3857689640625 0.5118787265625 0.387524984375 0.5139974921875 0.3891535671875 0.5183275453125 0.3904616015625 0.5215867265624999 0.390323571875 0.5260672546875 0.3886414109375 0.5276769921875 0.3873535703125 0.5279576578125 0.385757690625 0.526624 0.383514221875 0.5243122046875001 0.3820857984375 0.5154107703124999 0.382563065625 0.51278566875 0.3836661125
2 0.5545934171875 0.48291565625 0.551207009375 0.4810784390625 0.5487673156249999 0.48124903906250005 0.5415781609375 0.48330726874999996 0.52379175625 0.4855880234375 0.476685834375 0.4883634859375 0.47357675 0.4906479984375 0.47364891093750006 0.49167996093750005 0.47704568125 0.49350953906250006 0.484379159375 0.49351523750000004 0.536292309375 0.4893666109375 0.5515673375000001 0.4862313734375 0.554665096875 0.4839407390625 0.5545934171875 0.48291565625
2 0.512312715625 0.55469503125 0.49767099843749996 0.5552003765625 0.49103214531250006 0.55359750625 0.4885924515625 0.55376810625 0.4854942109375 0.5560518609375 0.48556637187499996 0.5570838234375 0.48729023437499996 0.5585187921875 0.49640486250000004 0.56046704375 0.5379367703125 0.5596299546875 0.5508911890625 0.5582125015625 0.5539889484375 0.5559218671874999 0.5539167859374999 0.5548899046875 0.5505308609374999 0.5530595671875 0.5188798890624999 0.55527281875 0.512312715625 0.55469503125
2 0.49605353281250003 0.5905026484375 0.49612569375 0.5915346109375 0.49952294531249997 0.5933710703124999 0.5353009125 0.5918993265625 0.545923396875 0.5921935390625 0.5524184078125 0.5917393625 0.5555274906250001 0.5894548515625 0.555455328125 0.5884228874999999 0.5520580796875 0.5865864296875001 0.4991626171875 0.5882181359375 0.49605353281250003 0.5905026484375
2 0.4982506203125 0.6219224765625 0.49832230156249996 0.622947559375 0.5017195515624999 0.6247840171875 0.5082506421875 0.6248458234375 0.5634775578125 0.6214955718749999 0.5665757984375001 0.61921181875 0.5665036359375 0.6181798546875 0.5631177109375 0.61634951875 0.5209055703125001 0.619301278125 0.5013592234375001 0.6196310828125 0.4982506203125 0.6219224765625
2 0.502001528125 0.6521897265625001 0.563760015625 0.6489081624999999 0.566857775 0.646617528125 0.56678609375 0.6455924453125 0.5633996875 0.6437552281250001 0.5016412 0.64703679375 0.49854344062499995 0.6493274265625 0.49861560312500003 0.650359390625 0.502001528125 0.6521897265625001
0 0.51954163125 0.41312176562499997 0.5180036859375 0.41450137343750004 0.5180596015625001 0.41639173281249997 0.51924604375 0.41855562031250004 0.51779110625 0.4209664328125 0.518205359375 0.4225275453125 0.5199273359375 0.42362389062499994 0.5247918828125 0.42447283125 0.528223665625 0.4236867015625 0.5315409890625 0.4209520828125 0.5365251484375 0.41899273593749997 0.537823140625 0.41729806406250003 0.5352589234375 0.413038975 0.5273005453125 0.41188787031249996 0.51954163125 0.41312176562499997
1 0.562340559375 0.616922365625 0.5607140953124999 0.6170360984375 0.5583460828125 0.6182317828125 0.5568747859375 0.620408684375 0.5504666453125 0.633791740625 0.5492721890625 0.64008349375 0.552669440625 0.6419199515625 0.554295903125 0.64180621875 0.5573936625 0.639515584375 0.5579548078125 0.6358537265625 0.565834728125 0.6203006484375 0.5657264859375 0.6187527046875 0.562340559375 0.616922365625
1 0.5140766125 0.42830548906250004 0.51651630625 0.42813488906249997 0.5281780796875 0.42007418437500005 0.52884746875 0.417960271875 0.5254610625 0.4161230546875 0.5230213671875 0.41629365468749996 0.5113487515624999 0.42435511875 0.5106906859375 0.426475153125 0.5140766125 0.42830548906250004
0 0.563017259375 0.64202596875 0.55565495 0.6433220046875 0.552647046875 0.6437812203125 0.550657503125 0.6455588171875 0.5507966078125001 0.648950478125 0.5528291078125 0.6505920078125 0.5594358781250001 0.6504895125 0.56642445 0.6513281953125001 0.5715087484375 0.6501776265625 0.5733302796874999 0.6489579375 0.57381648125 0.6473407718749999 0.5730867765625 0.64609899375 0.56577761875 0.6422339218750001 0.563017259375 0.64202596875
0 0.533681825 0.45328149843750004 0.5429390390625 0.45571063125 0.5462213499999999 0.45559172343750004 0.5505416000000001 0.454266440625 0.5521645875 0.45301223906250004 0.5519323734375 0.4504705234375 0.545687021875 0.446703896875 0.538378559375 0.44705594687500005 0.53474253125 0.44912842499999994 0.532753690625 0.45107189375 0.533681825 0.45328149843750004
2 0.46888637031249997 0.38851259374999997 0.46895853125000003 0.38954455625 0.4723444578125 0.39137489375 0.513002296875 0.3895688296875 0.522703309375 0.3883719625 0.5258015484375 0.386088209375 0.5257293875 0.3850562453125 0.5223434609375001 0.383225909375 0.497223096875 0.3854940875 0.4719846109375 0.3862288375 0.46888637031249997 0.38851259374999997
0 0.553043925 0.6176692390625 0.5524516968750001 0.6193283843749999 0.5534693875000001 0.6221954125 0.5560199890625 0.6234550421875 0.5666435125 0.623140803125 0.5683254875 0.622262715625 0.5710790078125 0.61925641875 0.5706922890625 0.6171541375 0.5680696328125 0.6159548515625 0.5571736265625 0.6159563015625 0.5546355671875001 0.6165900640624999 0.553043925 0.6176692390625
0 0.5419823375 0.5861641109375 0.5389266562499999 0.58718665 0.5360098625 0.5894162374999999 0.5353808124999999 0.590704634375 0.5367161734375 0.5928166296875 0.5416343796875001 0.5942771109375 0.5494521328124999 0.5946637484374999 0.5555694124999999 0.5934824265625 0.5613114078125 0.589271628125 0.5610311953125 0.5871342453125 0.558415534375 0.5858791640625001 0.5479007765625 0.585411496875 0.5419823375 0.5861641109375
0 0.553404390625 0.5519253234375 0.5509597015625001 0.551557028125 0.5439516625 0.5523097875 0.54108949375 0.5531390484375 0.5396589421875 0.5551195234375 0.5406213421875 0.5589099 0.5438442859375 0.561525934375 0.5482565703125 0.5622958875 0.5506697671875 0.56205800625 0.5591700171875 0.55755754375 0.5598335578125 0.5559832828125 0.5592655375 0.554716371875 0.557806903125 0.5538021015625 0.5551588609375 0.5533305000000001 0.553404390625 0.5519253234375
0 0.5352319203125 0.520792996875 0.5470767140625 0.5215824625 0.5536241656249999 0.5198525546874999 0.55557544375 0.5176835703125 0.553820278125 0.5140868984375 0.5506320796875 0.5130585156249999 0.5447177859375001 0.5134029484375 0.536266021875 0.5154803328125 0.5334309390625 0.5174760640625 0.5333685421875 0.5193885234375 0.5352319203125 0.520792996875
1 0.5523823265625001 0.5912233812500001 0.555599171875 0.590479934375 0.5718526484375 0.577963934375 0.5725107140625 0.5758439015625 0.5691247875000001 0.5740135640624999 0.5674983250000001 0.574127296875 0.5496653078125 0.5872722515625 0.5489964015625 0.58939304375 0.5523823265625001 0.5912233812500001
1 0.526881221875 0.5997333234375 0.528507684375 0.5996195906249999 0.54998955625 0.5919092046875 0.551425253125 0.5892232015625 0.5480388453125 0.587385984375 0.5464123812499999 0.58749971875 0.5249309921875 0.5952169828125 0.523484453125 0.59790374375 0.526881221875 0.5997333234375
1 0.57463235 0.5477516109375 0.559454721875 0.55243555 0.549789790625 0.554148396875 0.5466915515624999 0.5564321515625 0.5467637125 0.5574641140625001 0.5501496390625 0.5592944531249999 0.5525893328125 0.559123853125 0.575841509375 0.5533567781250001 0.58053013125 0.5504433109375 0.5804579703125 0.5494113484375001 0.5770612015625 0.54758176875 0.57463235 0.5477516109375
1 0.5408100078125 0.519068653125 0.536913721875 0.5333130749999999 0.5370214843750001 0.5348541375 0.540418734375 0.536690596875 0.542034353125 0.536577621875 0.5451429578125 0.5342862296875001 0.5497447125 0.518443878125 0.5496364687499999 0.5168959328125 0.5462397015625 0.5150663546875001 0.5446240796875 0.5151793296875 0.5408100078125 0.519068653125
0 0.5377368515625001 0.48727454375 0.5485629078125001 0.4898566796875 0.5510187375 0.48976099843750004 0.5550913000000001 0.48832168125 0.55725914375 0.48660075 0.5560610828125 0.482868334375 0.5499076171875 0.4804157421875 0.547313234375 0.480555678125 0.5376112921875 0.483453303125 0.53646965625 0.4853582703125 0.5377368515625001 0.48727454375
1 0.5442879359374999 0.557118734375 0.54842625625 0.5578663625 0.551524015625 0.555575728125 0.5505669421875 0.5535755499999999 0.5353128078125 0.5453229703125 0.53117496875 0.5445822203125 0.5280767281250001 0.546865975 0.529034284375 0.548873034375 0.5442879359374999 0.557118734375
1 0.5637956156249999 0.6494172640625 0.5913912734375 0.6474875875 0.5944895140625001 0.645203834375 0.5944173515625 0.6441718703125 0.5910314265625 0.6423415343750001 0.5634357671875 0.644271209375 0.560326684375 0.646555721875 0.560398846875 0.6475876859375 0.5637956156249999 0.6494172640625
1 0.5645732484375 0.6488512953125001 0.5652060750000001 0.646214521875 0.5618093046875 0.64438494375 0.5601828421875 0.6444986765625 0.5586393843749999 0.6456436140624999 0.557790071875 0.6451844999999999 0.5548361546875 0.6495321796875 0.54253023125 0.6602235375000001 0.541119771875 0.6634262796875 0.544516540625 0.6652558578125001 0.5485001734375 0.6639472 0.55300839375 0.6584538234374999 0.5600284671875 0.6538218109375 0.5599567859375 0.652796728125 0.5645732484375 0.6488512953125001
1 0.5473410984375 0.519130459375 0.5741235234375 0.51725765 0.5772321265625 0.5149662562499999 0.577159965625 0.5139342953125 0.5737631953125 0.512104715625 0.5469807703125 0.5139775249999999 0.5438825296875 0.51626128125 0.5439546921875 0.5172932421875001 0.5473410984375 0.519130459375
1 0.58109456875 0.6052616093750001 0.5777081625 0.6034243921875 0.5760816984375 0.6035381265625 0.574527396875 0.6046838218749999 0.5736889281249999 0.60422395 0.5699109375 0.6086292546875 0.566776615625 0.6103970265625 0.5615273265625 0.6169792328125 0.56011686875 0.6201819765625001 0.5635136390625 0.6220115546875 0.567497271875 0.6207028953125 0.5742652609375 0.6124658921874999 0.580461259375 0.6078915046875 0.58109456875 0.6052616093750001
1 0.5714583453125 0.47914382343749995 0.560203034375 0.481486384375 0.549616628125 0.48170815468750006 0.54651886875 0.48399878906250005 0.54659055 0.485023871875 0.54997695625 0.4868610890625 0.5548815828125 0.487036628125 0.5750716 0.4840692921875 0.578169840625 0.48178553749999997 0.5780976796874999 0.48075357500000004 0.574711271875 0.47891635781249997 0.5714583453125 0.47914382343749995
1 0.5514230140625 0.4841674484375 0.5480370890625 0.4823371109375 0.546410625 0.48245084374999997 0.544856325 0.48359654062499996 0.5440070125 0.48313742656249997 0.5310425421875 0.49594193750000004 0.5278978578125 0.49771734843750004 0.52727539375 0.5003464859375 0.5306618000000001 0.5021837015624999 0.533831721875 0.50092503125 0.5346810343749999 0.5013841453125 0.5415211859375 0.494179103125 0.5507901875 0.48680422187500005 0.5514230140625 0.4841674484375
1 0.5231296109375 0.4178415984375 0.526526378125 0.4196711765625 0.5511933578125 0.4226059203125 0.553633053125 0.42243532031250003 0.5567308125 0.42014468593750004 0.55665913125 0.41911960312499996 0.553272725 0.4172823859375 0.52616653125 0.41452512343750003 0.5230574484375 0.41680963593750003 0.5231296109375 0.4178415984375
2 0.552806390625 0.5156372640625 0.5494204640625 0.513806925 0.5461675390625 0.5140343921875 0.516322953125 0.5187069375 0.4854382890625 0.5203481 0.4823405296875 0.5226387328125 0.48241269062500003 0.5236706953125 0.4857986171875 0.5255010343750001 0.49232970624999994 0.5255628390625 0.5174965125 0.5238030046875 0.5344696843750001 0.5215791171874999 0.5497807921875 0.518959859375 0.5528785515625 0.516669225 0.552806390625 0.5156372640625
2 0.5456605578125 0.4483511359375 0.5262111296875001 0.4502227625 0.5050388 0.45067318125 0.47235859218750004 0.449854290625 0.45922424843750004 0.44869871562499997 0.4561264890625 0.45098935000000007 0.45619817031250004 0.45201443281250003 0.45958457812500003 0.45385165 0.476809834375 0.4552327515625 0.488209471875 0.454954115625 0.49805432656250004 0.45581429531250006 0.5265714578125 0.455375696875 0.5460204046875 0.45349718906250003 0.5491186453125 0.45121343593749996 0.5490464828125 0.450181471875 0.5456605578125 0.4483511359375
2 0.5302218453124999 0.41424154687500003 0.5138815015625 0.4138286625 0.4960229375 0.41507745625 0.4721944265625 0.4126025859375 0.4690966671875 0.4148932203125 0.4691683484375 0.41591830312500006 0.4725547546875 0.4177555203125 0.48409823437500005 0.419533928125 0.496383265625 0.420230390625 0.5142418296875 0.418981596875 0.527339609375 0.4196143109375 0.5305816937500001 0.41938760156250005 0.533679934375 0.417103846875 0.5336077718750001 0.416071884375 0.5302218453124999 0.41424154687500003