0 0.4742578125 0.7846959703125 0.470634765625 0.7821465203125 0.46487304687500003 0.779706959375 0.456435546875 0.78022710625 0.45285156249999997 0.7819926734375 0.45187499999999997 0.7857582421875 0.45314453125 0.7878021984375 0.461376953125 0.7919633703125 0.467529296875 0.7926959703125 0.4693359375 0.79241025625 0.47169921875 0.7915164828125001 0.47392578125 0.7897655671875 0.47503906249999994 0.7868351640625 0.4742578125 0.7846959703125
2 0.43158203124999994 0.7840952375 0.425390625 0.7822344328125 0.42291015625000006 0.7840952375 0.42291015625000006 0.785018315625 0.42724609375 0.7882710625 0.43095703125 0.7887399265624999 0.45015625000000004 0.7892014656249999 0.45944335937499997 0.7882710625 0.463779296875 0.7868791203125001 0.469970703125 0.7892014656249999 0.47244140625000003 0.7873406593750001 0.4712109375 0.785018315625 0.4625390625 0.78177289375 0.458203125 0.7836263734375 0.45015625000000004 0.7845567765625 0.43158203124999994 0.7840952375
1 0.46749023437500004 0.7529670328125 0.46749023437500004 0.7571501828125 0.469345703125 0.7599413921875 0.469970703125 0.764117215625 0.47244140625000003 0.765978021875 0.473681640625 0.765978021875 0.476162109375 0.764117215625 0.475537109375 0.7590109890625001 0.473681640625 0.7562197796875 0.473681640625 0.75250549375 0.469970703125 0.7418241765625 0.46749023437500004 0.7399633703124999 0.46624999999999994 0.7399633703124999 0.463779296875 0.7418241765625 0.463779296875 0.7432161171875 0.46749023437500004 0.7529670328125
1 0.463779296875 0.738571428125 0.46624999999999994 0.7404249078125 0.468115234375 0.7404249078125 0.473681640625 0.738571428125 0.4879296875 0.736249084375 0.49040039062499996 0.734388278125 0.49040039062499996 0.733457875 0.4879296875 0.7316043953125 0.486064453125 0.7316043953125 0.46749023437500004 0.73531868125 0.463779296875 0.7376410250000001 0.463779296875 0.738571428125
0 0.46416015625 0.734520146875 0.458095703125 0.7404029296875 0.458095703125 0.7443956046875 0.45986328125 0.74581685 0.468974609375 0.7482857140625 0.47200195312500004 0.7480805859374999 0.47423828125 0.7459633703125 0.475390625 0.74258608125 0.475146484375 0.7411721609375 0.47328125 0.7388937734375001 0.47297851562500004 0.7373260078125 0.47078125000000004 0.7351501828125 0.46794921875 0.73413186875 0.46416015625 0.734520146875
1 0.46624999999999994 0.818930403125 0.46873046875 0.820791209375 0.469970703125 0.820791209375 0.47244140625000003 0.818930403125 0.47244140625000003 0.8170695968749999 0.46687500000000004 0.793846153125 0.46624999999999994 0.7836263734375 0.463779296875 0.78177289375 0.4625390625 0.78177289375 0.46005859375 0.7836263734375 0.46068359374999995 0.79431501875 0.46624999999999994 0.818930403125
1 0.4712109375 0.70140659375 0.473681640625 0.7032674 0.48173828125 0.7028058609375 0.49535156249999995 0.7037289375 0.503408203125 0.7051282046875 0.50587890625 0.7051282046875 0.5083593750000001 0.7032674 0.5083593750000001 0.702336996875 0.50587890625 0.7004835171875 0.503408203125 0.7000146515625 0.47677734374999997 0.698161171875 0.473681640625 0.6986227109375001 0.4712109375 0.7004835171875 0.4712109375 0.70140659375
0 0.45479492187500004 0.70322344375 0.46061523437499996 0.7062564109375 0.46814453125 0.7058168499999999 0.4747265625 0.7062710625 0.4766796875 0.7055091578125 0.478876953125 0.7031941390625 0.47861328125 0.6993553109375 0.47453124999999996 0.6968058609375001 0.47257812499999996 0.696520146875 0.46926757812500003 0.6971941390625 0.46500976562499996 0.6964249078125 0.462265625 0.6952454218749999 0.457783203125 0.695794871875 0.45531249999999995 0.69618315 0.45380859375 0.6974139187499999 0.45360351562499995 0.7017142859375001 0.45479492187500004 0.70322344375
2 0.43653320312500005 0.70140659375 0.43653320312500005 0.702336996875 0.439013671875 0.7041978015625 0.45201171875 0.7041978015625 0.45944335937499997 0.702336996875 0.46687500000000004 0.7037289375 0.4712109375 0.7037289375 0.474921875 0.7032674 0.47740234375 0.70140659375 0.47740234375 0.7004835171875 0.474921875 0.6986227109375001 0.46749023437500004 0.6990842484375 0.458203125 0.6976923078125 0.451396484375 0.6995531140625 0.439013671875 0.6995531140625 0.43653320312500005 0.70140659375
1 0.46501953125 0.6735384609375 0.46501953125 0.6763296703125 0.46687500000000004 0.679113553125 0.469970703125 0.68004395625 0.47244140625000003 0.67818315 0.4712109375 0.672608059375 0.468115234375 0.6665714281249999 0.46439453124999996 0.6554212453125 0.46192382812500005 0.653567765625 0.46068359374999995 0.653567765625 0.458203125 0.6554212453125 0.458203125 0.6568131875 0.46501953125 0.6735384609375
1 0.4458203125 0.6456703296875 0.44891601562499994 0.6470622703125 0.45386718750000005 0.653567765625 0.456962890625 0.6544908421875 0.45944335937499997 0.6526373624999999 0.457587890625 0.6479926734375 0.45573242187499996 0.6470622703125 0.45386718750000005 0.6438095234375 0.45201171875 0.6433479859375 0.445205078125 0.6382344328125 0.44210937499999997 0.6373040296875 0.43962890625 0.6391648359375 0.44024414062500006 0.641025640625 0.4458203125 0.6456703296875
0 0.474033203125 0.6599926734375 0.47513671874999996 0.6581245421874999 0.47503906249999994 0.6559047625 0.47177734375 0.6525934062500001 0.4677734375 0.6524249078125 0.463720703125 0.6513846156249999 0.45904296875000006 0.6485787546874999 0.456171875 0.648380953125 0.452216796875 0.6500732593749999 0.451640625 0.6532893765625001 0.45257812499999994 0.6561245421875 0.45736328125 0.6591282046875 0.459873046875 0.6608937734375 0.469462890625 0.662293040625 0.471796875 0.6615750921875 0.474033203125 0.6599926734375
2 0.45573242187499996 0.65495970625 0.45510742187500003 0.6554212453125 0.442724609375 0.6568131875 0.4328125 0.6568131875 0.43034179687499996 0.6586739921875 0.43034179687499996 0.6596043953125 0.4328125 0.6614652015625 0.44333984375 0.6614652015625 0.457587890625 0.660065934375 0.46068359374999995 0.6596043953125 0.46192382812500005 0.6586739921875 0.4625390625 0.6591428578125 0.46439453124999996 0.6563516484374999 0.463779296875 0.6544908421875 0.458828125 0.6507765562500001 0.45573242187499996 0.649846153125 0.453251953125 0.651706959375 0.45386718750000005 0.653567765625 0.45573242187499996 0.65495970625
1 0.46501953125 0.6340586078125 0.46749023437500004 0.6442783875 0.469345703125 0.6484542125 0.471826171875 0.65031501875 0.47306640624999996 0.65031501875 0.475537109375 0.6484542125 0.475537109375 0.6470622703125 0.47244140625000003 0.6405567765625 0.4712109375 0.63358974375 0.46624999999999994 0.62104761875 0.463779296875 0.6112967031250001 0.461298828125 0.609435896875 0.46005859375 0.609435896875 0.457587890625 0.6112967031250001 0.45944335937499997 0.619655678125 0.46501953125 0.6340586078125
1 0.46192382812500005 0.6099047625 0.46068359374999995 0.61222710625 0.463154296875 0.6140805859375 0.46439453124999996 0.6140805859375 0.49659179687500005 0.6006080593750001 0.5046484375 0.59550183125 0.50587890625 0.59550183125 0.505263671875 0.59504029375 0.5065039062500001 0.5931794874999999 0.5040234375 0.59131868125 0.502783203125 0.59131868125 0.48483398437499997 0.6006080593750001 0.463779296875 0.608974359375 0.46192382812500005 0.6099047625
0 0.45036132812499996 0.6158021984375 0.455341796875 0.6184615390625 0.45712890625 0.6188205124999999 0.46109375 0.6185054937500001 0.46775390625 0.6159706953125 0.46935546875 0.6118095234375 0.4679296875 0.60949450625 0.464111328125 0.607472528125 0.46087890624999994 0.60658608125 0.456904296875 0.6067838828125 0.45389648437499996 0.6077289375 0.451884765625 0.608344321875 0.44925781249999996 0.610754578125 0.44893554687500004 0.6138681312500001 0.45036132812499996 0.6158021984375
2 0.43653320312500005 0.61222710625 0.43405273437499997 0.6140805859375 0.43405273437499997 0.6150109890625 0.43653320312500005 0.6168717953125 0.44953125 0.6164029296875 0.45386718750000005 0.6145494499999999 0.46439453124999996 0.6140805859375 0.46687500000000004 0.61222710625 0.46687500000000004 0.6112967031250001 0.46439453124999996 0.609435896875 0.458828125 0.609435896875 0.453251953125 0.6099047625 0.44891601562499994 0.6117582421875001 0.43653320312500005 0.61222710625
1 0.4625390625 0.5662344328125 0.469345703125 0.5690256406249999 0.47244140625000003 0.5713479859375 0.47925781250000005 0.57413186875 0.48978515624999996 0.5801758234375 0.5065039062500001 0.5866739921875 0.5077441406250001 0.5866739921875 0.51021484375 0.5848205125 0.5089746093749999 0.58249816875 0.49349609375 0.5764542125000001 0.48296875000000006 0.5704175828125 0.476162109375 0.5676337 0.47306640624999996 0.5653113546874999 0.468115234375 0.56345055 0.46749023437500004 0.5625201468750001 0.46439453124999996 0.5620586078125 0.46192382812500005 0.5639120875 0.463154296875 0.56577289375 0.4625390625 0.5662344328125
1 0.44210937499999997 0.539296703125 0.44396484375 0.5448717953125 0.44953125 0.55323076875 0.45262695312499995 0.5597362640625 0.45634765625 0.5611282046875 0.458828125 0.5592674 0.458203125 0.5569450546875 0.44953125 0.5430109890625 0.44830078125000006 0.5388278390625 0.44210937499999997 0.5295384609375 0.439013671875 0.528615384375 0.43653320312500005 0.5304688640624999 0.43653320312500005 0.5313992671875 0.44210937499999997 0.539296703125
0 0.468818359375 0.5702637359375 0.47044921874999995 0.5691282046875 0.472509765625 0.5659194140625 0.471552734375 0.56140659375 0.46759765625 0.5589890109375 0.46041992187499997 0.5562783875 0.456201171875 0.55550183125 0.45224609375 0.5566446890625001 0.450390625 0.5580512828125 0.45015625000000004 0.5600146515625 0.453955078125 0.5639706953125 0.456142578125 0.5676483515624999 0.45792968749999996 0.568754578125 0.46056640625 0.5690622703125 0.46365234375000003 0.5708205125 0.468818359375 0.5702637359375
2 0.453251953125 0.5601978015625 0.457587890625 0.5625201468750001 0.456962890625 0.5629890109375 0.434677734375 0.56577289375 0.432197265625 0.5676337 0.432197265625 0.5685567765624999 0.434677734375 0.5704175828125 0.4371484375 0.5704175828125 0.45386718750000005 0.5676337 0.46563476562500006 0.566703296875 0.468115234375 0.564842490625 0.46749023437500004 0.5625201468750001 0.461298828125 0.5592674 0.458203125 0.5564835171875 0.45510742187500003 0.5560146515625 0.45262695312499995 0.5578754578125 0.45262695312499995 0.5588058609375001 0.453251953125 0.5601978015625
1 0.457587890625 0.5174652015625 0.46005859375 0.5193186812499999 0.461298828125 0.5193186812499999 0.463779296875 0.5174652015625 0.463779296875 0.49470329687500003 0.4625390625 0.4877362640625 0.46005859375 0.48587545781249997 0.458828125 0.48587545781249997 0.45634765625 0.4877362640625 0.458203125 0.5039926734375 0.457587890625 0.5174652015625
1 0.43034179687499996 0.5146739921875 0.44830078125000006 0.517926740625 0.45573242187499996 0.520249084375 0.457587890625 0.520249084375 0.46005859375 0.5183956046875 0.46005859375 0.5174652015625 0.45634765625 0.5151428578125 0.43034179687499996 0.5100293046875 0.427861328125 0.511890109375 0.427861328125 0.5128205125 0.43034179687499996 0.5146739921875
0 0.45360351562499995 0.5214871796875 0.455322265625 0.5220366296875001 0.45895507812499997 0.5220146515625 0.46048828124999996 0.5238241765625 0.46288085937499995 0.5245347984375 0.467021484375 0.5236337 0.470283203125 0.5217875453125 0.4715625 0.518476190625 0.469189453125 0.514564103125 0.460849609375 0.5111428578125 0.4583203125 0.5116263734375 0.45557617187500005 0.51367765625 0.4528125 0.5144102562499999 0.45154296875 0.51618315 0.45216796875 0.5198754578125 0.45360351562499995 0.5214871796875
2 0.4371484375 0.5193186812499999 0.4371484375 0.520249084375 0.43962890625 0.522109890625 0.44210937499999997 0.522109890625 0.46068359374999995 0.5193186812499999 0.46624999999999994 0.520249084375 0.46873046875 0.5183956046875 0.46873046875 0.5174652015625 0.46624999999999994 0.5156043953125 0.46005859375 0.5146739921875 0.450771484375 0.5165347984374999 0.43962890625 0.5174652015625 0.4371484375 0.5193186812499999
1 0.46563476562500006 0.46032967031250005 0.46563476562500006 0.46126007343750003 0.468115234375 0.463113553125 0.488544921875 0.4626520140625 0.498447265625 0.4617216125 0.500927734375 0.45986813125000003 0.500927734375 0.4589377296875 0.498447265625 0.45707692343749995 0.49288085937500004 0.45707692343749995 0.4879296875 0.4580073265625 0.468115234375 0.4584688640625 0.46563476562500006 0.46032967031250005
1 0.458828125 0.4733333328125 0.458828125 0.48819780156250003 0.45944335937499997 0.49052014687499995 0.46192382812500005 0.49238095312499996 0.463154296875 0.49238095312499996 0.46563476562500006 0.49052014687499995 0.46501953125 0.4733333328125 0.46687500000000004 0.467296703125 0.46687500000000004 0.46126007343750003 0.46439453124999996 0.4593992671875 0.463154296875 0.4593992671875 0.46068359374999995 0.46126007343750003 0.46068359374999995 0.4668351640625 0.458828125 0.4733333328125
0 0.47249023437500004 0.45750183125 0.47009765625 0.456564103125 0.465966796875 0.45758241718750003 0.462470703125 0.45734798593750003 0.4591015625 0.455934065625 0.45615234375 0.456542125 0.45228515625 0.46095238125 0.45456054687499997 0.4668717953125 0.45648437499999994 0.4677216125 0.464619140625 0.468842490625 0.466748046875 0.4684175828125 0.46825195312499995 0.467208790625 0.47021484375 0.46649084218750003 0.473681640625 0.46353846093750006 0.47444335937500004 0.4607399265625 0.47249023437500004 0.45750183125
2 0.43034179687499996 0.4645128203125 0.43034179687499996 0.46543589687500003 0.4328125 0.467296703125 0.43591796875 0.467296703125 0.45262695312499995 0.4659047625 0.468115234375 0.4635824171875 0.47244140625000003 0.46126007343750003 0.47244140625000003 0.46032967031250005 0.469970703125 0.4584688640625 0.468115234375 0.4584688640625 0.45201171875 0.46126007343750003 0.4328125 0.4626520140625 0.43034179687499996 0.4645128203125
1 0.46501953125 0.408300365625 0.46501953125 0.41712820468749995 0.46749023437500004 0.41898901093749996 0.46873046875 0.41898901093749996 0.4712109375 0.41712820468749995 0.4712109375 0.40876923125 0.47306640624999996 0.3966886453125 0.47306640624999996 0.3892600734375 0.4705859375 0.3873992671875 0.469345703125 0.3873992671875 0.46687500000000004 0.3892600734375 0.46687500000000004 0.3966886453125 0.46501953125 0.408300365625
1 0.471826171875 0.420380953125 0.475537109375 0.42549450625 0.479873046875 0.429208790625 0.486064453125 0.4380293046875 0.4873046875 0.44128205156250006 0.49102539062500006 0.4454652015625 0.49412109375 0.44639560468750006 0.49659179687500005 0.4445347984375 0.49659179687500005 0.4436043953125 0.49288085937500004 0.439428571875 0.49040039062499996 0.4338534796875 0.48483398437499997 0.42641758281250003 0.48049804687500003 0.42270329687499997 0.47740234375 0.4180586078125 0.473681640625 0.4157362640625 0.47306640624999996 0.414344321875 0.469970703125 0.4138754578125 0.46749023437500004 0.4157362640625 0.468115234375 0.4180586078125 0.471826171875 0.420380953125
0 0.46161132812499994 0.423113553125 0.46537109374999996 0.42241025624999995 0.4698828125 0.4233040296875 0.472080078125 0.423069596875 0.476513671875 0.4194212453125 0.47728515624999995 0.41808058593749997 0.47619140625 0.4144615390625 0.47371093750000004 0.4121978015625 0.47198242187500006 0.4115750921875 0.46512695312499996 0.411750915625 0.46285156250000004 0.41370695937499996 0.45975585937499996 0.4140293046875 0.457958984375 0.41567765625 0.45573242187499996 0.4173040296875 0.45562500000000006 0.42058608125 0.45736328125 0.4220293046875 0.46161132812499994 0.423113553125
2 0.44891601562499994 0.4166666671875 0.434677734375 0.4166666671875 0.432197265625 0.418520146875 0.432197265625 0.41945055 0.434677734375 0.42131135468750003 0.44953125 0.42131135468750003 0.45386718750000005 0.420380953125 0.46068359374999995 0.42131135468750003 0.463779296875 0.4199194140625 0.4705859375 0.418520146875 0.47430664062499994 0.4161978015625 0.47430664062499994 0.415274725 0.471826171875 0.41341391875 0.469970703125 0.41341391875 0.46005859375 0.4166666671875 0.45634765625 0.4157362640625 0.44891601562499994 0.4166666671875
1 0.468115234375 0.3711428578125 0.486064453125 0.3767179484375 0.49102539062500006 0.37950183125 0.5015527343749999 0.38322344375 0.50587890625 0.3864688640625 0.5077441406250001 0.3864688640625 0.51021484375 0.384615384375 0.509599609375 0.38229304062499997 0.5077441406250001 0.3818241765625 0.5046484375 0.37904029375000003 0.49535156249999995 0.3762564109375 0.49040039062499996 0.3734652015625 0.47925781250000005 0.3692820515625 0.46749023437500004 0.3660366296875 0.46501953125 0.367890109375 0.46501953125 0.36882051250000003 0.468115234375 0.3711428578125
1 0.46192382812500005 0.3511721609375 0.46192382812500005 0.36510622656249997 0.46439453124999996 0.37021245468749997 0.46624999999999994 0.3711428578125 0.46749023437500004 0.3711428578125 0.469970703125 0.3692820515625 0.468115234375 0.3646373625 0.468115234375 0.3511721609375 0.4705859375 0.33863003593749996 0.4705859375 0.3344468859375 0.468115234375 0.33258608125 0.46687500000000004 0.33258608125 0.46439453124999996 0.3344468859375 0.463779296875 0.343274725 0.46192382812500005 0.3511721609375
0 0.453857421875 0.3749450546875 0.45602539062499997 0.3755970703125 0.46150390625000004 0.3751282046875 0.4644921875 0.375846153125 0.47060546875 0.3757289375 0.47295898437500006 0.3747326 0.474951171875 0.370336996875 0.47393554687500006 0.36723076875 0.472763671875 0.3660293046875 0.46919921875000004 0.3641465203125 0.46373046875 0.364021978125 0.46126953125 0.36468131875 0.45992187500000004 0.366300365625 0.45633789062499996 0.366344321875 0.45248046875 0.3695164828125 0.45247070312500004 0.3731941390625 0.453857421875 0.3749450546875
2 0.4544921875 0.369750915625 0.451396484375 0.367890109375 0.43962890625 0.367428571875 0.4371484375 0.3692820515625 0.4371484375 0.37021245468749997 0.43962890625 0.372073259375 0.44953125 0.3725347984375 0.453251953125 0.3748571421875 0.4544921875 0.3748571421875 0.458828125 0.3730036625 0.46687500000000004 0.372073259375 0.469970703125 0.369750915625 0.4712109375 0.369750915625 0.4705859375 0.3692820515625 0.471826171875 0.367428571875 0.469345703125 0.365567765625 0.468115234375 0.365567765625 0.463779296875 0.367890109375 0.457587890625 0.368358975 0.4544921875 0.369750915625
3 0.44767578124999996 0.3809010984375 0.44891601562499994 0.44128205156250006 0.4458203125 0.463113553125 0.4458203125 0.46636629999999996 0.44891601562499994 0.4700805859375 0.44830078125000006 0.498886446875 0.44953125 0.5081758234375 0.44953125 0.5128205125 0.446435546875 0.522571428125 0.44891601562499994 0.547655678125 0.446435546875 0.5778534796875 0.446435546875 0.613619046875 0.44830078125000006 0.63777289375 0.44767578124999996 0.67167765625 0.44891601562499994 0.6935164828125 0.44706054687499996 0.7041978015625 0.44706054687499996 0.733457875 0.44830078125000006 0.746 0.44706054687499996 0.75250549375 0.44396484375 0.7590109890625001 0.44396484375 0.76086446875 0.44706054687499996 0.768300365625 0.44891601562499994 0.7789816843749999 0.44891601562499994 0.7868791203125001 0.445205078125 0.8026739921875 0.445205078125 0.8054578749999999 0.44830078125000006 0.80731868125 0.450771484375 0.8068498171874999 0.45262695312499995 0.8054578749999999 0.45634765625 0.7873406593750001 0.45634765625 0.7789816843749999 0.45510742187500003 0.7710842484375 0.451396484375 0.7599413921875 0.4544921875 0.753435896875 0.45573242187499996 0.746 0.4544921875 0.733457875 0.4544921875 0.7041978015625 0.45634765625 0.6935164828125 0.45634765625 0.6846886453125001 0.45510742187500003 0.6712161171875 0.45573242187499996 0.63777289375 0.45386718750000005 0.6131501828125 0.45386718750000005 0.57831501875 0.45634765625 0.547655678125 0.45386718750000005 0.52304029375 0.456962890625 0.5132820515625001 0.456962890625 0.5081758234375 0.45573242187499996 0.498886446875 0.45634765625 0.4686886453125 0.453251953125 0.46497435937500003 0.453251953125 0.463113553125 0.45634765625 0.44128205156250006 0.45510742187500003 0.3809010984375 0.458203125 0.36278388281249996 0.458203125 0.3544175828125 0.457587890625 0.346527471875 0.45573242187499996 0.3451282046875 0.453251953125 0.3446666671875 0.45015625000000004 0.346527471875 0.450771484375 0.36231501875 0.44767578124999996 0.3809010984375
2 0.458203125 0.73950183125 0.45573242187499996 0.7404249078125 0.45262695312499995 0.73950183125 0.439013671875 0.73950183125 0.43653320312500005 0.7413553109375 0.43653320312500005 0.7422857140625 0.439013671875 0.7441465203125001 0.442724609375 0.744608059375 0.469970703125 0.744608059375 0.47244140625000003 0.742754578125 0.47244140625000003 0.7418241765625 0.469345703125 0.7367106234375 0.46624999999999994 0.7357802203125 0.463779296875 0.7376410250000001 0.463779296875 0.7399633703124999 0.458203125 0.73950183125
1 0.450771484375 0.7232380953125 0.450771484375 0.7241684984375001 0.453251953125 0.7260293046874999 0.45634765625 0.7250989015625 0.47244140625000003 0.7018754578124999 0.47244140625000003 0.7009450546875 0.469970703125 0.6990842484375 0.46873046875 0.6990842484375 0.46687500000000004 0.7000146515625 0.456962890625 0.7153479859375 0.450771484375 0.7232380953125