0 0.5941799999999999 0.6237499484375 0.58716255625 0.622577278125 0.5853515015624999 0.6215071859375 0.581390009375 0.62039260625 0.5781615875 0.6204353140625 0.573973184375 0.6182133984375 0.5695395000000001 0.6181630078125 0.5647874640625 0.619488434375 0.563799184375 0.6221481078125 0.5647243 0.62426208125 0.5700152546874999 0.6280220796875 0.5795581578125 0.629748784375 0.5833216734375 0.6285642296875 0.5865309203125 0.6290253609375 0.59078918125 0.62885295625 0.594660984375 0.6280903109375 0.5963017359375 0.6271574078125 0.5964020421875 0.6252974140625 0.5941799999999999 0.6237499484375
1 0.5769253 0.585478078125 0.577048496875 0.5844747171875 0.5737929046875 0.5820441046875 0.5720370234375001 0.581828509375 0.561215140625 0.5830429171875 0.54001270625 0.58196426875 0.534448690625 0.583818165625 0.53432549375 0.584821525 0.537581084375 0.5872521390625 0.54020965 0.5875748859375001 0.5473965749999999 0.586932646875 0.5614838265625 0.58815615 0.5677368375 0.5879054359375 0.5749849921875 0.5867645203125 0.5769253 0.585478078125
1 0.5765710890625 0.5666322078125 0.574407415625 0.577039315625 0.57397733125 0.5805420671875 0.5772329234375 0.58297268125 0.57898880625 0.583188275 0.5827357109375 0.5816174609375 0.584038478125 0.5782218625 0.5853294671875 0.5677076015625 0.5820738750000001 0.5652769906249999 0.58031799375 0.5650613953125 0.5765710890625 0.5666322078125
0 0.60676190625 0.5847321734375 0.6082139609375 0.5840322453125 0.608842571875 0.582737215625 0.607547253125 0.5809437109375 0.6045580515625 0.5798204421875 0.5917079484375 0.5774742078124999 0.5892738109375 0.5774802703125 0.5829510296875 0.575691540625 0.5809985234374999 0.5758604171874999 0.5794392968750001 0.5766508640625 0.57443875 0.5759148984375 0.5725004453125 0.5760550265625 0.5694129953125 0.5780788328125 0.56885669375 0.5794803234375 0.56702096875 0.5805234593749999 0.5660977859375 0.58239219375 0.5662806828125 0.5867264515625 0.5692549828125 0.5896226203125 0.573993971875 0.5905765171875 0.57632019375 0.5903193546875001 0.5800176578125 0.5884558296875 0.5858583828125 0.5874775343749999 0.5893164265624999 0.585999325 0.59525768125 0.584984584375 0.6021786359375 0.5852915828125 0.60676190625 0.5847321734375
2 0.49299364375000004 0.56653676875 0.4892467390625 0.5681075812499999 0.4891235421875 0.5691109437499999 0.49237913437499997 0.5715415546875 0.5712255703125 0.5812226796875 0.5769253 0.585478078125 0.579553865625 0.585800825 0.5833007703125 0.5842300109375 0.5827357109375 0.5816174609375 0.5801683765625001 0.5807960375000001 0.5744686453125001 0.576540640625 0.49299364375000004 0.56653676875
1 0.58165970625 0.662787484375 0.573835240625 0.661320565625 0.5700883359375 0.6628913812499999 0.5699651390625 0.663894740625 0.57491464375 0.6670456328125 0.5846076734375 0.6677234953125 0.5911780859375 0.66497468125 0.5913012828124999 0.663971321875 0.5880351765625 0.6615394171875 0.586289809375 0.6613251124999999 0.58165970625 0.662787484375
1 0.5700883359375 0.6628913812499999 0.5745340109375 0.662931046875 0.579276796875 0.6604640234375 0.5866586625 0.6583210390625001 0.5956626984375 0.6573957187499999 0.599471571875 0.6553202203125 0.602161365625 0.655144290625 0.6022845625000001 0.6541409296875 0.6109079656249999 0.6491010234375 0.611030425 0.6481036703124999 0.607774834375 0.6456730578125 0.6060189515625 0.6454574625 0.6041406109375 0.64623921875 0.6033291578125 0.6456333921875 0.603205959375 0.6466367515625 0.5918315328125 0.6523512640625 0.581892846875 0.6536741171875 0.5808871890625 0.6545630265625 0.5754561453125 0.6554208609375001 0.570702846875 0.6578865921875 0.56801305 0.658062521875 0.56683274375 0.6604607671875 0.5700883359375 0.6628913812499999
1 0.57498711875 0.5578019234375 0.582861034375 0.551651503125 0.5875418531250001 0.5496891640625 0.5906012390625001 0.546503153125 0.5932172875 0.539713246875 0.5899616953125 0.537282634375 0.5882058156250001 0.5370670390625001 0.584458909375 0.538637853125 0.5809082109375 0.5458252906250001 0.5762168765625 0.5477863390625 0.5721623484375 0.5518625515625 0.568404190625 0.5534380828125001 0.5630468937499999 0.56090989375 0.5628624656250001 0.56241193125 0.5661180578125 0.56484254375 0.567873940625 0.5650581390625 0.5716208453125 0.563487325 0.57498711875 0.5578019234375
1 0.586253728125 0.53123481875 0.5758890859375 0.5142091875 0.5716376125 0.5126747843749999 0.5678907078125001 0.5142455984375001 0.5684557671875 0.5168581484375 0.576796578125 0.5285489453125 0.5788718625 0.5333778031249999 0.5805665140625 0.534092075 0.5820147718750001 0.53681306875 0.582948684375 0.5364215453125001 0.586327475 0.537848796875 0.5900848937500001 0.536279271875 0.5895093203124999 0.5336654328125 0.586253728125 0.53123481875
0 0.61121128125 0.535195734375 0.6000265 0.5335418749999999 0.5970454140625 0.5323525140625 0.591969603125 0.5315341234375001 0.58869083125 0.53189998125 0.585336409375 0.5313173453125 0.5817381640625 0.5321989609375 0.579951709375 0.5341446609375 0.5802865500000001 0.536198353125 0.579372959375 0.53798898125 0.5813382484375 0.5402367703125 0.587312078125 0.544172096875 0.5902435374999999 0.544983340625 0.59474195625 0.5444196109375 0.5965046328125 0.5432760234375 0.5977773562500001 0.5409074203124999 0.611826371875 0.539747725 0.6136145109375 0.5389183 0.614153659375 0.5375695921875 0.613247375 0.536171484375 0.61121128125 0.535195734375
0 0.620076115625 0.4955934875 0.6203288 0.49440476875000006 0.618966878125 0.49202370625 0.615227459375 0.49014356093749994 0.61164874375 0.4899968875 0.6087158015624999 0.48885003125 0.6035785828125 0.4887925421875 0.6016290343749999 0.48928501406249997 0.5996621515625 0.49009249375 0.598030275 0.49199618593750005 0.5997419328125 0.49431041093749994 0.59951766875 0.49613688749999996 0.6006479062500001 0.4983187375 0.6049685734375 0.5009411125 0.6086696015624999 0.50174316875 0.6129479671875 0.5014939468749999 0.61623999375 0.4999770578125 0.616791309375 0.49835540468749995 0.6185023453125 0.49763238750000005 0.620076115625 0.4955934875
2 0.6021768625 0.48847406250000003 0.591662603125 0.487183075 0.5074358390625 0.477859815625 0.5003721125 0.47749869375 0.4966146921875 0.479068215625 0.4964914953125 0.4800715765625 0.49975760156250004 0.4825034796875 0.5998064703125 0.49326325468750004 0.607384540625 0.4967368953125 0.6091404218750001 0.496952490625 0.612887328125 0.49538167499999997 0.6114390703125 0.49266068281250003 0.6021768625 0.48847406250000003
1 0.6199296249999999 0.45254287812499994 0.6166635171875 0.45011097343750006 0.61491815 0.4498966703125 0.61116073125 0.45146619374999997 0.611551878125 0.455582071875 0.6063072640625 0.46204923124999997 0.6005093687499999 0.4730225015625 0.5998328921875 0.47853197343750004 0.6030989984375 0.48096387656250006 0.6048443640625 0.48117818124999995 0.608601784375 0.4796086578125 0.6104578328125 0.4717069484375 0.6202490265625 0.4571561421875 0.6199296249999999 0.45254287812499994
1 0.6134698937499999 0.4471756765625 0.610902559375 0.446354253125 0.6043815984375 0.4414857296875 0.603693340625 0.4398765390625 0.59642215625 0.433903509375 0.593412221875 0.42947218437499995 0.5924783078125 0.429863709375 0.5890897421875 0.42842915625 0.5853421 0.4300059796875 0.5852196390625 0.43100333125 0.590611746875 0.43776412656249997 0.6011482984375001 0.44617506875 0.6018372921874999 0.44777825 0.604403890625 0.44860568125 0.60596483125 0.45032202187500003 0.6102880484375001 0.45135904218749995 0.614034953125 0.4497882265625 0.6125352421875 0.44757320937499995 0.6134698937499999 0.4471756765625
0 0.6260619921874999 0.452057796875 0.6265974515625 0.45073913125000004 0.6248828515625 0.44879656562500003 0.62085588125 0.4479544890625 0.6184931015624999 0.44659709843749995 0.6098271375000001 0.44555134843750005 0.61111236875 0.4499477703125 0.60721924375 0.44575562968750004 0.6013486203125 0.446108184375 0.599139934375 0.44792885625 0.6002091125 0.4499995296875 0.60547070625 0.45234711718750004 0.607444103125 0.45418118749999997 0.611037059375 0.45603725156249997 0.6188849515625 0.4575741328125 0.6215788 0.45719134375000003 0.623781771875 0.4555041421875 0.62414178125 0.45291979531250004 0.6260619921874999 0.452057796875
2 0.6201140515625 0.451040840625 0.6168479453125 0.44860893749999997 0.6082127640625 0.4465301828125 0.5311834390625 0.43656597656249996 0.5214186656249999 0.4363855015625 0.5074651234374999 0.434159928125 0.50371821875 0.4357307421875 0.503595021875 0.43673410312499994 0.5068506125 0.43916471718750005 0.512045775 0.44031489375 0.5314416109375 0.44167791718749994 0.5918880921875 0.4490998109375 0.616233434375 0.453613725 0.6199908546875 0.4520442015625 0.6201140515625 0.451040840625
1 0.575580190625 0.40085689843749994 0.5754569921875 0.401860259375 0.5787230984375 0.4042921625 0.5944839749999999 0.4062273546875 0.6065696890625001 0.4092359765625 0.61031659375 0.4076651625 0.6104397921875 0.4066618015625 0.6071842000000001 0.4042311890625 0.6020502671875 0.4025823328125 0.579337609375 0.399287375 0.575580190625 0.40085689843749994
1 0.6250698109374999 0.4033779015625 0.612564528125 0.403873321875 0.6088071078125 0.4054428453125 0.6086839109375 0.40644620624999994 0.6119500171875 0.40887810937499997 0.61457858125 0.40920085781250004 0.6253384984375 0.40849113125000003 0.638470809375 0.4101035765625 0.642228228125 0.4085340546875 0.642351425 0.4075306921875 0.6390853203125 0.405098790625 0.6250698109374999 0.4033779015625
0 0.608348309375 0.4033556359375 0.60359624375 0.403290546875 0.6017025890625 0.4039362515625 0.5996257968750001 0.4059865734375 0.6002377125 0.4087390484375 0.603881975 0.411741875 0.6101038609375 0.41374386875 0.6140096296875 0.41409536406249997 0.6169085921875 0.413432821875 0.6184484265625 0.4116702984375 0.6221578953125 0.41049130468749995 0.6227294953125 0.4085306125 0.6219462296875 0.40639136562499995 0.619471084375 0.4037760375 0.6143273828125 0.4024675125 0.6104420984375001 0.402557640625 0.608348309375 0.4033556359375
2 0.5125663734375 0.39261358125 0.50881946875 0.39418439375 0.508696271875 0.39518775625 0.5119518640625 0.3976183671875 0.5206595265625 0.3991937296875 0.598561534375 0.4092650875 0.6135109562500001 0.41059445156249996 0.6172683765625 0.409024928125 0.6173915734375 0.4080215671875 0.6141254671875 0.4055896625 0.5921630328124999 0.403399209375 0.5125663734375 0.39261358125
1 0.58171425625 0.34368435 0.5823412828125 0.345792215625 0.5978175640625001 0.3573467515625 0.60533440625 0.3613190671875 0.6104690765624999 0.3629619140625 0.6142159828125 0.3613910984375 0.6127775015625 0.35867740625 0.6043879765625 0.3545979375 0.5897231484375001 0.34364923125 0.5854618984375 0.342107528125 0.58171425625 0.34368435
1 0.6205059281249999 0.3464103953125 0.612212440625 0.35606485625 0.607274715625 0.360032625 0.60715225625 0.36102997812500004 0.610407109375 0.3634665984375 0.6149147515625 0.3630015796875 0.6280839984375 0.349884034375 0.628268425 0.34838199687500004 0.625012834375 0.3459513828125 0.6232569531250001 0.3457357875 0.6205059281249999 0.3464103953125
0 0.6219203953125 0.36427037812499996 0.6197188 0.3614263953125 0.6192478234375 0.3592645046875 0.614487778125 0.3569175109375 0.6088822 0.35624143125 0.6060079640625 0.3572241421875 0.6045838234375001 0.3607390078125 0.6049563046875 0.3631815421875 0.6060837515624999 0.3644299453125 0.60605065625 0.3692194828125 0.6081505953125 0.37123985312499996 0.6120964078125 0.3723951984375 0.6148646015625 0.37236306875 0.6188935437499999 0.3706683171875 0.628189625 0.371797534375 0.6308242546875 0.3711147359375 0.6320914734375 0.37000789375 0.6319779984375 0.36858515468749997 0.6308404078125001 0.3675062734375 0.626161346875 0.3654558625 0.6219203953125 0.36427037812499996
2 0.618981059375 0.3660440296875 0.62092136875 0.3647575875 0.6210445671875 0.3637542265625 0.6177889750000001 0.3613236140625 0.6160330921875 0.36110801875 0.6069678281249999 0.3625320140625 0.5720462578125 0.357231796875 0.5429581296875 0.35518490625 0.5184283609375 0.352173028125 0.5146709421875 0.3537425515625 0.51454774375 0.3547459125 0.5178138515625 0.357177815625 0.5423436203125 0.36018969218749997 0.571431746875 0.3622365828125 0.6072252640625 0.3676499625 0.618981059375 0.3660440296875
3 0.5367201796875001 0.594263646875 0.53219863125 0.6165726015625 0.5309696109375001 0.6265821765624999 0.53144628125 0.6444306937500001 0.52559480625 0.6848725375 0.5297230828124999 0.6874103015624999 0.533296075 0.687342815625 0.5361090671875 0.6861635265625 0.5406083234375 0.65673461875 0.5423788468749999 0.6351002703125 0.5414838703125 0.627873165625 0.5472344390625 0.5955546359375 0.545528009375 0.5877217031249999 0.5521289703125001 0.548390371875 0.5503000796874999 0.54155479375 0.5500293921875 0.5293302 0.5603738671875 0.51027328125 0.5644917515625 0.476735796875 0.5694336078125 0.4509167921875 0.572568128125 0.42538816874999996 0.5708986328125001 0.40282524531249997 0.572646865625 0.3740709453125 0.573999084375 0.36305800781249997 0.5778566703125 0.3533711796875 0.5824171546875 0.323443596875 0.5799730171874999 0.3216188125 0.576533734375 0.320684228125 0.5719134078125 0.3221538984375 0.5673424093749999 0.352080190625 0.5634848234375001 0.36176701875 0.5603843734375 0.40153425625 0.5619926390625001 0.42459585781250003 0.5499208359375001 0.5084836171875 0.5395771 0.5275345265625 0.5397343671875 0.5407697796875001 0.54156399375 0.5475993515625001 0.53501375 0.5864307140625 0.5367201796875001 0.594263646875
2 0.591338209375 0.5405010125 0.595085853125 0.538924190625 0.593647371875 0.536210496875 0.5826905124999999 0.5313096046875 0.551270928125 0.5264332781250001 0.5379436765625 0.5263215796875 0.4931461265625 0.5218335203125 0.48939848281250004 0.5234103421875 0.48927602343750004 0.5244076953125 0.492530878125 0.526844315625 0.5126762 0.52931785 0.5559135484375 0.532083559375 0.5663046109375001 0.5343779093750001 0.5803201203125 0.5360987984375 0.5895928421875001 0.540286709375 0.591338209375 0.5405010125
1 0.6117689875 0.49727523749999997 0.60850288125 0.4948433328125 0.6067575140625 0.49462902968750005 0.60300009375 0.496198553125 0.6003945609375 0.50298975 0.5944609515625 0.507853728125 0.5850386109375 0.519400459375 0.5848541843749999 0.520902496875 0.5881097765625001 0.523333109375 0.5898656578125 0.5235487046875 0.5936125624999999 0.521977890625 0.6030968718749999 0.509926475 0.6090909703125 0.504569828125 0.6117689875 0.49727523749999997
1 0.607249565625 0.49062159375 0.6081834781250001 0.49023007031250004 0.60561688125 0.4894026375 0.6007286046875 0.48575306874999996 0.596907215625 0.480715915625 0.5944018484375 0.47938980625000005 0.58568240625 0.470695784375 0.5858056046875 0.46969242343750006 0.584870953125 0.47008995625 0.5814823875 0.4686554046875 0.57773548125 0.47022621875 0.5783005421875 0.47283876874999997 0.5799951921875001 0.473553040625 0.5838263578125 0.47859749531249995 0.5863317265625 0.47992360156249997 0.596550878125 0.49083264218749995 0.5991182125 0.49165406562499997 0.600679153125 0.49337040625000006 0.6050016328125001 0.494413434375 0.6087492765625 0.49283661093750003 0.607249565625 0.49062159375
2 0.5780763234374999 0.6267797203125001 0.581823228125 0.6252089046875 0.5819464265625001 0.6242055453125 0.5761242375 0.6209475 0.5526620921875 0.6165420296875 0.5371363578125 0.6126048328125 0.5236246796875 0.6139951703125 0.4817013515625 0.607829146875 0.47794319375 0.6094046765625001 0.477820734375 0.6104020296875 0.481086103125 0.612839940625 0.4880273703125 0.6141984171875 0.523882853125 0.6191071109374999 0.538267215625 0.6178239249999999 0.545968484375 0.620294203125 0.575447759375 0.6264569718749999 0.5780763234374999 0.6267797203125001
2 0.57057965 0.658889953125 0.5284106625 0.6547246421875 0.49073806875 0.6500990296875 0.475961821875 0.64727234375 0.4722149171875 0.6488431593749999 0.4720917203125 0.64984651875 0.47534731093750004 0.6522771328125 0.4892501375 0.6550026718749999 0.5277954140625 0.6597354375 0.5638353234375 0.66314209375 0.5751610375 0.6650389125 0.57890794375 0.663468096875 0.5790311406249999 0.6624647375 0.5757755484375 0.6600341234375 0.57057965 0.658889953125
1 0.5716271078124999 0.621413809375 0.5678696875 0.6229833328125001 0.564956528125 0.632279928125 0.5599568328125 0.63675238125 0.5598343734375 0.637749734375 0.5630892281250001 0.6401863546875 0.567596871875 0.6397213374999999 0.5725958296875 0.635254890625 0.5748944781249999 0.630963084375 0.5766385796875 0.6240600187500001 0.5733724734375001 0.6216281140625 0.5716271078124999 0.621413809375
1 0.536706275 0.6161075828125 0.5399611281250001 0.618544203125 0.567746490625 0.62398669375 0.571258253125 0.624417884375 0.5750051593750001 0.62284706875 0.57512835625 0.621843709375 0.5718727640625 0.6194130953125 0.5405756390625001 0.6135394171875 0.536828734375 0.6151102296875 0.536706275 0.6161075828125
0 0.5764751671874999 0.6582477171875001 0.5717773109375 0.6572195875 0.5694258140625 0.65724799375 0.5660878453125 0.6583567265625 0.5637159031250001 0.65968165 0.5632072421875 0.6633028265625 0.5640135468749999 0.6646459671875 0.567102190625 0.666610875 0.5689958765625 0.667355684375 0.57418955625 0.6681702515625 0.5796519859375 0.6686213984375 0.5820608375 0.6680389515625 0.585832034375 0.6638364703125 0.5845798671875 0.661517675 0.5789737171875 0.659890121875 0.5764751671874999 0.6582477171875001