1 0.589522125 0.5903321796875 0.593909165625 0.5915800140624999 0.5975414640625 0.589524603125 0.5975793984375 0.5884383093750001 0.591654996875 0.580070771875 0.5872565203125 0.5788225375 0.58363565625 0.58087835 0.5844211703125 0.5836283359375 0.589522125 0.5903321796875
1 0.602547240625 0.3697898484375 0.603534103125 0.3671017546875 0.6000537875 0.3648049828125 0.5982814125 0.36474308906249997 0.5964711031250001 0.365767490625 0.5955982890625 0.36518969375 0.5955603546875 0.3662759875 0.5901103359375 0.36989584375 0.5883379609375 0.36983394999999997 0.5891993421875 0.37041135000000003 0.5873510984375 0.3725220453125 0.5908314140625001 0.37481881875 0.59797769375 0.3734404515625 0.598015628125 0.3723541578125 0.602547240625 0.3697898484375
0 0.5836394375 0.37127674375 0.5830337390625 0.3755078328125 0.5867243 0.3799801703125 0.5902070234375 0.3812244921875 0.594319059375 0.3805120265625 0.5960197390624999 0.37902068125 0.5958529921875 0.37592742343749996 0.59803486875 0.37344244843749996 0.5960632218749999 0.36990725 0.5939256296875 0.3688291875 0.591218303125 0.368657459375 0.585637665625 0.3697887734375 0.5836394375 0.37127674375
1 0.59028156875 0.339420421875 0.5910214921875 0.343803753125 0.5918566171874999 0.3454608375 0.5953252546875001 0.3477642203125 0.5970976296875 0.3478261125 0.60071849375 0.3457703 0.599989759375 0.3413943765625 0.599154878125 0.33973028437499997 0.595685996875 0.3374339109375 0.593913621875 0.33737201875 0.59028156875 0.339420421875
1 0.5858828484374999 0.3381791953125 0.59028156875 0.339420421875 0.593913621875 0.33737201875 0.59395155625 0.33628572343749996 0.5845661734375 0.3250677546875 0.580167453125 0.3238265296875 0.576546834375 0.32587533125 0.5765089 0.3269616265625 0.5858828484374999 0.3381791953125
0 0.5813130421875 0.33954228125 0.5824722546875 0.3410984125 0.59115993125 0.3437735046875 0.597680321875 0.344253809375 0.5995119640625 0.34360204843750003 0.6019893609375 0.3415063046875 0.6015210140625 0.33918139062499997 0.593792925 0.33394355781249996 0.58444380625 0.334473140625 0.5823610218749999 0.3354318921875 0.5815405671875 0.3369609921875 0.5813130421875 0.33954228125
1 0.6050097640625001 0.40090456249999995 0.6059966265625001 0.39821646718750003 0.6025279890624999 0.3959130859375 0.6007441796874999 0.39585079375 0.5989336265625 0.396882203125 0.5980722453125 0.3963048046875 0.5915974312500001 0.40369905 0.5880033124999999 0.40466115937499997 0.5888761265625 0.4052389578125 0.5870278843750001 0.407349653125 0.590496765625 0.4096460265625 0.594952265625 0.40926131562499996 0.5985540390625 0.40775215625000005 0.6013891453125 0.402953365625 0.6050097640625001 0.40090456249999995
1 0.5906732421875 0.3029602671875 0.5858567546875 0.31368229687500004 0.5857997312500001 0.3153152421875 0.5892686125 0.3176116171875 0.5910409875 0.317673509375 0.5946730421875001 0.3156251046875 0.599489528125 0.304903075 0.5995465515625 0.30327013125 0.5960662343750001 0.3009733578125 0.5942938609375 0.300911465625 0.5906732421875 0.3029602671875
1 0.6070156390625 0.29264774843749997 0.6043513593750001 0.292554709375 0.5953186578125 0.2971370765625 0.5926352875 0.2975906875 0.593508346875 0.29816147656249997 0.591648425 0.3002787828125 0.5951287421875 0.30257555625 0.5995844859374999 0.3021838359375 0.6068257234375001 0.2980862296875 0.6095090921875 0.2976326171875 0.6086360328125 0.29706182812500004 0.610484521875 0.2949441234375 0.6070156390625 0.29264774843749997
1 0.60681871875 0.273042678125 0.6104393375 0.2709938765625 0.608761921875 0.2682127421875 0.5920780328124999 0.262732334375 0.588445978125 0.2647807390625 0.59013483125 0.2675622703125 0.605034909375 0.2729803875 0.60681871875 0.273042678125
0 0.597782546875 0.439680165625 0.593037821875 0.43982321874999997 0.5911370828125 0.4404866 0.5894052125 0.44221543125 0.5881006921874999 0.44449246875000004 0.5906737953125 0.4478521984375 0.5945368390625 0.4500079640625 0.5990834781250001 0.45127540625 0.6016684484375 0.45134462500000005 0.6038490046875 0.45053664375 0.6054285390625 0.44661322031250006 0.6041379171875 0.44521388906250003 0.6017436234375 0.44427421718750004 0.6020240921875 0.44214385937499995 0.6005829281249999 0.4404656109375 0.597782546875 0.439680165625
1 0.581793090625 0.25203026875 0.5832996796875001 0.25970323125 0.5841157171875 0.26190696562500004 0.587584353125 0.2642103484375 0.5893567296875 0.2642722421875 0.592977590625 0.2622164296875 0.593053459375 0.26004384062499997 0.5906664 0.25234013125 0.5871860828125001 0.250043359375 0.585413709375 0.24998146562499998 0.581793090625 0.25203026875
0 0.589751696875 0.305089290625 0.5912839171875001 0.3064549578125 0.5968285515625 0.3076660296875 0.6012184078125 0.3058826640625 0.602207690625 0.3044366453125 0.6017360265625 0.30286242343750003 0.6032145140625 0.300521290625 0.6003246671875 0.2970522640625 0.592718853125 0.29585341718749997 0.588744384375 0.2972162421875 0.5873024734375 0.2991657046875 0.589751696875 0.305089290625
0 0.584310690625 0.2602577875 0.5823023203125001 0.261380525 0.5817429062499999 0.2629748765625 0.5825628578125001 0.265066478125 0.5855728828125 0.2673889296875 0.58986684375 0.269335203125 0.5936212656250001 0.269683834375 0.596101503125 0.2691459421875 0.5992104296874999 0.2673248625 0.5998101578125 0.264903925 0.5956569640625 0.259910215625 0.5895196828125 0.2586223125 0.584310690625 0.2602577875
2 0.596725428125 0.58732086875 0.5931806765625 0.5871970828124999 0.5469202953125001 0.589391809375 0.54335645625 0.5898146750000001 0.5397244015625 0.5918630796875 0.5396864671875 0.5929493734375 0.543166784375 0.595246146875 0.546711534375 0.5953699328125001 0.5582944671875001 0.594146496875 0.5965355109375 0.5927593484375 0.600156375 0.5907035359374999 0.600194309375 0.5896172421875 0.596725428125 0.58732086875
2 0.59599734375 0.5573543421875 0.5906990640625 0.5566290203125 0.55611681875 0.5548740640625 0.53566033125 0.5557946453125 0.5320397125 0.5578434484375 0.5320017781249999 0.5589297421875 0.5354704140625001 0.5612331265625 0.5399070703125 0.5613880578125 0.555926903125 0.5603125437500001 0.5825353984375 0.5612417328125 0.595807428125 0.562792821875 0.5994280468750001 0.56074401875 0.5994659812500001 0.559657725 0.59599734375 0.5573543421875
2 0.6008330828124999 0.5205090765625 0.594624053125 0.5202922531249999 0.5377368296875 0.52157558125 0.5332927656249999 0.5219606921875 0.5296604671875 0.5240161046875 0.5296225328124999 0.5251023984375001 0.53310285 0.5273991734375 0.53752806875 0.5275537046875 0.5686796125 0.525918984375 0.6006431671875 0.5259475578125 0.6042752203124999 0.523899153125 0.6043131546875 0.522812859375 0.6008330828124999 0.5205090765625
2 0.5983514703124999 0.48994101562500003 0.6019720890625 0.4878922125 0.600294671875 0.4851110796875 0.592408225 0.48211312343749996 0.58974394375 0.48202008437500005 0.5852693546875 0.482951446875 0.5622056093750001 0.48214604375 0.530204121875 0.4832037640625 0.5257483781250001 0.483595484375 0.522116325 0.4856438890625 0.522078390625 0.4867301828125 0.5255584609375 0.4890339640625 0.5629075984374999 0.48761567031249997 0.58597134375 0.4884210734375 0.5904459328125 0.48748971093750004 0.5983514703124999 0.48994101562500003
1 0.6107633375 0.4141639265625 0.6089909640625 0.41410203437500004 0.595920284375 0.407112865625 0.5915024734375 0.406418290625 0.5878704203125 0.40846669375 0.5895783609375 0.41070157500000004 0.588667365625 0.41121708124999995 0.5904397421875001 0.41127897343750003 0.597407784375 0.415332478125 0.5991801609375 0.4153943703125 0.6035218578125 0.4182685421875 0.6079394234375 0.41897012499999997 0.6115602859375 0.4169143125 0.609863778125 0.41467983124999996 0.6107633375 0.4141639265625
2 0.5999082421875 0.4453608953125 0.5999461765625 0.4442746015625 0.5964775390625 0.4419712203125 0.5743322 0.44011026875 0.5352106859375 0.44146667031250003 0.531646846875 0.4418895359375 0.5280147937499999 0.44393794062499997 0.527976859375 0.4450242359375 0.531457175 0.44732100781249995 0.5341100203125 0.44741364843750003 0.5439320140625 0.44612871875 0.56612294375 0.4463563265625 0.5741422843749999 0.44554874843750003 0.5962876234375 0.4474097 0.5999082421875 0.4453608953125
2 0.5932939375 0.4059335328125 0.5817563484375 0.40553063125 0.5400275796875 0.4051610484375 0.5275524953125 0.40636034531250004 0.5239318765625 0.4084091484375 0.5238936984375 0.409502453125 0.5273625796875 0.4117988265625 0.530918765625 0.41192301093749994 0.5505021921875 0.41043164218749995 0.593104021875 0.41137201250000005 0.596724640625 0.40932320781250003 0.596762575 0.40823691406249996 0.5932939375 0.4059335328125
2 0.59167370625 0.37594286875 0.5952945703125 0.37388705624999996 0.5953325046875 0.3728007625 0.591863621875 0.3705043890625 0.5661355968749999 0.36960594687500004 0.5563438828125 0.37035163125000004 0.543925821875 0.3699179828125 0.5269382171875 0.37313493593749997 0.5233175984375 0.375183740625 0.52327941875 0.37627704375 0.5267483000000001 0.37857341718750004 0.5294125796875 0.37866645625 0.5455082828125 0.37541835625000003 0.557045871875 0.37582125781250003 0.5668375859375 0.37507557187499996 0.59167370625 0.37594286875
2 0.5531982156249999 0.33322764843749997 0.5291781328125 0.3345640875 0.525546078125 0.336612490625 0.5255079 0.3377057921875 0.5289882171875 0.3400025671875 0.5325329671875 0.340126353125 0.5539002046875 0.3386972734375 0.5911355390625 0.3405378609375 0.5947561578125 0.33848905937499996 0.5947940921875 0.3374027640625 0.5913254546875 0.3350993828125 0.5531982156249999 0.33322764843749997
3 0.5666227687500001 0.50843121875 0.5622236421875 0.5327735875 0.564990128125 0.5551839265625 0.5708004828125001 0.5668173546874999 0.568617590625 0.6037552609375 0.5712248453125001 0.60548124375 0.57475050625 0.60615168125 0.579263275 0.604127015625 0.5814841015625001 0.5661028156250001 0.5756737484375 0.5544693875 0.5728578921875 0.53314494375 0.5772875453124999 0.5082563234374999 0.573306590625 0.4950518421875 0.5744455953125 0.46243497656250004 0.572920159375 0.455301659375 0.5735087515624999 0.43844657500000006 0.5688634984375 0.4186931828125 0.5678884765625 0.3957980828125 0.5656798968750001 0.3826554953125 0.5681978453125 0.2853067890625 0.5662362046875 0.265092775 0.5666087875 0.229179271875 0.5640012875 0.2274602953125 0.5604641921875 0.226789459375 0.5559631031250001 0.2288075171875 0.5555905203125 0.2647210203125 0.5575521609375 0.2849350328125 0.5550342125000001 0.3822837390625 0.5572427921875 0.3954263265625 0.5582178140625 0.4183214265625 0.5628630671875 0.43807481875 0.5622553859375 0.45547655468750003 0.563781065625 0.4626028640625 0.5626418140625 0.4952267375 0.5666227687500001 0.50843121875
2 0.5584635609374999 0.258835934375 0.5299953875 0.2600170421875 0.526374525 0.2620728546875 0.5263365906249999 0.2631591484375 0.5298054718749999 0.265455521875 0.53336165625 0.2655797078125 0.5582736453125 0.264274415625 0.5919642296875 0.26599121718749996 0.5955848484375 0.2639424125 0.5956227828125 0.26285611875 0.5921539015625 0.26055974531250004 0.5584635609374999 0.258835934375
2 0.5616280734375 0.2954202734375 0.534943709375 0.2966636734375 0.53131165625 0.298712078125 0.531273721875 0.299798371875 0.53475379375 0.302102153125 0.5614384015625 0.30085174531250003 0.58980018125 0.302389478125 0.5968440921875 0.30427039375 0.60046495625 0.3022145828125 0.5987875390624999 0.29943345 0.590882003125 0.29698214375 0.5616280734375 0.2954202734375
0 0.5870972796875 0.59125091875 0.591841296875 0.5957179406249999 0.597031771875 0.5965798359375001 0.6024144859375 0.5948872765625 0.6032163953125 0.5912664921874999 0.601432040625 0.587941325 0.6000255343750001 0.58690984375 0.594205175 0.58605401875 0.5883887859375 0.5883629578125 0.587098353125 0.5895809359374999 0.5870972796875 0.59125091875
1 0.59688925 0.5573854875 0.5932569515624999 0.5594409015624999 0.5932190171875 0.5605271953125001 0.5966993328125 0.5628239671874999 0.6010866203125 0.5640647953125 0.6099219953125 0.565460953125 0.623231959375 0.565925746875 0.6268525781250001 0.5638769421875 0.6268905124999999 0.5627906484375 0.62342163125 0.560494275 0.6101116656250001 0.5600294796874999 0.59688925 0.5573854875
1 0.6105103421875 0.5486128765625 0.6087379687500001 0.548550984375 0.6069276593749999 0.5495753859375 0.6060548421874999 0.5489975890625 0.6060169078125 0.5500838828125 0.6005478015625 0.554250390625 0.59420588125 0.5578391015624999 0.5932381078125 0.55998054375 0.5967181781249999 0.562284325 0.604794540625 0.5598438015625 0.613003796875 0.5535977453125 0.613990659375 0.55090965 0.6105103421875 0.5486128765625
0 0.5943348296875001 0.5554578593749999 0.5907199750000001 0.5566858859375 0.5857030890625 0.556426490625 0.583171484375 0.5571239765625 0.5812334765625 0.5591824203125 0.5813919984375 0.5608720125 0.5870267250000001 0.5640930625 0.5909839265625 0.56388040625 0.5946817046875 0.5651953921875 0.5973454953124999 0.565302446875 0.6030900953125 0.5630822234374999 0.6044970765625 0.5618051625 0.6044403375 0.55851225625 0.6015919750000001 0.5568059203125 0.5985627640625 0.5566720703125 0.5943348296875001 0.5554578593749999
1 0.5908323625 0.5272398921875 0.5907944281249999 0.5283261890625 0.5942633109375 0.5306225625 0.5996298046875 0.5297223453125001 0.6041614171874999 0.5271580359375 0.6041993515625 0.5260717421875001 0.600719034375 0.52377496875 0.5989466609375 0.5237130765625 0.5926617609375 0.5256688406250001 0.5908323625 0.5272398921875
1 0.6107691234375 0.51595825625 0.6035543875 0.5189691703125 0.6035162078125 0.520062471875 0.5962823796875 0.5236200375 0.5962444453125 0.52470633125 0.5997247625 0.5270031046875 0.6077631921875 0.5256488765625 0.6087004406250001 0.5240536859375 0.6150537968750001 0.5204653734375 0.6160103796875 0.518316525 0.6125414984375 0.5160201484375 0.6107691234375 0.51595825625
0 0.5989368421875 0.519404359375 0.5967877890625 0.5196380546875 0.5943427 0.5208086953125 0.592262540625 0.5220201453125 0.5918169828125001 0.5236325078124999 0.5964918078125 0.5297531015625 0.5993976562500001 0.5311246359374999 0.60238424375 0.5314955718750001 0.60445716875 0.5311469453125001 0.60621373125 0.53002243125 0.60710139375 0.528207984375 0.6074302390625 0.5227252359375 0.606694353125 0.5211768718750001 0.6042974359375 0.5199845 0.5989368421875 0.519404359375
1 0.581382953125 0.49261131875 0.579553553125 0.494182371875 0.57951561875 0.4952686671875 0.5829842562499999 0.49757204843749997 0.5883509953125 0.49666482343749996 0.5991484171875 0.4926914015625 0.5982756015625 0.49211360312499997 0.6001238453125 0.4900029078125 0.5966549640625 0.487706534375 0.5939906828125 0.4876134953125 0.581382953125 0.49261131875
1 0.59977494375 0.4747500234375 0.596142890625 0.47679842812500006 0.5960099984375 0.4806039609375 0.594123575 0.4838079609375 0.594066796875 0.48543389843750007 0.5975354328125 0.48773728125 0.5993192421875 0.4877995734375 0.6029401062499999 0.48574376093750005 0.604883309375 0.480913825 0.6050162015625 0.47710829062500004 0.60154731875 0.47481191562499997 0.59977494375 0.4747500234375
0 0.591851909375 0.48165163125 0.5888799796875 0.482172353125 0.587223815625 0.4837003359375 0.5887035390625 0.4895199 0.5941210203125 0.495027890625 0.5960518765625 0.49579700625 0.5987633640625 0.49584959375000004 0.6012636687499999 0.49473701718749996 0.604532178125 0.49064101562499995 0.6057917609375 0.4880115640625 0.605938221875 0.484473146875 0.60278821875 0.48255278593749995 0.591851909375 0.48165163125
1 0.593661278125 0.44623036718750003 0.5936042546875 0.4478633125 0.5994525421875 0.45841044531249997 0.6029214234375 0.46070681875 0.6046937984375 0.4607687125 0.6083258515625001 0.458720309375 0.608382875 0.4570873625 0.6025345875 0.4465402296875 0.599054271875 0.4442434546875 0.597281896875 0.4441815625 0.593661278125 0.44623036718750003
1 0.58794588125 0.4318776984375 0.5844390671874999 0.43066761875 0.5808070140625 0.43271602187499997 0.581603959375 0.43546640937500003 0.583357246875 0.436074953125 0.591054021875 0.44450438124999997 0.5954527421875 0.44574560781250006 0.5990733609375 0.4436968046875 0.5991112953125 0.442610509375 0.59400293125 0.436446709375 0.588818696875 0.43245549531250005 0.5888568765625 0.43136219374999996 0.58794588125 0.4318776984375
1 0.5854646765625 0.3757260453125 0.5834644515625 0.3821889265625 0.5833885828125001 0.38436151406249996 0.5868574640625 0.3866578890625 0.5886298390625 0.38671978125 0.5922618921875 0.384671378125 0.5942621171875 0.3782084953125 0.5943379859375 0.3760359078125 0.5908693484375 0.373732525 0.5890855390625 0.3736702328125 0.5854646765625 0.3757260453125
0 0.58278143125 0.4086328109375 0.5853363125 0.4118585828125 0.5900043687500001 0.414238934375 0.594225721875 0.4143302109375 0.601019334375 0.41124845781249997 0.6012359140625 0.40865275156249997 0.5949229640625 0.403871315625 0.5915006375 0.403520246875 0.5850403703125 0.4052523640625 0.58280128125 0.406752975 0.58278143125 0.4086328109375