0 0.540361328125 0.59778025625 0.549287109375 0.5982877859375 0.55259765625 0.5967819296875 0.5555859375 0.5968432796875 0.559462890625 0.5962074734375 0.5629199218750001 0.5950752921875 0.56431640625 0.5940379250000001 0.56419921875 0.5923257109375 0.5619921875 0.5911600671875 0.555439453125 0.5908756281249999 0.553662109375 0.590100390625 0.549912109375 0.589525934375 0.5469628906249999 0.5899274953125 0.5428808593750001 0.5883658671875 0.538818359375 0.5888176234375 0.534619140625 0.5905633015625 0.534013671875 0.5931065249999999 0.5350976562499999 0.5949358609375001 0.540361328125 0.59778025625
1 0.5028515625 0.56134969375 0.5028515625 0.56228109375 0.506103515625 0.5641383156249999 0.508544921875 0.5641383156249999 0.5150488281250001 0.5627440046875 0.528076171875 0.56228109375 0.53376953125 0.56134969375 0.5402734375 0.5594924703124999 0.5419042968750001 0.558098159375 0.5419042968750001 0.557166759375 0.53865234375 0.5553095375 0.5370214843750001 0.5553095375 0.5272558593750001 0.5576352484375 0.507734375 0.559029559375 0.5028515625 0.56134969375
1 0.53865234375 0.5539152265625 0.5419042968750001 0.5557724484375 0.54353515625 0.5557724484375 0.5467871093750001 0.5539152265625 0.54759765625 0.5506636921875 0.54759765625 0.5409035140625 0.5443457031250001 0.539046290625 0.54271484375 0.539046290625 0.5394628906250001 0.5409035140625 0.53865234375 0.5506636921875 0.53865234375 0.5539152265625
0 0.5353515625 0.5627495812500001 0.539794921875 0.56308979375 0.54189453125 0.56259341875 0.545068359375 0.560474065625 0.550302734375 0.5589235921875 0.55330078125 0.557183490625 0.558623046875 0.5555884 0.564990234375 0.555092025 0.56912109375 0.5540658109375001 0.5703710937500001 0.5532626875 0.57080078125 0.5520078078124999 0.5694140625 0.55051310625 0.566552734375 0.5498215281250001 0.5545312499999999 0.5491187953125001 0.5523046875000001 0.5493976578125 0.5463183593750001 0.548471834375 0.54455078125 0.5488455109375 0.543212890625 0.549743446875 0.5385546875 0.5496319015625 0.5367968750000001 0.549977690625 0.53419921875 0.552175125 0.5338476562500001 0.5535192421875 0.5322851562500001 0.5546793078125 0.5316503906250001 0.5564919125000001 0.5323046875 0.5604350250000001 0.5353515625 0.5627495812500001
2 0.462978515625 0.5548466249999999 0.5362109375 0.5548466249999999 0.5419042968750001 0.558098159375 0.5443457031250001 0.558098159375 0.54759765625 0.5562409374999999 0.5467871093750001 0.5539152265625 0.5443457031250001 0.5534523140625 0.53865234375 0.5502007812499999 0.462978515625 0.5502007812499999 0.45972656250000005 0.552058003125 0.45972656250000005 0.552989403125 0.462978515625 0.5548466249999999
1 0.5443457031250001 0.6296597875 0.5443457031250001 0.6305911875 0.5492285156250001 0.6329168984375 0.5581738281249999 0.6324484109374999 0.5638769531250001 0.6291968765625 0.5638769531250001 0.6282654765625 0.5606152343749999 0.6264082546874999 0.5589941406250001 0.6264082546874999 0.554921875 0.6282654765625 0.54759765625 0.6278025656249999 0.5443457031250001 0.6296597875
1 0.5728222656249999 0.6110764078125 0.5630566406249999 0.617579475 0.5541113281250001 0.6199051875 0.5532910156249999 0.620831009375 0.54841796875 0.6222253203125 0.5443457031250001 0.62501394375 0.5419042968750001 0.6254768546875 0.54109375 0.6278025656249999 0.5443457031250001 0.6296597875 0.54841796875 0.6291968765625 0.55248046875 0.6264082546874999 0.5589941406250001 0.62361963125 0.56712890625 0.6217624093749999 0.5703808593749999 0.6194366984374999 0.5728222656249999 0.6189737875 0.5728222656249999 0.6180423875 0.5801464843749999 0.6124651421875 0.5801464843749999 0.6115393203124999 0.57689453125 0.6096820968750001 0.5752636718749999 0.6096820968750001 0.5736328125 0.6106079203125 0.5728222656249999 0.6101450078124999 0.5728222656249999 0.6110764078125
1 0.5370214843750001 0.5237088671875 0.53376953125 0.5278918015625 0.5305078125 0.5297546015625 0.5264453125 0.5371890687499999 0.5264453125 0.5385833796874999 0.5296972656250001 0.5404406015625 0.531328125 0.5404406015625 0.5345800781250001 0.5385833796874999 0.5370214843750001 0.533006134375 0.54353515625 0.526497490625 0.54759765625 0.52417735625 0.5500390625 0.5209202453125 0.5516699218750001 0.514417178125 0.54841796875 0.5125599546874999 0.5467871093750001 0.5125599546874999 0.54353515625 0.514417178125 0.54109375 0.521388734375 0.5370214843750001 0.5237088671875
1 0.535390625 0.5060513109375 0.53783203125 0.51023424375 0.5394628906250001 0.51069715625 0.54109375 0.5130228671875 0.5419042968750001 0.5125599546874999 0.54515625 0.513485778125 0.54841796875 0.51162855625 0.54759765625 0.50930284375 0.5443457031250001 0.507445621875 0.53294921875 0.4930395984375 0.52888671875 0.4921137765625 0.525634765625 0.4939709984375 0.5264453125 0.496296709375 0.535390625 0.5060513109375
0 0.549541015625 0.5195705515625 0.55359375 0.518549915625 0.555078125 0.517306190625 0.5559765624999999 0.5149972109375 0.568701171875 0.5123591750000001 0.5702441406250001 0.5113998890625 0.5705859375 0.5101059671875 0.569599609375 0.50892916875 0.567626953125 0.5082654765625 0.55720703125 0.5080089234375 0.554345703125 0.5072559953125 0.549609375 0.5070775234375 0.546650390625 0.50778025625 0.5435156250000001 0.50762409375 0.540322265625 0.5088343562500001 0.5389062499999999 0.510814278125 0.539443359375 0.5126547687499999 0.53880859375 0.51439486875 0.5408593749999999 0.5162297828125 0.546767578125 0.5191578359375 0.549541015625 0.5195705515625
0 0.5525390625 0.47385945312500005 0.553818359375 0.47572782968749994 0.55806640625 0.47764082500000005 0.56154296875 0.47795872812500007 0.5654296875 0.47725041875 0.5682714843750001 0.4754935859375 0.56859375 0.4739486890625 0.570078125 0.47309537031250004 0.5712890625 0.47105410000000003 0.57138671875 0.46993865 0.569873046875 0.4679141109375 0.566240234375 0.4666146125 0.56294921875 0.4668823203125 0.56013671875 0.46616285625 0.5554296875 0.4666871171875 0.553701171875 0.4673563859375 0.5519921875 0.468315671875 0.5507128906250001 0.470239821875 0.5525390625 0.47216397031249996 0.5525390625 0.47385945312500005
2 0.45646484374999996 0.469804796875 0.45646484374999996 0.470736196875 0.45972656250000005 0.47259341875 0.55248046875 0.4711991078125 0.5598046875 0.47352481874999997 0.5614355468750001 0.47352481874999997 0.5646875 0.471667596875 0.5630566406249999 0.469341884375 0.5541113281250001 0.4665532625 0.5443457031250001 0.4665532625 0.46623046874999996 0.4674846625 0.45972656250000005 0.4679475734375 0.45646484374999996 0.469804796875
1 0.554921875 0.44192415 0.5508496093749999 0.45261015000000004 0.5508496093749999 0.457724484375 0.5541113281250001 0.45958170625 0.5557324218749999 0.45958170625 0.5589941406250001 0.457724484375 0.5598046875 0.4502900171875 0.56712890625 0.43588399375 0.5663183593750001 0.43170105937500003 0.5630566406249999 0.4298438375 0.5614355468750001 0.4298438375 0.5581738281249999 0.43170105937500003 0.5589941406250001 0.43542108125 0.554921875 0.44192415
1 0.53783203125 0.4214779703125 0.54841796875 0.4279866140625 0.5492285156250001 0.4293753484375 0.5516699218750001 0.4298438375 0.5532910156249999 0.43123814843749997 0.55736328125 0.43170105937500003 0.5606152343749999 0.4298438375 0.5589941406250001 0.4279866140625 0.5598046875 0.4275181265625 0.55736328125 0.4270552140625 0.5508496093749999 0.42333519218750004 0.5500390625 0.42194088125 0.54271484375 0.4172950359375 0.5394628906250001 0.41358059062499997 0.53865234375 0.414043503125 0.535390625 0.413112103125 0.5321386718750001 0.41497490312499996 0.5321386718750001 0.415900725 0.53783203125 0.4214779703125
0 0.54798828125 0.4315895140625 0.5530664062499999 0.433145565625 0.555078125 0.4346012265625 0.55857421875 0.4358951484375 0.565927734375 0.436419409375 0.568349609375 0.435766871875 0.57017578125 0.433976575 0.57021484375 0.43157278281250006 0.571875 0.43056887968749996 0.572216796875 0.42930284375000005 0.5704296875 0.42771890625 0.566650390625 0.42740100312499996 0.5643359375 0.4264249859375 0.5562890625 0.4264417171875 0.557958984375 0.430317903125 0.55392578125 0.4269213609375 0.54859375 0.42790295624999997 0.54677734375 0.42981595156249996 0.54798828125 0.4315895140625
2 0.458095703125 0.4293753484375 0.458095703125 0.4303067484375 0.46134765624999996 0.43216397031250003 0.46623046874999996 0.432632459375 0.484130859375 0.43170105937500003 0.5402734375 0.43170105937500003 0.5630566406249999 0.4330953703125 0.5663183593750001 0.43123814843749997 0.5663183593750001 0.4303067484375 0.5630566406249999 0.4284495265625 0.554921875 0.4275181265625 0.48332031249999996 0.4270552140625 0.474365234375 0.4279866140625 0.46134765624999996 0.4275181265625 0.458095703125 0.4293753484375
1 0.523193359375 0.3922030109375 0.53783203125 0.3922030109375 0.5492285156250001 0.3935973234375 0.55248046875 0.3917401 0.55248046875 0.3908087 0.5492285156250001 0.38895147812499997 0.5443457031250001 0.388020078125 0.523193359375 0.3875571671875 0.5199316406250001 0.38941438906250003 0.5199316406250001 0.3903457890625 0.523193359375 0.3922030109375
1 0.5508496093749999 0.3908087 0.5541113281250001 0.3926659234375 0.5565527343750001 0.3926659234375 0.5663183593750001 0.3908087 0.578515625 0.3908087 0.58177734375 0.38895147812499997 0.58177734375 0.388020078125 0.578515625 0.38616285625 0.5654980468749999 0.38616285625 0.5541113281250001 0.388020078125 0.5508496093749999 0.3898773 0.5508496093749999 0.3908087
0 0.55916015625 0.39627439999999997 0.5603710937499999 0.3944896828125 0.5636328125000001 0.39299498125 0.563935546875 0.39113775781250004 0.562978515625 0.38926938125 0.560419921875 0.3871556046875 0.55556640625 0.38653653125 0.552021484375 0.3870552140625 0.5501953125 0.388020078125 0.5458398437499999 0.38849414375 0.5441796875 0.3892972671875 0.542509765625 0.391405465625 0.54337890625 0.39385387656250004 0.5470507812500001 0.3961907421875 0.55296875 0.39732292187499996 0.5565820312499999 0.3972058 0.55916015625 0.39627439999999997
2 0.46134765624999996 0.3935973234375 0.46949218750000005 0.39406023437500004 0.5419042968750001 0.3945231453125 0.5557324218749999 0.39406023437500004 0.5589941406250001 0.3922030109375 0.5589941406250001 0.39127161250000003 0.5557324218749999 0.38941438906250003 0.535390625 0.3898773 0.46134765624999996 0.38895147812499997 0.458095703125 0.3908087 0.458095703125 0.3917401 0.46134765624999996 0.3935973234375
1 0.535390625 0.34712771875000004 0.54271484375 0.349916340625 0.54759765625 0.3508421640625 0.5508496093749999 0.3489849421875 0.5492285156250001 0.3466648078125 0.54109375 0.3438761859375 0.5264453125 0.3355103171875 0.5223730468750001 0.33457891875 0.51912109375 0.3364417171875 0.5199316406250001 0.338298940625 0.535390625 0.34712771875000004
1 0.5443457031250001 0.3485220296875 0.5443457031250001 0.349447853125 0.54759765625 0.351310653125 0.5516699218750001 0.35037925312499996 0.56224609375 0.3369046296875 0.56224609375 0.3355103171875 0.5589941406250001 0.3336530953125 0.55736328125 0.3336530953125 0.554921875 0.33457891875 0.54841796875 0.34433909687500003 0.5443457031250001 0.3485220296875
0 0.5526757812499999 0.35894590000000004 0.556171875 0.3569436703125 0.5648046875 0.356932515625 0.567138671875 0.3560122703125 0.5681738281250001 0.3548577796875 0.56791015625 0.3535694359375 0.566748046875 0.352710540625 0.562236328125 0.35136084843750004 0.55822265625 0.35075292812500003 0.555888671875 0.34839933125 0.55521484375 0.34647518125 0.5505957031250001 0.3448633578125 0.545390625 0.3448745125 0.54287109375 0.346095928125 0.541962890625 0.34947016249999996 0.542578125 0.35166201875 0.54375 0.35267707812500004 0.5442578124999999 0.35706079218750003 0.54640625 0.358672615625 0.550146484375 0.35928611250000003 0.5526757812499999 0.35894590000000004
2 0.484951171875 0.351310653125 0.46216796875000005 0.351310653125 0.45890624999999996 0.353167875 0.45890624999999996 0.354099275 0.46216796875000005 0.35595649687500003 0.484951171875 0.35595649687500003 0.511796875 0.3545621859375 0.54515625 0.3554935859375 0.5557324218749999 0.3527049640625 0.55736328125 0.351310653125 0.55736328125 0.35037925312499996 0.5541113281250001 0.3485220296875 0.55248046875 0.3485220296875 0.5443457031250001 0.3508421640625 0.511796875 0.349916340625 0.484951171875 0.351310653125
3 0.50447265625 0.355025096875 0.506103515625 0.3917401 0.5101660156250001 0.412649190625 0.508544921875 0.4907194640625 0.501220703125 0.50930284375 0.5028515625 0.521388734375 0.50529296875 0.527428890625 0.503662109375 0.5636754046875 0.506103515625 0.5706469609375 0.50447265625 0.5915560515625 0.50447265625 0.600847740625 0.5069140625 0.6171165640625 0.506103515625 0.654757390625 0.5101660156250001 0.6566146125000001 0.513427734375 0.6561517015625 0.515869140625 0.654757390625 0.5166796875 0.6273396546875001 0.515869140625 0.6073563859375 0.51423828125 0.600847740625 0.515869140625 0.5706469609375 0.513427734375 0.5636754046875 0.5150488281250001 0.526965978125 0.5126074218750001 0.5209202453125 0.510986328125 0.5097713328125 0.518310546875 0.49118237656249997 0.518310546875 0.46005019531249997 0.5199316406250001 0.43588399375 0.5199316406250001 0.4121862796875 0.515869140625 0.3917401 0.51423828125 0.3652481875 0.51423828125 0.355025096875 0.5166796875 0.3457334078125 0.5174902343750001 0.31785276093750003 0.5150488281250001 0.31645845 0.511796875 0.3159899609375 0.507734375 0.31785276093750003 0.5069140625 0.3457334078125 0.50447265625 0.355025096875
2 0.45484375000000005 0.51116564375 0.45484375000000005 0.5120914671875 0.458095703125 0.5139542671874999 0.476806640625 0.5139542671874999 0.5166796875 0.51162855625 0.5264453125 0.5125599546874999 0.5394628906250001 0.5125599546874999 0.54841796875 0.515348578125 0.5500390625 0.515348578125 0.5532910156249999 0.513485778125 0.5516699218750001 0.51116564375 0.54109375 0.5079141109374999 0.511796875 0.5069827109375 0.49958984375000004 0.508377021875 0.458095703125 0.50930284375 0.45484375000000005 0.51116564375
1 0.5492285156250001 0.4851422203125 0.5419042968750001 0.4967596203125 0.5419042968750001 0.49815393124999996 0.54515625 0.5000111546875 0.5467871093750001 0.5000111546875 0.5500390625 0.49815393124999996 0.55736328125 0.4860680421875 0.56224609375 0.480496375 0.5638769531250001 0.47352481874999997 0.5606152343749999 0.471667596875 0.5589941406250001 0.471667596875 0.5557324218749999 0.47352481874999997 0.5541113281250001 0.4800278859375 0.5492285156250001 0.4851422203125
1 0.5321386718750001 0.4553987734375 0.5362109375 0.45958170625 0.53865234375 0.46051310624999997 0.5492285156250001 0.469341884375 0.5516699218750001 0.469804796875 0.5532910156249999 0.4711991078125 0.55736328125 0.471667596875 0.5606152343749999 0.469804796875 0.5589941406250001 0.4679475734375 0.5598046875 0.4674846625 0.55736328125 0.4670161734375 0.55248046875 0.4642275515625 0.54841796875 0.46005019531249997 0.5459765625 0.4591187953125 0.5370214843750001 0.4521472390625 0.5370214843750001 0.4512158390625 0.5362109375 0.451684328125 0.53294921875 0.450752928125 0.5296972656250001 0.45261015000000004 0.5305078125 0.4549358609375 0.5321386718750001 0.4553987734375
2 0.45402343749999996 0.591093140625 0.45402343749999996 0.5920189625 0.45728515625000005 0.5938817625 0.46378906249999996 0.5943446734375 0.49714843750000004 0.594807584375 0.5101660156250001 0.5920189625 0.5174902343750001 0.5934132734374999 0.54515625 0.595738984375 0.54759765625 0.595738984375 0.5508496093749999 0.5938817625 0.5508496093749999 0.5929503625 0.54515625 0.5906246515625 0.523193359375 0.589230340625 0.508544921875 0.5873731171875 0.496337890625 0.5901617406249999 0.45728515625000005 0.589230340625 0.45402343749999996 0.591093140625
2 0.45646484374999996 0.6305911875 0.46949218750000005 0.6315225875 0.50529296875 0.6315225875 0.53865234375 0.6305911875 0.5492285156250001 0.6310541 0.55248046875 0.6291968765625 0.55248046875 0.6282654765625 0.5492285156250001 0.6264082546874999 0.5443457031250001 0.62594534375 0.50529296875 0.626871165625 0.470302734375 0.626871165625 0.45646484374999996 0.62594534375 0.453212890625 0.6278025656249999 0.453212890625 0.6287339656250001 0.45646484374999996 0.6305911875
1 0.5321386718750001 0.606893475 0.5321386718750001 0.607819296875 0.535390625 0.6096820968750001 0.5394628906250001 0.6087506968749999 0.54353515625 0.6041048515624999 0.54515625 0.59992191875 0.5459765625 0.5934132734374999 0.54271484375 0.5915560515625 0.54109375 0.5915560515625 0.53783203125 0.5934132734374999 0.5362109375 0.602242053125 0.5321386718750001 0.606893475
1 0.511796875 0.5924874515624999 0.53783203125 0.5943446734375 0.54109375 0.5943446734375 0.5443457031250001 0.5924874515624999 0.5443457031250001 0.5915560515625 0.54109375 0.589698828125 0.511796875 0.58784160625 0.508544921875 0.589698828125 0.508544921875 0.5906246515625 0.511796875 0.5924874515624999
0 0.54203125 0.6333965421875 0.54384765625 0.63386503125 0.54869140625 0.6340267703125 0.553740234375 0.633825990625 0.55587890625 0.6330228671875 0.558857421875 0.628756275 0.557451171875 0.626776353125 0.552138671875 0.6259174562500001 0.54966796875 0.6246960406250001 0.5452539062499999 0.6242833234375 0.54310546875 0.624573340625 0.54017578125 0.625962075 0.5381542968749999 0.6274400453125 0.538095703125 0.6308087 0.538984375 0.6319464578125 0.54203125 0.6333965421875