1 0.48423828125 0.59457401875 0.49324218750000004 0.595039275 0.49625 0.593184290625 0.49625 0.5922537765625 0.49324218750000004 0.5903987921875 0.48423828125 0.589933534375 0.48123046875000003 0.5917885203125001 0.48123046875000003 0.5927190328124999 0.48423828125 0.59457401875
0 0.4740234375 0.502845921875 0.47786132812500004 0.5032870093749999 0.48158203125 0.5029546828125 0.483515625 0.502271903125 0.484599609375 0.501105740625 0.48453125 0.4991238671875 0.48287109375000004 0.497129909375 0.477138671875 0.49498489375 0.469970703125 0.49495468281250005 0.4679296875 0.49594561875 0.4669921875 0.49741389687500004 0.466064453125 0.49898489375 0.46697265625 0.5005256796875 0.46871093750000004 0.5014441093750001 0.4740234375 0.502845921875
1 0.46846679687500004 0.46776435000000005 0.469970703125 0.46776435000000005 0.47296875 0.46590936562499996 0.47296875 0.4473232625 0.469970703125 0.445468278125 0.46846679687500004 0.445468278125 0.46546875 0.4473232625 0.46546875 0.46590936562499996 0.46846679687500004 0.46776435000000005
1 0.46396484375 0.46869486406250005 0.466220703125 0.4691601203125 0.47147460937499996 0.4724108765625 0.475224609375 0.4733413890625 0.47823242187500004 0.4714803625 0.47748046874999994 0.46962537812500005 0.469970703125 0.46497885156249996 0.466220703125 0.4645135953125 0.46321289062500004 0.4663685796875 0.464716796875 0.4682296078125 0.46396484375 0.46869486406250005
1 0.444443359375 0.41945619375 0.445947265625 0.41945619375 0.45345703125 0.4236374625 0.454951171875 0.4236374625 0.46321289062500004 0.427353475 0.466220703125 0.429673715625 0.469970703125 0.4301389734375 0.47296875 0.4282779453125 0.47222656250000006 0.4259577046875 0.469970703125 0.425492446875 0.46696289062499996 0.42317220468750005 0.46021484375000005 0.420845921875 0.45044921875000005 0.41574018125 0.44669921874999996 0.415274925 0.44369140625 0.417129909375 0.4451953125 0.41899093593750003 0.444443359375 0.41945619375
1 0.47296875 0.4306042296875 0.47447265625 0.4306042296875 0.49173828124999996 0.4236374625 0.49324218750000004 0.4236374625 0.500751953125 0.41992145000000003 0.5022558593750001 0.41992145000000003 0.50150390625 0.41945619375 0.5030078125 0.417595165625 0.5 0.41574018125 0.49849609375000004 0.41574018125 0.47147460937499996 0.4264229609375 0.469970703125 0.42874320312499997 0.47296875 0.4306042296875
1 0.45720703125 0.564845921875 0.48798828125 0.565776434375 0.490986328125 0.5639214499999999 0.490986328125 0.5629909359374999 0.48798828125 0.561129909375 0.45720703125 0.5602054375 0.454208984375 0.5620604234375 0.454208984375 0.5629909359374999 0.45720703125 0.564845921875
3 0.47748046874999994 0.3632507546875 0.47823242187500004 0.3850815703125 0.47972656249999995 0.3929788515625 0.48047851562500005 0.4282779453125 0.490986328125 0.505854984375 0.49625 0.561129909375 0.49474609375 0.5778549843749999 0.48949218749999995 0.59550453125 0.49173828124999996 0.5969003015625 0.49474609375 0.597365559375 0.49849609375000004 0.59550453125 0.5030078125 0.581570996875 0.50525390625 0.561129909375 0.5 0.505389728125 0.48949218749999995 0.42781873125000003 0.48874023437499997 0.39251359531249996 0.487236328125 0.38461631406249996 0.486484375 0.3632507546875 0.48047851562500005 0.3395589125 0.48123046875000003 0.2917160125 0.47897460937499997 0.2903202421875 0.4759765625 0.289854984375 0.47222656250000006 0.2917160125 0.47147460937499996 0.3395589125 0.47748046874999994 0.3632507546875
2 0.456455078125 0.325625378125 0.45946289062499995 0.3274803625 0.4759765625 0.3274803625 0.49249023437500006 0.32701510625 0.495498046875 0.32516012031249997 0.495498046875 0.3242296078125 0.49249023437500006 0.322374621875 0.4759765625 0.322374621875 0.45946289062499995 0.3228338375 0.456455078125 0.3246948640625 0.456455078125 0.325625378125
2 0.469970703125 0.3632507546875 0.49625 0.365105740625 0.5 0.365105740625 0.5030078125 0.3632507546875 0.5030078125 0.3623202421875 0.5 0.3604592140625 0.469970703125 0.3586042296875 0.46696289062499996 0.3604592140625 0.46696289062499996 0.361389728125 0.469970703125 0.3632507546875
0 0.46827148437500005 0.4706163140625 0.47042968749999997 0.47000000000000003 0.473701171875 0.4705196375 0.47737304687500004 0.4689184296875 0.47787109375 0.4658731125 0.47705078125 0.46475528749999995 0.47484374999999995 0.4635287015625 0.46626953125000004 0.462247734375 0.460830078125 0.46363746250000004 0.46544921875 0.46597583125 0.46321289062500004 0.46708761406250004 0.46294921875000006 0.46668882187499994 0.46281249999999996 0.467287009375 0.46080078125 0.4683142 0.4630859375 0.46862235625000004 0.4659765625 0.47041691874999997 0.46827148437500005 0.4706163140625
1 0.469970703125 0.35953474375 0.469970703125 0.360924471875 0.47296875 0.36278549843749996 0.47447265625 0.36278549843749996 0.47748046874999994 0.360924471875 0.48423828125 0.34699093593749997 0.485732421875 0.34095468281249997 0.482734375 0.33909365625 0.48123046875000003 0.33909365625 0.47823242187500004 0.34095468281249997 0.47672851562499996 0.3465256796875 0.469970703125 0.35953474375
1 0.425673828125 0.3154018125 0.427177734375 0.3154018125 0.43994140625 0.321444109375 0.45946289062499995 0.32701510625 0.46095703125 0.32701510625 0.46396484375 0.32516012031249997 0.46246093750000006 0.3228338375 0.444443359375 0.317728096875 0.43167968749999996 0.3116858 0.4279296875 0.31122658593749997 0.424921875 0.3130815703125 0.42642578125 0.3149425984375 0.425673828125 0.3154018125
2 0.47147460937499996 0.397625378125 0.47447265625 0.39948036249999996 0.48798828125 0.39948036249999996 0.5022558593750001 0.39901510625 0.50525390625 0.39716012031250003 0.50525390625 0.3962296078125 0.5022558593750001 0.3943685796875 0.48874023437499997 0.3943685796875 0.47447265625 0.3948338375 0.47147460937499996 0.3966948640625 0.47147460937499996 0.397625378125
2 0.47072265625 0.4319939578125 0.486484375 0.4324592140625 0.50150390625 0.43385498437500003 0.506005859375 0.43385498437500003 0.509013671875 0.4319939578125 0.509013671875 0.43106948593750005 0.506005859375 0.429208459375 0.47072265625 0.427353475 0.46771484374999994 0.429208459375 0.46771484374999994 0.4301389734375 0.47072265625 0.4319939578125
2 0.466220703125 0.46869486406250005 0.51201171875 0.4691601203125 0.51501953125 0.46729909375 0.51501953125 0.4663685796875 0.51201171875 0.4645135953125 0.466220703125 0.4640483390625 0.46321289062500004 0.46590936562499996 0.46321289062500004 0.4668338375 0.466220703125 0.46869486406250005
2 0.47296875 0.501208459375 0.5202734375 0.5021389734375 0.523271484375 0.5002779453125 0.523271484375 0.49935347500000005 0.5202734375 0.49749244687500005 0.47296875 0.49656193281250005 0.469970703125 0.49842296093750005 0.469970703125 0.49935347500000005 0.47296875 0.501208459375
1 0.46321289062500004 0.32609063437499997 0.46696289062499996 0.32516012031249997 0.48498046875 0.3130815703125 0.48498046875 0.3116858 0.481982421875 0.309830815625 0.48047851562500005 0.309830815625 0.46095703125 0.322374621875 0.46021484375000005 0.3242296078125 0.46321289062500004 0.32609063437499997
2 0.47672851562499996 0.53465256875 0.51501953125 0.535117825 0.518017578125 0.533262840625 0.518017578125 0.5323323265625 0.51501953125 0.5304712984375 0.47672851562499996 0.530012084375 0.473720703125 0.53186706875 0.473720703125 0.5327975828125 0.47672851562499996 0.53465256875
2 0.482734375 0.5629909359374999 0.482734375 0.5639214499999999 0.485732421875 0.565776434375 0.5127636718749999 0.564845921875 0.5202734375 0.5629909359374999 0.523271484375 0.561129909375 0.523271484375 0.5602054375 0.5202734375 0.5583444109375 0.518017578125 0.5583444109375 0.5075097656249999 0.560664653125 0.485732421875 0.561129909375 0.482734375 0.5629909359374999
0 0.470087890625 0.4000725078125 0.475009765625 0.400477340625 0.47697265624999996 0.40164350468750004 0.479052734375 0.401987915625 0.487158203125 0.40099697812499996 0.489697265625 0.39959516562499997 0.49043945312500004 0.3980422953125 0.490087890625 0.396712990625 0.4877734375 0.394531721875 0.483994140625 0.3928096671875 0.48154296875 0.3924592140625 0.478642578125 0.393129909375 0.47453124999999996 0.39302719062499997 0.4728125 0.3935649546875 0.47130859375 0.394845921875 0.46853515625000003 0.3954380671875 0.46708007812499996 0.397003021875 0.46776367187499995 0.398972809375 0.470087890625 0.4000725078125
0 0.483447265625 0.3640302109375 0.48436523437499995 0.36270090625 0.48338867187499995 0.36005438125 0.47955078125000006 0.3577099703125 0.4749609375 0.3576797578125 0.46748046875 0.3567190328125 0.46463867187499996 0.3572145015625 0.46316406250000003 0.35879758281249996 0.463916015625 0.3605679765625 0.46662109375 0.3617824765625 0.46954101562500006 0.36433836875000003 0.476005859375 0.3653413890625 0.481005859375 0.36509365625 0.483447265625 0.3640302109375
0 0.46467773437500004 0.3294199390625 0.46905273437500006 0.3286706953125 0.4721875 0.3268398796875 0.47205078125 0.323776434375 0.46802734375000005 0.320948640625 0.46516601562500004 0.3207492453125 0.46091796875 0.32210271874999996 0.45775390624999995 0.3218791546875 0.455693359375 0.3224592140625 0.45428710937499994 0.32417522656250003 0.455166015625 0.3260422953125 0.46078125 0.329075528125 0.46467773437500004 0.3294199390625
1 0.454951171875 0.38786706875 0.47222656250000006 0.397625378125 0.4759765625 0.39854984843749997 0.47897460937499997 0.3966948640625 0.47897460937499997 0.39576435 0.47447265625 0.3920483390625 0.47222656250000006 0.39158308124999996 0.45871093749999997 0.38368579999999997 0.454951171875 0.38322054375 0.451953125 0.3850815703125 0.452705078125 0.3874018125 0.454951171875 0.38786706875
0 0.4875 0.536036253125 0.48929687499999996 0.5350513593749999 0.489921875 0.533963746875 0.489521484375 0.5319697890625 0.4884375 0.5308217515625 0.48052734375000006 0.5280604234374999 0.47732421875000003 0.528114803125 0.47314453125 0.529649546875 0.471923828125 0.5313595171875 0.47289062499999995 0.5329909359375 0.47653320312499997 0.5357583078125 0.480615234375 0.535885196875 0.48335937500000004 0.5365498484375 0.4875 0.536036253125
2 0.48949218749999995 0.595039275 0.514267578125 0.595039275 0.5172656250000001 0.593184290625 0.5172656250000001 0.5922537765625 0.514267578125 0.5903987921875 0.48949218749999995 0.5903987921875 0.486484375 0.5922537765625 0.486484375 0.593184290625 0.48949218749999995 0.595039275
1 0.469970703125 0.5002779453125 0.47222656250000006 0.5002779453125 0.475224609375 0.49842296093750005 0.47447265625 0.49656193281250005 0.451953125 0.48402416875 0.44969726562499995 0.48402416875 0.44669921874999996 0.4858791546875 0.44745117187499994 0.48774018124999996 0.469970703125 0.5002779453125
0 0.49017578124999994 0.5967492453125 0.495029296875 0.5971782484375 0.50232421875 0.5969123859375001 0.504521484375 0.5963806640625 0.5058203125 0.5952145015625 0.505126953125 0.5929546828125 0.498671875 0.5898972812500001 0.49519531250000004 0.5895105734375 0.49126953125000006 0.58976435 0.489404296875 0.5904229609375 0.48829101562500005 0.591492446875 0.48709960937499996 0.5929909359375001 0.48702148437500004 0.5944229609375 0.48826171875 0.595963746875 0.49017578124999994 0.5967492453125
1 0.47296875 0.5002779453125 0.47447265625 0.5002779453125 0.5022558593750001 0.4900604234375 0.5037499999999999 0.48774018124999996 0.500751953125 0.4858791546875 0.499248046875 0.4858791546875 0.47147460937499996 0.49610271875 0.469970703125 0.49842296093750005 0.47296875 0.5002779453125
0 0.46541015625000004 0.43210876093749995 0.468837890625 0.43235045312500003 0.4725390625 0.43386706875 0.4762109375 0.43413293125 0.47899414062499995 0.4338791546875 0.48201171875000004 0.43235045312500003 0.48288085937499997 0.430477340625 0.482080078125 0.42816314218749996 0.47751953125 0.42586706875 0.4680859375 0.42493655625000004 0.4658203125 0.425776434375 0.46494140625 0.42718429062499996 0.46321289062500004 0.428223565625 0.462783203125 0.42958308125 0.46376953125 0.43122658593749996 0.46541015625000004 0.43210876093749995
1 0.43994140625 0.36185498437499997 0.442939453125 0.36371601249999996 0.445947265625 0.36371601249999996 0.45120117187500003 0.36278549843749996 0.47222656250000006 0.36278549843749996 0.475224609375 0.360924471875 0.475224609375 0.36 0.47222656250000006 0.3581389734375 0.45044921875000005 0.3581389734375 0.442939453125 0.3590694859375 0.43994140625 0.360924471875 0.43994140625 0.36185498437499997
1 0.48047851562500005 0.39158308124999996 0.47748046874999994 0.393909365625 0.47672851562499996 0.39576435 0.47972656249999995 0.397625378125 0.48123046875000003 0.397625378125 0.50150390625 0.3883323265625 0.5030078125 0.386012084375 0.5 0.3841510578125 0.49849609375000004 0.3841510578125 0.49249023437500006 0.386012084375 0.487236328125 0.389262840625 0.48047851562500005 0.39158308124999996
0 0.48599609375 0.5678429 0.49138671875 0.56813293125 0.493720703125 0.567570996875 0.497119140625 0.5676374625 0.499638671875 0.5663806640625 0.50060546875 0.5651903328125 0.500537109375 0.5619154078124999 0.49859375000000006 0.5602658609375 0.496533203125 0.559649546875 0.493291015625 0.5600664656250001 0.48584960937500005 0.55994561875 0.48412109374999995 0.5607975828125 0.48212890625 0.5630090640625001 0.481796875 0.564374621875 0.482646484375 0.566374621875 0.48390625 0.567311178125 0.48599609375 0.5678429
1 0.47823242187500004 0.533728096875 0.47972656249999995 0.533728096875 0.5075097656249999 0.525365559375 0.509013671875 0.523039275 0.506005859375 0.521184290625 0.504501953125 0.521184290625 0.47672851562499996 0.529546828125 0.475224609375 0.53186706875 0.47823242187500004 0.533728096875
1 0.45871093749999997 0.521184290625 0.46696289062499996 0.5281510578125 0.47447265625 0.5327975828125 0.47748046874999994 0.533262840625 0.48047851562500005 0.5314018125 0.48047851562500005 0.530012084375 0.46921875 0.52257401875 0.46095703125 0.51560725 0.45720703125 0.51514199375 0.454208984375 0.517003021875 0.454951171875 0.5193232625 0.45871093749999997 0.521184290625
1 0.48423828125 0.5629909359374999 0.487236328125 0.564845921875 0.48874023437499997 0.564845921875 0.49173828124999996 0.5629909359374999 0.495498046875 0.5499818734375 0.495498046875 0.5481268874999999 0.49249023437500006 0.5462658609375 0.490986328125 0.5462658609375 0.48798828125 0.5481268874999999 0.48423828125 0.561129909375 0.48423828125 0.5629909359374999
1 0.46696289062499996 0.59922054375 0.46546875 0.601546828125 0.46846679687500004 0.6034018125 0.469970703125 0.6034018125 0.48874023437499997 0.597830815625 0.49474609375 0.595039275 0.493994140625 0.59457401875 0.495498046875 0.5936495468749999 0.495498046875 0.5927190328124999 0.49249023437500006 0.59085800625 0.490986328125 0.59085800625 0.48874023437499997 0.5913232625 0.48423828125 0.594114803125 0.46696289062499996 0.59922054375