1 0.46681416562500005 0.5301403859375 0.46677847968749997 0.5311623062499999 0.47077489687499996 0.5338557546875 0.493029425 0.53974068125 0.498394934375 0.541966328125 0.5004430421875 0.54203785 0.503227071875 0.540096790625 0.5019650390625 0.5374988296875001 0.49927706406250005 0.5363817953125001 0.4696092 0.5281916546875001 0.46681416562500005 0.5301403859375
1 0.48052943125 0.46881034374999997 0.46082041562500003 0.4681220890625 0.44034330781250003 0.46944529218750003 0.43828793906249996 0.46988912968749996 0.43550390937500005 0.4718301875 0.435468221875 0.47285210937500005 0.4381097890625 0.47499068906249997 0.4401471734375 0.4750618359375 0.45177802343750006 0.473421659375 0.48035128125000004 0.47391190468750005 0.483146315625 0.47196317343749994 0.4831820015625 0.4709412515625 0.48052943125 0.46881034374999997
1 0.460470471875 0.5365573625 0.4687375125 0.5337846078124999 0.47152182343750004 0.531835503125 0.471557509375 0.53081358125 0.4689156625 0.5286830484375 0.46686755468749996 0.5286115265625 0.45654514687500003 0.5318281171875 0.4472462515625 0.544780403125 0.434796021875 0.5698845375 0.431691096875 0.5810148421875 0.431619725 0.583058684375 0.434261290625 0.585197265625 0.43562312031249995 0.585244821875 0.4384181546875 0.583296090625 0.4415587671875 0.5711438656250001 0.4547486625 0.5445348375 0.460470471875 0.5365573625
1 0.5498810296875 0.588211628125 0.5287567937500001 0.5890046765625 0.49409606406249995 0.5872867421875 0.4913013109375 0.589227425 0.4912656234375 0.5902493468750001 0.4939179125 0.5923883015625 0.529254196875 0.594129828125 0.5544639250000001 0.5934794484375 0.557258959375 0.5915307171874999 0.5572946453125 0.5905087953125 0.5546420750000001 0.5883778875 0.5498810296875 0.588211628125
1 0.5063770453124999 0.5473528515625 0.5220660421875001 0.5269620421875 0.5221017296875 0.5259401203125 0.5194601624999999 0.5238015390624999 0.5180983328125001 0.523753984375 0.5146100421875001 0.526186059375 0.4996140203125 0.5461015703125 0.49226343437500003 0.5616757812500001 0.48914052343750003 0.57332106875 0.48862405625000005 0.588110765625 0.4912656234375 0.5902493468750001 0.49262745468749997 0.5902969031249999 0.4954224890625 0.5883481734375 0.49592125468750003 0.5740654125 0.4997838296875 0.5609152328125 0.5063770453124999 0.5473528515625
1 0.515699378125 0.6508652453125 0.49964607968749997 0.6426429796875001 0.49091704218750004 0.639276709375 0.48828245625 0.6366308171874999 0.4849189265625 0.63549019375 0.48213461406249997 0.637439296875 0.482099209375 0.6384531734375 0.4853556796875 0.6426595609375 0.494760271875 0.6460494234375 0.5094694421875 0.65371719375 0.529394396875 0.6682056109375 0.53143178125 0.6682767578125001 0.5342160921875 0.666327653125 0.5336116296875 0.664268265625 0.5196493859375 0.6545802421875 0.515699378125 0.6508652453125
1 0.4446080390625 0.6396978421874999 0.46099965468750004 0.6382319703125 0.4773024765625 0.639308834375 0.4800972296875 0.63736815 0.48013291562499993 0.6363462296875 0.4774806265625 0.6342072734374999 0.4605022515625 0.6331068203125 0.4434350828125 0.6345491 0.4351857453125 0.6368149187500001 0.42560998281250007 0.6380193046875 0.40838236562499997 0.6440562062499999 0.40630929374999997 0.6450069828125 0.40485838906250005 0.64751020625 0.407510959375 0.6496411140625 0.408862065625 0.649688296875 0.428173478125 0.64270099375 0.4384245125 0.6415282437500001 0.4446080390625 0.6396978421874999
1 0.48010358750000004 0.695600303125 0.47659759375000005 0.6985393171875 0.47213781718750003 0.7091147531249999 0.46205630937500003 0.7251092109374999 0.4620206234375 0.7261311328125 0.4646624703125 0.7282616671875 0.468097371875 0.7273584484375 0.4796405078125 0.708861140625 0.48405359687500005 0.6993152984375001 0.48410698593749996 0.6977864406250001 0.4814654171875 0.695647859375 0.48010358750000004 0.695600303125
1 0.446004653125 0.6974709875 0.478634978125 0.6986104640625 0.48142973125 0.6966697796875 0.4814654171875 0.695647859375 0.478813128125 0.693508903125 0.44618280468749993 0.692369428125 0.4433877703125 0.6943181578125001 0.443352084375 0.6953400796875 0.446004653125 0.6974709875
2 0.4186215890625 0.46767164218749996 0.4185861828125 0.4686855171875 0.421238471875 0.470824471875 0.42938103125 0.471616371875 0.489215803125 0.473705846875 0.49199983593749996 0.471764790625 0.492035521875 0.4707428671875 0.4893939546875 0.4686042890625 0.4451754453125 0.4675757546875 0.42141662343749997 0.46572291093749996 0.4186215890625 0.46767164218749996
2 0.491922384375 0.415568434375 0.4947171375 0.41362775 0.49475282343749993 0.41260582812499996 0.492100534375 0.4104668734375 0.444582609375 0.40676923125000003 0.42550301875 0.40711806875 0.4091218453125 0.40859236093750007 0.40638048125 0.4090041859375 0.40358544687500003 0.4109529171875 0.40354976093749995 0.4119748375 0.40620232968750003 0.41410574687499996 0.4089259921875 0.414200859375 0.4260111453125 0.41224359374999997 0.444404459375 0.4118707921875 0.485123953125 0.4153310265625 0.491922384375 0.415568434375
3 0.46169474062500004 0.8522916203124999 0.4644007 0.8528936703125 0.46787100625000005 0.8509765781249999 0.46803145468749996 0.8463819546875 0.4627041765625 0.76497091875 0.462840284375 0.7026591265625 0.4583921328125 0.6544874265625 0.45811855 0.6039076140625 0.4544994203125 0.55167219375 0.4528460234375 0.501559809375 0.442553846875 0.386774815625 0.4420210375 0.38266354062499996 0.44002631875000003 0.381063159375 0.4373310828125 0.380461484375 0.43386077500000003 0.38237857656249996 0.4337360140625 0.38595127812499996 0.4446857609375 0.501274846875 0.446729503125 0.5595781453125 0.449940584375 0.6041295890625 0.4502318703125 0.6542024640624999 0.45468002187499995 0.7023741640625001 0.45454391562499996 0.76468595625 0.45623407968749996 0.7943765546875 0.45971074375 0.850691615625 0.46169474062500004 0.8522916203124999
0 0.48128269062499995 0.40850198750000005 0.473972925 0.408150046875 0.47185209375000003 0.408623825 0.46679443593750003 0.41203232187500005 0.46650462187499997 0.41387518125 0.4676163953125 0.4155494609375 0.472911384375 0.4179498875 0.47901750156249995 0.4174138703125 0.4831014890625 0.4188294015625 0.4867277203125 0.4179812046875 0.4913737125 0.41867517187500003 0.4957272921875 0.4169822765625 0.49702653281250003 0.4135956046875 0.496160975 0.41101954531249996 0.49340145468749996 0.40887684531249996 0.488515484375 0.4073688546875 0.484415615625 0.40733041718749996 0.48128269062499995 0.40850198750000005
0 0.4802616546875 0.4651030875 0.4740963921875 0.46641045937500003 0.47287957187499996 0.4680517625 0.47301427656249995 0.4706506390625 0.47326215937500005 0.473390428125 0.4756009484375 0.4755909421875 0.48257450156250004 0.47696236562500005 0.48966569218749995 0.476194884375 0.4930844421875 0.4748318859375 0.494418328125 0.4729126953125 0.4939962578125 0.4696270421875 0.4917528046875 0.4671559375 0.48929319531250004 0.466570546875 0.48531984687499996 0.46721326875 0.48384470312500005 0.4661063625 0.4802616546875 0.4651030875
0 0.4665231203125 0.525562221875 0.4649584765625 0.5279406265625 0.4631193265625 0.5326458140625 0.46432676562499997 0.5343476046875 0.4665925609375 0.535256540625 0.47965894374999996 0.5340129203124999 0.48297720625 0.5324530578125 0.48463498749999995 0.53017458125 0.4842269578125 0.528331521875 0.48191021875000006 0.526421809375 0.4766083421875 0.5251409875 0.47391802031249997 0.5253209578125 0.47109968125 0.524247709375 0.4665231203125 0.525562221875
0 0.504085465625 0.5896094078125 0.50164970625 0.5861889828125 0.49541600781249995 0.582692328125 0.49159770312499995 0.5822770125 0.48801436562499995 0.583126709375 0.48229545625 0.58210524375 0.4774415453125 0.5836759328125 0.4750188296875 0.58449365 0.47295638125000006 0.5866774296874999 0.47334619062499994 0.5893496671875 0.475439946875 0.5908809984375 0.4812646359375 0.5916402953125 0.48613483437499994 0.5914478265625001 0.4886646296875 0.5934052624999999 0.4920705890625 0.593330846875 0.49721199218749995 0.595210296875 0.5011861375 0.5942372890625001 0.5040287953125 0.5918471171874999 0.504085465625 0.5896094078125
0 0.4877095640625 0.6324375765625 0.4861984625 0.630515715625 0.48345523124999995 0.629751234375 0.4802931828125 0.630527021875 0.47578298124999996 0.630248675 0.473604928125 0.63113133125 0.4724741734375 0.632767584375 0.4705986953125 0.63605356875 0.47241846406250004 0.6395894421875 0.47569845624999996 0.640662696875 0.48214789375 0.6413632453125 0.4842694578125 0.6439428859375 0.48640208281249997 0.6449760734375001 0.4889154953125 0.644942996875 0.49095017187499995 0.6438619796875 0.4925125421875 0.637551953125 0.4919791171875 0.634995546875 0.490368415625 0.633158828125 0.4877095640625 0.6324375765625
0 0.48288903281250006 0.6917740875 0.4798445296875 0.6897986781250001 0.4751154171875 0.689947734375 0.47219661874999996 0.6926736171875 0.47101908437500006 0.6947271703125 0.4717470203125 0.6978623749999999 0.47737033437500004 0.7031584718749999 0.47918604218749994 0.704043634375 0.48575433125 0.703185384375 0.4872837609375 0.7012005140625 0.49036391406249996 0.7000029328124999 0.4920323265625 0.6971125390624999 0.49183899374999995 0.6949627765625 0.48958116562500004 0.692595903125 0.4873845296875 0.691858565625 0.48288903281250006 0.6917740875
0 0.47827991562500005 0.74198198125 0.4748669875 0.740718784375 0.47170657968749996 0.7411401468750001 0.46893571093749997 0.742396865625 0.467256103125 0.7459152718750001 0.4662688640625 0.7486683249999999 0.46678440625000006 0.7505070828125 0.46903315 0.7525191546875 0.47407467499999995 0.75449179375 0.48015377968750006 0.7525771828125001 0.49557975781249997 0.751093703125 0.49732748281249994 0.7502363015625 0.49838570468750004 0.7485250078125001 0.49775244531249996 0.7463679390625 0.49509458124999994 0.7446960625 0.479789096875 0.744266315625 0.47827991562500005 0.74198198125
0 0.5051873390625 0.8009360171875001 0.50104754375 0.7980442062499999 0.49705069062499996 0.7981302125 0.49305738125 0.8011891703125 0.49157205781249996 0.80375564375 0.49233384999999996 0.8068436921875 0.4940895703125 0.8085243468750001 0.50003140625 0.8114629734375001 0.5052394046875001 0.8114353718749999 0.507265884375 0.810281559375 0.5112928046875 0.8093345640624999 0.5128979484375 0.8079485156249999 0.513311996875 0.804700115625 0.5122309421875 0.8027610453125 0.50788815 0.8010706125 0.5051873390625 0.8009360171875001
1 0.4524588453125 0.3564659609375 0.4490950359375 0.3553333828125 0.4463110046875 0.357274440625 0.44627531875 0.3582963625 0.459728075 0.382266771875 0.47988320624999997 0.409532678125 0.4824893671875 0.41268513437500004 0.485852896875 0.413825759375 0.4886479296875 0.411877028125 0.487392878125 0.4087717546875 0.4730400078125 0.3909008625 0.4633234234375 0.37676893125 0.4524588453125 0.3564659609375
1 0.5146756781249999 0.40717060156249996 0.49006315 0.41039572656249995 0.48726811562499994 0.41234445624999994 0.4872324296875 0.413366378125 0.489885 0.4154972859375 0.491922384375 0.415568434375 0.5151838046874999 0.412296125 0.524677471875 0.4131352078125 0.527472225 0.41119452343749996 0.5275079109374999 0.41017260312500003 0.524855621875 0.408033646875 0.5146756781249999 0.40717060156249996
1 0.48860061874999994 0.47164608750000003 0.4859590515625 0.46950750625 0.484597221875 0.46945994999999996 0.48180218750000003 0.47140868124999996 0.48105554218749996 0.473420884375 0.47627515000000004 0.493177521875 0.47477993593749995 0.5166259359375001 0.477432225 0.5187648890625 0.4787833328125 0.518812071875 0.48157836718749997 0.5168633421875 0.48307358125000005 0.493414928125 0.4847560265625 0.4842812828125 0.48854722968750003 0.47317494531250004 0.48860061874999994 0.47164608750000003
1 0.4890945828125 0.8082935234375 0.4993386390625 0.8076280859375 0.5021226703125 0.8056870281249999 0.50215835625 0.8046651062500001 0.499516790625 0.802526525 0.49679312812500004 0.8024314125 0.4865420921875 0.8036041624999999 0.46108283906249997 0.8113999453125 0.45897408281249996 0.813372640625 0.456908271875 0.8138080578125001 0.457576565625 0.81434700625 0.45614364375000005 0.8163352453125 0.4587959328125 0.8184742015625 0.4608333171875 0.8185453484374999 0.4643216078125 0.8161132703125 0.4760415328125 0.8119223140624999 0.4890945828125 0.8082935234375
1 0.5028626171874999 0.8041740875000001 0.5015007859375 0.80412653125 0.49870575156249997 0.8060752625 0.497958825 0.8080955124999999 0.49317843437500003 0.8278521484375 0.484145403125 0.852560003125 0.4840917328125 0.8540969078125 0.48674430312499994 0.8562278171875001 0.488106134375 0.8562753734375 0.49163011093750003 0.8528213750000001 0.5022744953125 0.8210156734374999 0.5055041828125 0.8063126687500001 0.5028626171874999 0.8041740875000001
1 0.4775821359375 0.7481288453125 0.47494057031250003 0.7459902656249999 0.47357873906250003 0.745942709375 0.4707837046875 0.7478914390625 0.470019075 0.7504186296875 0.4634067953125 0.7838958578125 0.4596509984375 0.7939883203125 0.459597609375 0.7955171796875 0.46223945625 0.7976477140625 0.46360128749999996 0.7976952703125 0.466396040625 0.7957545859375 0.47098755781249996 0.7810991375 0.4774930609375 0.7506796265625 0.4775821359375 0.7481288453125
1 0.5401585546875001 0.7497984515625 0.5367770421875 0.749172809375 0.52050990625 0.7470740265625 0.4885731203125 0.74544315625 0.4776712109375 0.745578065625 0.47488718125 0.747519125 0.47485149531250004 0.7485410453125 0.4774930609375 0.7506796265625 0.5074284312499999 0.7512093796875 0.519656203125 0.7521519953125 0.5365811890625001 0.7547813062500001 0.5399804046875001 0.754900009375 0.542764434375 0.752958953125 0.5428001203124999 0.75193703125 0.5401585546875001 0.7497984515625
2 0.42911870781249994 0.7908757750000001 0.426334396875 0.7928248796874999 0.426298990625 0.7938387546875 0.42894055781249996 0.7959773343750001 0.4552982796875 0.80149799375 0.5047752390625 0.8078179359375 0.5081744546875 0.8079366390624999 0.5109584859375 0.80599558125 0.510994171875 0.8049736609375 0.50835260625 0.8028350796874999 0.4595442203125 0.7970460375 0.42911870781249994 0.7908757750000001
2 0.4287203625 0.7438686640625 0.4259363328125 0.7458097234375 0.425900646875 0.74683164375 0.4285422125 0.748970225 0.44077724375000005 0.74939748125 0.49248744218749996 0.7501800734375 0.49528247500000006 0.74823134375 0.4953181625 0.747209421875 0.49266559218749995 0.7450785140625 0.472270296875 0.7443662953125 0.4287203625 0.7438686640625
2 0.461201865625 0.6908556265625 0.4469474328125 0.6898422390625 0.43207781562500003 0.686769090625 0.42928278124999997 0.6887178203125 0.4292470953125 0.6897397421875 0.43189966562500004 0.69187065 0.4413503859375 0.6942470109375 0.46645333593749994 0.6966543484375001 0.483378040625 0.6992917078125 0.4867772578125 0.6994104109375 0.48956156875 0.6974613062499999 0.4895972546875 0.6964393859375 0.48695540781249996 0.6943088515625 0.461201865625 0.6908556265625
2 0.41628402343750004 0.632070240625 0.4162483375 0.6330921640625 0.41890062656250004 0.6352311171875 0.4250058015625 0.6359518703125 0.48751782656250003 0.63915800625 0.4903128609375 0.6372092765625 0.49034854687499996 0.6361873546875 0.4876959765625 0.6340564468750001 0.43603945 0.6317369484375 0.41907877656250003 0.6301295578125 0.41628402343750004 0.632070240625
2 0.500218940625 0.5875005578125 0.4975666515625 0.585361603125 0.47991998125 0.5837222 0.4697937078125 0.581322246875 0.43994741406250004 0.5782417125 0.4196411953125 0.5749787140625 0.416857165625 0.576919771875 0.41682147968749994 0.5779416937499999 0.4194630453125 0.5800802734375 0.42216900468749996 0.5806823234375 0.43976926250000004 0.5833432734375 0.4648722140625 0.5857506109374999 0.47432293437500006 0.588126971875 0.49330300937500005 0.59032049375 0.49738850156250003 0.5904631625000001 0.5001835359375 0.5885144328125 0.500218940625 0.5875005578125
2 0.45064682968750003 0.5254911953125 0.429529853125 0.5257688859375 0.4267455421875 0.5277179890625 0.42670985625 0.5287399125000001 0.429351421875 0.5308784921874999 0.4354743 0.5310923078124999 0.4511442328125 0.530616346875 0.47832025468749995 0.532072909375 0.48111528750000004 0.5301241796875 0.48115069374999997 0.5291103046875001 0.47849840468749993 0.52697135 0.45064682968750003 0.5254911953125