1 0.537406328125 0.5978284484375 0.5415328109375 0.5978929515625 0.5442252875 0.5952435125 0.5440037656250001 0.594284 0.5368645937500001 0.5883490328125001 0.532728025 0.5882868593749999 0.530045634375 0.59093396875 0.5313768234375 0.5931565390625 0.537406328125 0.5978284484375
1 0.49708497031250004 0.401778740625 0.49731721249999994 0.3991952265625 0.493737221875 0.3980004203125 0.49217379218749996 0.39836136718750004 0.4908318828125 0.3996818265625 0.48993365000000005 0.3993806109375 0.490155171875 0.40034012499999994 0.4862409171875 0.40478435625 0.48467748750000006 0.40514530156250006 0.485565634375 0.4054488453125 0.484445246875 0.40772881562499996 0.48802523593749997 0.408923621875 0.493947390625 0.4060436625 0.49372586875 0.40508415 0.49708497031250004 0.401778740625
0 0.4809095890625 0.4075083515625 0.4813721984375 0.411352884375 0.4856459671875 0.41440230937500006 0.48898132031249997 0.4146755390625 0.4924078953125 0.41308896875 0.4935445265625 0.4113855578125 0.4926736140625 0.40871766718749997 0.49399782343750004 0.40603201875000006 0.4914459578125 0.40340010781249996 0.48932512499999997 0.402957328125 0.48691886718750005 0.40344113281249994 0.48230704375 0.40573820312500003 0.4809095890625 0.4075083515625
1 0.479245853125 0.37807486562500003 0.48092012500000003 0.3817374703125 0.48203845 0.3829920078125 0.4856097828125 0.38419533125 0.4871732140625 0.383834384375 0.4898556015625 0.3811872765625 0.4881928453125 0.37752853124999997 0.48707309218750006 0.3762678046875 0.4835031890625 0.3750706703125 0.481939759375 0.3754316171875 0.479245853125 0.37807486562500003
1 0.4751107140625 0.37801888125 0.479245853125 0.37807486562500003 0.481939759375 0.3754316171875 0.4817182375 0.374472103125 0.47088617343749994 0.3668532890625 0.4667510328125 0.36679730781250003 0.4640672140625 0.36943822656249997 0.4642887359375 0.3703977390625 0.4751107140625 0.37801888125
0 0.47143661718749996 0.38028203125000004 0.47281450312500006 0.3813723171875 0.48103401874999996 0.3816785734375 0.4868449453125 0.3805717484375 0.488292859375 0.37957239375 0.48996658281250005 0.377158153125 0.4890122296875 0.3752332875 0.4810305046875 0.3724596015625 0.472984246875 0.375112709375 0.471388825 0.376439534375 0.47103029531249996 0.3779698265625 0.47143661718749996 0.38028203125000004
1 0.5065316125 0.42843082812500005 0.5067638546875 0.4258473140625 0.503192521875 0.4246439890625 0.5016190046875 0.42500726406249995 0.5002785249999999 0.4263339140625 0.49939037812500003 0.4260303703125 0.49546540625 0.434017628125 0.49254997968750003 0.43570136406250004 0.4934482125 0.436002578125 0.492327825 0.43828255 0.49589772656250003 0.439479684375 0.4997013 0.43809949374999996 0.5024951640624999 0.43593523437500004 0.50384779375 0.431071746875 0.5065316125 0.42843082812500005
1 0.47104036562499996 0.3460764390625 0.4693448171875 0.35658747968750004 0.46967781249999996 0.35802984375 0.473247715625 0.35922697812500004 0.4748111453125 0.35886603125 0.47750505 0.356222784375 0.4792006 0.3457117421875 0.47886760468749995 0.344269378125 0.475287615625 0.3430745734375 0.47372418437499997 0.34343551875 0.47104036562499996 0.3460764390625
1 0.48290468437499995 0.3332242703125 0.48055449687499996 0.3337668546875 0.47373490625 0.339892490625 0.47149619062500003 0.34091792656250003 0.4723929953125 0.34121294999999996 0.47126395 0.343501440625 0.474843940625 0.344696246875 0.4786460828125 0.34330986406249997 0.48401371875 0.338028028125 0.486252434375 0.3370025921875 0.4853556296875 0.3367075671875 0.48647458906249996 0.3344214046875 0.48290468437499995 0.3332242703125
1 0.4781363484375 0.3161137734375 0.48082016562499996 0.31347285468749997 0.47870221874999996 0.311431921875 0.4628369421875 0.3105435015625 0.46014303749999996 0.31318674999999996 0.4622710703125 0.3152253515625 0.47656282968749997 0.3164770484375 0.4781363484375 0.3161137734375
0 0.5093061953125 0.4640564875 0.5051932078125 0.46529294062500004 0.5036876296874999 0.46631864843750004 0.5025794171875 0.468237190625 0.5019732015625 0.47053538437500003 0.50500955625 0.47287287187500004 0.5088909625 0.4738546421875 0.513161515625 0.47389892343750006 0.5154368109374999 0.47335406874999997 0.5171530265625 0.47213628593749996 0.5176136046875001 0.46833290937500005 0.5161576375 0.46741061874999995 0.513844909375 0.4671490703125 0.5135905734375 0.46521907812499996 0.51193765625 0.4640879625 0.5093061953125 0.4640564875
1 0.4513396796875 0.3035868484375 0.4544551859375 0.309948684375 0.4556849875 0.31168607187499997 0.45925631874999995 0.312889396875 0.46081975000000003 0.31252844999999996 0.4635021375 0.309881340625 0.4630590953125 0.30796231406249996 0.4591669171875 0.3017797875 0.4555869296875 0.3005849828125 0.454023496875 0.3009459296875 0.4513396796875 0.3035868484375
0 0.47073413750000004 0.3481554046875 0.47239335000000005 0.348991653125 0.4775228625 0.3487528640625 0.480941165625 0.34616406875 0.481466715625 0.344666940625 0.4806854546875 0.3433997890625 0.48142867968749997 0.34100475937499997 0.478089890625 0.338645809375 0.47116193125 0.339378046875 0.468008053125 0.34150153437499997 0.46720496875000006 0.3435452421875 0.47073413750000004 0.3481554046875
0 0.45546874375 0.3101971921875 0.45397679843749994 0.3116500953125 0.4538616953125 0.3131763515625 0.455068628125 0.31481469375 0.458243640625 0.31614211718749996 0.46245251875 0.3168396328125 0.46581533124999996 0.316265396875 0.46785676406250004 0.315213784375 0.47014679062500003 0.312891990625 0.47010333906249996 0.3106329390625 0.46530303125000005 0.30723561093749996 0.45963757968749996 0.3075459671875 0.45546874375 0.3101971921875
2 0.5429954859375 0.593506125 0.539868625 0.5942280171875 0.49995513125 0.6069833265625 0.49693974531249996 0.608188071875 0.4942458421875 0.6108313187500001 0.4944673625 0.61179083125 0.4980473515625 0.6129856375 0.5011742109374999 0.61226374375 0.511009984375 0.6084802546875 0.5441045203125 0.5983098796874999 0.546786909375 0.5956627703125 0.5465653890625 0.5947032578125 0.5429954859375 0.593506125
2 0.5353337953125 0.5674526046875 0.530533459375 0.56805878125 0.49989979062499995 0.5746225328125 0.482238209375 0.5802192734375 0.47955439218749996 0.5828601921875001 0.47977591249999996 0.58381970625 0.48334724375000004 0.5850230296875 0.48726086406249997 0.5841195 0.501008825 0.5794262890625 0.5244804515625 0.5740074359375 0.5364428296875 0.5722563609375 0.5391266484374999 0.569615440625 0.538905128125 0.568655928125 0.5353337953125 0.5674526046875
2 0.5309217953125 0.5340763140625 0.5254447453125 0.5353407906250001 0.47603053749999996 0.5497874453125 0.4722370515625 0.551165309375 0.469544575 0.553814746875 0.4697660953125 0.554774259375 0.47334608593749994 0.5559690640625 0.4772496171875 0.5550678625 0.5040904328125 0.5463412734374999 0.5320308296875 0.5388800703125 0.534724734375 0.536236821875 0.5345032125 0.535277309375 0.5309217953125 0.5340763140625
2 0.521586628125 0.5079070796875 0.524270446875 0.5052661609375 0.5221524984375 0.503225228125 0.514557503125 0.5024487734374999 0.5122073140625 0.5029913578125 0.508515215625 0.5048543999999999 0.48817045 0.509551359375 0.460451575 0.5179720765625 0.4566494296875 0.519358459375 0.45395552656250004 0.52200170625 0.45417704687500005 0.52296121875 0.4577584640625 0.5241622140625 0.49006624218750006 0.514173478125 0.5104110078125 0.50947651875 0.5141031078125 0.507613475 0.521586628125 0.5079070796875
1 0.5146683421875 0.43868669843749997 0.5131049125 0.4390476453125 0.5000435875 0.43599263906249996 0.49601992343749995 0.43641950625000003 0.4933260171875 0.4390627546875 0.4953425765625 0.44061850625 0.4946672921875 0.44128299374999996 0.4962307234375 0.4409220484375 0.50327056875 0.442837325 0.5048339984375 0.442476378125 0.5093021359375001 0.4439747265625 0.5133272296875 0.44355405000000003 0.51600961875 0.440906940625 0.514003146875 0.439348859375 0.5146683421875 0.43868669843749997
2 0.5124956890625 0.46852989999999994 0.51227416875 0.4675703859375 0.5087028375 0.4663670640625 0.488913221875 0.46992520000000004 0.45504201406250006 0.48027488281249997 0.45202662968749996 0.4814796265625 0.4493327234375 0.484122875 0.4495542453125 0.48508238906249995 0.45313423437499994 0.48627719375 0.45547433593750003 0.4857369375 0.463756765625 0.48231206562500006 0.483203296875 0.4773138921875 0.49002225624999995 0.47472895625 0.509811871875 0.47117081875 0.5124956890625 0.46852989999999994
2 0.497471878125 0.43557570781250005 0.4872944515625 0.43792535312499997 0.450740059375 0.44737525468749995 0.44011895624999997 0.4513465734375 0.4374351390625 0.45398749218749995 0.43765808906250003 0.45495319375000004 0.441227990625 0.456150328125 0.44436493749999995 0.45542610781250004 0.461129715625 0.4495343421875 0.49858091250000003 0.44037946406249995 0.50126473125 0.437738546875 0.501043209375 0.4367790328125 0.497471878125 0.43557570781250005
2 0.4890248578125 0.4097100171875 0.49170724843749997 0.4070629078125 0.4914857265625 0.40610339375000004 0.48791582343749995 0.40490626093750004 0.46522086875 0.4101458046875 0.45683847968749997 0.41309168593749995 0.44588438124999996 0.4156206390625 0.431792703125 0.42241451249999995 0.42910888593749996 0.42505543125 0.4293318359375 0.426021134375 0.43290173750000005 0.42721826875 0.4352519265625 0.426675684375 0.44855684531250006 0.4200634484375 0.45873427343750006 0.417713803125 0.4671166609375 0.41476792187499995 0.4890248578125 0.4097100171875
2 0.44538599999999995 0.38134081875 0.424707603125 0.3881361125 0.42201370000000005 0.3907793609375 0.42223665 0.391745065625 0.4258166375 0.39293986875 0.4289434984375 0.3922179765625 0.4472817921875 0.3859629375 0.48025413281249996 0.378852740625 0.48293795156249997 0.3762118203125 0.48271643124999997 0.37525230781249996 0.4791450984375 0.374048984375 0.44538599999999995 0.38134081875
3 0.49819304999999997 0.53151926875 0.5000554140625 0.553851871875 0.5077270296874999 0.5728154734375 0.5155321921875 0.58163516875 0.5222842953125 0.6144712046875 0.5249674796875 0.6153709859375 0.5282058171874999 0.61513194375 0.5316749640625 0.6123031984375 0.5247013390624999 0.5785076499999999 0.5168961765625 0.569687953125 0.5094359953125001 0.5516861937499999 0.5074722421875 0.528868409375 0.5008975109375 0.518245403125 0.4942461640625 0.4894352484375 0.491240703125 0.48355007343749995 0.487803553125 0.46866214375000004 0.47911293906249997 0.4524636953125 0.47289327812500004 0.43265629531250005 0.46788197968749995 0.4216723421875 0.44725987968750003 0.335891659375 0.44080655 0.318661584375 0.43271253749999994 0.287146009375 0.43003078281249996 0.2862524171875 0.42678235937500003 0.2864937875 0.4233218703125 0.289314015625 0.43141588124999997 0.320829590625 0.4378692125 0.338059665625 0.4584913109375 0.42384034843749996 0.46350261093749995 0.4348243015625 0.469722271875 0.4546317015625 0.47841288593750003 0.4708301515625 0.48196150937500004 0.48620093124999997 0.484965540625 0.49207991562500003 0.49161831874999995 0.520896259375 0.49819304999999997 0.53151926875
2 0.43254698906250005 0.3150065890625 0.4079448890625 0.3227077421875 0.4052624984375 0.3253548515625 0.40548402031249997 0.32631436406250003 0.4090539234375 0.3275114984375 0.4121908703125 0.3267872765625 0.4336560234375 0.31981034531249997 0.4635015046875 0.313422040625 0.466185321875 0.310781121875 0.4659638015625 0.30982160937500003 0.4623939 0.308624475 0.43254698906250005 0.3150065890625
2 0.44388942499999995 0.3462807953125 0.4208608390625 0.35361867343750003 0.41816693593750004 0.35626192031250004 0.41838845625000004 0.35722143281249996 0.42196987343750003 0.3584224296875 0.4449970296875 0.351078359375 0.4701435625 0.3457814140625 0.476740365625 0.3457776640625 0.47942275468749995 0.3431305546875 0.4773048078125 0.341089625 0.46982128593750005 0.3407960203125 0.44388942499999995 0.3462807953125
0 0.5355025906249999 0.5992003734375 0.5406957546875 0.6019984140625 0.5454338953125 0.601537003125 0.54974116875 0.598795134375 0.5495931125 0.59543873125 0.5472541671875 0.5929467546875 0.5457831671875 0.5923735125 0.5404959781249999 0.5929877625 0.535954209375 0.5963705984375001 0.535112015625 0.5977386984375 0.5355025906249999 0.5992003734375
1 0.5361205546875001 0.5672709671875 0.533428078125 0.5699204046874999 0.5336496000000001 0.5708799171875001 0.5372295890625 0.572074721875 0.5413546421875 0.572133034375 0.5494034015625 0.5712854875 0.5611442578125 0.568574896875 0.5638280765625 0.565933978125 0.5636065546875 0.5649744640625001 0.560036653125 0.5637773312500001 0.548295796875 0.5664879218750001 0.5361205546875001 0.5672709671875
1 0.54596768125 0.5564037468749999 0.54440425 0.55676469375 0.5430623406249999 0.5580851546875001 0.5421641078125 0.5577839390625 0.542385628125 0.558743453125 0.5385828515625 0.563670534375 0.533881840625 0.5682964015625 0.5335381234375001 0.570397065625 0.53711954375 0.5715980609375 0.5436055046875 0.5675707609375 0.549315428125 0.56018206875 0.5495476703125 0.557598553125 0.54596768125 0.5564037468749999
0 0.5334362687499999 0.5661823484374999 0.5305650671875 0.5681036484375 0.526119878125 0.56905165625 0.52407096875 0.5702549640625 0.5228598828125001 0.5725102328125 0.5233945296875 0.5739516859375 0.5290739984374999 0.5754507515625 0.5324824328125 0.5743378328125 0.5360222953125 0.57462253125 0.5383753421875 0.5740923296875 0.54287516875 0.5708039390625 0.5438053671875 0.5693568375 0.5429837890625 0.56648846875 0.5400945 0.5656623515625 0.5374158234374999 0.566254690625 0.5334362687499999 0.5661823484374999
1 0.523759915625 0.542308803125 0.5239814375 0.5432683171875 0.5275513390625 0.54446545 0.5320301953125 0.5424207703125 0.535389296875 0.5391153609375 0.5351677765625 0.5381558484375 0.5315877875 0.5369610437500001 0.53002435625 0.537321990625 0.52499035 0.5405054921875 0.523759915625 0.542308803125
1 0.53853823125 0.5277667125 0.5329389875 0.532091365625 0.5331619375 0.53305706875 0.5276741671875 0.5378645734374999 0.5278956890625001 0.5388240875 0.531475678125 0.5400188906250001 0.5381831609375001 0.5369511046875 0.538628265625 0.5353356218750001 0.5433393640624999 0.530707425 0.5436715640625 0.5286029 0.5401016624999999 0.527405765625 0.53853823125 0.5277667125
0 0.529005634375 0.5335536828125 0.5271823140625 0.5342615234375 0.525319940625 0.53585863125 0.5237860546875 0.5374059812499999 0.5237746750000001 0.53892133125 0.5292950375000001 0.5431826390625 0.5321560734374999 0.5437023015625 0.53485308125 0.543327421875 0.536582928125 0.5425368328125 0.5378543953125 0.5411413515625 0.5382047625 0.5393456078125001 0.5372067640625 0.5344705765625 0.53620065625 0.5332879375 0.533826390625 0.5328058625 0.529005634375 0.5335536828125
1 0.5073834734375 0.5142181015625 0.506153040625 0.5160214125 0.5063745609375 0.5169809265625 0.5099458921875 0.5181842484375 0.5144233203125 0.5161333781249999 0.5229279046875 0.5101273187500001 0.5220296703125 0.50982610625 0.5231500578125 0.5075461328124999 0.5195801546875 0.5063489999999999 0.5172299671875 0.5068915828125 0.5073834734375 0.5142181015625
1 0.519269234375 0.49427987812499996 0.516575328125 0.4969231234375 0.517351365625 0.500284515625 0.516453928125 0.5035301921875 0.5167854953125001 0.5049663671875 0.5203568265625 0.506169690625 0.5219303453124999 0.5058064156250001 0.524612734375 0.5031593062499999 0.5251786046875 0.49847745468750004 0.524402565625 0.49511606406249997 0.5208326640625 0.49391893124999997 0.519269234375 0.49427987812499996
0 0.5139631328125 0.5021752125 0.5114879734375 0.503326959375 0.510398834375 0.50505200625 0.5130563484375 0.5097982046875 0.5190821156250001 0.513349478125 0.5209498484374999 0.5135703125 0.5233318078125 0.512981271875 0.5252560500000001 0.5114220453125 0.527152203125 0.50707206875 0.5276365281250001 0.5044759984375 0.526934971875 0.5013451843750001 0.5237318984375 0.5004024203124999 0.5139631328125 0.5021752125
1 0.5072401625 0.4707538890625 0.5075731578125 0.4721962546875 0.5151568 0.48005643750000004 0.5187267046875 0.48125357187500006 0.5202901343749999 0.48089262499999996 0.5229840390625 0.478249378125 0.5226510421875 0.4768070125 0.5150674000000001 0.468946828125 0.511487409375 0.4677520234375 0.5099239796874999 0.46811297031250004 0.5072401625 0.4707538890625
1 0.4988804796875 0.459532315625 0.49553209843749996 0.45929469375 0.4928381953125 0.4619379421875 0.4941794703125 0.4641581828125 0.49585437499999996 0.4642800875 0.504556978125 0.46985410781250003 0.5086921171875 0.4699100921875 0.511375934375 0.4672691734375 0.5111544140625 0.46630965937499996 0.50524504375 0.46211208125000003 0.4997787140625 0.459833528125 0.4995557640625 0.4588678265625 0.4988804796875 0.459532315625
1 0.48354780937499997 0.41097449375000006 0.48331493437499995 0.4170987078125 0.48375797656249997 0.419017734375 0.487327878125 0.4202148671875 0.488891309375 0.419853921875 0.4915852140625 0.4172106734375 0.4918180890625 0.411086459375 0.491375046875 0.4091674328125 0.48780371406249995 0.40796410937500005 0.4862301984375 0.408327384375 0.48354780937499997 0.41097449375000006
0 0.488917575 0.44040002031250003 0.491906603125 0.44262454843750004 0.496544178125 0.4436143140625 0.5002547171875 0.44270550468750003 0.5054693234375 0.4384174890625 0.505050053125 0.4360952328125 0.49841205312500003 0.4333895046875 0.495338896875 0.43388382812500004 0.49009919999999996 0.4369126859375 0.4884942125 0.4387503078125 0.488917575 0.44040002031250003