0 0.5159765625 0.3168351640625 0.514677734375 0.3155970703125 0.5144726562499999 0.3129963375 0.5129296875 0.3118021984375 0.5096484375 0.310981684375 0.50294921875 0.31204395625000003 0.49650390624999996 0.3157582421875 0.49659179687500005 0.3182344328125 0.49883789062500006 0.31970695937500004 0.507529296875 0.324153846875 0.5112109375 0.3240952375 0.5162011718749999 0.3184908421875 0.5159765625 0.3168351640625
1 0.509931640625 0.382542125 0.51353515625 0.3872820515625 0.514443359375 0.38660073281249996 0.518046875 0.38795604375 0.5216601562500001 0.385245421875 0.52076171875 0.38186080625 0.518046875 0.38050549375 0.514443359375 0.3757655671875 0.5081249999999999 0.3744175828125 0.50451171875 0.37712087968749997 0.50451171875 0.378476190625 0.509931640625 0.382542125
1 0.50361328125 0.3642564109375 0.502705078125 0.3649377296875 0.5090234375 0.367641025 0.5108300781249999 0.36967765625000004 0.515341796875 0.3703516484375 0.5189550781250001 0.367641025 0.5171484375000001 0.3649377296875 0.518046875 0.3642564109375 0.511728515625 0.3615531140625 0.509931640625 0.3574871796875 0.506318359375 0.35477655625 0.50451171875 0.35477655625 0.5008984375 0.3574871796875 0.501806640625 0.36290109843749996 0.50361328125 0.3642564109375
2 0.50451171875 0.3798315015625 0.5090234375 0.3811868125 0.5126367187499999 0.378476190625 0.511728515625 0.3757655671875 0.494580078125 0.3635824171875 0.491875 0.3635824171875 0.48827148437499995 0.366293040625 0.489169921875 0.3689963375 0.50451171875 0.3798315015625
3 0.49910156250000004 0.32431501875 0.50361328125 0.3344688640625 0.49910156250000004 0.34597802187500004 0.49548828125 0.351391940625 0.49548828125 0.3541025640625 0.5 0.3608717953125 0.502705078125 0.4048791203125 0.50451171875 0.41774358906250003 0.507216796875 0.42452014687500006 0.5090234375 0.43941391875 0.5081249999999999 0.4644615390625 0.5108300781249999 0.4780073265625 0.511728515625 0.5321684984374999 0.514443359375 0.5524835171875 0.514443359375 0.585655678125 0.51625 0.598520146875 0.51625 0.6052893765625 0.511728515625 0.6181538468750001 0.5108300781249999 0.6262783875 0.51353515625 0.6283150187500001 0.5171484375000001 0.6289890109375 0.5216601562500001 0.6262783875 0.52255859375 0.6188351640625 0.527080078125 0.6059706953124999 0.5252734375 0.584981684375 0.5252734375 0.5524835171875 0.52255859375 0.5321684984374999 0.5216601562500001 0.4773260078125 0.5189550781250001 0.4637875453125 0.519853515625 0.43941391875 0.518046875 0.42383882812499996 0.514443359375 0.4123296703125 0.5108300781249999 0.35951648281250004 0.506318359375 0.352747253125 0.509931640625 0.3473333328125 0.514443359375 0.3324395609375 0.5108300781249999 0.32566300312499996 0.5090234375 0.31821977968750004 0.509931640625 0.29723076875 0.507216796875 0.295201465625 0.50361328125 0.294520146875 0.49910156250000004 0.29723076875 0.498193359375 0.3067106234375 0.49910156250000004 0.32431501875
2 0.48375 0.32295970625 0.48375 0.32431501875 0.48736328125000006 0.327018315625 0.49006835937500004 0.327018315625 0.505419921875 0.32295970625 0.5126367187499999 0.3188937734375 0.511728515625 0.31821977968750004 0.51353515625 0.31686446875 0.51353515625 0.3155091578125 0.509931640625 0.312798534375 0.5081249999999999 0.312798534375 0.49638671875 0.3188937734375 0.48736328125000006 0.320249084375 0.48375 0.32295970625
1 0.50361328125 0.3175384609375 0.507216796875 0.320249084375 0.5090234375 0.320249084375 0.5126367187499999 0.3175384609375 0.514443359375 0.30806593437499996 0.514443359375 0.3046739921875 0.5108300781249999 0.3019706953125 0.5090234375 0.3019706953125 0.505419921875 0.3046739921875 0.50361328125 0.314153846875 0.50361328125 0.3175384609375
2 0.49638671875 0.33988278437499997 0.5 0.34259340625 0.5090234375 0.3419120875 0.5126367187499999 0.340564103125 0.514443359375 0.3371794875 0.5108300781249999 0.3344688640625 0.5090234375 0.3344688640625 0.5 0.33582417656249997 0.49638671875 0.338527471875 0.49638671875 0.33988278437499997
0 0.5167578125000001 0.3398754578125 0.516640625 0.3384395609375 0.5145800781250001 0.3350329671875 0.50865234375 0.33204395625 0.50513671875 0.333091575 0.5016503906249999 0.33788278437499997 0.502666015625 0.3424175828125 0.508427734375 0.344930403125 0.5140917968750001 0.34347985312499996 0.5167578125000001 0.3398754578125
1 0.5081249999999999 0.3412380953125 0.509931640625 0.3412380953125 0.5171484375000001 0.33582417656249997 0.5171484375000001 0.3344688640625 0.51353515625 0.3317582421875 0.5081249999999999 0.3317582421875 0.50451171875 0.3344688640625 0.50451171875 0.338527471875 0.5081249999999999 0.3412380953125
2 0.498193359375 0.35477655625 0.502705078125 0.3601978015625 0.50361328125 0.35951648281250004 0.507216796875 0.3608717953125 0.5108300781249999 0.3581684984375 0.509931640625 0.35477655625 0.506318359375 0.352747253125 0.501806640625 0.3473333328125 0.5008984375 0.3480073265625 0.497294921875 0.3466520140625 0.49368164062500003 0.34936263749999996 0.494580078125 0.352747253125 0.498193359375 0.35477655625
0 0.508505859375 0.363113553125 0.5138281250000001 0.3583516484375 0.5134960937499999 0.353794871875 0.5109179687500001 0.350981684375 0.5081152343750001 0.35022710625000003 0.50416015625 0.35100366250000004 0.50087890625 0.3541465203125 0.498486328125 0.357435896875 0.49923828124999997 0.3618095234375 0.5035937500000001 0.3641025640625 0.508505859375 0.363113553125
0 0.51625 0.3804468859375 0.516611328125 0.37873260000000003 0.513623046875 0.3747326 0.51001953125 0.37304029375000003 0.5049511718749999 0.3724542125 0.5023828124999999 0.3735311359375 0.5002734375 0.3771062265625 0.5000683593749999 0.378791209375 0.5011328125000001 0.3802783875 0.5051953124999999 0.3830036625 0.50771484375 0.38341391874999997 0.515 0.38155311406250003 0.51625 0.3804468859375