1 0.514130859375 0.38974465625 0.514130859375 0.39067102187499997 0.5171875 0.392529690625 0.5607324218749999 0.3911401421875 0.57142578125 0.38974465625 0.574482421875 0.3878859859375 0.574482421875 0.3869596203125 0.57142578125 0.38510095 0.569140625 0.38510095 0.553857421875 0.3869596203125 0.5171875 0.3878859859375 0.514130859375 0.38974465625
0 0.559443359375 0.433070071875 0.561513671875 0.43388954843749994 0.5643945312499999 0.43395486875 0.5680468750000001 0.43296318281249996 0.570966796875 0.43290973906249997 0.57279296875 0.43218527343749996 0.5806250000000001 0.431627078125 0.5823828125 0.43100356250000005 0.583955078125 0.42963776718749996 0.584033203125 0.42848574843750004 0.582958984375 0.427274346875 0.581337890625 0.4266864609375 0.578466796875 0.42658551093749997 0.5772070312500001 0.42416864531250004 0.5725 0.4225 0.56505859375 0.42299881250000004 0.56166015625 0.42450712656249995 0.5604589843750001 0.42576009531250003 0.5578125 0.42762470312499995 0.557109375 0.4296318296875 0.5577929687500001 0.43159144843749997 0.559443359375 0.433070071875
0 0.56935546875 0.5872387171875 0.575341796875 0.5876543937500001 0.580576171875 0.585522565625 0.582353515625 0.5839845609375 0.582470703125 0.5826068890625 0.5805078124999999 0.581080759375 0.580126953125 0.5789786218749999 0.575830078125 0.577030878125 0.570595703125 0.5773871734375 0.5670507812500001 0.5787173390625 0.56580078125 0.5801425171875 0.563798828125 0.5816330171875 0.563642578125 0.5839073640625 0.56591796875 0.5861579578125 0.56935546875 0.5872387171875
1 0.579072265625 0.5486163890625 0.580595703125 0.5500118765625001 0.58517578125 0.551401425 0.59205078125 0.5555819484375 0.594345703125 0.558372921875 0.5981640625 0.5592992875 0.601220703125 0.5574406171875 0.601220703125 0.5565142515625 0.59740234375 0.5523337296874999 0.592822265625 0.549079571875 0.5836523437500001 0.5448990499999999 0.575244140625 0.5430403796875 0.5721972656250001 0.5448990499999999 0.573720703125 0.547220903125 0.579072265625 0.5486163890625
1 0.5294140625 0.5351425171875 0.54392578125 0.538396675 0.5546191406250001 0.5421140140625 0.5607324218749999 0.5453622328125001 0.567607421875 0.5462945375 0.5706640625 0.5444358671875 0.5706640625 0.5435035625 0.567607421875 0.54164489375 0.5637890624999999 0.5411817109375 0.5569140625 0.5374643703124999 0.546982421875 0.5342161515625 0.5294140625 0.5304988125000001 0.526357421875 0.5323574828125001 0.526357421875 0.5332838484375 0.5294140625 0.5351425171875
0 0.5651171875000001 0.548194775 0.5673828125 0.5490914484375 0.573876953125 0.5500593828125 0.5802636718749999 0.54895486875 0.582060546875 0.5481828984375 0.583505859375 0.5442874109375 0.5820996093749999 0.542428740625 0.575537109375 0.541579571875 0.5712207031250001 0.5399643703125 0.5661328125 0.5408669828125 0.563232421875 0.54165083125 0.561806640625 0.543574821875 0.562421875 0.545475059375 0.5651171875000001 0.548194775
1 0.57677734375 0.5179572453125 0.579072265625 0.5253859859375 0.580595703125 0.5318943 0.580595703125 0.5448990499999999 0.5836523437500001 0.5467577203125 0.58517578125 0.5467577203125 0.588232421875 0.5448990499999999 0.588232421875 0.531425178125 0.5836523437500001 0.5156353921875 0.579833984375 0.510522565625 0.5760156249999999 0.5095962 0.572958984375 0.51145486875 0.572958984375 0.5128444187500001 0.57677734375 0.5179572453125
1 0.5569140625 0.49798099687499997 0.56455078125 0.504020190625 0.566845703125 0.5077375296875 0.568369140625 0.5077375296875 0.56990234375 0.5091330171874999 0.573720703125 0.5095962 0.57677734375 0.5077375296875 0.575244140625 0.505878859375 0.5760156249999999 0.5054156765625 0.572958984375 0.5044833734374999 0.5706640625 0.5012351546875 0.56455078125 0.49658551093750003 0.55615234375 0.4859026125 0.5523339843749999 0.48497624687499996 0.54927734375 0.4868349171875 0.54927734375 0.4877612828125 0.5569140625 0.49798099687499997
0 0.5770605468750001 0.51665083125 0.580849609375 0.51655581875 0.582763671875 0.5157422796875 0.584345703125 0.5135570078125 0.583857421875 0.51094418125 0.5828222656250001 0.50964964375 0.585341796875 0.5084679328124999 0.586171875 0.5071615203125 0.584619140625 0.5050950125 0.579541015625 0.5035154390625001 0.572431640625 0.5032600953124999 0.56814453125 0.5059619953125 0.5672265624999999 0.5085629453125 0.5663378906250001 0.510671021875 0.566611328125 0.5125831359374999 0.570537109375 0.514976246875 0.5770605468750001 0.51665083125
1 0.57677734375 0.4794002375 0.5775390625 0.49287410937500004 0.5706640625 0.503093825 0.5706640625 0.5044833734374999 0.573720703125 0.5063420421875 0.575244140625 0.5063420421875 0.5783007812500001 0.5044833734374999 0.580595703125 0.49937648437500004 0.58517578125 0.493800475 0.5844140624999999 0.4784679328125 0.5783007812500001 0.4710391921875 0.574482421875 0.4701068890625 0.57142578125 0.4719655578125 0.57142578125 0.4728978625 0.57677734375 0.4794002375
1 0.56990234375 0.46406769531250003 0.568369140625 0.46732185312499996 0.57142578125 0.469180521875 0.572958984375 0.469180521875 0.5760156249999999 0.46732185312499996 0.5775390625 0.4645368171875 0.5775390625 0.45292161562500005 0.579833984375 0.44548693593750005 0.57677734375 0.443628265625 0.575244140625 0.443628265625 0.5721972656250001 0.44548693593750005 0.56990234375 0.4524584328125 0.56990234375 0.46406769531250003
0 0.5659765625000001 0.4730344421875 0.569228515625 0.47495249375000004 0.57205078125 0.47593230468750003 0.575966796875 0.476478621875 0.5796777343749999 0.4760154390625 0.58146484375 0.4752375296875 0.58251953125 0.47324227968750004 0.58240234375 0.4712826609375 0.5807226562500001 0.46975059375 0.57841796875 0.46913895468750005 0.57861328125 0.46600356249999997 0.576640625 0.4642339671875 0.57310546875 0.463699525 0.5658984375 0.464204275 0.5639062499999999 0.4648634203125 0.562724609375 0.46601543906250004 0.562021484375 0.467369359375 0.56251953125 0.46952494062500005 0.564619140625 0.47087885937499996 0.5659765625000001 0.4730344421875
2 0.46676757812499997 0.50494655625 0.46676757812499997 0.505878859375 0.46982421875 0.5077375296875 0.47669921875 0.5082007125 0.514892578125 0.507274346875 0.55080078125 0.5077375296875 0.5637890624999999 0.5086638953125 0.575244140625 0.51145486875 0.5775390625 0.51145486875 0.580595703125 0.5095962 0.579072265625 0.507274346875 0.56455078125 0.504020190625 0.540869140625 0.502624703125 0.514130859375 0.502624703125 0.488154296875 0.5035570078125 0.46982421875 0.503093825 0.46676757812499997 0.50494655625
2 0.467529296875 0.5425771968750001 0.467529296875 0.5435035625 0.4705859375 0.5453622328125001 0.5034375 0.5448990499999999 0.511845703125 0.543972684375 0.547744140625 0.5444358671875 0.56302734375 0.5453622328125001 0.575244140625 0.5481532062500001 0.5775390625 0.5481532062500001 0.580595703125 0.5462945375 0.580595703125 0.5453622328125001 0.5775390625 0.5435035625 0.567607421875 0.5411817109375 0.5347558593749999 0.539323040625 0.511845703125 0.539323040625 0.5034375 0.54025534375 0.4705859375 0.5407185265625001 0.467529296875 0.5425771968750001
2 0.4637109375 0.5820605703124999 0.46676757812499997 0.583919240625 0.4912109375 0.58345605625 0.5103125000000001 0.5843824234375 0.566845703125 0.5848515437499999 0.5760156249999999 0.5848515437499999 0.579072265625 0.5829928734375 0.579072265625 0.5820605703124999 0.5760156249999999 0.5802018999999999 0.566083984375 0.5797387171875 0.5110742187499999 0.5797387171875 0.47517578125000004 0.5788123515625 0.46676757812499997 0.579275534375 0.4637109375 0.5811342046875 0.4637109375 0.5820605703124999
1 0.5431640625 0.6642874109375 0.559208984375 0.672179334375 0.566083984375 0.6735748218750001 0.569140625 0.6717161515625001 0.567607421875 0.6693943 0.561494140625 0.6675356296875 0.5599707031250001 0.6661401421875001 0.547744140625 0.6605700718749999 0.532470703125 0.6563895484375 0.5294140625 0.6582482187500001 0.5309375000000001 0.6605700718749999 0.5431640625 0.6642874109375
0 0.578994140625 0.6796852734375001 0.5812402343749999 0.677826603125 0.581904296875 0.6758432296875 0.581416015625 0.6746555812499999 0.5831933593749999 0.6738954875000001 0.5851464843749999 0.6720605703125 0.58544921875 0.6700950125 0.5842968749999999 0.668194775 0.582177734375 0.667179334375 0.576767578125 0.6666092640625 0.57126953125 0.6667577203125 0.5689355468749999 0.6676722093749999 0.56544921875 0.6673931109375 0.563642578125 0.667719715625 0.56142578125 0.6692814734375 0.5607226562500001 0.6714845609375 0.562578125 0.6741567703125 0.56431640625 0.6751603328125 0.565205078125 0.6766152015625 0.5713671875 0.6799049875 0.57466796875 0.680172209375 0.578994140625 0.6796852734375001
2 0.4690625 0.6684679328125 0.48433593750000004 0.6707897859374999 0.53017578125 0.6731116390625 0.568369140625 0.6726484562499999 0.573720703125 0.6740380046875 0.5760156249999999 0.6740380046875 0.579072265625 0.672179334375 0.579072265625 0.67125296875 0.5760156249999999 0.6693943 0.56990234375 0.6679988125 0.5309375000000001 0.6684679328125 0.5049609375 0.6675356296875 0.480517578125 0.665676959375 0.4690625 0.6638182890625 0.46600585937499994 0.665676959375 0.46600585937499994 0.6666092640625 0.4690625 0.6684679328125
1 0.519482421875 0.6229394296875 0.5225390625 0.6247981 0.540869140625 0.6243349171875 0.545458984375 0.6252612828124999 0.559208984375 0.6257304031250001 0.5653125 0.6266567703125 0.568369140625 0.6266567703125 0.57142578125 0.6247981 0.57142578125 0.623871734375 0.568369140625 0.6220130640625 0.56455078125 0.62154988125 0.546220703125 0.6206175765624999 0.541630859375 0.6196912109375 0.5286523437499999 0.6196912109375 0.5225390625 0.62015439375 0.519482421875 0.6220130640625 0.519482421875 0.6229394296875
1 0.5576757812500001 0.648028503125 0.5576757812500001 0.6494180515625 0.5607324218749999 0.651276721875 0.562265625 0.651276721875 0.5653125 0.6494180515625 0.575244140625 0.6322327796875 0.57677734375 0.6247981 0.573720703125 0.6229394296875 0.5721972656250001 0.6229394296875 0.569140625 0.6247981 0.567607421875 0.631769596875 0.5576757812500001 0.648028503125
0 0.57478515625 0.6296021374999999 0.5780566406250001 0.6289904984375 0.579697265625 0.6279869359375 0.5818359375 0.6244418046875 0.581826171875 0.6221318296875 0.5785449218750001 0.6188064140625 0.5714453125000001 0.6178147265625 0.564228515625 0.6204275531250001 0.56197265625 0.6226068890625001 0.5619531249999999 0.6242577203125 0.5636621093749999 0.6270011875 0.5669628906249999 0.6293408546875 0.56880859375 0.6297624703125 0.57478515625 0.6296021374999999
2 0.47134765625 0.6252612828124999 0.493505859375 0.6261935859375 0.56302734375 0.6261935859375 0.575244140625 0.6257304031250001 0.5783007812500001 0.623871734375 0.5783007812500001 0.6229394296875 0.575244140625 0.6210807593750001 0.5446875 0.6220130640625 0.5087890625 0.6220130640625 0.47134765625 0.6206175765624999 0.46830078124999996 0.622476246875 0.46830078124999996 0.6234085515625 0.47134765625 0.6252612828124999
1 0.56302734375 0.6889073640625 0.5576757812500001 0.6981947749999999 0.5546191406250001 0.70655581875 0.5546191406250001 0.70795130625 0.5576757812500001 0.7098099765625 0.559208984375 0.7098099765625 0.562265625 0.70795130625 0.568369140625 0.6930878859375 0.5775390625 0.6810095015625001 0.5775390625 0.674970309375 0.574482421875 0.6731116390625 0.572958984375 0.6731116390625 0.56990234375 0.674970309375 0.56990234375 0.68054631875 0.56302734375 0.6889073640625
1 0.5569140625 0.4101840859375 0.56455078125 0.42504750625 0.568369140625 0.4278384796875 0.56990234375 0.4278384796875 0.572958984375 0.42597980937499996 0.572958984375 0.4245843234375 0.56455078125 0.40972090312500004 0.553857421875 0.3981057 0.5500390625 0.39717933437499997 0.546982421875 0.3990380046875 0.546982421875 0.3999643703125 0.5569140625 0.4101840859375
1 0.5706640625 0.429228028125 0.6187890625 0.4301603328125 0.621845703125 0.4283016625 0.621845703125 0.427369359375 0.6187890625 0.4255166265625 0.614970703125 0.42504750625 0.5706640625 0.4245843234375 0.567607421875 0.42644299218750004 0.567607421875 0.427369359375 0.5706640625 0.429228028125
3 0.5225390625 0.41668646093749995 0.526357421875 0.465926365625 0.526357421875 0.5230641328125001 0.521767578125 0.547220903125 0.521005859375 0.5597624703124999 0.52330078125 0.5755581953125 0.52330078125 0.593675771875 0.52482421875 0.5973931109375 0.525595703125 0.6169002375 0.52482421875 0.6429156765624999 0.526357421875 0.6466330171875 0.526357421875 0.6522090265625 0.5240625 0.6642874109375 0.52482421875 0.6875118765625 0.527119140625 0.6889073640625 0.53017578125 0.689370546875 0.5339941406250001 0.6875118765625 0.533232421875 0.66475059375 0.53552734375 0.6522090265625 0.53552734375 0.6466330171875 0.5339941406250001 0.6429156765624999 0.5339941406250001 0.596929928125 0.532470703125 0.5932125890625 0.532470703125 0.5755581953125 0.53017578125 0.5597624703124999 0.5309375000000001 0.547220903125 0.53552734375 0.5230641328125001 0.53552734375 0.4654631828125 0.53169921875 0.41668646093749995 0.533232421875 0.34793942968749997 0.5309375000000001 0.34654394375 0.527880859375 0.346080759375 0.5240625 0.34793942968749997 0.5225390625 0.395320665625 0.5225390625 0.41668646093749995
2 0.465244140625 0.3878859859375 0.47364257812500005 0.38834916875 0.5087890625 0.3888182890625 0.54240234375 0.39067102187499997 0.5783007812500001 0.39067102187499997 0.5813574218750001 0.3888182890625 0.5813574218750001 0.3878859859375 0.5783007812500001 0.386027315625 0.5431640625 0.386027315625 0.5225390625 0.3846318296875 0.465244140625 0.3832422796875 0.46218750000000003 0.38510095 0.46218750000000003 0.386027315625 0.465244140625 0.3878859859375
0 0.5706249999999999 0.3928147265625 0.573994140625 0.394079571875 0.5767578125 0.3943349171875 0.582724609375 0.39357482187500004 0.584580078125 0.39280285 0.5854296875 0.3908907359375 0.583994140625 0.3890914484375 0.5843847656250001 0.3864370546875 0.5828222656250001 0.3847981 0.575146484375 0.382523753125 0.570458984375 0.3834085515625 0.568466796875 0.38465558125 0.5653417968750001 0.38574227968749997 0.564482421875 0.387678146875 0.5666796875 0.3905819484375 0.5706249999999999 0.3928147265625
1 0.55615234375 0.376270784375 0.5584374999999999 0.3767399046875 0.566083984375 0.3813836109375 0.5706640625 0.3878859859375 0.574482421875 0.3888182890625 0.5775390625 0.3869596203125 0.5775390625 0.386027315625 0.57142578125 0.378129453125 0.553095703125 0.36744655625 0.55080078125 0.3641923984375 0.546982421875 0.36326603281250003 0.54392578125 0.365124703125 0.546982421875 0.3702315921875 0.55615234375 0.376270784375
1 0.546220703125 0.5723040375 0.55615234375 0.5741627078125 0.5607324218749999 0.57695368125 0.567607421875 0.5788123515625 0.56990234375 0.5815973875 0.5721972656250001 0.582523753125 0.573720703125 0.582523753125 0.57677734375 0.580671021875 0.572958984375 0.5755581953125 0.56455078125 0.572773159375 0.5607324218749999 0.5704513062500001 0.546220703125 0.5676603328125001 0.5431640625 0.569519003125 0.5431640625 0.5704513062500001 0.546220703125 0.5723040375
1 0.52330078125 0.583919240625 0.526357421875 0.585777909375 0.5637890624999999 0.5853147265625 0.56990234375 0.5848515437499999 0.572958984375 0.5829928734375 0.572958984375 0.5820605703124999 0.56990234375 0.5802018999999999 0.56455078125 0.5802018999999999 0.526357421875 0.5811342046875 0.52330078125 0.5829928734375 0.52330078125 0.583919240625
2 0.47517578125000004 0.4278384796875 0.526357421875 0.4287648453125 0.5546191406250001 0.4301603328125 0.572958984375 0.4301603328125 0.5760156249999999 0.4283016625 0.5760156249999999 0.427369359375 0.572958984375 0.4255166265625 0.47517578125000004 0.42318883593749995 0.472119140625 0.42504750625 0.472119140625 0.42597980937499996 0.47517578125000004 0.4278384796875
2 0.472119140625 0.4663954875 0.47746093749999996 0.46685867031250006 0.514892578125 0.46732185312499996 0.5653125 0.4701068890625 0.5706640625 0.4710391921875 0.573720703125 0.4710391921875 0.57677734375 0.469180521875 0.57677734375 0.46824821875 0.573720703125 0.4663954875 0.566083984375 0.4654631828125 0.514892578125 0.462678146875 0.487392578125 0.462678146875 0.472119140625 0.46174584375 0.4690625 0.4636045125 0.4690625 0.4645368171875 0.472119140625 0.4663954875