1 0.51625 0.339208790625 0.519853515625 0.3419120875 0.5216601562500001 0.3419120875 0.5252734375 0.339208790625 0.523466796875 0.326344321875 0.52255859375 0.32295970625 0.5189550781250001 0.320249084375 0.5171484375000001 0.320249084375 0.51353515625 0.32295970625 0.515341796875 0.33582417656249997 0.51625 0.339208790625
1 0.5126367187499999 0.5511282046875 0.5108300781249999 0.553838828125 0.514443359375 0.556542125 0.5189550781250001 0.55586813125 0.523466796875 0.5524835171875 0.531591796875 0.5490989015625 0.537001953125 0.544358975 0.5379101562499999 0.5416483515625 0.534296875 0.5389377296875 0.532490234375 0.5389377296875 0.519853515625 0.5470622703125 0.511728515625 0.5504468859375 0.5126367187499999 0.5511282046875
1 0.532490234375 0.5396190468750001 0.531591796875 0.5430036625 0.5351953125 0.5457142859374999 0.53880859375 0.544358975 0.5397070312500001 0.5450329671875 0.545126953125 0.5396190468750001 0.553251953125 0.526754578125 0.553251953125 0.5253992671875001 0.549638671875 0.5226886453125 0.54783203125 0.5226886453125 0.545126953125 0.52404395625 0.5379101562499999 0.5355531140625 0.532490234375 0.5396190468750001
1 0.498193359375 0.513890109375 0.498193359375 0.515245421875 0.501806640625 0.5179487171875 0.50451171875 0.5179487171875 0.527080078125 0.513208790625 0.53068359375 0.51050549375 0.53068359375 0.5091501828125 0.527080078125 0.5064395609375001 0.524365234375 0.5064395609375001 0.518046875 0.5084688640625 0.501806640625 0.5111794875 0.498193359375 0.513890109375
1 0.526171875 0.51050549375 0.52978515625 0.513208790625 0.5406152343749999 0.5098241765625 0.554150390625 0.500344321875 0.55505859375 0.49764102499999996 0.5514453125000001 0.494930403125 0.5487402343750001 0.494930403125 0.53880859375 0.5023809531250001 0.527978515625 0.5071208796875 0.526171875 0.51050549375
1 0.5379101562499999 0.4901904765625 0.5424218749999999 0.49154578750000005 0.546025390625 0.48883516406250005 0.546025390625 0.48748717968750005 0.5406152343749999 0.47868131875 0.536103515625 0.4773260078125 0.532490234375 0.48003662968749994 0.532490234375 0.481391940625 0.5379101562499999 0.4901904765625
1 0.5288769531249999 0.4793553109375 0.532490234375 0.482065934375 0.534296875 0.482065934375 0.5379101562499999 0.4793553109375 0.53880859375 0.475296703125 0.53880859375 0.46175824218750006 0.5351953125 0.45904761875 0.5333886718749999 0.45904761875 0.52978515625 0.46175824218750006 0.5288769531249999 0.475296703125 0.5288769531249999 0.4793553109375
1 0.523466796875 0.44347252812500004 0.527080078125 0.44618315 0.5288769531249999 0.44618315 0.532490234375 0.44347252812500004 0.534296875 0.43534798593749996 0.5379101562499999 0.42857875468750006 0.5379101562499999 0.42654945 0.534296875 0.42383882812499996 0.532490234375 0.42383882812499996 0.527978515625 0.4279047625 0.523466796875 0.44076923125 0.523466796875 0.44347252812500004
1 0.515341796875 0.414358975 0.52076171875 0.4157142859375 0.524365234375 0.4130036625 0.524365234375 0.411655678125 0.5171484375000001 0.40691575156250004 0.511728515625 0.40556043906249994 0.5081249999999999 0.4082710625 0.5081249999999999 0.40961904687499995 0.515341796875 0.414358975
1 0.5333886718749999 0.4008205125 0.52076171875 0.41097435937500004 0.52076171875 0.4130036625 0.524365234375 0.4157142859375 0.527978515625 0.41504029375 0.545126953125 0.4008205125 0.546025390625 0.39743589687499997 0.5424218749999999 0.394725275 0.5406152343749999 0.394725275 0.53880859375 0.3960805859375 0.5379101562499999 0.39540659375 0.5333886718749999 0.4008205125
1 0.5216601562500001 0.3893113546875 0.523466796875 0.3893113546875 0.527080078125 0.38660073281249996 0.527080078125 0.37915750937500003 0.523466796875 0.3764468859375 0.5216601562500001 0.3764468859375 0.518046875 0.37915750937500003 0.518046875 0.38660073281249996 0.5216601562500001 0.3893113546875
1 0.519853515625 0.378476190625 0.5216601562500001 0.378476190625 0.5252734375 0.3757655671875 0.524365234375 0.3615531140625 0.52076171875 0.358842490625 0.5189550781250001 0.358842490625 0.515341796875 0.3615531140625 0.51625 0.3757655671875 0.519853515625 0.378476190625
1 0.523466796875 0.34530402968749996 0.531591796875 0.34530402968749996 0.537001953125 0.3466520140625 0.5406152343749999 0.34394871718750003 0.53880859375 0.340564103125 0.5333886718749999 0.338527471875 0.523466796875 0.338527471875 0.519853515625 0.3412380953125 0.519853515625 0.34259340625 0.523466796875 0.34530402968749996
1 0.515341796875 0.5802417578125 0.53068359375 0.5802417578125 0.534296875 0.5775311359375 0.534296875 0.5761758234375 0.53068359375 0.573472528125 0.519853515625 0.5741465203125 0.5126367187499999 0.5727912093749999 0.5090234375 0.57550183125 0.5090234375 0.5768571421875001 0.515341796875 0.5802417578125
1 0.5333886718749999 0.57550183125 0.5333886718749999 0.5768571421875001 0.537001953125 0.5795604390625 0.5397070312500001 0.5795604390625 0.557763671875 0.5741465203125 0.5595703125 0.5707619046875 0.55595703125 0.5680512828125 0.554150390625 0.5680512828125 0.5424218749999999 0.572117215625 0.537001953125 0.5727912093749999 0.5333886718749999 0.57550183125
0 0.52736328125 0.5811868125 0.538369140625 0.5829670328125001 0.540302734375 0.58218315 0.54419921875 0.57859340625 0.54451171875 0.5762637359375 0.5435546875 0.5733992671875 0.53771484375 0.5705128203125 0.5341015625 0.5705347984375 0.5313183593749999 0.5719706953125 0.5284082031249999 0.5720366296875 0.5259667968749999 0.5737582421874999 0.52380859375 0.5751501828125 0.523427734375 0.5778021984375 0.5248437499999999 0.579794871875 0.52736328125 0.5811868125
0 0.5268359375 0.5479853484375 0.53001953125 0.546476190625 0.532880859375 0.5477582421875 0.5375292968750001 0.5478315015625 0.541044921875 0.546161171875 0.5434375 0.543245421875 0.5437109375 0.5418315015624999 0.540888671875 0.5387838828125 0.53552734375 0.5369816843749999 0.532373046875 0.5370109890625 0.5283984375 0.53832234375 0.524169921875 0.5383956046875 0.5211816406249999 0.5401904765625 0.5270117187500001 0.5433479859375 0.520126953125 0.5422490843750001 0.520556640625 0.5450183156249999 0.523310546875 0.5475750921875 0.5268359375 0.5479853484375
2 0.437724609375 0.411655678125 0.43411132812500003 0.414358975 0.43411132812500003 0.4157142859375 0.437724609375 0.4184249078125 0.441337890625 0.4184249078125 0.44765625 0.41706959687499995 0.475634765625 0.41706959687499995 0.489169921875 0.4157142859375 0.527978515625 0.4157142859375 0.531591796875 0.4130036625 0.531591796875 0.411655678125 0.527978515625 0.4089450546875 0.489169921875 0.4089450546875 0.475634765625 0.41030036562500005 0.44674804687499997 0.41030036562500005 0.437724609375 0.411655678125
0 0.53560546875 0.5147399265625 0.537626953125 0.51377289375 0.538671875 0.5122857140625 0.537734375 0.506117215625 0.5354882812499999 0.504725275 0.5313183593749999 0.5037655671875 0.528701171875 0.5035311359375 0.522421875 0.5046373625 0.51994140625 0.507391940625 0.519990234375 0.5093699640625 0.52193359375 0.512754578125 0.5253515625 0.513926740625 0.527998046875 0.5156410250000001 0.53560546875 0.5147399265625
0 0.542734375 0.4852893765625 0.5452343749999999 0.48242490781249997 0.5435449218749999 0.47904761875 0.53849609375 0.4767838828125 0.53787109375 0.47417582343750003 0.5360449218750001 0.47221245468750006 0.5325 0.4709890109375 0.5303320312500001 0.4711941390625 0.528173828125 0.47249816874999995 0.525361328125 0.4725128203125 0.5271484375 0.47786080625 0.521845703125 0.475201465625 0.52255859375 0.4786300359375 0.52462890625 0.480161171875 0.526865234375 0.48067399218749995 0.53068359375 0.48213186874999997 0.537080078125 0.485978021875 0.539873046875 0.48602930468750005 0.542734375 0.4852893765625
0 0.54087890625 0.4496263734375 0.5427929687499999 0.447611721875 0.5435253906249999 0.44476190468750004 0.5429003906250001 0.44317948749999997 0.541240234375 0.44209523749999996 0.53642578125 0.441472528125 0.5342480468749999 0.44011721562500006 0.5276464843750001 0.4387179484375 0.5245898437500001 0.43926740000000003 0.5230078125000001 0.4404542125 0.5225390625 0.4418095234375 0.5231054687500001 0.44507692343749994 0.5243261718750001 0.44837362656249996 0.5270410156249999 0.45024908437500005 0.5362109375 0.45167765624999995 0.54087890625 0.4496263734375
0 0.513466796875 0.41371428593750004 0.5221289062500001 0.4183296703125 0.52693359375 0.4190989015625 0.529521484375 0.418608059375 0.53095703125 0.4172600734375 0.5314257812500001 0.414109890625 0.532841796875 0.41188278437500003 0.532275390625 0.4095824171875 0.530029296875 0.407296703125 0.527939453125 0.4066520140625 0.52486328125 0.40676190468750006 0.520869140625 0.408344321875 0.51734375 0.4083296703125 0.513916015625 0.40997069531249997 0.51279296875 0.41178022031249994 0.513466796875 0.41371428593750004
0 0.529560546875 0.3819926734375 0.52958984375 0.379252746875 0.528212890625 0.377472528125 0.5272558593750001 0.37329670312499996 0.5238378906250001 0.3711648359375 0.521259765625 0.37104029375 0.51634765625 0.37258608125000003 0.513623046875 0.376336996875 0.5170703125 0.3821978015625 0.5209277343750001 0.3845567765625 0.5258105468750001 0.3848058609375 0.529560546875 0.3819926734375
0 0.510888671875 0.345201465625 0.5146484375 0.34545054999999997 0.516845703125 0.3446739921875 0.5207421875 0.3461684984375 0.5279003906249999 0.3467619046875 0.53185546875 0.34536263749999996 0.533203125 0.344 0.533310546875 0.342300365625 0.531884765625 0.3395457875 0.530224609375 0.338754578125 0.528154296875 0.3386666671875 0.52673828125 0.337091575 0.521015625 0.33468131875 0.51845703125 0.334615384375 0.51603515625 0.336205128125 0.512578125 0.3360293046875 0.510390625 0.3371062265625 0.50802734375 0.33952380937500004 0.5076269531250001 0.3409010984375 0.5088769531249999 0.34391941406250004 0.510888671875 0.345201465625
2 0.45216796875 0.3778021984375 0.4485546875 0.38050549375 0.4485546875 0.38186080625 0.45216796875 0.384571428125 0.45487304687499996 0.384571428125 0.46931640625000004 0.38186080625 0.524365234375 0.38050549375 0.527978515625 0.3778021984375 0.527978515625 0.3764468859375 0.524365234375 0.3737362640625 0.5008984375 0.3737362640625 0.46931640625000004 0.375091575 0.45577148437500004 0.37712087968749997 0.45216796875 0.3778021984375
3 0.481953125 0.35613186875 0.48646484375 0.37915750937500003 0.48375 0.39540659375 0.491875 0.414358975 0.48827148437499995 0.44347252812500004 0.494580078125 0.49087179531249997 0.49638671875 0.5186300359375 0.49638671875 0.5287838828125 0.49368164062500003 0.540293040625 0.49368164062500003 0.546388278125 0.5008984375 0.5903956046875 0.497294921875 0.6228937734375 0.5 0.624930403125 0.50361328125 0.6256043953125 0.5081249999999999 0.6228937734375 0.511728515625 0.5897216125 0.50451171875 0.5457142859374999 0.507216796875 0.5294578750000001 0.507216796875 0.5186300359375 0.505419921875 0.4901904765625 0.49910156250000004 0.44347252812500004 0.502705078125 0.41368498125000003 0.494580078125 0.3940512828125 0.497294921875 0.384571428125 0.497294921875 0.37915750937500003 0.492783203125 0.35545787500000003 0.49006835937500004 0.3297289375 0.492783203125 0.2999413921875 0.49006835937500004 0.29790476250000003 0.48646484375 0.29723076875 0.481953125 0.2999413921875 0.47923828124999995 0.3304029296875 0.481953125 0.35613186875
2 0.44494140625 0.3432674 0.44494140625 0.3446227109375 0.4485546875 0.3473333328125 0.45216796875 0.3473333328125 0.46480468750000004 0.34530402968749996 0.491875 0.3432674 0.523466796875 0.34259340625 0.527080078125 0.33988278437499997 0.527080078125 0.338527471875 0.523466796875 0.33582417656249997 0.5090234375 0.33582417656249997 0.45306640624999994 0.33988278437499997 0.4485546875 0.340564103125 0.44494140625 0.3432674
2 0.45487304687499996 0.48003662968749994 0.45487304687499996 0.481391940625 0.45848632812499995 0.48409523749999994 0.46661132812500006 0.48409523749999994 0.518046875 0.481391940625 0.527978515625 0.4793553109375 0.5351953125 0.48477655625000005 0.5397070312500001 0.48545055000000004 0.5433203125 0.482747253125 0.541513671875 0.48003662968749994 0.5424218749999999 0.4793553109375 0.5397070312500001 0.47868131875 0.531591796875 0.47258608124999996 0.527080078125 0.47191208749999997 0.518046875 0.47462271093749997 0.45848632812499995 0.4773260078125 0.45487304687499996 0.48003662968749994
2 0.45848632812499995 0.5111794875 0.45848632812499995 0.5125347984374999 0.46208984375 0.515245421875 0.492783203125 0.514564103125 0.502705078125 0.513208790625 0.5333886718749999 0.51186080625 0.537001953125 0.5091501828125 0.537001953125 0.507794871875 0.5333886718749999 0.5050842484375 0.527080078125 0.5050842484375 0.492783203125 0.507794871875 0.46208984375 0.5084688640625 0.45848632812499995 0.5111794875
2 0.46119140625000005 0.5430036625 0.45757812500000006 0.5457142859374999 0.45757812500000006 0.5470622703125 0.46119140625000005 0.5497728937499999 0.465703125 0.5497728937499999 0.481953125 0.5477435890625 0.5171484375000001 0.546388278125 0.5397070312500001 0.544358975 0.5433203125 0.5416483515625 0.5433203125 0.540293040625 0.5397070312500001 0.53758974375 0.534296875 0.53758974375 0.51625 0.5396190468750001 0.46661132812500006 0.54232234375 0.46119140625000005 0.5430036625
2 0.46208984375 0.5815970703125 0.46208984375 0.5829523812499999 0.465703125 0.585655678125 0.471123046875 0.585655678125 0.507216796875 0.5829523812499999 0.537001953125 0.578886446875 0.5406152343749999 0.5782124546875 0.544228515625 0.57550183125 0.544228515625 0.5741465203125 0.5406152343749999 0.571435896875 0.5379101562499999 0.571435896875 0.507216796875 0.5761758234375 0.465703125 0.578886446875 0.46208984375 0.5815970703125
2 0.45577148437500004 0.44753846093750005 0.45216796875 0.4502417578125 0.45216796875 0.4515970703125 0.45577148437500004 0.45430769218749995 0.459384765625 0.45430769218749995 0.473828125 0.4522783875 0.509931640625 0.4502417578125 0.534296875 0.44753846093750005 0.5379101562499999 0.4448278390625 0.5379101562499999 0.44347252812500004 0.534296875 0.44076923125 0.52978515625 0.44076923125 0.5090234375 0.44347252812500004 0.46029296875 0.44685714218749994 0.45577148437500004 0.44753846093750005
1 0.5189550781250001 0.45904761875 0.52255859375 0.46175824218750006 0.527080078125 0.46040292968749996 0.5351953125 0.44753846093750005 0.5351953125 0.4455091578125 0.531591796875 0.44279853437499994 0.52978515625 0.44279853437499994 0.526171875 0.4455091578125 0.5189550781250001 0.4576923078125 0.5189550781250001 0.45904761875