0 0.5058568546875 0.318003025 0.5148286296875 0.32259455312499996 0.5186290328125 0.3225340390625 0.5237802421875 0.316747353125 0.5235483875 0.31503782187499996 0.5222076609374999 0.3137594546875 0.5219959671875001 0.31107412968750003 0.5204032265625 0.30984115 0.5170161296875 0.3089939484375 0.51010080625 0.310090771875 0.50344758125 0.31392587031249997 0.5035383062500001 0.3164826015625 0.5058568546875 0.318003025
1 0.5154435484375 0.3744931921875 0.511713709375 0.3772844171875 0.511713709375 0.3786838125 0.5173084671875 0.382881996875 0.5210282265624999 0.38777609687500003 0.5219657265625 0.38707261718749997 0.5256854843750001 0.38847201249999996 0.529415321875 0.38567322187499997 0.528487903125 0.3821785171875 0.5256854843750001 0.38077912187499996 0.5219657265625 0.3758850234375 0.5154435484375 0.3744931921875
1 0.5191633062500001 0.3612102875 0.5173084671875 0.357012103125 0.5135786296875 0.3542133125 0.511713709375 0.3542133125 0.5079838703124999 0.357012103125 0.5089213703125 0.36260211875000004 0.510786290625 0.3640015125 0.509848790625 0.36470499218749997 0.5163709671875 0.3674962171875 0.5182358875 0.3695990921875 0.5228931453125 0.3702950078125 0.526622984375 0.3674962171875 0.5247580640625 0.36470499218749997 0.5256854843750001 0.3640015125 0.5191633062500001 0.3612102875
2 0.511713709375 0.3800832078125 0.5163709671875 0.3814826015625 0.52010080625 0.3786838125 0.5191633062500001 0.3758850234375 0.5014616937499999 0.36330559687499997 0.4986693546875 0.36330559687499997 0.494949596875 0.36610438749999996 0.495877015625 0.36889561249999997 0.511713709375 0.3800832078125
3 0.5145060484374999 0.426225415625 0.5163709671875 0.44160363125 0.5154435484375 0.46746596093750004 0.5182358875 0.48145234531250003 0.5191633062500001 0.5373751890625 0.5219657265625 0.5583509828125 0.5219657265625 0.59260211875 0.5238306453125 0.6058850234375 0.5238306453125 0.6128744328125 0.5191633062500001 0.6261573375 0.5182358875 0.6345461421875 0.5210282265624999 0.6366490171875 0.5247580640625 0.63734493125 0.529415321875 0.6345461421875 0.5303427421875 0.6268608171875 0.53501008125 0.6135779125 0.5331451609375 0.591906203125 0.5331451609375 0.5583509828125 0.5303427421875 0.5373751890625 0.529415321875 0.480748865625 0.526622984375 0.4667700453125 0.527550403125 0.44160363125 0.5256854843750001 0.42552193593750004 0.5219657265625 0.4136384265625 0.5182358875 0.3591074125 0.5135786296875 0.352118003125 0.5173084671875 0.34652798749999997 0.5219657265625 0.3311497734375 0.5182358875 0.3241527984375 0.5163709671875 0.31646747343750004 0.5173084671875 0.29479576406249997 0.5145060484374999 0.29270045312500004 0.510786290625 0.291996975 0.5061290328125 0.29479576406249997 0.5051915328125001 0.3045839640625 0.5061290328125 0.32276096875000004 0.510786290625 0.3332450828125 0.5061290328125 0.34512859375 0.50239919375 0.3507186078125 0.50239919375 0.3535173984375 0.5070564515625 0.3605068078125 0.509848790625 0.40594553749999995 0.511713709375 0.4192284421875 0.5145060484374999 0.426225415625
2 0.5210282265624999 0.313668684375 0.5173084671875 0.31086989374999996 0.5154435484375 0.31086989374999996 0.5033266125 0.31716338906249997 0.494012096875 0.31856278437499996 0.4902822578125 0.3213615734375 0.4902822578125 0.32276096875000004 0.494012096875 0.32555219375 0.4968044359375 0.32555219375 0.512651209375 0.3213615734375 0.52010080625 0.31716338906249997 0.5191633062500001 0.31646747343750004 0.5210282265624999 0.31506807812500004 0.5210282265624999 0.313668684375
1 0.512651209375 0.3024810890625 0.510786290625 0.3122692890625 0.510786290625 0.31576399374999997 0.5145060484374999 0.31856278437499996 0.5163709671875 0.31856278437499996 0.52010080625 0.31576399374999997 0.5219657265625 0.3059833578125 0.5219657265625 0.3024810890625 0.5182358875 0.2996898640625 0.5163709671875 0.2996898640625 0.512651209375 0.3024810890625
2 0.5033266125 0.33743570312500004 0.5033266125 0.33883509843750004 0.5070564515625 0.3416338875 0.5163709671875 0.3409304078125 0.52010080625 0.339538578125 0.5219657265625 0.33604387343750003 0.5182358875 0.3332450828125 0.5163709671875 0.3332450828125 0.5070564515625 0.334644478125 0.5033266125 0.33743570312500004
0 0.521602821875 0.3425491671875 0.5243548390625 0.338827534375 0.5242338703125 0.33734493125 0.5221068546875001 0.333827534375 0.515987903125 0.3307413015625 0.5123588703124999 0.3318229953125 0.5087600812499999 0.3367700453125 0.5098084671875001 0.3414523453125 0.5157560484375 0.34404689843749997 0.521602821875 0.3425491671875
1 0.5154435484375 0.34023449375000003 0.5173084671875 0.34023449375000003 0.5247580640625 0.334644478125 0.5247580640625 0.3332450828125 0.5210282265624999 0.33044629375 0.5154435484375 0.33044629375 0.511713709375 0.3332450828125 0.511713709375 0.33743570312500004 0.5154435484375 0.34023449375000003
2 0.5079838703124999 0.347223903125 0.5042641125 0.3458245078125 0.5005342734375 0.3486232984375 0.5014616937499999 0.352118003125 0.5051915328125001 0.3542133125 0.509848790625 0.3598108921875 0.510786290625 0.3591074125 0.5145060484374999 0.3605068078125 0.5182358875 0.3577155828125 0.5173084671875 0.3542133125 0.5135786296875 0.352118003125 0.5089213703125 0.34652798749999997 0.5079838703124999 0.347223903125
0 0.5062701609375 0.3614750375 0.5107661296875 0.3638426625 0.5158366937500001 0.3628214828125 0.5213306453125 0.35790469062499997 0.520987903125 0.353199696875 0.5183266125 0.3502950078125 0.5154334671874999 0.34951588437500003 0.5113508062500001 0.3503177 0.507963709375 0.353562784375 0.5054939515625 0.356959153125 0.5062701609375 0.3614750375
0 0.50822580625 0.3805446296875 0.5124193546875 0.383358546875 0.5150201609375 0.3837821484375 0.522540321875 0.3818608171875 0.5238306453125 0.3807186078125 0.5242036296875 0.37894856250000003 0.5211189515625 0.37481845625 0.51739919375 0.37307110468750004 0.5121673390625 0.3724659609375 0.5095161296875 0.3735779125 0.507338709375 0.3772692890625 0.507127015625 0.3790090765625 0.50822580625 0.3805446296875