2 0.5247731953125 0.532069596875 0.51734020625 0.5310927953125 0.49502061875000003 0.5310927953125 0.47517525781250003 0.530109890625 0.47186597968750005 0.532069596875 0.47186597968750005 0.5330463984375 0.47517525781250003 0.5350061046875 0.48179381406250005 0.53549450625 0.51734020625 0.53598290625 0.5247731953125 0.5369658125 0.5776804125 0.5369658125 0.5809896906249999 0.5350061046875 0.5809896906249999 0.5340293046875 0.5776804125 0.532069596875 0.5247731953125 0.532069596875
0 0.5642061859374999 0.5320329671875 0.5628865984375 0.533357753125 0.5609587625 0.5353235656249999 0.5610103093750001 0.5367460312500001 0.56238144375 0.5379120875 0.5659587625 0.5392063484375 0.5758762890625 0.5398351640625 0.5799278343750001 0.53883394375 0.58138144375 0.5377655671875 0.582030928125 0.53586080625 0.580927834375 0.533235653125 0.574010309375 0.530201465625 0.5685360828125 0.5305311359375 0.5642061859374999 0.5320329671875
1 0.5247731953125 0.525213675 0.5214742265625001 0.5271733828125 0.5214742265625001 0.5281501828125 0.5247731953125 0.530109890625 0.53470103125 0.532069596875 0.5661134015625 0.5364774109375 0.569412371875 0.5364774109375 0.57272165 0.5345177046875 0.57272165 0.533540903125 0.569412371875 0.531581196875 0.55702061875 0.530598290625 0.5247731953125 0.525213675
1 0.5702474234375 0.5325579968749999 0.5669381437500001 0.5345177046875 0.568587628125 0.5428388281250001 0.5718969078125 0.55067155 0.5752061859375 0.5526312578125 0.5768556703125001 0.5526312578125 0.5801649484375 0.55067155 0.5801649484375 0.5492063484374999 0.5768556703125001 0.542350428125 0.5752061859375 0.5345177046875 0.5718969078125 0.5325579968749999 0.5702474234375 0.5325579968749999
2 0.5801649484375 0.5727045171875 0.5702474234375 0.5727045171875 0.5297319593750001 0.57416971875 0.4801340203125 0.5736813187500001 0.47682474218750004 0.575641025 0.47682474218750004 0.5766178265625 0.4801340203125 0.5785775328125 0.48591752499999996 0.579065934375 0.5297319593750001 0.579065934375 0.5801649484375 0.5775946281250001 0.5834742265624999 0.575641025 0.5834742265624999 0.5746581203125001 0.5801649484375 0.5727045171875
0 0.5627628859375 0.575354090625 0.5628556703125 0.577191696875 0.5648144328125 0.5790842484375001 0.569989690625 0.58104395625 0.581690721875 0.5796703296875 0.5850412375 0.5768131875 0.5848865984375 0.5751526250000001 0.5820000000000001 0.5726556781250001 0.5753195875 0.5708791203125 0.5692268046875 0.57104395625 0.5649278343749999 0.5736996343749999 0.5627628859375 0.575354090625
1 0.5495773203125001 0.5531196578124999 0.546268040625 0.5521428578124999 0.5429587625 0.554096459375 0.5437938140624999 0.5565445671875 0.5545360828125 0.5634004890625001 0.568587628125 0.5751465203125 0.568587628125 0.5761294265625 0.569412371875 0.575641025 0.57272165 0.5766178265625 0.576030928125 0.5746581203125001 0.5752061859375 0.5722100125 0.5504020625 0.5526312578125 0.5495773203125001 0.5531196578124999
1 0.5909072171875 0.5663369968749999 0.5884329890625 0.5663369968749999 0.5834742265624999 0.5673137968749999 0.5801649484375 0.5692735046874999 0.57934020625 0.5717216125 0.57272165 0.5751465203125 0.57272165 0.5761294265625 0.576030928125 0.5780891328125 0.5851237109375 0.575641025 0.587608246875 0.5722100125 0.5942164953125 0.5692735046874999 0.5942164953125 0.5682967031249999 0.5909072171875 0.5663369968749999
2 0.5768556703125001 0.6167582421875 0.5661134015625 0.6148046390624999 0.5008041234375 0.6143162390625 0.47186597968750005 0.6148046390624999 0.4685670109375 0.6167582421875 0.4685670109375 0.6177411484374999 0.47186597968750005 0.6197008546875 0.5545360828125 0.6192063484375 0.56527835 0.6197008546875 0.57438144375 0.62165445625 0.5768556703125001 0.62165445625 0.5801649484375 0.6197008546875 0.5801649484375 0.6187179484375 0.5768556703125001 0.6167582421875
0 0.56825773125 0.613943834375 0.565690721875 0.6167521375 0.5666391749999999 0.6193406593749999 0.5665360828125 0.62134920625 0.5684226796875 0.6235958484374999 0.5724536078125 0.6266361421875 0.5769793812499999 0.6278449328125 0.58227835 0.626208790625 0.5830515468749999 0.6246214890624999 0.581360825 0.61944444375 0.5817628859374999 0.6171794875 0.58025773125 0.6150854703124999 0.576391753125 0.6132295484375 0.57325773125 0.6127655671875 0.56825773125 0.613943834375
1 0.568587628125 0.6128449328125 0.569412371875 0.617252746875 0.57272165 0.6192063484375 0.57438144375 0.6192063484375 0.5776804125 0.617252746875 0.5768556703125001 0.5986446890625 0.5735463921874999 0.5966910859375 0.5718969078125 0.5966910859375 0.568587628125 0.5986446890625 0.568587628125 0.6128449328125
2 0.57438144375 0.6554334546875 0.5611546390625 0.653479853125 0.51072165 0.653479853125 0.48095876249999997 0.652496946875 0.47765979375 0.6544566546875 0.47765979375 0.6554334546875 0.48095876249999997 0.6573931625 0.48840206249999996 0.6578815625 0.5454432984375 0.6578815625 0.5603195875 0.6583699640625 0.5718969078125 0.6603296703125 0.57438144375 0.6603296703125 0.5776804125 0.6583699640625 0.5776804125 0.6573931625 0.57438144375 0.6554334546875
1 0.5404845359375 0.48800976875 0.5371752578125 0.489969475 0.5371752578125 0.4909462765625 0.5404845359375 0.49290598281250003 0.552051546875 0.49290598281250003 0.5768556703125001 0.4924175828125 0.5801649484375 0.490457875 0.5801649484375 0.48948107500000004 0.5768556703125001 0.48752136718749994 0.552051546875 0.48752136718749994 0.5404845359375 0.48800976875
1 0.5718969078125 0.6539682546875001 0.552051546875 0.652496946875 0.5330412375 0.650048840625 0.5255979375 0.6480891328125 0.5165051546874999 0.6436874234375 0.512371134375 0.6431990234375 0.509072165625 0.6451526249999999 0.51072165 0.6471123328124999 0.5098969078125 0.6476007328125 0.5115463921875001 0.6476007328125 0.5214742265625001 0.652496946875 0.5313917531250001 0.6549450546875 0.5677628859375 0.65886446875 0.5718969078125 0.65886446875 0.5752061859375 0.6569047625 0.5752061859375 0.65592185625 0.5718969078125 0.6539682546875001
1 0.609927834375 0.6745299140625 0.6090927828125 0.6720818078125 0.60661855625 0.6715873015625 0.5942164953125 0.663754578125 0.576030928125 0.6583699640625 0.569412371875 0.6573931625 0.5661134015625 0.65935286875 0.5661134015625 0.6603296703125 0.569412371875 0.6622893765625 0.5768556703125001 0.663754578125 0.590082475 0.6681623937500001 0.5958659796875 0.6715873015625 0.5967010312500001 0.6730586078125 0.5991752578125 0.6735470078125 0.6024845359375 0.6759951156249999 0.60661855625 0.6764835171875 0.609927834375 0.6745299140625
0 0.5941443296875 0.654786325 0.5929587625 0.653327228125 0.5898247421875 0.652069596875 0.5768453609375 0.6533516484375 0.5712268046875 0.6526312578125 0.5662783499999999 0.654126984375 0.5629072171875 0.6565567765625 0.5617010312499999 0.6583333328125 0.5630824750000001 0.6605921859375 0.5674948453125 0.663693528125 0.5715257734375 0.6646275953125 0.57372165 0.6640903546875 0.5782268046875 0.6613431015625 0.581670103125 0.66116605625 0.5842886593750001 0.6595787546875 0.588587628125 0.65865079375 0.5924329890625 0.6570451765625 0.59372165 0.6561599515625 0.5941443296875 0.654786325
2 0.5735463921874999 0.45227106250000004 0.5834742265624999 0.45325396875 0.5867731953125 0.4512942609375 0.5867731953125 0.45031746093749997 0.5834742265624999 0.448357753125 0.57438144375 0.447374846875 0.5512268046875 0.44786935312500004 0.5437938140624999 0.44688644687499995 0.50327835 0.44688644687499995 0.49418556718750006 0.44786935312500004 0.47765979375 0.447374846875 0.474350515625 0.4493345546875 0.474350515625 0.45031746093749997 0.47765979375 0.45227106250000004 0.4850927828125 0.4527594625 0.49502061875000003 0.4527594625 0.5041134015625001 0.4517826625 0.5429587625 0.4517826625 0.5504020625 0.4527594625 0.5735463921874999 0.45227106250000004
1 0.5487525765625 0.481153846875 0.5504020625 0.483601953125 0.56527835 0.4870329671875 0.5776804125 0.4909462765625 0.57934020625 0.4909462765625 0.582639175 0.48898656875 0.5809896906249999 0.4865384609375 0.5785154640625 0.4855616609375 0.5669381437500001 0.4821367515625 0.552051546875 0.47920024375 0.5487525765625 0.481153846875
1 0.57934020625 0.6226373625 0.576030928125 0.62067765625 0.57438144375 0.62067765625 0.5470927828125001 0.6358547015625 0.5470927828125001 0.6368315015625 0.5421340203125 0.639768009375 0.541309278125 0.641239315625 0.541309278125 0.6422161171874999 0.54461855625 0.6441758234375 0.547927834375 0.6431990234375 0.5487525765625 0.6436874234375 0.552051546875 0.6402564109375 0.5785154640625 0.6245909640625 0.57934020625 0.6226373625
2 0.5809896906249999 0.48800976875 0.5545360828125 0.48800976875 0.541309278125 0.48898656875 0.476 0.48849816874999996 0.472690721875 0.490457875 0.472690721875 0.4914346765625 0.476 0.4933943828125 0.541309278125 0.49388278437500005 0.5545360828125 0.49290598281250003 0.5809896906249999 0.49290598281250003 0.58429896875 0.4909462765625 0.58429896875 0.489969475 0.5809896906249999 0.48800976875
1 0.57934020625 0.448846153125 0.576030928125 0.4508058609375 0.5776804125 0.45765567812499997 0.5809896906249999 0.46304029375000005 0.58429896875 0.465 0.585948453125 0.465 0.58925773125 0.46304029375000005 0.58925773125 0.4615750921875 0.585948453125 0.45667887656249995 0.58429896875 0.4508058609375 0.5809896906249999 0.448846153125 0.57934020625 0.448846153125
1 0.56527835 0.444926740625 0.5504020625 0.43905372343750004 0.5495773203125001 0.43807692343750004 0.5454432984375 0.43758852187499997 0.5421340203125 0.439542125 0.5437938140624999 0.44150183125 0.5429587625 0.44199023125 0.54461855625 0.44199023125 0.5594948453125 0.44786935312500004 0.5603195875 0.448846153125 0.57438144375 0.4527594625 0.576030928125 0.4527594625 0.57934020625 0.4508058609375 0.5776804125 0.448357753125 0.56527835 0.444926740625
0 0.5713195875 0.44706959687500003 0.5691340203124999 0.4477228328125 0.565268040625 0.450506715625 0.5654226796875 0.45189865625000003 0.5671752578125 0.4531379734375 0.573268040625 0.45434676406249996 0.579 0.45654456718749997 0.58374226875 0.4563431015625 0.5885567015625 0.45464590937500005 0.5895257734375 0.450030525 0.5863298968749999 0.44753968281249995 0.58193814375 0.44659340625 0.5791752578125 0.4470940171875 0.5713195875 0.44706959687500003
1 0.5776804125 0.41555555625 0.5818144328125 0.410659340625 0.5818144328125 0.40968253906249996 0.5785154640625 0.4077228328125 0.5768556703125001 0.4077228328125 0.57438144375 0.40870573906249996 0.5702474234375 0.4135958484375 0.5661134015625 0.422411478125 0.5628041234375 0.42583638593749995 0.5611546390625 0.4322039078125 0.5644536078125 0.43415750937500003 0.5661134015625 0.43415750937500003 0.569412371875 0.4322039078125 0.571072165625 0.4263247859375 0.57438144375 0.42289987812499996 0.5776804125 0.41555555625
1 0.5313917531250001 0.40625763125000003 0.53470103125 0.40821123281249994 0.57272165 0.411153846875 0.5768556703125001 0.411153846875 0.5801649484375 0.4091941390625 0.5801649484375 0.40821123281249994 0.5768556703125001 0.40625763125000003 0.53470103125 0.4033211234375 0.5313917531250001 0.40527472500000006 0.5313917531250001 0.40625763125000003
0 0.577948453125 0.40527472500000006 0.5729587625 0.406367521875 0.571329896875 0.40746031718750003 0.5688350515625 0.409420025 0.5684226796875 0.41082417656250003 0.569412371875 0.412130646875 0.5731546390625 0.4140537234375 0.5783195875 0.41477411406250003 0.5833505156250001 0.414035409375 0.5852371140625 0.41319902343750003 0.5878041234375 0.41061050000000004 0.5879072171875 0.4091758234375 0.586309278125 0.40710622656249995 0.5838453609375 0.405842490625 0.577948453125 0.40527472500000006
2 0.5809896906249999 0.40723443281250005 0.5305670109375 0.40723443281250005 0.5057628859375 0.40821123281249994 0.47517525781250003 0.40821123281249994 0.47186597968750005 0.41017094062500004 0.47186597968750005 0.411153846875 0.47517525781250003 0.41310744843749997 0.5057628859375 0.41310744843749997 0.5305670109375 0.412130646875 0.5809896906249999 0.412130646875 0.58429896875 0.41017094062500004 0.58429896875 0.4091941390625 0.5809896906249999 0.40723443281250005
1 0.569412371875 0.374926740625 0.5702474234375 0.38764957187500004 0.5594948453125 0.40037851093750004 0.5594948453125 0.401361415625 0.5628041234375 0.4033211234375 0.5669381437500001 0.4023382171875 0.5785154640625 0.38814407812499996 0.5776804125 0.374926740625 0.57438144375 0.3729670328125 0.57272165 0.3729670328125 0.569412371875 0.374926740625
1 0.5313917531250001 0.3656227109375 0.5313917531250001 0.3665995109375 0.5363505156249999 0.36904761875 0.5644536078125 0.373943834375 0.5669381437500001 0.373943834375 0.5702474234375 0.3719841265625 0.5702474234375 0.3710073265625 0.5669381437500001 0.36904761875 0.552051546875 0.3670940171875 0.53470103125 0.363663003125 0.5313917531250001 0.3656227109375
0 0.5795257734375 0.368235653125 0.5764123718749999 0.368540903125 0.5732164953125001 0.3680891328125 0.570350515625 0.3685531140625 0.5647835046874999 0.3678266171875 0.5626804125 0.3684615390625 0.5607525765625 0.3700061046875 0.559288659375 0.3715995109375 0.5601237109375 0.3733821734375 0.5658350515625 0.37592185625 0.5690103093750001 0.37850427343750004 0.5741546390625001 0.3799755796875 0.5771855671874999 0.3795970703125 0.584587628125 0.37555555625000003 0.590391753125 0.375262515625 0.5924845359375001 0.3735653234375 0.5922164953125 0.3721428578125 0.59065979375 0.371056165625 0.5795257734375 0.368235653125
2 0.571072165625 0.36904761875 0.5628041234375 0.36807081875000003 0.5404845359375 0.3670940171875 0.476 0.3670940171875 0.472690721875 0.36904761875 0.472690721875 0.370030525 0.476 0.3719841265625 0.4834432984375 0.3724786328125 0.5404845359375 0.3719841265625 0.5677628859375 0.37345543281250004 0.576030928125 0.37590354062500003 0.5776804125 0.37590354062500003 0.5809896906249999 0.373943834375 0.57934020625 0.37149572656249996 0.571072165625 0.36904761875
3 0.541309278125 0.6906837609375 0.5429587625 0.65935286875 0.5388247421875 0.5350061046875 0.5437938140624999 0.519829059375 0.5437938140624999 0.51395604375 0.541309278125 0.494865690625 0.5421340203125 0.37345543281250004 0.5396597937500001 0.3401648359375 0.5371752578125 0.338699634375 0.5338659796874999 0.3382112328125 0.5297319593750001 0.3401648359375 0.5322164953125 0.37345543281250004 0.5313917531250001 0.494865690625 0.5338659796874999 0.519340659375 0.5289072171875 0.5345177046875 0.5289072171875 0.5477350421875 0.5330412375 0.6392796093750001 0.5313917531250001 0.6906837609375 0.5338659796874999 0.6921489625 0.5371752578125 0.6926434671874999 0.541309278125 0.6906837609375
0 0.5705051546875 0.487313796875 0.5690412375 0.4886568984375 0.568670103125 0.49297924374999996 0.5699484531250001 0.49395604375 0.5745773203125 0.49558608125000003 0.5787731953125 0.49622710625 0.5829072171874999 0.495384615625 0.5868762890625 0.4919963375 0.5861340203125 0.4870879125 0.5844432984375 0.4861294265625 0.5795773203125 0.484981684375 0.5761649484375 0.48528082968749997 0.573628865625 0.48667887656250003 0.5705051546875 0.487313796875