2 0.586426209375 0.6239236125 0.5829802703125 0.6224059234375 0.57815846875 0.6229979671875 0.54065280625 0.630030596875 0.5190085421874999 0.6331749 0.46743140156249996 0.6385343375 0.464445653125 0.6408478203125 0.46456340156250003 0.6418068 0.46801940625 0.6433232515625 0.49546740624999996 0.6409265015625001 0.5412408109375 0.6348195140625 0.583568275 0.6271948390625 0.5865439578125 0.6248825921875001 0.586426209375 0.6239236125
2 0.555184221875 0.50238064375 0.5454135390625 0.5026129765625 0.5293375124999999 0.504586865625 0.44904419375 0.5154130015625 0.4460685125 0.517725246875 0.4461862609375 0.5186842296874999 0.44963220000000004 0.5202019171875001 0.545195496875 0.507494778125 0.5558311015624999 0.5076490515625001 0.5590422796875 0.50725476875 0.5620287640625 0.5049472781250001 0.561911015625 0.503988296875 0.558454275 0.5024658515625 0.555184221875 0.50238064375
2 0.57304600625 0.5414978296874999 0.5695892640625 0.539975384375 0.561556284375 0.5409617109375 0.5455879390625 0.5438958171875 0.501425159375 0.5498050437499999 0.46357705156250006 0.5539654875 0.45317694687500004 0.5557291796875 0.450200528125 0.5580354328125 0.45031827656249995 0.5589944140625 0.45376495156249996 0.5605180953125 0.54617594375 0.5486847312500001 0.57017726875 0.5447643 0.5731637546874999 0.5424568125 0.57304600625 0.5414978296874999
2 0.555246803125 0.42316540937499997 0.551800128125 0.421641728125 0.5405459031250001 0.4230235734375 0.506832034375 0.4276498359375 0.490863690625 0.43058394218749996 0.44337198281249995 0.4359284703125 0.440386234375 0.438241953125 0.440503246875 0.4391949421875 0.4439599875 0.4407173859375 0.49225700625 0.43527397656250005 0.5082253515625 0.432339871875 0.5523881328125 0.42643064375 0.5553645515625 0.42412439218750003 0.555246803125 0.42316540937499997
2 0.5579548859375 0.465110590625 0.5497352171875 0.46465967968750005 0.5157865875 0.467373971875 0.4626577015625 0.473410659375 0.45128572812499995 0.47383352343749996 0.4483100453125 0.4761457703125 0.4484270578125 0.4770987578125 0.4518737328125 0.47862243906249996 0.46244039375 0.47829845468750004 0.530102890625 0.4709579 0.5495179109375 0.469547475 0.55612695625 0.4701961453125 0.558542890625 0.46989950625 0.5615185734375 0.467587259375 0.561400825 0.46662827656249994 0.5579548859375 0.465110590625
1 0.553852709375 0.6245221796875 0.5239306359375 0.6267420734375 0.5209441515625 0.6290495625 0.5210619000000001 0.63000854375 0.5245179046875 0.6315249953125 0.5601267 0.6290996640625 0.5732263078125001 0.6294320296875 0.576447553125 0.6290365109375 0.5794239703125 0.6267302578125 0.5793062234375 0.625771275 0.575860284375 0.6242535890625 0.572580165625 0.624169615625 0.553852709375 0.6245221796875
1 0.5793062234375 0.625771275 0.576330540625 0.628083521875 0.5823043859375 0.65018935 0.5834622046875 0.6529614203125 0.5869182109375 0.654477871875 0.588528834375 0.6542801125000001 0.5915052515625 0.6519738578125 0.5912116171874999 0.649582396875 0.5863541734375 0.6365689171875 0.5843735875 0.627095959375 0.5809168453125 0.625573515625 0.5793062234375 0.625771275
0 0.565998128125 0.50431996875 0.5671866718749999 0.5020993921875 0.5659608046875 0.49968854687500003 0.5647077625 0.49888721406250003 0.5606091359375001 0.4982953421875 0.5566663453125 0.4983900796875 0.5538125375 0.49978084687499996 0.549794284375 0.5006757703125 0.5481106484375 0.5017768421875 0.5454892078125 0.5021473875 0.5417603343749999 0.5039011265625 0.5411226828125 0.506613790625 0.5430232859374999 0.5085280765625 0.5465092796875 0.5097062265625001 0.5503818203125 0.5122849031250001 0.552471634375 0.51266104375 0.5570749187499999 0.5121201671875 0.5612910546875 0.511255703125 0.564522496875 0.5096117109375 0.565398928125 0.50792834375 0.56438495625 0.5054123890625 0.565998128125 0.50431996875
1 0.5317840640625 0.49796519375 0.528338125 0.4964475078125 0.51598421875 0.495530778125 0.5129984703125 0.49784426093749995 0.514902728125 0.5000379609375 0.526510196875 0.5015330625 0.5308892625 0.503909615625 0.5452543703125 0.5079742703125001 0.5468649937500001 0.5077765109375 0.5498514796875 0.505469021875 0.5479464859375 0.5032693265625 0.5386278718749999 0.500525834375 0.5333946875 0.49776743437500004 0.5317840640625 0.49796519375
1 0.5562839015625001 0.50467921875 0.5532974171875 0.5069867078125 0.55492623125 0.5135947078124999 0.5532610234375 0.5332375375 0.5535546578125 0.5356289984375 0.557000596875 0.5371466859375 0.5586112203125 0.536948925 0.5615876390625 0.5346426734375 0.5629692765625001 0.5126071453125001 0.5613404640625 0.505999146875 0.5578844593750001 0.5044826953125 0.5562839015625001 0.50467921875
0 0.5622694734375 0.5390306921875 0.5599185375 0.5399399171875 0.5587897625 0.5411492984375 0.5569799140625 0.5423875453125 0.5566055921874999 0.5438328265625 0.55801144375 0.5460451359375 0.5607200671875 0.5477993703124999 0.5632483609375 0.548334609375 0.5678501218750001 0.548280640625 0.57160890625 0.5469369390625001 0.574739709375 0.5450558640625001 0.57457068125 0.5391021312500001 0.5712306375 0.5368657 0.5646099484375 0.5372040671875 0.5622694734375 0.5390306921875
1 0.5364459484374999 0.5425907984375 0.5227269812500001 0.5437885546875 0.51048075625 0.5438320437499999 0.5075050734375 0.546144290625 0.5076220859375 0.5470972781250001 0.5110687609375 0.5486209578125 0.5143488796875 0.5487049296875 0.5614567265625 0.5468084875 0.565473215625 0.546315325 0.5684589640625 0.5440018421875 0.568341953125 0.5430488546875 0.5648852109375 0.5415264109375 0.5454701921875 0.5429368343750001 0.5364459484374999 0.5425907984375
2 0.49925697968750005 0.678364496875 0.4847226359375 0.679662371875 0.46599591562500003 0.680020928125 0.46300943125 0.6823284171874999 0.46312717968749995 0.6832873984375001 0.46658318593750003 0.6848038484375001 0.48450532968750004 0.6845501656249999 0.55445668125 0.6759612203125 0.5827200593749999 0.673464353125 0.5856957406250001 0.67115210625 0.5855779921875001 0.6701931234375 0.5821320531249999 0.6686754374999999 0.5538686765625 0.6711723046875 0.49925697968750005 0.678364496875
1 0.5674595765625 0.5358624843750001 0.56498550625 0.5356856265625 0.5623340765625 0.5340643015625 0.5540663359375 0.5331386578124999 0.5414676015625 0.5303111953124999 0.5316473765625 0.5300568078125 0.528661628125 0.5323702906250001 0.5287786390625 0.533323278125 0.53223538125 0.534845721875 0.5404543140625 0.535290640625 0.5588467171875 0.5388668890625 0.561439271875 0.540008721875 0.5642565234375 0.5430637625 0.5667894687499999 0.5437201109375 0.568400090625 0.5435223515625001 0.5713765093750001 0.541216096875 0.5674595765625 0.5358624843750001
2 0.5642543015625 0.5829081281249999 0.5384075921875 0.58511435 0.491887015625 0.5917937140625 0.46196494374999997 0.59401360625 0.45897845937500004 0.5963210953125 0.4590962078125 0.5972800781250001 0.4625529484375 0.5988025218749999 0.469848821875 0.5983873375 0.4924750203125 0.596582628125 0.5389948609374999 0.589897271875 0.5721389140625 0.5872878515625 0.5751153328124999 0.5849816 0.5749975843749999 0.5840226171875 0.571550909375 0.5824989359375 0.5642543015625 0.5829081281249999
0 0.5655010078125 0.5809116000000001 0.5605114953125 0.581718925 0.5587438578125 0.583134509375 0.5580340609375 0.58550924375 0.5588642359375 0.5894410015625 0.56144196875 0.59146075 0.564363771875 0.5925378218749999 0.567828003125 0.592872965625 0.5715339078125 0.5924301078124999 0.57513804375 0.5908255312499999 0.5780651031249999 0.5886165984375 0.577518359375 0.5813342625 0.5760588656250001 0.5802662468750001 0.5721323953125 0.579245609375 0.5680228625 0.57964676875 0.5655010078125 0.5809116000000001
3 0.5359218140625 0.72440238125 0.5391918687499999 0.7244875890625 0.5429829265625 0.7220752265625 0.540438303125 0.694693315625 0.5287524375 0.62615003125 0.52328524375 0.58162330625 0.520745659375 0.534309603125 0.51249908125 0.46048900000000004 0.5073968109375 0.44556478437499997 0.5044161015624999 0.427946475 0.4963628625 0.36235811562500003 0.49378110937499997 0.3612210390625 0.490500990625 0.3611370671875 0.48671926093750006 0.3635422015625 0.4947725 0.42913056093749996 0.49781134531250004 0.44722236718749997 0.5029035515625 0.46214781875 0.5110331171875 0.5350154359375 0.5136416421875001 0.5828073921875 0.5191088359375 0.6273341171875 0.526293596875 0.672617303125 0.529608625 0.68630080625 0.5333292578125 0.7232605484375 0.5359218140625 0.72440238125
2 0.42630617812500005 0.3967196359375 0.42332975937499995 0.39902588906249997 0.42344750781249996 0.3999848703125 0.426893446875 0.4015025578125 0.43499536718750004 0.4009944859375 0.5145415125 0.390740728125 0.5468802546875 0.3882301890625 0.549856671875 0.3859239359375 0.549738925 0.38496495468749997 0.54629225 0.3834412734375 0.5147595546875 0.3858589265625 0.42630617812500005 0.3967196359375
0 0.5497256765625 0.38019672656250003 0.5463206609375 0.37942843125 0.5439877281250001 0.3795688640625 0.5411838062500001 0.380533709375 0.537377475 0.3834042484375 0.5351733296875001 0.384593565625 0.5345213265625001 0.3860242671875 0.5356152796875 0.38910838281250004 0.53767153125 0.3911252375 0.5400527453125 0.3917941328125 0.544661128125 0.39179410468750003 0.548448825 0.3910187515625 0.551636321875 0.3893497359375 0.5525854015625 0.3879251453125 0.5525914453125 0.38414624218750004 0.5516368734375 0.3817811765625 0.5497256765625 0.38019672656250003
1 0.56620075625 0.3727347484375 0.5678013125 0.372538225 0.5684896109375 0.3714863578125 0.5746865390625 0.36877859218750003 0.583811078125 0.3632838453125 0.5829468921875 0.3629032359375 0.5843227546875001 0.36079350468750004 0.5808660125 0.3592710609375 0.579255390625 0.3594688203125 0.5555658890624999 0.37258647031250003 0.5541412203125 0.3742154734375 0.54639254375 0.377600490625 0.5427184953124999 0.380965840625 0.540371503125 0.381740734375 0.5398598265625 0.38423107500000003 0.5433065015625 0.38575475625 0.5472741828125 0.38478086562499997 0.5509381656250001 0.381416753125 0.558686840625 0.3780317359375 0.56620075625 0.3727347484375
1 0.5285467265625 0.38513342968750003 0.51470068125 0.3853794359375 0.49298747656249997 0.3880454828125 0.4900110578125 0.390351734375 0.49012880625 0.3913107171875 0.49357548125 0.3928343984375 0.514483375 0.39026723125 0.5372265859375001 0.38941551093750004 0.5412531421875 0.38892111093750004 0.5442295609375 0.386614859375 0.5441118125 0.3856558765625 0.5406651375 0.3841321953125 0.5357844625 0.384244746875 0.5285467265625 0.38513342968750003
0 0.5552081125 0.41985438124999996 0.5484094609375 0.41982522343750006 0.5416994640625 0.42193283125000003 0.5392201875 0.42221291250000004 0.5369266796875001 0.4233401953125 0.535175365625 0.425970575 0.5358263187500001 0.42752724375 0.5398739531250001 0.42970113125 0.5425257515624999 0.4301603671875 0.5461898921875 0.4299599109375 0.552399934375 0.428607265625 0.5562729453124999 0.426695896875 0.5575109265625 0.42362965781249995 0.5565969078124999 0.4208459015625 0.5552081125 0.41985438124999996
1 0.5489321281249999 0.42491419375 0.545485453125 0.42339051406249995 0.5438748296875 0.4235882734375 0.5408991484375 0.4259005203125 0.5381067390625 0.43644624531250004 0.5388888203125 0.4494734 0.5376996453125 0.45302036562500003 0.5411455859375 0.454538053125 0.5427562078125 0.45434029374999996 0.5457326265625 0.45203404062499997 0.5469900046875 0.448959334375 0.546208659375 0.435938175 0.5491080140625 0.426346671875 0.5489321281249999 0.42491419375
1 0.541282275 0.42244644062500003 0.5266409828125 0.42279008906250004 0.50888539375 0.42448348124999996 0.49855422968749996 0.426725428125 0.495577809375 0.42903168125 0.4956955578125 0.4299906640625 0.4991414984375 0.43150835 0.516711134375 0.4283837140625 0.5329142390625 0.4273615796875 0.541929153125 0.42771484531250004 0.5443450859375 0.42741820625000004 0.547331571875 0.4251107171875 0.5472138234374999 0.424151734375 0.541282275 0.42244644062500003
0 0.56099871875 0.461439328125 0.5499454796875 0.461378925 0.545245553125 0.463379659375 0.5444396375 0.46455547968750005 0.544507421875 0.4666887234375 0.5525693656249999 0.46577185 0.551593978125 0.4675647109375 0.5488312921875 0.4686157546875 0.5458964 0.4682642859375 0.544510365625 0.46671269843749996 0.5451719640625 0.46977080625 0.5499490578125 0.4717273640625 0.5516209453124999 0.472611115625 0.5546565015625 0.47295022500000006 0.5565971875 0.4742755265625 0.560299778125 0.47497078125 0.5626761828125 0.474685078125 0.5671040546875 0.47288201562500004 0.568733021875 0.471002821875 0.5687923421875001 0.4695718828125 0.5671289171875 0.46759197031250005 0.5634443015625 0.4663773703125 0.56384156875 0.46387065781250003 0.56099871875 0.461439328125
0 0.5782234140625 0.61944910625 0.5741806421875 0.62006109375 0.5725147203125001 0.6208071171875 0.571152103125 0.6230247328125 0.5691002421875 0.6236234578125 0.5678305625 0.6246006953125 0.5672661359375 0.626744640625 0.5676737078125 0.628982178125 0.5694329078125 0.6307434749999999 0.5743657546875001 0.6318048125 0.577504209375 0.6319000953125 0.58099206875 0.6316786953125 0.584973996875 0.630654384375 0.58745369375 0.6287133218750001 0.5884075546875 0.6261626031249999 0.5880371484375 0.6230626578125 0.5866587609375 0.621157259375 0.58240356875 0.619872784375 0.5782234140625 0.61944910625
0 0.58734153125 0.6727387234375 0.589469928125 0.6704331671875 0.5892048625 0.667192521875 0.5878857703125 0.666435803125 0.584787134375 0.6659158359374999 0.5822209421875 0.666237009375 0.5785760421874999 0.6655955109375 0.575092596875 0.6658528718750001 0.566950015625 0.6677774234375 0.564999240625 0.669032975 0.5631098859375 0.669873359375 0.5621706625 0.6709621203125 0.56176414375 0.6727277218750001 0.5626274359375001 0.674599021875 0.5659584671875 0.6761794890624999 0.569375571875 0.6763804890625 0.570615078125 0.6774876843750001 0.57374068125 0.6783937156250001 0.57807361875 0.6781476453125 0.58172903125 0.676877478125 0.5843241890625 0.6742955859374999 0.58734153125 0.6727387234375
1 0.5204447640625001 0.5916943015625 0.56403699375 0.587795921875 0.567023478125 0.585488434375 0.56690573125 0.584529453125 0.5634489890625 0.5830070078125 0.5198567578125 0.5869053859375 0.5168702734374999 0.5892128734375001 0.516988021875 0.59017185625 0.5204447640625001 0.5916943015625
1 0.5678187234375 0.585390790625 0.5662181671875001 0.5855873140625001 0.5632316828125 0.587894803125 0.56428994375 0.5965136515625 0.5547401234375 0.6117767578125 0.5585393078124999 0.616171390625 0.562860234375 0.6180744453125 0.5644708578125 0.6178766859375 0.5674465390625001 0.6155644390624999 0.56353034375 0.61021681875 0.5723918640625001 0.59600558125 0.5712747296875 0.586907240625 0.5678187234375 0.585390790625
1 0.5249866765625 0.6752052875000001 0.525104425 0.6761642703125 0.5285503640625 0.67768195625 0.54394889375 0.6767646953125 0.5704838999999999 0.6735066062499999 0.5734603171875 0.6712003515625 0.5733425703125 0.6702413703125 0.5698958953125 0.6687176906250001 0.5441662 0.6718769 0.5279630953125001 0.672899034375 0.5249866765625 0.6752052875000001
1 0.5768167656250001 0.6785635796875 0.5793221921875 0.6724214 0.575876253125 0.6709037125 0.5742656296875001 0.671101471875 0.5712892109375 0.6734077265625 0.570031096875 0.6764764359375001 0.5625760546875 0.6822529140625 0.5525973984375 0.6873658125000001 0.5437076203125 0.6947725296875 0.5431378062500001 0.696789371875 0.5465938109375 0.6983058234375 0.5497468515625 0.69743804375 0.5586358921875 0.6900253328125 0.5709127359374999 0.6836568125 0.5768167656250001 0.6785635796875
1 0.572230503125 0.4750207875 0.5640522546875 0.46824960156250006 0.5633058171875 0.46882797187499997 0.5599668234374999 0.46826450937499997 0.5569911421875 0.47057675625 0.5580900875 0.4728693375 0.5597595828124999 0.47315106875 0.5643052046875 0.4769673296875 0.5655218984375 0.48021889375000004 0.5796383484375001 0.49549038124999994 0.5837725859375 0.4959562 0.5867590703125 0.4936487109375 0.5865824484375 0.49221023906249994 0.5735060703125 0.47875184062500004 0.572230503125 0.4750207875
1 0.5632294890625 0.46154871562500005 0.5688798312500001 0.44773176093749995 0.5726026875 0.44484713749999993 0.573113628125 0.44235080312499997 0.5696576234374999 0.4408343515625 0.5680570656249999 0.44103087500000004 0.5665641921875 0.4421876171875 0.5657000078125 0.44180700625 0.56581701875 0.44275999375 0.5620949000000001 0.4456506125 0.5567788765625 0.45553276093750006 0.5557562578125 0.460519434375 0.5523277734375001 0.46580151406250003 0.5524455203125 0.46676049375 0.555891459375 0.4682781828125 0.5597902015625 0.4668260375 0.5632294890625 0.46154871562500005