0 0.5046020953125 0.35069336562500003 0.502209428125 0.3504216421875 0.49854395625 0.3517055109375 0.49555950624999995 0.35184559375 0.4911556734375 0.355133175 0.4975313234375 0.3559596375 0.4905289546875 0.358634209375 0.49274586249999996 0.360784475 0.49778389843750004 0.3615744765625 0.5018793140625 0.3601985125 0.5127677796875 0.359748796875 0.5170542828125 0.3576456640625 0.518377684375 0.3545976 0.5176418921875 0.35213090468749997 0.5147644312499999 0.3495111109375 0.509157665625 0.34817583124999996 0.506945090625 0.34878789062500004 0.5046020953125 0.35069336562500003
1 0.5435662890625 0.5404343265625 0.5477279984375001 0.5421903015625 0.549480975 0.5417532359375 0.56797888125 0.530164728125 0.5702757265625 0.5281952578125 0.5712098906249999 0.5244741140625 0.5670576546875 0.5227157765625 0.5653046796875 0.5231528421875 0.5445004515625 0.5367131828125 0.5435662890625 0.5404343265625
1 0.5767949234375 0.524470859375 0.5829308359375001 0.5117816875 0.5845189859375 0.510683540625 0.5845719234375 0.5071821109375 0.5804214609375 0.5054308828125 0.578668484375 0.5058679484375 0.577241615625 0.5076129578125 0.5762068124999999 0.5071763390624999 0.5765346921875001 0.5084913906249999 0.57045171875 0.517679134375 0.5707795984375 0.5189941874999999 0.5679294046875001 0.522498425 0.5661764296875 0.522935490625 0.567220709375 0.52336975 0.5661234921875 0.5264369203125 0.5702757265625 0.5281952578125 0.5767949234375 0.524470859375
0 0.5858419296874999 0.5557912953125 0.5868483296875 0.55413601875 0.5868939 0.55108944375 0.584118203125 0.5496447734375 0.5800555109375 0.5507483203125 0.5728383781249999 0.550018409375 0.5630807453125 0.552783471875 0.5598173359375 0.5540652484375 0.557498990625 0.55841086875 0.5588350078125 0.5612262296874999 0.5628526843749999 0.562202684375 0.5659190781250001 0.56166465625 0.5679064281249999 0.5603914734375001 0.5702065984375 0.559848178125 0.57432741875 0.5606328109375001 0.5766708781250001 0.55998056875 0.5781685000000001 0.5587615375 0.581737503125 0.55842285625 0.5858419296874999 0.5557912953125
2 0.541257221875 0.4565752265625 0.5330569374999999 0.4572305359375 0.48592755 0.46967583749999997 0.46617283593750003 0.4725098140625 0.46332087031249997 0.47600694062500004 0.46364875000000005 0.4773219953125 0.46781046093749995 0.47907796874999997 0.487565175 0.47624399375 0.5338133375 0.46401840625 0.5421879234375 0.46402181562499994 0.5520405421875 0.4587716765625 0.55648065625 0.45417640156249994 0.5561527765625 0.45286134687499996 0.5519928390625 0.45111248281250005 0.541257221875 0.4565752265625
2 0.532864525 0.5982271921875 0.5115198890625 0.60215220625 0.508669696875 0.6056564421874999 0.5089975765625 0.6069714953124999 0.5131575140625 0.6087203609375 0.5274902484374999 0.6065436125 0.5499321015625 0.5995514265625 0.593718590625 0.588634228125 0.5965705546875 0.5851370984375001 0.5962426765625 0.5838220468750001 0.592080965625 0.5820660734375 0.5474227265625 0.5932006234375 0.532864525 0.5982271921875
2 0.5366356890625 0.41934941718749996 0.525246084375 0.42218916406250007 0.49054287656250006 0.43223844843750003 0.457920525 0.4431657171875 0.4550798078125 0.44666759375 0.45540591406250003 0.44797553749999997 0.45955815 0.4497338734375 0.46481707656250004 0.4484226765625 0.4921805015625 0.438806603125 0.5382750859375001 0.42592468125 0.5411158031250001 0.4224228046875 0.5407879234374999 0.421107753125 0.5366356890625 0.41934941718749996
2 0.42557036875 0.3730785375 0.4258982484375 0.374393590625 0.4300487109375 0.37614481875 0.4939802078125 0.36020490625 0.5135718687499999 0.35671695937500003 0.5164238343750001 0.35321983125 0.5160959546874999 0.35190477656249997 0.5119342437500001 0.350148803125 0.5047687625 0.3512407328125 0.4284110859375 0.3695766640625 0.42557036875 0.3730785375
2 0.4393375984375 0.40593264375000004 0.436495109375 0.409427409375 0.4368229890625 0.4107424625 0.44097522343750006 0.41250079843750004 0.453236578125 0.4094436984375 0.52138095 0.391751221875 0.5242234390625 0.38825645625 0.523895559375 0.38694140312499997 0.519743325 0.3851830671875 0.45231535312500004 0.40199474999999996 0.4393375984375 0.40593264375000004
2 0.47726240156250005 0.5095197640625 0.47758850781250006 0.5108277078125 0.48174074375 0.5125860453125 0.5502129953125 0.49620862031249996 0.561049253125 0.49490364218750005 0.5639012171875 0.49140651249999995 0.5635733375 0.490091459375 0.559411628125 0.48833548593750004 0.5494471203125 0.4894231140625 0.4801031171875 0.5060178890625 0.47726240156250005 0.5095197640625
2 0.5812663421875001 0.5498726046875 0.541531446875 0.558390375 0.5304774250000001 0.5625357046875 0.4938581875 0.5723680796874999 0.4910062234375 0.5758652093750001 0.491334103125 0.5771802625 0.4954958140625 0.5789362359375 0.51213486875 0.574787653125 0.543169071875 0.5649585296875 0.5829057390625 0.5564478687500001 0.58575593125 0.5529436296875 0.5854280515625 0.551628578125 0.5812663421875001 0.5498726046875
2 0.4835344984375 0.5421436359375 0.48068430468749995 0.5456478734375 0.48101218437500004 0.5469629265625 0.4851721234375 0.5487117921875 0.496717078125 0.5465354890625 0.5657332 0.5286256609375 0.57394473125 0.527975096875 0.5767949234375 0.524470859375 0.5764688171875 0.5231629156250001 0.57230710625 0.521406940625 0.564095575 0.5220575046875 0.4835344984375 0.5421436359375
1 0.587868090625 0.5838186375000001 0.5861151140625 0.5842557046875 0.5802593796875 0.5906007359375 0.5786165203125 0.595193203125 0.57434123125 0.600449559375 0.57428829375 0.6039509875 0.57843875625 0.605702215625 0.5816186 0.6035201406249999 0.5826628796875 0.6039543984375 0.5875367484375 0.5936713171875 0.5918025609375 0.588417321875 0.592028028125 0.5855675015624999 0.587868090625 0.5838186375000001
1 0.6090001984375 0.57157335 0.59755765625 0.5779145265625 0.58721233125 0.58118853125 0.5843621390625 0.5846927703125 0.58469001875 0.586007821875 0.58884995625 0.5877566875 0.5941088828125001 0.586445490625 0.6116726265625 0.5785781265625001 0.616112740625 0.5739828499999999 0.6157848609375 0.5726677984374999 0.6116249234375 0.5709189328125001 0.6090001984375 0.57157335
0 0.5867140078124999 0.58177334375 0.58310501875 0.5857461328125 0.581973734375 0.587304190625 0.5819206109375 0.5890691015625 0.5838798374999999 0.5913968671875 0.5856942875 0.5921751703125 0.5945788624999999 0.59087358125 0.5962225671875 0.589957890625 0.5980570921874999 0.5877488265624999 0.59792051875 0.584294646875 0.5957946953125 0.5812986921875 0.592679928125 0.5794628921875 0.59012644375 0.5797975359375 0.5867140078124999 0.58177334375
1 0.5750827265625 0.5549025828125 0.57541060625 0.5562176359375 0.5795628421875 0.557975971875 0.58394054375 0.5568844890625 0.5954307875 0.5582025046875 0.5971837640625 0.5577654390625 0.6000357281250001 0.554268309375 0.597463940625 0.5514213 0.5831841437499999 0.55009661875 0.577925215625 0.551407815625 0.5750827265625 0.5549025828125
1 0.5612990984375 0.5443863046875 0.5574652671875 0.543945384375 0.554615075 0.5474496203125 0.5563151140625 0.550513984375 0.5582311421874999 0.5507308906249999 0.5630391359375 0.5551193328124999 0.5710329062499999 0.5573091203125 0.57277640625 0.5568744171875 0.5756283703125 0.5533772875 0.5741008609375 0.5509645328125 0.5668234921875 0.5478939515625 0.5620077953125 0.54351498125 0.5612990984375 0.5443863046875
0 0.57652174375 0.520710978125 0.5747881359375 0.5204183890625 0.5727550515625001 0.5209026421875 0.5682866375 0.5201367218749999 0.5626374296875001 0.5225871671875 0.5593573968750001 0.5229142015625 0.5563965093750001 0.525328596875 0.5548533390625 0.52749521875 0.5554335609375001 0.5307104296875 0.5569031390625 0.5319220312499999 0.5606430953125 0.5329148796875 0.5628468078125 0.532267278125 0.5646579453125 0.5305699140625 0.5684674390625 0.53111505625 0.5707012812500001 0.5305882984375 0.5774727046875 0.5269067187500001 0.5790432109375 0.5245671734374999 0.57793746875 0.5218680546875001 0.57652174375 0.520710978125
1 0.5808716140625 0.47740525 0.5767099046874999 0.47564927656249995 0.574956928125 0.47608634375000003 0.564342675 0.4857092359375 0.557823478125 0.4894336328125 0.5549809890625 0.4929283984375 0.55530886875 0.4942434515625 0.5594611031250001 0.4960017875 0.5620858281250001 0.49534736874999996 0.5701949484375 0.490531934375 0.5737538375 0.4861563734375 0.5808186765625 0.4809066796875 0.579772625 0.4804653140625 0.5808716140625 0.47740525
0 0.564912540625 0.4883985078125 0.5607337671875 0.4885117078125 0.5591631671874999 0.486894928125 0.5575357015625 0.4863418140625 0.5556703859375001 0.486489778125 0.5532378234374999 0.487632353125 0.5487308828125 0.48796328125 0.5470859484374999 0.4889547796875 0.5455316 0.49099583437499994 0.5445253390625 0.49240946875 0.5445563375 0.49410810156249996 0.54565465625 0.4963334046875 0.5484609578125 0.4981026578125 0.5555205625 0.49783745625 0.5575380890625 0.49866328125 0.559393859375 0.4986385015625 0.56610855625 0.4957789453125 0.5679417156250001 0.4938873328125 0.5681311906250001 0.49081242812500003 0.5668182015625 0.48913896875 0.564912540625 0.4883985078125
1 0.55559943125 0.454396115625 0.55143949375 0.45264724999999995 0.54969599375 0.453081953125 0.544384128125 0.45789458125 0.524286825 0.4705764890625 0.5233526609375 0.4742976328125 0.5275143718749999 0.47605360625 0.529267346875 0.47561654062500003 0.550943325 0.4618388484375 0.5514966718750001 0.46030408125 0.55554649375 0.45789754531250004 0.5545022140625 0.45746328593749996 0.5559273109375 0.4557111671875 0.55559943125 0.454396115625
1 0.5503057390625 0.43687802500000006 0.547455546875 0.4403822625 0.549911984375 0.45023449531250004 0.5493057 0.4552706921875 0.5499596875 0.4578936890625 0.5541213968750001 0.4596496640625 0.5558743734375 0.45921259843750006 0.558715090625 0.45571072187499995 0.5586673875 0.448051528125 0.55621095 0.43819929531249996 0.5520587140625001 0.4364409578125 0.5503057390625 0.43687802500000006
0 0.5588069609375 0.45143700625000005 0.5546510890625 0.45188426093749995 0.549531178125 0.45137137968749996 0.545593371875 0.45257214375 0.543838265625 0.454655703125 0.53884935625 0.45595998125000003 0.5368377953125 0.45814523124999995 0.5357536796875 0.4600539421875 0.5364267453125 0.46348006406250003 0.5391502234375001 0.4651189609375 0.5428672203125 0.46484908437500005 0.5459880218750001 0.46339900624999997 0.5479426593750001 0.4613487515625 0.5545310812500001 0.460808415625 0.557235909375 0.459869765625 0.5603690703125 0.4564912828125 0.5612696171875 0.45356375 0.56034791875 0.4520871921875 0.5588069609375 0.45143700625000005
1 0.53832625 0.4224161421875 0.5341663125 0.4206672765625 0.5315415875 0.42132169375000006 0.5210809109375 0.43160092031249997 0.512272571875 0.43728531718749997 0.5107850625 0.44254122812499996 0.514946771875 0.444297203125 0.5166997484375 0.44386013750000003 0.5195404640625 0.4403582609375 0.52765135625 0.4355499359375 0.5281952265625 0.43401752968749996 0.5382750859375001 0.42592468125 0.5372290343749999 0.4254833140625 0.53832625 0.4224161421875
1 0.5433778828125 0.40162404843750005 0.54052591875 0.405121175 0.538985471875 0.413878515625 0.5339485500000001 0.42350762499999994 0.5342764296875 0.4248226796875 0.5384381390625 0.426578653125 0.5401816390625 0.4261439484375 0.544621753125 0.4215486734375 0.5497740265625 0.4049143421875 0.549281321875 0.4029382078125 0.545121384375 0.40118934375000004 0.5433778828125 0.40162404843750005
0 0.5442272796875 0.4196839546875 0.5354440281249999 0.41880845000000005 0.5314118015625 0.420478221875 0.5290104703125 0.4208579828125 0.5273399703125 0.4220295125 0.523057303125 0.42261408281249996 0.520742178125 0.42547904531249997 0.5202228296875 0.428643746875 0.520947315625 0.43017702656249995 0.5231601453125 0.4311806640625 0.5262841328125 0.4313984046875 0.531461475 0.42883155000000006 0.5362838890625 0.429765915625 0.539986846875 0.4291975296875 0.541490875 0.428165659375 0.5423006046875 0.4266500203125 0.54572374375 0.424596040625 0.5465698812500001 0.4225805578125 0.5442272796875 0.4196839546875
1 0.5224799390625 0.388691159375 0.518318228125 0.3869351859375 0.516565253125 0.3873722515625 0.5137150609375001 0.3908764890625 0.5167248453125 0.39919395625 0.518642646875 0.399417971875 0.5300175406250001 0.40774120781249995 0.534723121875 0.40796477812500004 0.5375750859374999 0.40446764999999996 0.53724720625 0.40315259687499994 0.5260241171875 0.395478584375 0.5256980109375 0.39417064062499996 0.523789684375 0.3939442625 0.5224799390625 0.388691159375
1 0.510218584375 0.3917482578125 0.514924165625 0.39197182812500003 0.5177743578125 0.388467590625 0.517446478125 0.3871525375 0.5103868734375 0.3812416078125 0.5056812921875 0.3810180390625 0.5028293265625 0.3845151671875 0.50315720625 0.3858302203125 0.510218584375 0.3917482578125
0 0.51984880625 0.3829822859375 0.5114333531249999 0.3860846828125 0.5080316218750001 0.3879823171875 0.5060470625 0.3895492640625 0.5057567734374999 0.3918565265625 0.5070190484375 0.393165115625 0.5102916328125 0.3944632484375 0.5196941296875 0.39556187187499997 0.52273544375 0.3943581203125 0.52431664375 0.39298989687499997 0.5252138421875 0.3907351734375 0.52534641875 0.38569628125 0.5243781640625 0.383831165625 0.522761609375 0.382837415625 0.51984880625 0.3829822859375
1 0.5265419203125 0.3527885359375 0.5192116125 0.353219384375 0.5140150984375 0.35102679062500003 0.50947434375 0.35146430156249997 0.5066223796875 0.35496143125 0.506950259375 0.35627648437500004 0.5090311140625 0.35715447031249997 0.5083224171875 0.3580257953125 0.51007539375 0.3575887296875 0.51527190625 0.359781321875 0.52555481875 0.36001110937499997 0.5281795453125 0.3593566921875 0.5310297375 0.35585245468750004 0.5307036296875001 0.3545445109375 0.5265419203125 0.3527885359375
1 0.5010537453125 0.3326268578125 0.498213028125 0.336128734375 0.4981506140625 0.33963252499999996 0.5010979859375 0.35145378437499997 0.5038346 0.354961875 0.5079945375 0.35671074062499997 0.5097475140625 0.356273675 0.5125900031249999 0.352778909375 0.509690334375 0.34861684375 0.50696843125 0.3339457671875 0.5028067203125001 0.3321897921875 0.5010537453125 0.3326268578125
3 0.5549534031250001 0.6345861359375 0.5586771171875 0.6308716546875 0.5593397999999999 0.611166296875 0.5583561625 0.6072211390625 0.552784065625 0.596054296875 0.5097502578124999 0.44210460781250005 0.49575756249999997 0.4121003234375 0.48144045 0.36961325624999997 0.478377728125 0.36479721718749997 0.47020076875 0.3207792375 0.467075634375 0.3194669921875 0.46341610468749994 0.3196847890625 0.4596923890625 0.32339927031250004 0.46786934999999996 0.36741725000000003 0.47093207187499997 0.37223328906250003 0.4854122375 0.4153743296875 0.49470458749999996 0.4339944203125 0.5033888796875 0.4576436015625 0.542438740625 0.599328303125 0.548012609375 0.6105022515625 0.5481687390625 0.6334916890625 0.5512843984375 0.6348062953125 0.5549534031250001 0.6345861359375