1 0.637715103125 0.55768704375 0.6364199796875 0.5495099625 0.6268752171875 0.5331484609375 0.625642253125 0.5316673015625 0.6214247281249999 0.5301044375 0.6194768515625 0.53041295 0.6159487 0.533202609375 0.616207725 0.534838025 0.626813109375 0.5515925546875 0.6281938921875 0.5603104828125 0.6338177421875 0.564449078125 0.634421453125 0.5682607546875 0.638638978125 0.5698236203125 0.6405868546875 0.5695151078125 0.6441150062500001 0.566725446875 0.6434246140625001 0.562366484375 0.637715103125 0.55768704375
0 0.6476996125000001 0.5635506375 0.6459414328124999 0.5625354734375 0.6433120734375 0.562397509375 0.6372291390625 0.5635919578124999 0.6327878218749999 0.5661038375 0.631203353125 0.5679652328125 0.6287113546875001 0.5697327609375 0.6288349796875 0.5716998296875 0.6315780078125 0.5736678359375 0.63743883125 0.5760396546875 0.642444509375 0.5766460671875 0.6460036609375 0.5761285546875 0.6502552234375 0.574643353125 0.6531210187500001 0.5728628234375 0.6540637859375 0.569545425 0.6536032578125 0.5674535125 0.648210234375 0.5652914078125 0.6476996125000001 0.5635506375
1 0.5976728625 0.518223975 0.579248234375 0.5211421484375001 0.5757096453125 0.5239400609375 0.5758819875000001 0.5250281921875 0.5801109703125 0.5265892437499999 0.5975616593749999 0.5238253265624999 0.618440753125 0.5238712859375 0.6335972734374999 0.5253846265625 0.6355336921875 0.525077928125 0.63907228125 0.5222800140625 0.6366930375 0.5198649796875 0.6125588984375 0.5181037125 0.5976728625 0.518223975
1 0.664045653125 0.53564345 0.65219424375 0.5235545828125 0.646657075 0.519963271875 0.6416264968750001 0.5196446109374999 0.6380983437500001 0.5224342703125 0.6382706875 0.5235224015625 0.6472362625 0.5299235875 0.6521451984375 0.53585185625 0.6623427171875 0.5437277625 0.665574259375 0.5515981437499999 0.6698032421875 0.5531591953125 0.671739659375 0.552852496875 0.675279271875 0.5500610218750001 0.671950609375 0.5416516078125 0.664045653125 0.53564345
0 0.6519687078125 0.5199800140625 0.6455929328125001 0.51717494375 0.643379903125 0.517070040625 0.6374527640625 0.518061609375 0.6343419140625 0.5193331390625 0.6318942 0.5196746171875 0.6272404125000001 0.520325903125 0.6231620984374999 0.522311678125 0.6224427484375 0.523554240625 0.6227713593749999 0.52555484375 0.62502415 0.5271714859375 0.6282516703125001 0.527452315625 0.634793340625 0.5270036328125001 0.64097631875 0.5282948015625 0.6494403828124999 0.5261160031250001 0.6524026453125 0.5241287906250001 0.6530442484375001 0.52246953125 0.6519687078125 0.5199800140625
2 0.6366930375 0.5198649796875 0.5697025015625 0.529914225 0.50684485 0.5409919265625 0.503316696875 0.5437815859375 0.503489040625 0.5448697171875 0.5077075843750001 0.546439021875 0.57056625625 0.5353677578125 0.62292978125 0.5270741906249999 0.6453995890625001 0.5246307515625 0.6489381796875 0.5218328375 0.6487658359374999 0.52074470625 0.6445368546875 0.51918365625 0.6366930375 0.5198649796875
1 0.5929398640625 0.48211169218750005 0.6280250421875 0.4776701734375 0.6315636312499999 0.47487226250000003 0.6313912890625 0.47378412968749994 0.62716230625 0.47222307968750005 0.592076109375 0.47665816093749996 0.5885489765624999 0.4794542578125 0.58872131875 0.48054238906249996 0.5929398640625 0.48211169218750005
1 0.60378066875 0.4563766828125 0.60000655625 0.4513841046875 0.595777571875 0.449823053125 0.593841153125 0.45012975156249996 0.5903130015625 0.4529194125 0.5905720265625 0.45455482812500003 0.6045322 0.4674251296875 0.6065553 0.46766571562500003 0.61332543125 0.4727381828125 0.623795040625 0.4761026859375 0.6288266375 0.4764277859375 0.63235376875 0.47363168906249997 0.6310466031249999 0.4716078671875 0.618369075 0.46691002499999995 0.60378066875 0.4563766828125
0 0.652016825 0.4714875890625 0.6495566515625 0.4693031796875 0.6456533546875 0.46779614843750006 0.6320764078125001 0.46935911093750005 0.628235240625 0.47046910468750003 0.6273596734375 0.472356825 0.6281884359375 0.47202755625000004 0.6281160031249999 0.4753523109375 0.6254970531249999 0.47112719687500004 0.6224672453125 0.4727620984375 0.6189733625 0.47369168593750005 0.6170856421875001 0.4756407125 0.6182361671875001 0.47875196875 0.6205356953125001 0.47977379375 0.6261421234375 0.4794270359375 0.6312729375 0.48060104375 0.6413073484375 0.47988297031249993 0.6452206890625 0.47804212812499997 0.6511695109375 0.47333123437499997 0.652016825 0.4714875890625
1 0.578944628125 0.42511825156249994 0.5553285390625 0.42662781718750004 0.5518003859375 0.429417478125 0.5519727296875 0.4305056078125 0.5561912734375001 0.43207491249999996 0.5877378609374999 0.43043130625000003 0.6106504953125 0.43070959843749995 0.6135608515625 0.43024864375 0.6170890046874999 0.42745898281250005 0.6169156421875 0.4263644140625 0.6126981171875 0.4248015484375 0.6067040390625 0.4246288890625 0.578944628125 0.42511825156249994
1 0.646698153125 0.42611563906249994 0.6444170484375 0.42424607343750004 0.645292846875 0.4235463484375 0.642296828125 0.42346645625 0.6391389046875 0.42229018125 0.638965540625 0.4211956109375 0.6288291625 0.42000918593750003 0.6209863640625 0.42069694999999996 0.6154236546875 0.42324783750000006 0.6137462593749999 0.425189953125 0.613919621875 0.426284521875 0.6181486046875 0.4278455734375 0.6257333968750001 0.42552883281250004 0.630752515625 0.42584930937500004 0.6339218984375 0.4270237703125 0.6340942421875 0.4281119015625 0.64122314375 0.42922025 0.6431595625 0.42891355156250005 0.646698153125 0.42611563906249994
0 0.625902121875 0.42110640000000005 0.621280196875 0.4206240109375 0.6146375 0.42139890468749996 0.6109266234375 0.42340568437500004 0.608904946875 0.42525052499999993 0.60477384375 0.42682885 0.6015958625 0.428566421875 0.600346678125 0.43009750625 0.6010201093750001 0.43234710468750004 0.6033008 0.43339831406249996 0.61865649375 0.4338702828125 0.62441536875 0.43181633750000004 0.626368653125 0.43050374375 0.6277390828125 0.4278842296875 0.627185034375 0.42542431875000003 0.62834291875 0.4231684765625 0.62756041875 0.421787575 0.625902121875 0.42110640000000005
1 0.5526536 0.38459923281249997 0.549113990625 0.38739070625 0.549287353125 0.3884852765625 0.5535163359374999 0.390046328125 0.5730757859375 0.3880638421875 0.5859387218750001 0.38770299375 0.6024269296875 0.38509151875000003 0.6059665390625 0.3823000453125 0.6057931765625 0.381205475 0.6015641953124999 0.379644425 0.5860499265625 0.38210164375 0.5526536 0.38459923281249997
1 0.63086624375 0.3638293578125 0.6476510625 0.3505578421875 0.6482803140625 0.348227321875 0.6440503125 0.34665983125 0.6421138921875 0.34696653125 0.6200264093750001 0.36443079218749996 0.614476175 0.36698630312499997 0.6091735093749999 0.371179046875 0.6072256328125001 0.3714875609375 0.602451453125 0.3789428828125 0.602624815625 0.3800374515625 0.6068423390625 0.38160031875 0.6115167734375 0.3797445328125 0.616474753125 0.3733755265625 0.6301627875 0.365617215625 0.63086624375 0.3638293578125
2 0.6612655921874999 0.6561737484375 0.6389681265625 0.6597053203125001 0.6173741171875 0.661449034375 0.5822879203125 0.6658841140625 0.5357451109375 0.6732557703125 0.52322788125 0.67579931875 0.519689290625 0.6785972328125001 0.519861634375 0.6796853640625 0.5240906171875 0.6812464125 0.583151675 0.671337646875 0.6182368515625 0.6668961296875 0.6388569234375 0.665306671875 0.6621283265625 0.66162084375 0.6656669171875 0.6588229296875 0.6654945750000001 0.6577348 0.6612655921874999 0.6561737484375
2 0.667009146875 0.7049698921875 0.6678974234374999 0.704274790625 0.65547891875 0.7012123625 0.647462759375 0.70080555625 0.6133515203125001 0.7050928187500001 0.5435373078125 0.7161503031249999 0.533918978125 0.7182347109375 0.5303908265625 0.7210243703125 0.5305631703125 0.7221125015625 0.5347817125 0.72368180625 0.6142142546875 0.7105399125 0.6463900953125 0.7065657875 0.651409215625 0.706886265625 0.6638152421875 0.7099440671874999 0.6657631203125 0.7096355546875001 0.6692912703125 0.7068458953125 0.667009146875 0.7049698921875
1 0.6638407843749999 0.7038018703125 0.6603011734375 0.7065933453125 0.6617064796875 0.7091626359375 0.7028959718750001 0.7244260031249999 0.7073725203125 0.7276242828124999 0.712391640625 0.7279447609374999 0.71593125 0.7251532859375 0.7157589062499999 0.7240651546875 0.7090744359375 0.7195335328125 0.6700061859375 0.7050562234375 0.668773221875 0.7035750640625 0.6638407843749999 0.7038018703125
2 0.6461039625 0.47256929999999997 0.64187498125 0.47100824843750005 0.6359790421875 0.4713810609375 0.605827321875 0.47560220937500003 0.5890800890625 0.47657826875 0.553204775 0.482260359375 0.5000511125 0.49179450156250004 0.49651252343749996 0.494592415625 0.49668486562499997 0.4956805453125 0.5009138484375 0.497241596875 0.5889803437500001 0.48217780625 0.6057275765625 0.4812017453125 0.6260886234374999 0.47797687343749995 0.636928459375 0.4773754390625 0.642737715625 0.47645534375 0.646277325 0.47366386875 0.6461039625 0.47256929999999997
2 0.619566975 0.42426804218749997 0.5536256015625 0.43471212968749995 0.5121029328125 0.4424107015625 0.49878410625 0.44619663750000005 0.49525595625 0.4489862984375 0.4954282984375 0.4500744296875 0.4996468421875 0.4516437328125 0.5235464796875 0.4456209484375 0.61275925625 0.43149103125000005 0.6204307296875 0.429721575 0.6239693203125001 0.42692366249999997 0.6237969765625 0.42583553125 0.619566975 0.42426804218749997
1 0.649041428125 0.7044694171875 0.643751825 0.7025153375000001 0.6197900296875 0.701842203125 0.6021659781250001 0.70351155 0.598638846875 0.7063076500000001 0.598811190625 0.70739578125 0.6030297328125 0.708965084375 0.623648784375 0.7073691875 0.637659021875 0.7079486546875 0.64391110625 0.709750290625 0.6539493453125 0.7103912453125 0.6558857640625 0.710084546875 0.659425375 0.707293071875 0.6570575875 0.7048762234375 0.649041428125 0.7044694171875
0 0.6743917421875001 0.6986326765624999 0.662932090625 0.6990286703125 0.6590118609375 0.6994911703125 0.653915759375 0.701354340625 0.65141764375 0.7030832359375 0.65084250625 0.70479136875 0.64858806875 0.7065014703125 0.6479895265625 0.7096191453125 0.6505513203125 0.7119260656249999 0.6554890890625 0.7129194421875 0.6654316046875 0.7110278937500001 0.6685783875 0.709909078125 0.6718805531250001 0.7077690265625 0.6723043390625 0.705550253125 0.6761317671875 0.7045018359374999 0.6777312359375001 0.7025126625 0.6762604234375 0.6996039374999999 0.6743917421875001 0.6986326765624999
1 0.62002545 0.6593526625 0.596667365625 0.6624912046875 0.593128775 0.66528911875 0.59330111875 0.66637725 0.5975301 0.6679383 0.619914246875 0.6649540140625 0.652520434375 0.6636969984375 0.6563932734375 0.6630836 0.6599328828125001 0.6602921265624999 0.659760540625 0.6592039953125 0.6555305390624999 0.6576365046875 0.6515720390624999 0.65770905625 0.62002545 0.6593526625
1 0.66835685625 0.644437540625 0.6718839890625 0.6416414406250001 0.6820334328125 0.63668104375 0.6837108265625 0.6347389296875 0.683538484375 0.6336507984375 0.679320959375 0.6320879328125 0.6773845406250001 0.6323946312500001 0.6662601375 0.637502846875 0.66458274375 0.6394449625 0.6617590671875 0.6404532015625 0.6619314109375 0.6415413328125 0.658404278125 0.6443374328125 0.654395715625 0.6567008171875 0.6546547390625 0.6583362328125 0.6588722625 0.6598990984374999 0.6608201390625 0.659590584375 0.6643482921875 0.656800925 0.66835685625 0.644437540625
0 0.6189989625 0.38011710781249997 0.6160255125 0.3782515984375 0.6154292859375 0.3762669796875 0.6135400375 0.37427595 0.6103748484375 0.37372124218749997 0.60592430625 0.37461754375 0.6023506859375 0.3766751859375 0.6015540640625 0.378616403125 0.5940407234375 0.38042021406250004 0.5918862359375 0.3815006703125 0.59085630625 0.3844160640625 0.5920640046875 0.38692424999999997 0.595957471875 0.3876276171875 0.603154715625 0.386646090625 0.6059781328125 0.38823175625 0.6095491562500001 0.38853078281250003 0.6161888609374999 0.3867729390625 0.619241409375 0.3842434125 0.6197288453125 0.38198155625 0.6189989625 0.38011710781249997
0 0.6596146921875 0.6529437390624999 0.65749961875 0.653753946875 0.653382784375 0.6566830453125 0.651469040625 0.6570587531250001 0.648625209375 0.65786558125 0.646833415625 0.65945620625 0.6481976125 0.6640648578125 0.6503912578125 0.6653080578125 0.6554680828125 0.6664378156249999 0.6612223296875 0.6654670312500001 0.6643201046875 0.6637421609375 0.667881678125 0.659976984375 0.66899944375 0.6556880453125 0.6677457890625 0.6538537546875001 0.6641771140625 0.6525313296874999 0.6596146921875 0.6529437390624999
1 0.64862661875 0.6140468718750001 0.6444080734375001 0.6124775671875 0.63242195625 0.612145125 0.589245396875 0.6156307375 0.5835113625 0.617099934375 0.5799717515625 0.6198914078125 0.5801451156249999 0.620985978125 0.584374096875 0.622547028125 0.596891328125 0.6200034796875 0.6175113984375 0.6184140234375 0.6323222109375 0.6177446625 0.6423614703125 0.61839205625 0.6452718296875 0.6179311000000001 0.6487989609375 0.6151350015625 0.64862661875 0.6140468718750001
1 0.6468625421875001 0.6154417 0.6492549015625 0.636849928125 0.6537053234375 0.652341853125 0.657922846875 0.65390471875 0.6598707234375001 0.6535962046875 0.6633988765625001 0.6508065453125 0.6589599140625 0.6353128046875 0.6565560968749999 0.6139063921875 0.652338571875 0.612343528125 0.650402153125 0.6126502265625 0.6468625421875001 0.6154417
0 0.6589113375 0.6094214578125 0.65369190625 0.609541915625 0.6441902546875 0.6119180515625 0.6410705921875001 0.6123923578125 0.6381691046875 0.613947534375 0.629961678125 0.61596688125 0.628236171875 0.6179760171875001 0.6290965296875 0.6203676125 0.6349171109375 0.621372971875 0.649558034375 0.6204467109375 0.6555912390625 0.6188641296874999 0.660793409375 0.616409946875 0.6615555328125 0.6151408109375 0.6614390546875 0.6119581796875 0.6589113375 0.6094214578125
2 0.638760721875 0.6144940484375 0.60658488125 0.618468171875 0.5212564000000001 0.6319828765625 0.5177292671875 0.6347789749999999 0.5179016109375 0.6358671046875 0.5221201546875001 0.637436409375 0.5318993703125 0.636441946875 0.6074486359375 0.62392170625 0.63962345625 0.6199411421875001 0.65496538125 0.6163957921875001 0.6585039734375 0.613597878125 0.65833163125 0.6125097484375 0.6541016265625 0.610942259375 0.638760721875 0.6144940484375
1 0.62539376875 0.5803036640625 0.6333477703125 0.5740145484375 0.639071365625 0.57255360625 0.6426099546875 0.56975569375 0.6424376125 0.5686675625000001 0.6382076109375 0.5671000734375 0.6353087093750001 0.5675592140625 0.62868741875 0.5697299515625 0.616144646875 0.5784156968749999 0.59955669375 0.586626709375 0.5915160125 0.5923685390625 0.58957959375 0.5926752375000001 0.5906402125 0.5930682671875 0.5890495 0.595557665625 0.5932670250000001 0.5971205312500001 0.5980271203124999 0.5958055921875001 0.6060678 0.5900637625 0.62539376875 0.5803036640625
2 0.6503670890625 0.568527084375 0.650194746875 0.567438953125 0.6459762015625 0.56586965 0.6293156515625 0.56739299375 0.6079806671875 0.5707721234375 0.600051190625 0.5709126015625 0.5505980234375001 0.5787452140625 0.51400779375 0.5862169781250001 0.5104796421875 0.5890066375 0.510651984375 0.59009476875 0.5148705296875 0.591664071875 0.5524346984374999 0.5840380515625 0.600913925 0.5763596953125 0.6088434015625 0.5762192171875 0.6301783875 0.5728400875 0.6410192421875001 0.57224509375 0.64683995625 0.5713231828125 0.6503670890625 0.568527084375
3 0.6138790890625 0.758628990625 0.617838609375 0.758562878125 0.6223511390625001 0.7556107078125 0.5921828515625001 0.5777425625 0.5931708234374999 0.5463079078125 0.5824937578125 0.4725921171875 0.5774641500000001 0.4471398765625 0.5662304812500001 0.4075822890625 0.5596957703125 0.3600202796875 0.5565274078125 0.35885225625 0.5525564296875001 0.358920184375 0.5480543375 0.3618641 0.5506190421875 0.3843604609375 0.5546757328125 0.4099733953125 0.5659198390625 0.4495227296875 0.578015271875 0.5196609890625 0.58154085 0.5481499140625 0.580552878125 0.57958456875 0.5941027125 0.6651348625 0.59819596875 0.6784459 0.61070970625 0.757454528125 0.6138790890625 0.758628990625
2 0.60542396875 0.3851778484375 0.612207165625 0.3841034953125 0.61574575625 0.3813055828125 0.6155734125000001 0.3802174515625 0.61134443125 0.37865640156249997 0.559522459375 0.384065725 0.54303425 0.3866772015625 0.5170258515625 0.39191855468750003 0.4960470109375 0.39747213124999997 0.493223334375 0.3984803734375 0.4896837234375 0.401271846875 0.4898570875 0.4023664171875 0.49408606875 0.4039274671875 0.49699642656250004 0.4034665125 0.511192071875 0.3989872875 0.5438980046874999 0.392130734375 0.5730757859375 0.3880638421875 0.60542396875 0.3851778484375