1 0.49186523437499996 0.515424028125 0.50609375 0.519711425 0.5101660156250001 0.517261484375 0.508134765625 0.5141990578125 0.5 0.5105182562499999 0.494921875 0.509905771875 0.490849609375 0.5123557125 0.49289062499999997 0.5148115437499999 0.49186523437499996 0.515424028125
1 0.484755859375 0.482326265625 0.48780273437500005 0.482326265625 0.49186523437499996 0.47987632500000005 0.49186523437499996 0.4786513546875 0.48780273437500005 0.47620141406250005 0.46849609374999995 0.4725206125 0.46443359375000004 0.47497055312500003 0.46646484375 0.47803886875 0.484755859375 0.482326265625
0 0.511572265625 0.5791283859374999 0.51005859375 0.577573615625 0.506884765625 0.576890459375 0.50361328125 0.575382803125 0.501318359375 0.5752473499999999 0.49947265625000004 0.575795053125 0.49761718750000006 0.575029446875 0.49576171875 0.57491755 0.49346679687500006 0.5756360421875 0.49093749999999997 0.5780506484375 0.49075195312500003 0.579381625 0.492080078125 0.5807126031250001 0.49800781250000004 0.5832096578125 0.5039453125 0.5836395765625 0.5103125000000001 0.581207303125 0.511572265625 0.5791283859374999
1 0.481708984375 0.585901059375 0.485771484375 0.5883510015625 0.490849609375 0.58712603125 0.5 0.5791578328125 0.5 0.5779328625 0.4959375 0.5754829203125 0.49390625000000005 0.5754829203125 0.48678710937499997 0.5791578328125 0.481708984375 0.5846760890625 0.481708984375 0.585901059375
1 0.512197265625 0.5846760890625 0.516259765625 0.5822261484375 0.5142285156249999 0.5791578328125 0.503046875 0.5767078921875 0.49898437500000004 0.5791578328125 0.501015625 0.5822261484375 0.512197265625 0.5846760890625
0 0.487060546875 0.4823910484375 0.489638671875 0.48369846875 0.49190429687500004 0.4836749109375 0.49481445312499994 0.48275029375 0.49765625 0.4832273265625 0.499580078125 0.4830447578125 0.50361328125 0.4803651359375 0.50330078125 0.47861012968749994 0.5013964843750001 0.47694346249999997 0.49970703125 0.4763486453125 0.4884765625 0.4763368671875 0.48490234374999996 0.477220259375 0.482158203125 0.4784570078125 0.482060546875 0.4804829203125 0.483544921875 0.4815253234375 0.487060546875 0.4823910484375
2 0.484755859375 0.4786513546875 0.484755859375 0.47987632500000005 0.488818359375 0.482326265625 0.505078125 0.482326265625 0.518291015625 0.4811012953125 0.522353515625 0.4786513546875 0.522353515625 0.477426384375 0.518291015625 0.47497055312500003 0.513212890625 0.47497055312500003 0.5040625000000001 0.47620141406250005 0.488818359375 0.47620141406250005 0.484755859375 0.4786513546875
1 0.478662109375 0.45107185000000005 0.483740234375 0.4522968203125 0.48780273437500005 0.44984687812499996 0.48780273437500005 0.4486219078125 0.484755859375 0.4449411078125 0.477646484375 0.442491165625 0.47357421874999994 0.4449411078125 0.47357421874999994 0.446166078125 0.478662109375 0.45107185000000005
1 0.45731445312499996 0.444328621875 0.46341796874999996 0.446166078125 0.47560546875 0.44677856250000003 0.47967773437499994 0.444328621875 0.47967773437499994 0.44310365156250003 0.47560546875 0.4406537109375 0.459345703125 0.43881625468749996 0.45528320312500004 0.4412661953125 0.45528320312500004 0.442491165625 0.45731445312499996 0.444328621875
0 0.48318359375000003 0.4484746765625 0.485966796875 0.4442226140625 0.484951171875 0.4428091875 0.48154296875 0.4414723203125 0.47457031250000004 0.44100117812499995 0.47249023437500004 0.4415547703125 0.46944335937500004 0.443480565625 0.468369140625 0.44510011718750003 0.46970703125 0.4475441703125 0.47123046874999996 0.44860424062500004 0.48003906250000006 0.449575971875 0.48318359375000003 0.4484746765625
2 0.47255859375 0.4473910484375 0.476630859375 0.44800942343749994 0.49796874999999996 0.44984687812499996 0.52439453125 0.44984687812499996 0.52845703125 0.4473910484375 0.52845703125 0.446166078125 0.52439453125 0.4437161359375 0.49898437500000004 0.4437161359375 0.47255859375 0.4412661953125 0.46849609374999995 0.4437161359375 0.46849609374999995 0.4449411078125 0.47255859375 0.4473910484375
1 0.46951171875000003 0.4075559484375 0.47357421874999994 0.410011778125 0.476630859375 0.410011778125 0.490849609375 0.4069434625 0.494921875 0.404493521875 0.494921875 0.4032685515625 0.490849609375 0.400818609375 0.48780273437500005 0.400818609375 0.47357421874999994 0.40388103593749997 0.46951171875000003 0.406330978125 0.46951171875000003 0.4075559484375
0 0.466884765625 0.40926383906249997 0.47160156249999996 0.41220259062500003 0.473515625 0.412408715625 0.47736328125 0.4119022375 0.4815625 0.40899882187500003 0.48147460937500003 0.40673733749999996 0.47725585937500004 0.4040753828125 0.4749609375 0.40405771562500004 0.471435546875 0.4050647828125 0.469169921875 0.40516490000000005 0.467412109375 0.40597762031249995 0.466376953125 0.40797408749999997 0.466884765625 0.40926383906249997
1 0.47458984375 0.305818609375 0.478662109375 0.308274440625 0.49186523437499996 0.305818609375 0.4959375 0.30398115468750003 0.494921875 0.30336866875 0.496953125 0.300918728125 0.49289062499999997 0.2984687875 0.490849609375 0.2984687875 0.478662109375 0.3021436984375 0.47458984375 0.30459363906250003 0.47458984375 0.305818609375
2 0.46951171875000003 0.3438162546875 0.47357421874999994 0.346272084375 0.518291015625 0.346272084375 0.522353515625 0.34565959999999996 0.5264257812500001 0.34320376874999997 0.5264257812500001 0.3419787984375 0.522353515625 0.33952885781250003 0.518291015625 0.33952885781250003 0.47357421874999994 0.34014134218750003 0.46951171875000003 0.34259128437499997 0.46951171875000003 0.3438162546875
2 0.47154296875 0.4106242640625 0.48272460937500006 0.4124617203125 0.53251953125 0.41307420468749995 0.53658203125 0.4106242640625 0.53658203125 0.40939340468749996 0.53251953125 0.4069434625 0.483740234375 0.406330978125 0.47154296875 0.404493521875 0.46748046875 0.4069434625 0.46748046875 0.40816843281250004 0.47154296875 0.4106242640625
1 0.47357421874999994 0.373851590625 0.47154296875 0.37630153125 0.47560546875 0.37875147187499997 0.480693359375 0.37813898749999997 0.481708984375 0.3769140171875 0.483740234375 0.3769140171875 0.49186523437499996 0.3732391046875 0.490849609375 0.3726266203125 0.49289062499999997 0.3701707890625 0.488818359375 0.36772084843749997 0.48678710937499997 0.36772084843749997 0.47458984375 0.3732391046875 0.47255859375 0.3732391046875 0.47357421874999994 0.373851590625
1 0.45528320312500004 0.37813898749999997 0.456298828125 0.37875147187499997 0.45426757812499996 0.3812014140625 0.45833007812500004 0.38365724375 0.460361328125 0.38365724375 0.47052734375 0.3799764421875 0.476630859375 0.3793639578125 0.480693359375 0.3769140171875 0.480693359375 0.3756890453125 0.476630859375 0.3732391046875 0.47357421874999994 0.3732391046875 0.459345703125 0.37630153125 0.45731445312499996 0.37813898749999997 0.45528320312500004 0.37813898749999997
0 0.47759765625000006 0.3803769140625 0.481572265625 0.3786513546875 0.48296875000000006 0.3766548875 0.48290039062499995 0.37551825625 0.479248046875 0.3731389875 0.477138671875 0.372714959375 0.475322265625 0.372944640625 0.4723046875 0.374929328125 0.47091796874999997 0.37601295625 0.47076171875000006 0.3773733796875 0.47430664062499994 0.3801177859375 0.47759765625000006 0.3803769140625
2 0.47255859375 0.37813898749999997 0.478662109375 0.3799764421875 0.522353515625 0.3812014140625 0.5264257812500001 0.37875147187499997 0.5264257812500001 0.3775265015625 0.522353515625 0.3750765609375 0.48780273437500005 0.374464075 0.47458984375 0.3726266203125 0.47052734375 0.3750765609375 0.47052734375 0.37630153125 0.47255859375 0.37813898749999997
1 0.47052734375 0.3419787984375 0.47052734375 0.34320376874999997 0.47458984375 0.34565959999999996 0.494921875 0.34320376874999997 0.501015625 0.34014134218750003 0.501015625 0.338916371875 0.496953125 0.33646643125 0.49390625000000005 0.33646643125 0.483740234375 0.338916371875 0.47458984375 0.33952885781250003 0.47052734375 0.3419787984375
1 0.47052734375 0.3450471140625 0.47357421874999994 0.3450471140625 0.477646484375 0.34259128437499997 0.477646484375 0.3413663140625 0.47357421874999994 0.338916371875 0.452236328125 0.334628975 0.448173828125 0.337078915625 0.45020507812500005 0.34014134218750003 0.47052734375 0.3450471140625
0 0.47177734375 0.3466961125 0.474501953125 0.34811542968750003 0.47779296875000005 0.3480447578125 0.484521484375 0.345465253125 0.48568359375 0.344575971875 0.48563476562499996 0.3425853953125 0.48275390625 0.34111307343749997 0.47894531249999994 0.3406890453125 0.47676757812500004 0.339599528125 0.47318359374999996 0.339246171875 0.46980468750000004 0.34001766718750004 0.46765625 0.3412838640625 0.467626953125 0.34308009375 0.470927734375 0.344929328125 0.47177734375 0.3466961125
1 0.45731445312499996 0.3076619546875 0.478662109375 0.308274440625 0.48272460937500006 0.305818609375 0.48272460937500006 0.30459363906250003 0.478662109375 0.3021436984375 0.45731445312499996 0.3015312125 0.453251953125 0.30398115468750003 0.453251953125 0.305206125 0.45731445312499996 0.3076619546875
0 0.473388671875 0.3093639578125 0.47676757812500004 0.3108421671875 0.48358398437499994 0.310836278125 0.48897460937500004 0.31000588906250004 0.490859375 0.3088810359375 0.49120117187499995 0.30752061249999996 0.49021484375 0.30627797343749996 0.48039062499999996 0.302408715625 0.4783984375 0.3022143703125 0.47224609375000004 0.30316254374999996 0.4705078125 0.30435806875 0.47041015625 0.305959953125 0.472724609375 0.3075618375 0.473388671875 0.3093639578125
2 0.47560546875 0.3088869265625 0.5040625000000001 0.3125618375 0.507109375 0.3125618375 0.511181640625 0.31011189687499996 0.511181640625 0.3088869265625 0.507109375 0.306436984375 0.47560546875 0.302756184375 0.47154296875 0.305206125 0.47154296875 0.306436984375 0.47560546875 0.3088869265625
3 0.476630859375 0.29601295625 0.477646484375 0.31869257968750003 0.481708984375 0.3327856296875 0.48272460937500006 0.3585276796875 0.485771484375 0.3726266203125 0.483740234375 0.39346289687499997 0.48678710937499997 0.40878091875000006 0.48272460937500006 0.42471731406249996 0.49390625000000005 0.45965253281249996 0.48780273437500005 0.47803886875 0.48678710937499997 0.49642520625 0.49796874999999996 0.5270671375 0.50203125 0.5558716140625 0.501015625 0.5797762078125 0.494921875 0.6067373375 0.49796874999999996 0.6085806828125 0.50203125 0.60919316875 0.507109375 0.6067373375 0.512197265625 0.58712603125 0.5142285156249999 0.555259128125 0.5101660156250001 0.5270671375 0.49898437500000004 0.49581272031249995 0.5 0.4786513546875 0.50609375 0.46271495937499996 0.50609375 0.45904004687500005 0.494921875 0.4241048296875 0.49898437500000004 0.40939340468749996 0.4959375 0.39346289687499997 0.49796874999999996 0.3726266203125 0.494921875 0.3585276796875 0.49390625000000005 0.3327856296875 0.489833984375 0.31869257968750003 0.488818359375 0.29540047187499996 0.48272460937500006 0.275176678125 0.47967773437499994 0.27333922187500004 0.47560546875 0.2727267375 0.47052734375 0.275176678125 0.47052734375 0.27824499375 0.476630859375 0.29601295625
1 0.484755859375 0.47620141406250005 0.483740234375 0.47926383906250003 0.48780273437500005 0.48171378125000003 0.49186523437499996 0.48048881093749995 0.49289062499999997 0.4811012953125 0.49289062499999997 0.47987632500000005 0.5 0.4768138984375 0.501015625 0.47497055312500003 0.50609375 0.4725206125 0.507109375 0.4694581859375 0.503046875 0.46700824531249996 0.501015625 0.46700824531249996 0.49796874999999996 0.4676207296875 0.496953125 0.4694581859375 0.484755859375 0.47620141406250005
1 0.46544921875 0.51787396875 0.46748046875 0.51787396875 0.47967773437499994 0.5141990578125 0.485771484375 0.5141990578125 0.489833984375 0.5117432265625 0.489833984375 0.5105182562499999 0.485771484375 0.508068315625 0.478662109375 0.508068315625 0.46341796874999996 0.5123557125 0.46138671875000004 0.515424028125 0.46544921875 0.51787396875
0 0.48879882812500003 0.5167844515625 0.49261718749999994 0.5159128390625 0.49787109375 0.5162190812499999 0.5020703125 0.515371025 0.50380859375 0.5141755 0.503896484375 0.512591284375 0.502294921875 0.511330978125 0.49528320312499996 0.510700825 0.48856445312499996 0.5075736156249999 0.485947265625 0.5076207296875 0.48130859375 0.5093462890625 0.4793359375 0.51064193125 0.47941406249999996 0.512408715625 0.486943359375 0.516725559375 0.48879882812500003 0.5167844515625
2 0.48272460937500006 0.5148115437499999 0.4959375 0.515424028125 0.50203125 0.5166489984375 0.53251953125 0.5160365140625001 0.53658203125 0.513586571875 0.53658203125 0.5123557125 0.53251953125 0.509905771875 0.503046875 0.5105182562499999 0.496953125 0.5092932859375 0.48272460937500006 0.5086808015625001 0.478662109375 0.5111307421875 0.478662109375 0.5123557125 0.48272460937500006 0.5148115437499999
1 0.478662109375 0.5509658421875 0.477646484375 0.5540341578125 0.481708984375 0.5564840984375 0.485771484375 0.555259128125 0.48678710937499997 0.5558716140625 0.48678710937499997 0.5546466437500001 0.49796874999999996 0.545453475 0.49796874999999996 0.5442285046875 0.49390625000000005 0.5417726734375 0.49186523437499996 0.5417726734375 0.485771484375 0.5448409890625 0.480693359375 0.55035335625 0.478662109375 0.5509658421875
2 0.4959375 0.5822261484375 0.53556640625 0.5822261484375 0.5396386718749999 0.5797762078125 0.5396386718749999 0.578545346875 0.53556640625 0.57609540625 0.4959375 0.57609540625 0.49186523437499996 0.578545346875 0.49186523437499996 0.5797762078125 0.4959375 0.5822261484375
1 0.48678710937499997 0.54729093125 0.49390625000000005 0.547903415625 0.49796874999999996 0.545453475 0.49796874999999996 0.5442285046875 0.49390625000000005 0.5417726734375 0.48678710937499997 0.5411601890625 0.48272460937500006 0.54361601875 0.48272460937500006 0.5448409890625 0.48678710937499997 0.54729093125
2 0.49390625000000005 0.5485159015625001 0.53048828125 0.549740871875 0.53455078125 0.54729093125 0.53455078125 0.546065959375 0.53048828125 0.54361601875 0.49390625000000005 0.5423910484375 0.489833984375 0.5448409890625 0.489833984375 0.546065959375 0.49390625000000005 0.5485159015625001
0 0.49916015625 0.5496113078125 0.503447265625 0.549181390625 0.505615234375 0.5480329796875 0.506630859375 0.5447879859375 0.504501953125 0.542944640625 0.499775390625 0.542903415625 0.49763671875000004 0.5413191984375 0.495478515625 0.5408539453125 0.49326171875 0.5412014140625 0.48949218749999995 0.5429387515624999 0.48802734374999995 0.544216725 0.48802734374999995 0.5455830390624999 0.49268554687500005 0.5483274437500001 0.49916015625 0.5496113078125