1 0.5832962140625 0.40888211406249997 0.565868596875 0.41100270937500005 0.5240534515624999 0.41205962031250004 0.520567928125 0.4141802171875 0.520567928125 0.41523712812499997 0.5240534515624999 0.4173577234375 0.573708240625 0.4157723578125 0.5859020046875 0.4141802171875 0.589387528125 0.41205962031250004 0.589387528125 0.41100270937500005 0.5859020046875 0.40888211406249997 0.5832962140625 0.40888211406249997
0 0.6001893093749999 0.459695121875 0.6002783968750001 0.45838075937499995 0.5990534515625 0.4569986453125 0.5972049 0.45632791250000004 0.5939309578125 0.4562127375 0.5924944328125 0.45345528437500005 0.5871269484375 0.451551490625 0.578641425 0.45212059687500006 0.5747661468749999 0.4538414640625 0.5733964359375 0.455271003125 0.5703786187500001 0.4573983734375 0.5695768375 0.459688346875 0.5703563468749999 0.46192411875 0.5722383078125 0.4636111109375 0.574599109375 0.4645460703125 0.5778841875 0.464620596875 0.5820489984375 0.463489159375 0.58537861875 0.463428184375 0.587461025 0.46260162656250003 0.5963919828125 0.46196477031249994 0.5983964359375 0.46125338749999995 0.6001893093749999 0.459695121875
0 0.58495545625 0.6282655828125 0.580913140625 0.6297831984375 0.57948775 0.6314092140625001 0.5772049 0.63310975625 0.5770267265625 0.6357046078125 0.57962138125 0.6382723578125 0.583541203125 0.6395054203125 0.5903674828125001 0.639979675 0.596336303125 0.637547425 0.5983630296875 0.6357926828125 0.5984966593750001 0.6342208671875 0.5962583515625 0.632479675 0.5958240531250001 0.6300813015625 0.5909242765625 0.627859078125 0.58495545625 0.6282655828125
1 0.6155233859375 0.5996815718749999 0.61030066875 0.595968834375 0.5998440984375 0.5911991875 0.590256125 0.589078590625 0.5867817375 0.5911991875 0.58851893125 0.5938482390625001 0.59462138125 0.5954403796875 0.596358575 0.5970325203125 0.6015812921875 0.5986178859375 0.6094209359375 0.603387534375 0.6120378625 0.606571815625 0.6163919828125 0.6076287265625 0.61987750625 0.6055081296875 0.61987750625 0.60445121875 0.6155233859375 0.5996815718749999
1 0.5771937640625 0.5869579953125 0.5693541203125 0.5827168015625 0.558028953125 0.579010840625 0.5379955453124999 0.5747696484375 0.534510021875 0.5768902437500001 0.534510021875 0.5779471546875 0.5379955453124999 0.58006775 0.5545434296875 0.5837804875 0.56673719375 0.5880216796875 0.573708240625 0.5917276421875 0.581547884375 0.592791328125 0.5850334078125 0.59067073125 0.5850334078125 0.5896070453125 0.581547884375 0.58748645 0.5771937640625 0.5869579953125
0 0.5856681515625 0.58556910625 0.5798663703125 0.586598915625 0.5765590203125 0.587493225 0.5749331843750001 0.5896883468749999 0.57563474375 0.59185636875 0.5787082406249999 0.59495935 0.581291759375 0.595982384375 0.5886971046875 0.5970867203125 0.5959799546875 0.5958265578125 0.598028953125 0.5949458 0.599677059375 0.5905013546875 0.598073496875 0.588380759375 0.5905902000000001 0.5874119234374999 0.5856681515625 0.58556910625
1 0.5998440984375 0.557811653125 0.595489978125 0.5519783203124999 0.5911358578125 0.550921409375 0.5876503343749999 0.5530420046875 0.5876503343749999 0.554627371875 0.5920044546875001 0.5604607046875001 0.59462138125 0.5689363140625 0.596358575 0.5763617890625 0.596358575 0.5911991875 0.5998440984375 0.5933197828125001 0.6015812921875 0.5933197828125001 0.6050668156250001 0.5911991875 0.6050668156250001 0.5758265578125 0.5998440984375 0.557811653125
1 0.5911358578125 0.5461517609375 0.5876503343749999 0.5450880765624999 0.5850334078125 0.5413821140625 0.5780623609375 0.5360772359375 0.5684855234375 0.5238888890625 0.564131403125 0.5228319781249999 0.5606458796875 0.524952575 0.5606458796875 0.5260094843750001 0.5693541203125 0.5376693765625 0.5780623609375 0.5445596203124999 0.5806792875 0.5488008125 0.58241648125 0.5488008125 0.5841648109375 0.5503929546874999 0.58851893125 0.550921409375 0.5920044546875001 0.5488008125 0.590256125 0.5466802171875 0.5911358578125 0.5461517609375
0 0.6009465484375001 0.5457859078125 0.5951559015625 0.5439837390625 0.5870489984375 0.5436924125 0.58216035625 0.5467750671875 0.5811135859375 0.549742546875 0.5801002234375 0.552147696875 0.5804120265625 0.55432926875 0.5848886421875 0.5570596203125 0.59232739375 0.5589701890625001 0.59664810625 0.5588617890625 0.598830734375 0.5579336046875001 0.6006347437499999 0.5554403796875 0.6000779515625 0.55245935 0.59889755 0.5509823843749999 0.6017706015625001 0.549634146875 0.6027171499999999 0.54814363125 0.6009465484375001 0.5457859078125
1 0.6015812921875 0.5328997296875 0.6007126953124999 0.5154065046875 0.5937416484375 0.50693089375 0.589387528125 0.5058672093750001 0.5859020046875 0.5079878046874999 0.5859020046875 0.509051490625 0.5920044546875001 0.5164701890625001 0.5928730515625 0.5318428187500001 0.5850334078125 0.543502709375 0.5850334078125 0.5450880765624999 0.58851893125 0.547208671875 0.590256125 0.547208671875 0.5937416484375 0.5450880765624999 0.596358575 0.5392615171874999 0.6015812921875 0.5328997296875
1 0.5920044546875001 0.47565718125 0.590256125 0.47565718125 0.5867817375 0.477777778125 0.5841648109375 0.48573170781249997 0.5841648109375 0.49897696406250003 0.58241648125 0.5026897015625 0.5859020046875 0.5048102984375 0.5876503343749999 0.5048102984375 0.5911358578125 0.5026897015625 0.5928730515625 0.4995121953125 0.5928730515625 0.4862601625 0.595489978125 0.477777778125 0.5920044546875001 0.47565718125
0 0.596503340625 0.5054607046874999 0.593875278125 0.504762871875 0.5940979953125 0.5011856375 0.5918485515625 0.49916666718749997 0.587817371875 0.4985569109375 0.5795991093749999 0.49913279062499993 0.57732739375 0.4998848234375 0.5759799546875 0.5011991874999999 0.5751781734375 0.5027439031250001 0.575746103125 0.5052032515625 0.5781403125 0.5067479671874999 0.5796881953125 0.5092073171875 0.5833964359375 0.5113956640625 0.5866146999999999 0.51251355 0.591080178125 0.5131368562499999 0.5953118046875 0.5126084015625 0.597349665625 0.5117208671875 0.5985523390624999 0.50944444375 0.5984187078125001 0.507208671875 0.596503340625 0.5054607046874999
2 0.5928730515625 0.5530420046875 0.596358575 0.550921409375 0.59462138125 0.5482723578125 0.5780623609375 0.5445596203124999 0.55105790625 0.5429674796875 0.520567928125 0.5429674796875 0.49094654843749996 0.544031165625 0.47004454375 0.543502709375 0.4665590203125 0.54561653125 0.4665590203125 0.5466802171875 0.47004454375 0.5488008125 0.47788418750000006 0.54932926875 0.521436525 0.5482723578125 0.5623830734374999 0.5488008125 0.5771937640625 0.5498577234375001 0.590256125 0.5530420046875 0.5928730515625 0.5530420046875
2 0.5928730515625 0.5949119234375 0.596358575 0.592791328125 0.596358575 0.5917276421875 0.5928730515625 0.5896070453125 0.581547884375 0.5869579953125 0.544086859375 0.5848373984374999 0.5179621375 0.5848373984374999 0.5083741640625 0.585901084375 0.470913140625 0.5864295390625001 0.46742761718750003 0.5885501359374999 0.46742761718750003 0.5896070453125 0.470913140625 0.5917276421875 0.5083741640625 0.5911991875 0.5179621375 0.5901422765625 0.55889755 0.59067073125 0.5763251671875 0.5917276421875 0.590256125 0.5949119234375 0.5928730515625 0.5949119234375
2 0.5911358578125 0.6314769640625 0.579810690625 0.630948509375 0.5170824046875 0.630948509375 0.47614699375 0.6298915984375 0.4665590203125 0.6304200546875001 0.463073496875 0.6325406499999999 0.463073496875 0.6335975609375 0.4665590203125 0.6357181578125 0.49443207187500005 0.6351897015625 0.5162138078125 0.6362466125 0.5806792875 0.6367818421875 0.5911358578125 0.6367818421875 0.59462138125 0.634661246875 0.59462138125 0.6335975609375 0.5911358578125 0.6314769640625
1 0.54148106875 0.718401084375 0.5379955453124999 0.7205216796875 0.5397327390625 0.72317073125 0.5536748328125001 0.7274119234375 0.571971046875 0.7364159890625 0.579810690625 0.7380081296875 0.5832962140625 0.735887534375 0.581547884375 0.7332384828125 0.5745768375 0.7311178859374999 0.57283964375 0.7295257453125 0.55889755 0.72317073125 0.54148106875 0.718401084375
0 0.5981625828125 0.7307113828125 0.5919933187499999 0.730060975 0.5857238312499999 0.7302303515624999 0.5830623609375001 0.7312737125 0.579086859375 0.730955284375 0.5770267265625 0.7313279125000001 0.5744988859375 0.73310975625 0.5736971046875 0.73562330625 0.5758129171874999 0.7386720875 0.5777951 0.7398170734375 0.5788084625 0.7414769640625 0.5858351890625 0.7452303515625001 0.589599109375 0.7455352296875 0.59453229375 0.744979675 0.597093540625 0.742859078125 0.5978507796875 0.74059620625 0.5972939859374999 0.7392411921875001 0.5993207125 0.738373984375 0.6015478843750001 0.7362804875 0.6018930953125 0.734037940625 0.6005790640625001 0.73186991875 0.5981625828125 0.7307113828125
2 0.5911358578125 0.7332384828125 0.5841648109375 0.7316463421875 0.5397327390625 0.732181571875 0.5101113578125 0.7311178859374999 0.4822383078125 0.728997290625 0.46917594687499997 0.72687669375 0.4656904234375 0.728997290625 0.4656904234375 0.730060975 0.46917594687499997 0.732181571875 0.486592428125 0.7348306234375 0.5388641421875 0.737479675 0.58241648125 0.73695121875 0.58851893125 0.7385365859374999 0.5911358578125 0.7385365859374999 0.59462138125 0.7364159890625 0.59462138125 0.735359078125 0.5911358578125 0.7332384828125
1 0.5859020046875 0.6813008125 0.58241648125 0.6791802171875 0.5780623609375 0.6786517609375 0.55716035625 0.6775880765625 0.551926503125 0.6765311656249999 0.5371269484375001 0.6765311656249999 0.5301559015625 0.6770596203125 0.5266703781250001 0.6791802171875 0.5266703781250001 0.680237128125 0.5301559015625 0.6823577234375 0.55105790625 0.6818292687499999 0.556291759375 0.682886178125 0.571971046875 0.683421409375 0.5789309578124999 0.6844783203125 0.58241648125 0.6844783203125 0.5859020046875 0.6823577234375 0.5859020046875 0.6813008125
1 0.5867817375 0.680237128125 0.5832962140625 0.6823577234375 0.581547884375 0.690311653125 0.5702227171875001 0.7088617890625 0.5702227171875001 0.7104471546875 0.573708240625 0.71256775 0.5754565703125001 0.71256775 0.5789309578124999 0.7104471546875 0.590256125 0.6908401078125 0.5920044546875001 0.6823577234375 0.58851893125 0.680237128125 0.5867817375 0.680237128125
0 0.57512249375 0.6798577234375001 0.5751002234375 0.6817411921875001 0.5770489984375 0.6848712734375 0.5808129171874999 0.6875406500000001 0.5829175953125 0.6880216796874999 0.5897327390625 0.687838753125 0.5934632515625 0.687140921875 0.595334075 0.685995934375 0.597772828125 0.68195121875 0.5977616921875 0.6793157187500001 0.5940200453125 0.6755216796875 0.5859242765625 0.67439024375 0.577694878125 0.6773712734374999 0.57512249375 0.6798577234375001
2 0.5144766140625 0.6791802171875 0.4717817375 0.6775880765625 0.46830735 0.6797086718750001 0.46830735 0.6807723578125 0.4717817375 0.682886178125 0.4970489984375 0.6839498640625 0.5763251671875 0.6839498640625 0.590256125 0.683421409375 0.5937416484375 0.6813008125 0.5937416484375 0.680237128125 0.590256125 0.6781165312499999 0.5554120265625 0.6791802171875 0.5144766140625 0.6791802171875
1 0.5928730515625 0.746490515625 0.5928730515625 0.7396002703125 0.589387528125 0.737479675 0.5876503343749999 0.737479675 0.5841648109375 0.7396002703125 0.5841648109375 0.745962059375 0.5763251671875 0.7555013546875 0.5702227171875001 0.7660975609375 0.56673719375 0.77563685625 0.56673719375 0.777228996875 0.5702227171875001 0.77934959375 0.571971046875 0.77934959375 0.5754565703125001 0.777228996875 0.58241648125 0.760271003125 0.5928730515625 0.746490515625
1 0.5615144765625 0.4226626015625 0.558028953125 0.4247831984375 0.558028953125 0.4258401078125 0.5693541203125 0.4375 0.5780623609375 0.4544579953125 0.58241648125 0.4576422765625 0.5841648109375 0.4576422765625 0.5876503343749999 0.4555216796875 0.5876503343749999 0.4539295390625 0.5780623609375 0.4369715453125 0.565868596875 0.42371951250000006 0.5615144765625 0.4226626015625
1 0.581547884375 0.4571070453125 0.5850334078125 0.4592276421875 0.6399109125 0.460291328125 0.6433964359375001 0.45817073124999996 0.6433964359375001 0.4571070453125 0.6399109125 0.45499322500000006 0.6355567921875 0.4544579953125 0.5850334078125 0.4539295390625 0.581547884375 0.45605013593750005 0.581547884375 0.4571070453125
3 0.533641425 0.6733468828125 0.5327616921875 0.7030284546875001 0.534510021875 0.7072696484375001 0.534510021875 0.7136314359375 0.5318930953125001 0.7274119234375 0.5327616921875 0.7539092140625 0.53537861875 0.7555013546875 0.5388641421875 0.7560298109375 0.5432182625 0.7539092140625 0.542349665625 0.7279403796875 0.5449665921875 0.7136314359375 0.5449665921875 0.7072696484375001 0.5432182625 0.7030284546875001 0.5432182625 0.65056233125 0.54148106875 0.6463211375 0.54148106875 0.6261788625 0.5388641421875 0.60815718125 0.5397327390625 0.5938482390625001 0.5449665921875 0.5662872625 0.5449665921875 0.5005691062500001 0.5406013359374999 0.44491869843750004 0.542349665625 0.3664837390625 0.5397327390625 0.36489159843749996 0.536247215625 0.36436314375 0.5318930953125001 0.3664837390625 0.5301559015625 0.4205420046875 0.5301559015625 0.44491869843750004 0.534510021875 0.5010975609375 0.534510021875 0.5662872625 0.5292761687499999 0.5938482390625001 0.528407571875 0.60815718125 0.5310244984375 0.6261788625 0.5310244984375 0.6468495937500001 0.5327616921875 0.6510907859375 0.533641425 0.6733468828125
2 0.5536748328125001 0.409939025 0.5301559015625 0.4083468828125 0.46482182656250004 0.40676151718750003 0.46133630312499996 0.40888211406249997 0.46133630312499996 0.409939025 0.46482182656250004 0.41205962031250004 0.4743986640625 0.4125880765625 0.5144766140625 0.41312330625 0.5528062359375 0.41523712812499997 0.5937416484375 0.41523712812499997 0.597227171875 0.41312330625 0.597227171875 0.41205962031250004 0.5937416484375 0.409939025 0.5536748328125001 0.409939025
0 0.59889755 0.4085365859375 0.5901447656250001 0.405941734375 0.5847995546875 0.40695121875 0.5825278390624999 0.408373984375 0.578964365625 0.409613821875 0.5779844093750001 0.41182249375 0.5804899781249999 0.41513550156249995 0.5849888640625001 0.4176829265625 0.588830734375 0.419126015625 0.5919821828125 0.41941734375 0.5987861921875 0.4185501359375 0.6009020046875 0.4176693765625 0.6018708234375 0.4154878046875 0.600233853125 0.41343495937499997 0.6006792875 0.4104065046875 0.59889755 0.4085365859375
1 0.5650000000000001 0.3887398375 0.5623830734374999 0.3850271 0.558028953125 0.38397018906249997 0.5545434296875 0.3860907859375 0.558028953125 0.39191734375 0.5684855234375 0.3988075875 0.5710913140625 0.39934281875 0.579810690625 0.404640921875 0.5850334078125 0.41205962031250004 0.589387528125 0.41312330625 0.5928730515625 0.41100270937500005 0.5928730515625 0.409939025 0.5859020046875 0.400928184375 0.5650000000000001 0.3887398375
1 0.5876503343749999 0.6261788625 0.5780623609375 0.6230013546875 0.573708240625 0.620352303125 0.55716035625 0.617168021875 0.5536748328125001 0.6192886171875001 0.5536748328125001 0.620352303125 0.55716035625 0.622466125 0.5684855234375 0.6245867203125 0.573708240625 0.627771003125 0.581547884375 0.6298915984375 0.5841648109375 0.63306910625 0.5867817375 0.6341260156249999 0.58851893125 0.6341260156249999 0.5920044546875001 0.6320121953125 0.5876503343749999 0.6261788625
1 0.534510021875 0.6325406499999999 0.5310244984375 0.634661246875 0.5310244984375 0.6357181578125 0.534510021875 0.6378387531249999 0.5771937640625 0.6373102984375 0.5841648109375 0.6367818421875 0.5876503343749999 0.634661246875 0.5876503343749999 0.6335975609375 0.5841648109375 0.6314769640625 0.5780623609375 0.6314769640625 0.534510021875 0.6325406499999999
2 0.47266147031249994 0.4544579953125 0.47266147031249994 0.4555216796875 0.47614699375 0.4576422765625 0.534510021875 0.4586991875 0.56673719375 0.460291328125 0.5876503343749999 0.460291328125 0.5911358578125 0.45817073124999996 0.5911358578125 0.4571070453125 0.5876503343749999 0.45499322500000006 0.47614699375 0.4523373984375 0.47266147031249994 0.4544579953125
2 0.58851893125 0.501632790625 0.579810690625 0.5005691062500001 0.521436525 0.4973915984375 0.49007795156249995 0.4973915984375 0.47266147031249994 0.49632791249999997 0.46917594687499997 0.498448509375 0.46917594687499997 0.4995121953125 0.47266147031249994 0.501632790625 0.478752784375 0.502161246875 0.521436525 0.5026897015625 0.5789309578124999 0.5058672093750001 0.5850334078125 0.50693089375 0.58851893125 0.50693089375 0.5920044546875001 0.5048102984375 0.5920044546875001 0.5037466125 0.58851893125 0.501632790625