0 0.53564453125 0.3648058609375 0.5463183593750001 0.3670036625 0.550986328125 0.366 0.5530078125 0.3633626375 0.5528906250000001 0.360791209375 0.550732421875 0.3575531140625 0.545615234375 0.3549010984375 0.5433203125 0.35495970625 0.5405859375000001 0.3562417578125 0.538330078125 0.35539926718750003 0.534462890625 0.35575824218749996 0.531533203125 0.3551721609375 0.52646484375 0.357296703125 0.532451171875 0.359641025 0.525009765625 0.360542125 0.526640625 0.36316483593750004 0.5313378906249999 0.3651501828125 0.53564453125 0.3648058609375
1 0.536103515625 0.5524835171875 0.5379101562499999 0.5524835171875 0.5586621093749999 0.5457142859374999 0.5613671874999999 0.544358975 0.5631738281249999 0.540974359375 0.5595703125 0.5382637359375 0.557763671875 0.5382637359375 0.534296875 0.546388278125 0.532490234375 0.5497728937499999 0.536103515625 0.5524835171875
1 0.5722070312499999 0.526754578125 0.56408203125 0.5341978015625 0.56408203125 0.5355531140625 0.56046875 0.5382637359375 0.5586621093749999 0.5382637359375 0.5595703125 0.5389377296875 0.557763671875 0.5416483515625 0.5613671874999999 0.544358975 0.56859375 0.54232234375 0.5776171875 0.5314945062499999 0.579423828125 0.5308131875 0.580322265625 0.527428571875 0.5767187500000001 0.524725275 0.574912109375 0.524725275 0.57310546875 0.526073259375 0.5722070312499999 0.5253992671875001 0.5722070312499999 0.526754578125
0 0.5459375 0.5755604390625 0.54904296875 0.5757802203125 0.551279296875 0.5750256406250001 0.5536425781250001 0.5750549453125 0.557451171875 0.5768131875 0.5598828124999999 0.576747253125 0.561630859375 0.575926740625 0.56517578125 0.5764615390625 0.569794921875 0.5749010984375 0.571171875 0.5735384609375 0.5719531250000001 0.57059340625 0.569609375 0.568520146875 0.565400390625 0.568608059375 0.55857421875 0.566153846875 0.5484375 0.566476190625 0.5449609375 0.566930403125 0.5416601562500001 0.57058608125 0.542275390625 0.5736410249999999 0.5459375 0.5755604390625
2 0.473828125 0.47191208749999997 0.49368164062500003 0.47394139218750003 0.541513671875 0.4732674 0.549638671875 0.475296703125 0.56046875 0.47258608124999996 0.565888671875 0.469201465625 0.565888671875 0.467846153125 0.562275390625 0.46514285781250003 0.550537109375 0.467846153125 0.5424218749999999 0.46649816875 0.49368164062500003 0.4671721609375 0.473828125 0.46514285781250003 0.47021484375 0.467846153125 0.47021484375 0.469201465625 0.473828125 0.47191208749999997
2 0.48646484375 0.6086739921875 0.5008984375 0.6100293046874999 0.524365234375 0.6086739921875 0.5694921875000001 0.6086739921875 0.57310546875 0.6059706953124999 0.57310546875 0.604615384375 0.5694921875000001 0.6019047625 0.523466796875 0.6019047625 0.5081249999999999 0.6032600734375 0.48646484375 0.6019047625 0.48285156249999994 0.604615384375 0.48285156249999994 0.6059706953124999 0.48646484375 0.6086739921875
2 0.46931640625000004 0.437384615625 0.46931640625000004 0.4387326 0.472919921875 0.4414432234375 0.47833984375 0.4414432234375 0.507216796875 0.4387326 0.55505859375 0.437384615625 0.5586621093749999 0.43467399218749997 0.5586621093749999 0.43331868125 0.55505859375 0.430608059375 0.5433203125 0.430608059375 0.507216796875 0.4319633703125 0.472919921875 0.43467399218749997 0.46931640625000004 0.437384615625
2 0.46208984375 0.36290109843749996 0.527978515625 0.36290109843749996 0.54783203125 0.3642564109375 0.5514453125000001 0.3615531140625 0.5514453125000001 0.3601978015625 0.54783203125 0.3574871796875 0.5406152343749999 0.3568131875 0.46208984375 0.35613186875 0.45848632812499995 0.358842490625 0.45848632812499995 0.3601978015625 0.46208984375 0.36290109843749996
2 0.46029296875 0.398109890625 0.46389648437500003 0.4008205125 0.47653320312499997 0.4008205125 0.5469335937500001 0.40013919375 0.550537109375 0.39743589687499997 0.550537109375 0.3960805859375 0.5469335937500001 0.3933699640625 0.47744140625 0.3933699640625 0.46389648437500003 0.3940512828125 0.46029296875 0.39675457812500003 0.46029296875 0.398109890625
2 0.47923828124999995 0.507794871875 0.549638671875 0.5084688640625 0.56046875 0.5098241765625 0.56408203125 0.5071208796875 0.56408203125 0.5057655671875 0.56046875 0.5030549453125001 0.550537109375 0.501699634375 0.47923828124999995 0.501025640625 0.475634765625 0.5037362640625 0.475634765625 0.5050842484375 0.47923828124999995 0.507794871875
2 0.472919921875 0.571435896875 0.472919921875 0.5727912093749999 0.47653320312499997 0.57550183125 0.49368164062500003 0.57550183125 0.526171875 0.573472528125 0.566787109375 0.5748278390625 0.5704003906249999 0.572117215625 0.5704003906249999 0.5707619046875 0.566787109375 0.5680512828125 0.526171875 0.566703296875 0.514443359375 0.5680512828125 0.47653320312499997 0.5687325999999999 0.472919921875 0.571435896875
2 0.473828125 0.5436776562500001 0.48555664062500004 0.544358975 0.55685546875 0.5436776562500001 0.56498046875 0.5450329671875 0.56859375 0.54232234375 0.56859375 0.540974359375 0.56498046875 0.5382637359375 0.55685546875 0.536908425 0.473828125 0.536908425 0.47021484375 0.5396190468750001 0.47021484375 0.540974359375 0.473828125 0.5436776562500001
1 0.54783203125 0.61545055 0.5469335937500001 0.6188351640625 0.550537109375 0.6215384609375 0.554150390625 0.6201904765624999 0.55505859375 0.62086446875 0.562275390625 0.612065934375 0.5676855468750001 0.608 0.56859375 0.6052893765625 0.56498046875 0.60258608125 0.5631738281249999 0.60258608125 0.55595703125 0.6073260078125 0.553251953125 0.611384615625 0.54783203125 0.61545055
1 0.5613671874999999 0.60258608125 0.5613671874999999 0.6039413921875 0.56498046875 0.6066446890625 0.5704003906249999 0.6066446890625 0.589345703125 0.6032600734375 0.594765625 0.5998754578125001 0.594765625 0.598520146875 0.5911523437499999 0.5958168500000001 0.5884472656249999 0.5958168500000001 0.575810546875 0.599201465625 0.56498046875 0.5998754578125001 0.5613671874999999 0.60258608125
0 0.5608496093750001 0.6101684984375 0.56978515625 0.6110549453125 0.5716015624999999 0.610564103125 0.5739160156249999 0.60886446875 0.5746191406250001 0.6054798531250001 0.57328125 0.6020586078125 0.570703125 0.599523809375 0.56814453125 0.59923076875 0.56435546875 0.60032234375 0.559892578125 0.6033040296875 0.5584179687499999 0.604542125 0.557939453125 0.6062417578125 0.55927734375 0.608974359375 0.5608496093750001 0.6101684984375
1 0.5631738281249999 0.57550183125 0.5676855468750001 0.57550183125 0.578515625 0.5795604390625 0.580322265625 0.5795604390625 0.583935546875 0.5768571421875001 0.58212890625 0.573472528125 0.56859375 0.5687325999999999 0.5631738281249999 0.5687325999999999 0.5595703125 0.571435896875 0.5595703125 0.5727912093749999 0.5631738281249999 0.57550183125
1 0.544228515625 0.5633113546875 0.54783203125 0.5687325999999999 0.55505859375 0.5727912093749999 0.55685546875 0.5727912093749999 0.56046875 0.5700879125 0.5595703125 0.5673772890625 0.553251953125 0.5626373625000001 0.549638671875 0.55722344375 0.5487402343750001 0.5578974359375 0.545126953125 0.556542125 0.541513671875 0.559252746875 0.5424218749999999 0.5626373625000001 0.544228515625 0.5633113546875
0 0.55087890625 0.546608059375 0.553173828125 0.5465128203125 0.555341796875 0.5453040296875 0.5589062499999999 0.5467545781250001 0.561201171875 0.5467838828125 0.5686621093750001 0.5448498171875 0.570751953125 0.54295970625 0.57033203125 0.540073259375 0.56923828125 0.538608059375 0.567626953125 0.5379047625 0.565537109375 0.537882784375 0.56138671875 0.5360586078125 0.5553125 0.537069596875 0.55205078125 0.53659340625 0.54859375 0.5382197796875 0.5465722656249999 0.5399487171875 0.546357421875 0.5432087906249999 0.547490234375 0.5447399265625 0.55087890625 0.546608059375
1 0.55505859375 0.5064395609375001 0.55505859375 0.507794871875 0.5586621093749999 0.51050549375 0.5613671874999999 0.51050549375 0.5704003906249999 0.507794871875 0.574912109375 0.50441025625 0.583037109375 0.501025640625 0.58212890625 0.500344321875 0.583935546875 0.49764102499999996 0.580322265625 0.494930403125 0.578515625 0.494930403125 0.565888671875 0.501699634375 0.5586621093749999 0.5037362640625 0.55505859375 0.5064395609375001
0 0.54748046875 0.509882784375 0.55439453125 0.5113333328125 0.55615234375 0.5126227109375 0.557958984375 0.51304761875 0.565166015625 0.5118974359374999 0.56740234375 0.51050549375 0.568330078125 0.507567765625 0.5674609375 0.5056263734375 0.565791015625 0.5044468859375 0.5617089843749999 0.5035457875 0.560576171875 0.5015970703125 0.559130859375 0.5006666671875 0.5572851562500001 0.5003589749999999 0.5546484375 0.5008791203125 0.5501953125 0.500109890625 0.548359375 0.5006739921875 0.546357421875 0.5022783875 0.5450390625 0.5034065937500001 0.544658203125 0.5050622703125 0.545185546875 0.5074871796875 0.54748046875 0.509882784375
1 0.5288769531249999 0.48071062343750004 0.532490234375 0.48342124531249997 0.534296875 0.48342124531249997 0.5586621093749999 0.475296703125 0.5595703125 0.47394139218750003 0.56408203125 0.47258608124999996 0.5631738281249999 0.47191208749999997 0.56498046875 0.4705567765625 0.56498046875 0.469201465625 0.5613671874999999 0.46649816875 0.5595703125 0.46649816875 0.553251953125 0.46988278437500003 0.53068359375 0.4773260078125 0.5288769531249999 0.48071062343750004
1 0.5586621093749999 0.468527471875 0.5586621093749999 0.47123076875000003 0.562275390625 0.47394139218750003 0.56408203125 0.47394139218750003 0.5676855468750001 0.47123076875000003 0.5694921875000001 0.4637875453125 0.5694921875000001 0.4536337 0.565888671875 0.4509230765625 0.56408203125 0.4509230765625 0.56046875 0.4536337 0.56046875 0.4637875453125 0.5586621093749999 0.468527471875
0 0.55009765625 0.4762637359375 0.5534765625 0.475611721875 0.555869140625 0.4740952375 0.562392578125 0.47516483593750003 0.5652441406250001 0.474908425 0.5691015625 0.47238827812500006 0.57068359375 0.4697655671875 0.570146484375 0.46810989062499997 0.56880859375 0.4671062265625 0.56466796875 0.4665347984375 0.55982421875 0.464798534375 0.555712890625 0.4650109890625 0.553505859375 0.46660805937500005 0.548349609375 0.46666666718750005 0.545869140625 0.46830036562500005 0.54435546875 0.469890109375 0.5441796875 0.4733772890625 0.54642578125 0.47562637343749997 0.55009765625 0.4762637359375
1 0.524365234375 0.44685714218749994 0.527978515625 0.449567765625 0.52978515625 0.449567765625 0.5333886718749999 0.44685714218749994 0.5424218749999999 0.44415384687500004 0.5433203125 0.44279853437499994 0.55505859375 0.437384615625 0.554150390625 0.43670329687500004 0.55595703125 0.43399267343750003 0.55234375 0.4312893765625 0.549638671875 0.4312893765625 0.537001953125 0.4387326 0.527080078125 0.442117215625 0.524365234375 0.44685714218749994
1 0.5514453125000001 0.43399267343750003 0.5514453125000001 0.43534798593749996 0.55505859375 0.4380586078125 0.55685546875 0.4380586078125 0.562275390625 0.43467399218749997 0.571298828125 0.41978022031249995 0.571298828125 0.41774358906250003 0.5676855468750001 0.41504029375 0.565888671875 0.41504029375 0.562275390625 0.41774358906250003 0.5586621093749999 0.42586813125 0.5514453125000001 0.43399267343750003
0 0.542099609375 0.43979487187500005 0.547744140625 0.4385567765625 0.552197265625 0.4406300359375 0.555927734375 0.440974359375 0.55763671875 0.440336996875 0.5587890625 0.43906227031249995 0.562607421875 0.4378974359375 0.563916015625 0.4361465203125 0.5623437499999999 0.43276923125 0.554033203125 0.429794871875 0.5497167968750001 0.43043956093749997 0.5472949218750001 0.43022710625 0.545390625 0.43095970625 0.54109375 0.4304908421875 0.5381542968749999 0.4327106234375 0.536884765625 0.435655678125 0.537216796875 0.43731868125 0.5391210937500001 0.43882783906249995 0.542099609375 0.43979487187500005
1 0.5424218749999999 0.40691575156250004 0.5514453125000001 0.41774358906250003 0.55595703125 0.4190989015625 0.5595703125 0.4163956046875 0.5595703125 0.41504029375 0.550537109375 0.4048791203125 0.550537109375 0.4035311359375 0.5487402343750001 0.4028498171875 0.5487402343750001 0.39743589687499997 0.545126953125 0.394725275 0.5433203125 0.394725275 0.5397070312500001 0.39743589687499997 0.5406152343749999 0.40623443281249993 0.5424218749999999 0.40691575156250004
1 0.536103515625 0.39743589687499997 0.5406152343749999 0.398791209375 0.544228515625 0.3960805859375 0.544228515625 0.394725275 0.53880859375 0.3872820515625 0.534296875 0.385926740625 0.53068359375 0.3886300359375 0.53068359375 0.3899853484375 0.536103515625 0.39743589687499997
0 0.535517578125 0.4000879125 0.5443749999999999 0.403428571875 0.5476171875 0.4029963375 0.549482421875 0.40205128281249997 0.5508984375 0.4000805859375 0.55224609375 0.39522344375 0.5517578125 0.3931794875 0.5504296875 0.3918241765625 0.547568359375 0.39126007343749997 0.53865234375 0.3922344328125 0.534892578125 0.393252746875 0.532587890625 0.394293040625 0.531748046875 0.39646153906250003 0.5326562499999999 0.39803662968750003 0.535517578125 0.4000879125
1 0.5433203125 0.3635824171875 0.5424218749999999 0.3642564109375 0.544228515625 0.3642564109375 0.5487402343750001 0.367641025 0.5586621093749999 0.3703516484375 0.5613671874999999 0.3703516484375 0.56498046875 0.367641025 0.56498046875 0.366293040625 0.5613671874999999 0.3635824171875 0.554150390625 0.36222710625 0.549638671875 0.358842490625 0.545126953125 0.3581684984375 0.541513671875 0.3608717953125 0.541513671875 0.36222710625 0.5433203125 0.3635824171875
1 0.537001953125 0.35613186875 0.53880859375 0.3601978015625 0.5424218749999999 0.36290109843749996 0.544228515625 0.36290109843749996 0.54783203125 0.3601978015625 0.546025390625 0.35545787500000003 0.5469335937500001 0.340564103125 0.5433203125 0.3378534796875 0.541513671875 0.3378534796875 0.5379101562499999 0.340564103125 0.537001953125 0.34394871718750003 0.537001953125 0.35613186875
3 0.502705078125 0.3689963375 0.506318359375 0.414358975 0.5108300781249999 0.43467399218749997 0.51353515625 0.4597216125 0.5171484375000001 0.6066446890625 0.519853515625 0.6188351640625 0.514443359375 0.6411794875 0.5171484375000001 0.6432087906249999 0.52076171875 0.643882784375 0.5252734375 0.6411794875 0.53068359375 0.6222197796875 0.53068359375 0.6181538468750001 0.527978515625 0.6059706953124999 0.523466796875 0.44618315 0.5171484375000001 0.41368498125000003 0.51353515625 0.3689963375 0.511728515625 0.3635824171875 0.514443359375 0.3188937734375 0.511728515625 0.31686446875 0.5081249999999999 0.3161904765625 0.50361328125 0.3188937734375 0.5008984375 0.3635824171875 0.502705078125 0.3689963375