1 0.6033020796875 0.5608844828125 0.5974708328125 0.5627659625 0.594537925 0.5655773078124999 0.5947710875000001 0.5665872484375 0.5986395812499999 0.56782836875 0.615515109375 0.5633971156250001 0.6318897421874999 0.56068719375 0.639533321875 0.558922534375 0.6424662328124999 0.5561111875 0.64223306875 0.555101246875 0.638364575 0.5538601296875 0.6033020796875 0.5608844828125
2 0.5193271125 0.7087603578125 0.5195617421875001 0.70977665 0.5234302343749999 0.7110177671875 0.621975934375 0.6882667 0.6350657140625 0.6868436875 0.637998621875 0.684032340625 0.6377639937499999 0.68301605 0.633896965625 0.6817812812499999 0.621649365625 0.6830098625 0.5222614859375 0.7059553625 0.5193271125 0.7087603578125
0 0.6382646921874999 0.679153840625 0.6286454406249999 0.67980238125 0.621095153125 0.6816793109375 0.6170148640625001 0.6842872234375 0.6160066140625 0.685610528125 0.6149238390625 0.6880215 0.6162591859375001 0.6904495749999999 0.6210308390625 0.690933571875 0.6235064796875001 0.691880740625 0.62844555625 0.6914362640625 0.6358086359375 0.689769815625 0.6378881765625 0.6886608203125 0.6398782140625 0.6866291437500001 0.6399030796875 0.6831377171875 0.6409925609375 0.6811935250000001 0.640228859375 0.6798310515625 0.6382646921874999 0.679153840625
1 0.5789922046875 0.6571381109375001 0.615525753125 0.648703678125 0.618448 0.6458947937499999 0.6182133703125 0.6448785015625 0.6143570046875 0.643641271875 0.57782345625 0.65207570625 0.5748890828125 0.6548807015625 0.5751237125 0.65589699375 0.5789922046875 0.6571381109375001
1 0.5730292968749999 0.6894309984375 0.5732639265625 0.690447290625 0.577121759375 0.6916908703125 0.6194174140625 0.68885738125 0.621975934375 0.6882667 0.6248981828125 0.685457815625 0.624663553125 0.6844415234375 0.6208071859375 0.6832042953124999 0.60334655 0.6851011703125 0.5759530109375001 0.686628465625 0.5730292968749999 0.6894309984375
3 0.56472190625 0.668962903125 0.5788612671875 0.73020720625 0.58175960625 0.7311370734375 0.585277621875 0.73086010625 0.589052709375 0.7278543265625 0.5747960328125 0.666101878125 0.5675731796875 0.6464404765625 0.5612285421875 0.6228497828124999 0.5583647734375 0.6181787046875 0.553841665625 0.59469601875 0.5491909374999999 0.5861757187500001 0.545650121875 0.5747297171875 0.5441665765625 0.548946290625 0.5281920812500001 0.475862196875 0.5186677671875 0.4423411265625 0.5117968578125 0.42420416406249994 0.49660459531249995 0.3583992484375 0.49370625781250005 0.3574693828125 0.4901882421875 0.3577463515625 0.48640249375 0.3607545890625 0.501710603125 0.4270613 0.512707434375 0.4591786421875 0.5245453359375001 0.506563275 0.5338592859375 0.5507973765624999 0.5368605921875 0.5831549421875 0.5437568781250001 0.5975595046875 0.5482906468750001 0.62103973125 0.551154415625 0.625710809375 0.5573817375 0.64879335625 0.56472190625 0.668962903125
2 0.545444946875 0.38391395781250004 0.541576453125 0.3826728390625 0.529328853125 0.3839014203125 0.5078585 0.38778778125 0.45263708906250005 0.40053664843750003 0.4299409734375 0.40684692031249997 0.42700806562500004 0.40965826562499996 0.42724122812500004 0.41066820625 0.43110972187499996 0.41190932656249996 0.45465867812500005 0.4054021609375 0.5081744078125 0.39304708125 0.5304976015625 0.3889638265625 0.5401973421874999 0.3883234640625 0.5427452015625 0.38773524375 0.5456781109375 0.38492389843749997 0.545444946875 0.38391395781250004
0 0.5477254390625 0.37988170625 0.54127033125 0.3794986796875 0.5362209765625 0.38058413125 0.5304235078125 0.38314692031250003 0.5286220968750001 0.3844392484375 0.528023228125 0.3858821328125 0.5280343671875001 0.388167671875 0.531568740625 0.39190115468750003 0.5341096984375 0.3930339546875 0.53996916875 0.3937552078125 0.5476728234375 0.391715753125 0.549830959375 0.38885580468750003 0.54954975 0.3870541125 0.5566162640625001 0.3846867375 0.5586157265625 0.382258153125 0.556657671875 0.3799537703125 0.55355853125 0.379224140625 0.5477254390625 0.37988170625
1 0.522456478125 0.3657581078125 0.51952356875 0.3685694515625 0.5198740468749999 0.37008753906249997 0.5281601046875 0.378839015625 0.5315023265625001 0.38553386562499997 0.53535869375 0.38677109375 0.5370643734375 0.38637730625 0.5399987484375 0.3835723109375 0.5365392124999999 0.376369315625 0.528019990625 0.36660789843749997 0.5241621578125 0.3653643203125 0.522456478125 0.3657581078125
1 0.5415418843750001 0.386414053125 0.5398468640625 0.3868053796875 0.5369124890625 0.38961037187500003 0.5391687078125 0.3954921765625 0.5366436453125 0.4078033671875 0.5381283031249999 0.4181250703125 0.5419953296875 0.41935983749999994 0.54369035 0.4189685109375 0.5466247234375 0.4161635171875 0.5452573828125 0.40634995937499996 0.5477809765625 0.3940324171875 0.5454089109375 0.38764881875 0.5415418843750001 0.386414053125
2 0.5458531625 0.42060341718750005 0.5015693796875 0.4302919046875 0.45847972031250006 0.44131039687499996 0.4555468125 0.4441217421875 0.455779975 0.4451316828125 0.45964846875000004 0.4463728015625 0.5035803078125001 0.4351598765625 0.545326890625 0.42605714843750003 0.5535541125 0.42682051562499995 0.55525979375 0.42642672812500004 0.5581835078124999 0.4236241953125 0.5559033796875 0.4214811421875 0.5458531625 0.42060341718750005
1 0.621425765625 0.7091807234374999 0.6206089609375 0.70564275625 0.63588251875 0.690381653125 0.6355680765625 0.68512870625 0.6306121140625 0.683068190625 0.6289170937499999 0.683459515625 0.6259841859375 0.6862708625 0.627655296875 0.6896182875 0.622407690625 0.69402779375 0.621905328125 0.6957427734375 0.614460340625 0.7022585859375 0.6146949703125 0.703274878125 0.6117620609375 0.7060862234374999 0.6129293437500001 0.7111422765625 0.6167978375 0.712383396875 0.6185035171875 0.711989609375 0.621425765625 0.7091807234374999
0 0.5595170578124999 0.4253635765625 0.5718227890625001 0.42156585 0.57431878125 0.41919658281250005 0.5730583390625 0.416898403125 0.5703384609375 0.41625516406249996 0.5626662265625 0.4179929875 0.5523578328125 0.41799109218749997 0.5479386171875 0.4200550484375 0.5410499703125 0.4206151 0.5385198234375 0.42108549375 0.5365762171874999 0.42229691249999995 0.5341497562499999 0.42579418281250003 0.53420895625 0.4276069890625 0.5357873703125 0.4286074203125 0.5407085515625 0.42920408437499996 0.54533830625 0.4328184859375 0.5508184625 0.43291812968750004 0.554815871875 0.4318480671875 0.556678875 0.4308225140625 0.559401225 0.42792597343749994 0.5595170578124999 0.4253635765625
1 0.5122058140625 0.4182422859375 0.5068769296875 0.4184087859375 0.50394255625 0.42121378125 0.504177184375 0.42223007187499995 0.5062333437500001 0.4233543703125 0.5173589046875 0.42504760468749997 0.541084009375 0.42703669531250005 0.5427790296875 0.42664536875000003 0.5457119375 0.423834021875 0.5434226171875001 0.421699784375 0.5406401265625 0.42127171093750004 0.5224906609375 0.42013630312499994 0.5122058140625 0.4182422859375
2 0.6115745140625 0.6432132015625001 0.51097265625 0.6648399687500001 0.5080397484375 0.6676513140625 0.5082729109375 0.6686612546874999 0.5121414046874999 0.669902375 0.51820728125 0.6690371875000001 0.600728825 0.650514128125 0.611890421875 0.6484725 0.61914895625 0.648930965625 0.6208546359375 0.648537178125 0.623776884375 0.64572829375 0.6214982234375 0.6435915921875 0.6115745140625 0.6432132015625001
2 0.568571321875 0.4569459125 0.555120403125 0.45685329843750005 0.5150795015625 0.465562240625 0.4637265828125 0.4795522265625 0.460793675 0.482363571875 0.4610268390625 0.48337351249999994 0.46489533125 0.48461463125000004 0.49087629843749997 0.47701745156250003 0.53917899375 0.465330665625 0.5554363125 0.4621125984375 0.5662220546875 0.46228528437499994 0.567917075 0.4618939578125 0.5708499828125 0.45908261093749997 0.568571321875 0.4569459125
1 0.5529704718749999 0.4242924890625 0.5491126390625001 0.423048909375 0.5474069578125 0.4234426953125 0.54447405 0.4262540421875 0.5442982562500001 0.4332258609375 0.540604446875 0.4404746453125 0.5358128625 0.4623745671875 0.536163340625 0.463892653125 0.540031834375 0.465133771875 0.5417268546875 0.4647424453125 0.5446597625 0.4619311 0.5487158203125 0.44073621875 0.552525478125 0.4339892265625 0.5529704718749999 0.4242924890625
0 0.5773836375 0.452850790625 0.57328239375 0.45361699843750003 0.5710197296875 0.4530087015625 0.560274140625 0.4533017609375 0.5563013796875 0.4543326828125 0.554612275 0.455284634375 0.55308004375 0.45944520468750005 0.5551127734375 0.46226757812499997 0.561128903125 0.46532105625 0.564740028125 0.46607967187500005 0.56817890625 0.46599492500000006 0.5730005031250001 0.46470113125 0.57473890625 0.4636708953125 0.5762987515625 0.4612835890625 0.57578521875 0.45891332812499996 0.5793473109375 0.4568331625 0.580378809375 0.454735096875 0.5794596015625 0.453428596875 0.5773836375 0.452850790625
1 0.564341321875 0.42699955312500004 0.5626356421875001 0.427393340625 0.559702734375 0.43020468593750005 0.5605783734374999 0.44173076250000004 0.558636953125 0.4565699796875 0.5591047453125 0.4585962125 0.5629732390625 0.45983733125 0.564668259375 0.45944600468749996 0.5676011671875 0.456634659375 0.5671694109375001 0.450873565625 0.5692266796875 0.43653614375 0.5681991546875 0.4282431328125 0.564341321875 0.42699955312500004
1 0.5633237171875 0.4613554171875 0.5664206484375 0.4670364375 0.5723802390625 0.4928502578125 0.57624873125 0.494091375 0.5779437515625 0.4937000484375 0.580876659375 0.490888703125 0.5748012218749999 0.4645730890625 0.5718201390625001 0.4593938640625 0.5679516453125 0.458152746875 0.5662459640625 0.4585465328125 0.5633237171875 0.4613554171875
2 0.5699151234375 0.4976878359375 0.5676349953125001 0.49554478281250003 0.5548037531250001 0.49424533750000005 0.51136215 0.5037393906250001 0.470551153125 0.516894584375 0.46762890468749996 0.5197034687500001 0.46786206718749995 0.520713409375 0.4717199015625 0.5219569875000001 0.47512060156249997 0.5211718750000001 0.5125308984375 0.5088017953125 0.5499066265625 0.5001729296875 0.55427748125 0.49969906875000003 0.5652871937499999 0.50089050625 0.5669928750000001 0.50049671875 0.5699151234375 0.4976878359375
0 0.5934197046875 0.489772553125 0.5914140328124999 0.488429196875 0.58679833125 0.4883775234375 0.577415521875 0.4894665640625 0.5729362484375 0.490540828125 0.565358625 0.49079161562499996 0.563083703125 0.4916379609375 0.561558953125 0.4931072703125 0.5550802015625 0.493545928125 0.5505211640625001 0.49524743125 0.548753925 0.49717414687500006 0.549162384375 0.49884610625 0.5526903515625 0.5009954484375 0.557824065625 0.5057713640625 0.562382559375 0.5068398046875 0.565806771875 0.5066915390625 0.5705213359375 0.503669575 0.57221418125 0.5013719937500001 0.5723837609375 0.4992855875 0.57718815625 0.4978686484375 0.57990823125 0.4963240875 0.586467375 0.4948231703125 0.5910517375000001 0.49318272343749997 0.5931366984374999 0.49161084062500005 0.5934197046875 0.489772553125
1 0.5389086843750001 0.4835173078125 0.5344326406250001 0.4834869140625 0.5314997328125 0.486298259375 0.5338957078125001 0.48894310625 0.542332184375 0.49445516562499997 0.552231984375 0.4985723078125 0.552465146875 0.4995822484375 0.5531900125 0.49887966875 0.5568253421875 0.49911084843750003 0.55975825 0.49629950312500004 0.5583217687500001 0.49396836874999994 0.5484219703125001 0.48985122499999995 0.5389086843750001 0.4835173078125
1 0.5613013859375 0.4991412421875 0.5589881546875 0.5007457546875 0.548024040625 0.52300025625 0.5476150843750001 0.5289621343750001 0.55147145 0.5301993609375 0.55317713125 0.5298055734375 0.5561008453125 0.5270030421875 0.5572559890625 0.5203336640625 0.5671087234375001 0.5009985140625 0.566875559375 0.4999885734375 0.5630070671875 0.49874745468750004 0.5613013859375 0.4991412421875
2 0.5855159734375001 0.5303412578125 0.5816474796875 0.5291001390625001 0.5720650546875 0.5302486453124999 0.530318471875 0.5393513734375001 0.506032525 0.5465572265625 0.4839546203125 0.5516543125 0.48102171250000003 0.554465659375 0.481254875 0.5554756000000001 0.48512336874999995 0.5567167171875 0.5072012734375 0.55161963125 0.5314872203125 0.544413778125 0.572379496875 0.5355015921875 0.582816228125 0.53416254375 0.5857491359375 0.5313511984375 0.5855159734375001 0.5303412578125
0 0.595717696875 0.5267683562500001 0.59377485 0.5260862234375 0.5866934734375 0.526249203125 0.5838144625 0.5268135203125001 0.581605496875 0.5261459937499999 0.577740365625 0.526670359375 0.5748375609374999 0.5264507046875 0.5678456046875 0.529530115625 0.566765384375 0.5307362296875 0.566586559375 0.5322962296875 0.5676082874999999 0.535505890625 0.5689392515625 0.5366504265625001 0.5745858562499999 0.5368387593749999 0.581685075 0.53942809375 0.5852464578125 0.5397767015625 0.5893788453125001 0.5385617390624999 0.5910735359375 0.537488071875 0.5923990796874999 0.5347668171875 0.5917150453125 0.5317066671874999 0.5952466734375 0.5301754562500001 0.596467803125 0.5281205859375 0.595717696875 0.5267683562500001
1 0.5747523046875 0.4992338546875 0.5718193968749999 0.5020452 0.570673446875 0.508705765625 0.5749633921874999 0.5311785125 0.5788304203125 0.5324132796875001 0.580525440625 0.532021953125 0.5834598140625 0.5292169578125 0.579287184375 0.507252359375 0.580666296875 0.501601734375 0.58031581875 0.5000836468750001 0.576447325 0.49884252812499996 0.5747523046875 0.4992338546875
1 0.6101634265625 0.5518406437500001 0.607756790625 0.549198259375 0.6059444546874999 0.5490814390625001 0.6026956390625 0.5466334859375 0.593825940625 0.5353539828125 0.59104345 0.5349259109375 0.587794634375 0.5324779578125 0.5870591093749999 0.533182996875 0.583423778125 0.53295181875 0.58050153125 0.5357607046874999 0.5807361609374999 0.536776996875 0.587852003125 0.5404597171875001 0.5932290625000001 0.5482837875000001 0.5977985109375 0.5525610796875 0.601782853125 0.5543039921874999 0.6069028390625 0.5648568734375 0.6107698671875 0.5660916421875 0.6124648875 0.565700315625 0.6153992609375 0.5628953203125 0.6101634265625 0.5518406437500001
2 0.6028011828125 0.562605815625 0.5679733171875 0.5706464625 0.50036308125 0.5878545140625 0.493677528125 0.5899265359375 0.4907446203125 0.5927378828125 0.4909777828125 0.5937478234375 0.4948462765625 0.594988940625 0.501647678125 0.5934187140625 0.525933625 0.5862128625 0.6039684656250001 0.56766186875 0.6069028390625 0.5648568734375 0.6066682109375 0.56384058125 0.6028011828125 0.562605815625
0 0.6021135890625 0.5599679796875 0.5952987281250001 0.5600694328125 0.5919061984375 0.5613276765624999 0.5884464109375 0.5644346125 0.5869773203124999 0.5668745562499999 0.5853598703125 0.5703255484375 0.58581395625 0.5725355859375 0.5888435984375 0.5739369171875001 0.5930035484375 0.5739600015625 0.5973162109375 0.5724558765625 0.6007423671875001 0.5702732875 0.6058608265625 0.5685630578125 0.609181796875 0.5658762125 0.6100145203125 0.564278984375 0.6093636874999999 0.5628703828125 0.60621616875 0.560666659375 0.6021135890625 0.5599679796875
1 0.5726369250000001 0.54824085625 0.572987403125 0.5497589421875 0.5890917265625 0.5652356625 0.5912545390624999 0.56687056875 0.5957412421875 0.5668985015625 0.5986741515625 0.56408715625 0.5983236734374999 0.56256906875 0.58221935 0.5470923484375 0.580058003125 0.54546379375 0.5755698328125 0.545429509375 0.5726369250000001 0.54824085625
1 0.6176297296875 0.6423504734375001 0.6147074828125 0.645159359375 0.6149406453124999 0.6461693000000001 0.618798478125 0.647412878125 0.629960075 0.6453712515625 0.649231578125 0.6435848453124999 0.6526322796875 0.6427997328124999 0.6555651890624999 0.6399883859375 0.655332025 0.6389784453125 0.65146353125 0.6377373265624999 0.6296441671874999 0.640111953125 0.6176297296875 0.6423504734375001
2 0.6141698250000001 0.6079578625 0.6118805046875 0.605823625 0.6026937875 0.6047465437499999 0.59832293125 0.6052204062500001 0.5411733375 0.617350659375 0.52367813125 0.6229887453125 0.4931038046875 0.630047384375 0.49017089687500004 0.63285873125 0.49040406093750005 0.633868671875 0.49427255312499996 0.6351097890624999 0.5248468796875 0.62805115 0.543194925 0.6222161703125 0.5994916796875 0.6102828109375 0.6095418968749999 0.6111605359375 0.6112369171875 0.610769209375 0.6141698250000001 0.6079578625
1 0.608607778125 0.6071144234375 0.6069020984375 0.6075082109375 0.6039783828124999 0.61031074375 0.6029390890624999 0.617481915625 0.5997491078125 0.6230220734375 0.5954010515625 0.6352189046875 0.5957515296875 0.6367369921875 0.5996200234375 0.637978109375 0.601325703125 0.637584321875 0.6042479515625 0.6347754375 0.6120551875 0.6143135281250001 0.6124641453125 0.60835165 0.608607778125 0.6071144234375
1 0.56759783125 0.6000503890625 0.5689184640625 0.601879728125 0.5938123171874999 0.6089312234375 0.6030096953124999 0.6100058421875 0.6047047156249999 0.609614515625 0.6076376234375 0.6068031703125001 0.6053589625 0.6046664703125 0.5989426078125 0.604013571875 0.5730800656249999 0.596657175 0.57053220625 0.59724539375 0.56759783125 0.6000503890625
0 0.61460819375 0.600129271875 0.61054665625 0.6008729296875 0.6045473796875 0.602853415625 0.599978965625 0.605487046875 0.59878164375 0.607061403125 0.598878 0.61005651875 0.6005748984375 0.6126888109374999 0.6028698046875001 0.6147013343750001 0.6061656296875 0.61535879375 0.6098170421875 0.6151246218749999 0.6134473140625001 0.613972059375 0.61659829375 0.6103543546875 0.6195274609375 0.6088886375 0.6210301640625 0.6067888328125 0.6205562609374999 0.6020610984375 0.6180783109375 0.6006662078125 0.61460819375 0.600129271875
0 0.6215446234375 0.6409716328124999 0.6164746390625 0.6408977203124999 0.6120090578124999 0.643052665625 0.6093118171875 0.645133875 0.608411028125 0.649938128125 0.61002915 0.6509160109375001 0.617772809375 0.6520653234375 0.6210182328125 0.6509480875 0.62431031875 0.6486225015625 0.6254881328125 0.646477275 0.6334700015625 0.642627403125 0.63502375 0.6406027859375001 0.63405705625 0.63879878125 0.6311294375000001 0.638277096875 0.6215446234375 0.6409716328124999