1 0.4903242 0.3881026171875 0.49472591406250005 0.38408087812499997 0.49653287031250004 0.3784655734375 0.49660550312499996 0.37441123125 0.49434822812499996 0.3636651640625 0.492388746875 0.357045440625 0.4912701765625 0.3497802875 0.4898254609375 0.3478736796875 0.4891360578125 0.3477396734375 0.4875341625 0.3485094828125 0.48738115625 0.3492966359375 0.493066328125 0.37399558593750004 0.49305498593749997 0.377789540625 0.49133974687500004 0.3828780765625 0.48738838281249997 0.38645076718750004 0.4833509734375 0.3886532484375 0.48325046875 0.3891703 0.484435553125 0.3904898515625 0.485135246875 0.390625859375 0.4903242 0.3881026171875
1 0.4849976390625 0.3076121421875 0.48509964375000003 0.307087371875 0.483913059375 0.3057755390625 0.48286352031249996 0.305571528125 0.4710495703125 0.30679899375 0.4611873609375 0.3073246515625 0.446048534375 0.307088928125 0.44445543125000003 0.307868453125 0.44435492656250003 0.30838550625 0.44554001093749995 0.3097050578125 0.44658955 0.3099090671875 0.4624805703125 0.31001069531250003 0.4701519875 0.3096037859375 0.483406034375 0.30838394999999996 0.4849976390625 0.3076121421875
1 0.4933744203125 0.3054442609375 0.49487580937500003 0.30519150625 0.513458975 0.3044629484375 0.5292536609375 0.3031923671875 0.5502244578125 0.3032002171875 0.5524647515625001 0.3028268 0.5533174515625 0.3021756515625 0.5534179578125 0.3016585984375 0.55222258125 0.3003370484375 0.5511730421875 0.3001330390625 0.5489312484375 0.3005141734375 0.5395718921875 0.30032068125 0.5235803671875 0.30073610624999997 0.5154571 0.30159977968749996 0.49393394687500003 0.3025657484375 0.49049110625000003 0.303522309375 0.48525265156249997 0.30630021875 0.48509964375000003 0.307087371875 0.48629501875000003 0.3084089234375 0.486984421875 0.3085429296875 0.4933744203125 0.3054442609375
2 0.517903978125 0.3522423984375 0.5283582046874999 0.35427449375000003 0.5433836828125 0.3588289421875 0.5449870781249999 0.358051415625 0.5450890828125 0.357526646875 0.5438922078124999 0.35621281250000003 0.54220426875 0.35561241093749996 0.528865228125 0.35166608125 0.5184110015625001 0.3496339859375 0.5102439015625 0.3488553484375 0.5015389046875 0.34716326875000003 0.4937654828125 0.348094946875 0.4870019375 0.3456990609375 0.48540004375 0.3464688703125 0.4852980390625 0.3469936390625 0.4874831609375 0.34877186718750003 0.493956653125 0.35084708125 0.5017300734375 0.34991540468750004 0.5100852234375 0.35153948125 0.517903978125 0.3522423984375
0 0.48766068906250004 0.35280275625 0.4930556703125 0.3541637765625 0.49656052968750003 0.354316471875 0.49976462499999996 0.354258540625 0.5032926875 0.3517648390625 0.5038784187500001 0.34974035 0.5023714953125 0.3471649328125 0.50014048125 0.3450734484375 0.49572593906250007 0.3427337265625 0.4920615546875 0.34197338906249997 0.48565939062499996 0.3424428140625 0.483554690625 0.34470062343749996 0.482889665625 0.3470781046875 0.48421936875 0.350620171875 0.48766068906250004 0.35280275625
1 0.485496378125 0.347841078125 0.4871843171875 0.3484414796875 0.48878621093749997 0.3476716703125 0.488290528125 0.3464861265625 0.48868987812500003 0.3462994625 0.48799018437499997 0.3461634546875 0.48014922968749996 0.340026271875 0.469967028125 0.33099131718749997 0.464851759375 0.3256642609375 0.4467775984375 0.31075450625 0.445642015625 0.3091802890625 0.44395407656249997 0.3085798890625 0.442350684375 0.3093574125 0.4424470171875 0.3107296234375 0.461120365625 0.326292434375 0.46166704999999997 0.3272155953125 0.462656796875 0.3276722703125 0.4684702578125 0.3331430515625 0.46960433906250004 0.3347249875 0.4746232734375 0.33867983437500004 0.476706390625 0.3409828328125 0.48524703750000003 0.3472560234375 0.485496378125 0.347841078125
1 0.494449215625 0.35012593125 0.49460072187500004 0.3493464953125 0.49341563749999995 0.34802694375 0.49271594375000005 0.3478909359375 0.4906214875 0.349381896875 0.48981411875 0.35166763749999996 0.486106425 0.3577223625 0.48275376718749996 0.3749702921875 0.48269709531249994 0.37712965625 0.4838821796875 0.37844920625 0.484581871875 0.3785852125 0.4861749765625 0.3778056875 0.486754634375 0.371142934375 0.4895435953125 0.35866277812499997 0.494449215625 0.35012593125
2 0.5307742109375 0.40139525625 0.5159002390625 0.39606136875 0.506348215625 0.39312345937500004 0.4875795515625 0.389202903125 0.48190775781250006 0.386738925 0.48031465156250003 0.3875184515625 0.480212646875 0.3880432203125 0.4820479234375 0.3897534453125 0.486372834375 0.39167530781250004 0.505841190625 0.395731871875 0.52250510625 0.40114138749999995 0.5302161843750001 0.4042660515625 0.5312554328125 0.4044680609375 0.532857328125 0.40369825156249994 0.5329593328125 0.4031734828125 0.5307742109375 0.40139525625
0 0.48477770624999994 0.38400517968750003 0.479792928125 0.384654009375 0.47723778125000005 0.385823165625 0.4763944359375 0.3886785453125 0.4779991 0.39108075000000003 0.479409921875 0.392612365625 0.4818910265625 0.39352711875 0.48410045625000003 0.39666355468750003 0.48719143750000005 0.3977368984375 0.489745996875 0.39750465468749996 0.4935485046875 0.3959612859375 0.4960954453125 0.39384549999999996 0.49653473124999997 0.39125595468749996 0.4955927046875 0.38945507031250004 0.49173888750000005 0.3862632875 0.48843135625 0.3844911296875 0.48477770624999994 0.38400517968750003
1 0.4473485453125 0.3990101109375 0.45960405781249997 0.3973238796875 0.4759072671875 0.39343717031250003 0.4771593140625 0.39259935625 0.4806021546875 0.3916427953125 0.48504041249999996 0.38924593281250003 0.48514091875 0.38872887968750003 0.48395583125 0.387409328125 0.4829062921875 0.38720531875 0.47462434687500005 0.3907531265625 0.46544737031250005 0.3933020515625 0.4560313390625 0.39526792187500004 0.44092605625000003 0.3966725109375 0.42394478593749996 0.396631259375 0.42234289062499997 0.3974010671875 0.42224088593750003 0.3979258359375 0.42343776093749996 0.399239671875 0.42447701093749995 0.39944168125 0.4345973515625 0.3995107953125 0.4473485453125 0.3990101109375
0 0.477347465625 0.4297566203125 0.4734167453125 0.4274548796875 0.4679024140625 0.42692759999999996 0.46552116093749996 0.4287952875 0.46571842500000005 0.43305425625 0.47149065468750007 0.437363759375 0.4819064421875 0.44179101718749997 0.4844027125 0.4418037234375 0.49163650312499996 0.439637915625 0.49249787500000003 0.43707435625 0.4901827609375 0.43387733281249996 0.4867183078125 0.431978565625 0.477347465625 0.4297566203125
1 0.4689922703125 0.43087954687499996 0.47063070781249994 0.4317346140625 0.47223260156249997 0.43096480625 0.47233460625 0.4304400359375 0.46975997812500003 0.4250622328125 0.46451066250000006 0.41861191875000003 0.45950307031250004 0.4108631140625 0.459605075 0.41033834531249996 0.4558906921875 0.405275584375 0.455991196875 0.40475853125 0.44985519375000005 0.3935308125 0.4499571984375 0.39300604375 0.44767724218750005 0.3898478875 0.44777774687500005 0.3893308359375 0.4473768984375 0.38952521875 0.4460898078125 0.3887304359375 0.4444879140625 0.3895002453125 0.444582746875 0.3908801703125 0.44523293906249994 0.39127084375 0.4489926515625 0.3979682 0.4527962 0.406307865625 0.4565120828125 0.41136290937500003 0.4564100765625 0.4118876796875 0.4598359046875 0.4166220515625 0.461117325 0.4193138125 0.4663681390625 0.4257564109375 0.4689922703125 0.43087954687499996
1 0.47456923125 0.431963596875 0.4738695375 0.43182759062500004 0.4722779328125 0.43259939999999997 0.471747778125 0.439007484375 0.46587194218750005 0.45440346875 0.46556592812500003 0.45597777500000003 0.4667525125 0.45728960937499996 0.46745220625000006 0.45742561562499995 0.469043809375 0.45665380781250003 0.47182142968749996 0.4479676078125 0.4751849484375 0.43994790312500004 0.475755815625 0.43327543124999995 0.47456923125 0.431963596875
2 0.4716576203125 0.47858536406249996 0.477466459375 0.482157165625 0.5098683890625 0.4884554625 0.5114717828125 0.4876779375 0.5115737874999999 0.4871531671875 0.5103769125000001 0.48583933437500004 0.47832482968749995 0.47960904062500004 0.47280454375 0.47636562656250003 0.4712129390625 0.477137434375 0.4716576203125 0.47858536406249996
0 0.47185045312499996 0.48402076406249994 0.4771635640625 0.4856381703125 0.4796654125 0.48573205 0.4826760890625 0.48469148281249996 0.4839248078125 0.48200299687500003 0.48014057499999996 0.47400345312500003 0.4747013875 0.4718810140625 0.4713976546875 0.47261634375000006 0.46764983437499996 0.47799854062499997 0.4678252984375 0.47984263125000004 0.46929335937500005 0.481409396875 0.47185045312499996 0.48402076406249994
1 0.47813831406249996 0.4619454625 0.47882666562500004 0.46587542656250003 0.47781111718749997 0.471099965625 0.47570069843749996 0.47448590468749996 0.4725000296875 0.4779322171875 0.47239802500000005 0.47845698593749997 0.4735949 0.47977082031249996 0.47428430156249995 0.47990482500000003 0.4754343453125 0.4795917828125 0.4772299609375 0.4777704359375 0.481237996875 0.4720383828125 0.48235555 0.4662890734375 0.48148064843749994 0.4615059515625 0.47822228750000007 0.4540971640625 0.475541484375 0.451133390625 0.47420906093750004 0.4487040140625 0.47291168125 0.44790723281249994 0.469991825 0.44436040468750004 0.4627892703125 0.4386196125 0.4616433984375 0.4370433921875 0.457719334375 0.4349271484375 0.45612773124999995 0.43569895625 0.456563621875 0.4371371703125 0.459446934375 0.439059121875 0.4605928078125 0.440635340625 0.46128220937500003 0.44076934687499997 0.4630664828125 0.44274195625 0.4637661765625 0.4428779625 0.46625014218749994 0.444986578125 0.47225015 0.451310515625 0.47483044999999996 0.45479134062500004 0.47813831406249996 0.4619454625
1 0.4762937328125 0.49005812187500003 0.47643438125 0.48005046093750003 0.4762870453125 0.47894063593749997 0.4750901703125 0.477626803125 0.4744007671875 0.477492796875 0.4727988734375 0.47826260468750004 0.47259636406250005 0.47930442500000003 0.47275455937500005 0.489642475 0.47482018437500007 0.5106585875 0.4753225546875 0.5229616187499999 0.47546989218749997 0.52407144375 0.476654978125 0.5253909953125 0.47735466875 0.5255270015625 0.47894777343749995 0.5247474750000001 0.47892407343750004 0.5193209249999999 0.4762937328125 0.49005812187500003
1 0.44622330000000004 0.5126922406250001 0.4387672328125 0.508255653125 0.4371638390625 0.5090331796875 0.43761002031249996 0.510473390625 0.4433781484375 0.514309578125 0.4453097578125 0.5173920109375 0.44673701406250005 0.5212013125 0.44837545156249997 0.52205638125 0.4499773453125 0.5212865734375 0.45007935000000004 0.5207618046875 0.447358884375 0.514266459375 0.4464201390625 0.5135473968750001 0.44622330000000004 0.5126922406250001
2 0.48114324062499997 0.5655865296875 0.49268771874999995 0.56755825 0.495578203125 0.5675755078125 0.5007033125 0.5691163234375 0.5022964171875001 0.5683367984375 0.502396921875 0.5678197453125 0.5012118359375 0.5665001953125001 0.498175515625 0.565365396875 0.48339070624999997 0.5633084171875 0.47901629218749997 0.5616412203125 0.4710007 0.560083146875 0.461432715625 0.559040215625 0.45202802656249996 0.5572121296875 0.446744240625 0.5583554453125 0.4457910375 0.55952364375 0.4469864125 0.5608451953125 0.447686103125 0.5609812015625 0.4522191953125 0.5599642640625 0.4609241921875 0.56165634375 0.47049217499999996 0.5626992765625001 0.4781579234375 0.5641893484375 0.48114324062499997 0.5655865296875
0 0.44403043281250004 0.524303184375 0.448079634375 0.525610840625 0.45040440468750004 0.528977925 0.4554246703125 0.5302340734375 0.46233139999999995 0.5289817609374999 0.464038696875 0.5271752828125 0.46436892343749997 0.5254214796875 0.4624049453125 0.5223407609375 0.4579775125 0.51951800625 0.45360949687499996 0.517323475 0.447428896875 0.5163783671875 0.4431879921875 0.517540196875 0.441473290625 0.520922965625 0.44403043281250004 0.524303184375
0 0.44529139687499997 0.56368719375 0.448458928125 0.5651358125 0.4520737875 0.565766390625 0.4543108453125 0.5650800031250001 0.457214434375 0.5655242703125001 0.46313535312500004 0.5651134703125 0.46492820312500005 0.5636359625 0.465157384375 0.560589121875 0.46341956562500003 0.5576084265625 0.45872825937500006 0.5549345984375 0.45386165624999997 0.5531076609375 0.44967789375 0.5527669375 0.447390675 0.5534916296875 0.44331625937499997 0.556928278125 0.443011465625 0.560913465625 0.44529139687499997 0.56368719375
1 0.4490313671875 0.559608903125 0.44943071406249996 0.5594222390625 0.45071930625 0.560209303125 0.4523212 0.5594394953124999 0.4524232046875 0.5589147265625 0.4491096703125 0.5536575828125 0.449210175 0.55314053125 0.4464783671875 0.5504391421875 0.44131926874999994 0.5434697765625 0.4411224296875 0.5426146187499999 0.4401836859375 0.54189555625 0.43597362031250003 0.53564725 0.43186406093749996 0.52888189375 0.43196456562499996 0.528364840625 0.429086921875 0.5245459109375 0.42918742656250003 0.5240288578125 0.42685646874999994 0.5211330890625 0.4269584734375 0.5206083203125 0.4265679140625 0.5208047015624999 0.42527053437499995 0.5200079171875001 0.4236774296875 0.52078744375 0.4237737640625 0.5221596546875 0.42887157187499997 0.52938940625 0.42877106718749997 0.5299064578125 0.42941975625 0.53030485 0.4334273125 0.5375949765625 0.43436455625 0.5383217546875 0.44278768749999997 0.5508029328124999 0.44665507812499994 0.5550785390625 0.449131871875 0.5590918515625 0.4490313671875 0.559608903125
1 0.41471072500000006 0.585485325 0.41500956875000006 0.5858157125 0.4151115734375 0.58529094375 0.4201124765625 0.5819222625 0.42021298125 0.5814052109375 0.4271975484375 0.5770606218750001 0.427298053125 0.5765435703125 0.4343934140625 0.5716839296875 0.44388207656249995 0.5656637171875001 0.45111448281250005 0.5619119015625 0.4541621453125 0.5592527421875 0.45426415000000003 0.558727971875 0.453077565625 0.5574161390625 0.4523778734375 0.5572801328125 0.4512263296875 0.5576008921875 0.447387259375 0.5606508140625001 0.443443065625 0.562318809375 0.44089675625 0.564266534375 0.43895380624999997 0.5649780578125 0.417730515625 0.5792888765625 0.4176285109375 0.5798136453125 0.412627609375 0.5831823265625 0.4120242515625 0.5844185296875 0.4132196265625 0.58574008125 0.41471072500000006 0.585485325
2 0.49392017343749994 0.5965413234375 0.4845664875 0.594450853125 0.47918636875000004 0.594221959375 0.472570159375 0.5929358984374999 0.4658869890625 0.5938072 0.4573916734375 0.5891686046875 0.456342134375 0.5889645953125 0.4547490296875 0.58974411875 0.4551849203125 0.5911823328125 0.46469056249999996 0.59628160625 0.4668288515625 0.5964329578124999 0.47241298125000003 0.5956123125 0.47867934375 0.5968303703125 0.4840579640625 0.59706698125 0.49341165 0.5991574515625 0.49501504374999994 0.5983799265624999 0.49511554843749994 0.5978628734375 0.49392017343749994 0.5965413234375
0 0.4690917828125 0.591218628125 0.4667700359375 0.5882205359375 0.4630931828125 0.586865125 0.4574639078125 0.585610728125 0.4544978109375 0.5865318203125 0.451795025 0.5886253234375001 0.4510249953125 0.59154300625 0.45228067968749996 0.594037553125 0.45752108593749996 0.598556021875 0.46342018593749995 0.59886176875 0.46948933593750003 0.6001055625 0.47539989531250004 0.5985394828125 0.477993809375 0.5968412734374999 0.47808798281250003 0.5944889812499999 0.47548952031249997 0.591925634375 0.4727284625 0.591132659375 0.4690917828125 0.591218628125
1 0.45648229999999995 0.5919791140624999 0.45807540468749997 0.5911995875 0.45793835781250003 0.5900917640625 0.45252574687499997 0.584426603125 0.44921071250000005 0.5791771765625 0.44845482812500004 0.5681783515625 0.44469976562499997 0.5465695546875 0.44237447812499997 0.54177680625 0.4407375421875 0.540914021875 0.439134146875 0.541691546875 0.4390336421875 0.5422085984375 0.44111109062500004 0.546408575 0.44302418593750004 0.5551896625 0.445208828125 0.5699900703125 0.4452778609375 0.577051215625 0.44606671562500005 0.5804641265625 0.45027828124999997 0.5867047140625 0.451565371875 0.5874994984375 0.4554327625 0.5917751046874999 0.45648229999999995 0.5919791140624999
1 0.45946911874999996 0.5933685796875 0.461308565625 0.59318954375 0.4621612640625 0.592538396875 0.4665031875 0.5887693234375 0.4698043625 0.584805959375 0.472570640625 0.5799137171875001 0.474676440625 0.5746287999999999 0.4775715765625 0.559734615625 0.4773170453125 0.5480243578125 0.47613045937500004 0.546712521875 0.47543076875 0.546576515625 0.47383916406250004 0.547348325 0.47368615625 0.5481354781250001 0.4741673796875 0.551208284375 0.47409369375 0.5590585828125 0.4712495609375 0.5736903843750001 0.4691319703125 0.5789810171875 0.466428484375 0.5836051578125 0.4622746109375 0.5882196703125 0.45837424843749996 0.5915299765625 0.45827224375000003 0.5920547453125 0.45946911874999996 0.5933685796875
2 0.45768640156249996 0.6304470796875 0.489394309375 0.6347123906250001 0.4973588984375 0.6365328484375 0.4989607921875 0.635763040625 0.499062796875 0.635238271875 0.497865921875 0.6339244359375 0.4895514859375 0.632035975 0.45819342656249995 0.6278386671875 0.4446008734375 0.6251965421875 0.4378331578125 0.62468991875 0.42768344531249997 0.62109123125 0.42608005000000004 0.6218687578125001 0.42597954531250004 0.622385809375 0.4281631671875 0.6241717546875 0.4352255578125 0.6268980281250001 0.4373246328125 0.627306046875 0.4440938484375 0.6278049546875 0.45768640156249996 0.6304470796875
0 0.423709084375 0.6202225890624999 0.42294505468750004 0.6231094046875 0.42424250468749997 0.6250594640625 0.4279273296875 0.6270331 0.42943422968749995 0.6292240921875 0.435337971875 0.63181324375 0.441325553125 0.6312792515625001 0.44579981562500004 0.6322130296874999 0.4504721796875 0.6301499875000001 0.45176071875 0.6266523453125 0.45083432500000004 0.6246062265625001 0.4474581421875 0.6219237421875 0.44371535624999997 0.6220611671875 0.43203727656249996 0.6192385734375 0.426683946875 0.618926790625 0.423709084375 0.6202225890624999
1 0.397235328125 0.6233096375 0.4198430609375 0.6241802734374999 0.42692140937499995 0.6250115671875001 0.43021274218750005 0.6248344421875001 0.431804346875 0.6240626328125 0.4319063515625 0.6235378640625 0.43071976718749994 0.62222603125 0.429670228125 0.6220220203125 0.4270800875 0.622327434375 0.42001202812500005 0.621498140625 0.3973940046875 0.6206255046875 0.3890228953125 0.6208964078125 0.3699822078125 0.6239787078125001 0.3690392921875 0.62514890625 0.3702243796875 0.6264684593750001 0.3720246125 0.626546090625 0.380988790625 0.625036984375 0.3836824359375 0.6241990859375 0.397235328125 0.6233096375
1 0.439672603125 0.6245108828125 0.45412919687500003 0.622707903125 0.4728989109375 0.6228325015625 0.47450230624999995 0.622054978125 0.47460281093749995 0.6215379249999999 0.47340743593749995 0.6202163734374999 0.4723681875 0.6200143640625 0.4585659546875 0.6203187578125 0.454287875 0.620023771875 0.445064065625 0.6209458203125 0.4379903359375 0.622013503125 0.4359875921875 0.62297769375 0.43260604531249996 0.6236738703125 0.4329048875 0.6240042578125 0.4320011859375 0.624917790625 0.433187771875 0.626229625 0.4338874640625 0.62636563125 0.439672603125 0.6245108828125
2 0.434583040625 0.6674497234375 0.4439877296875 0.6692778109375 0.44971619531249996 0.669582425 0.4623102125 0.67175815625 0.4806836984375 0.6739761171875001 0.482276803125 0.673196590625 0.48237880781250003 0.6726718218750001 0.4811922234375 0.6713599859375 0.4790931453125 0.6709519671875 0.46739715937500004 0.669759684375 0.4498748734375 0.66689829375 0.44414490625 0.6666013953125 0.43474021875 0.664773309375 0.4314503875 0.66494271875 0.4233894625 0.6617500515625 0.42179635624999995 0.6625295765625 0.42169585156249995 0.6630466296875 0.4228809375 0.6643661796875 0.43129170937500005 0.66762685 0.434583040625 0.6674497234375
0 0.41991554375 0.6662724875 0.42154437031249997 0.6677263453125 0.4272378703125 0.6710675 0.4348426515625 0.671168209375 0.4368666296875 0.6704243828124999 0.43815099999999996 0.668816003125 0.4379788640625 0.6653067328125 0.4365918296875 0.6637076640624999 0.43118686093749997 0.660310471875 0.42515343124999994 0.657784209375 0.42275790156250004 0.657582853125 0.4203022296875 0.6588994859375 0.41857812968749997 0.6628250265625 0.41991554375 0.6662724875
1 0.4327828078125 0.66737209375 0.434583040625 0.6674497234375 0.43612364374999996 0.6669403 0.4379295484375 0.665120953125 0.4426666484375 0.6630544781250001 0.46025545 0.6599702656249999 0.47052879687500004 0.6592522265625 0.4721204015625 0.6584804171875 0.47222240624999995 0.6579556484375 0.471037321875 0.656636096875 0.46998778281250003 0.6564320875 0.45748292968750004 0.6575332625 0.4454154671875 0.66006493125 0.44098438125 0.6605571 0.43738853281249995 0.662300815625 0.4362879921875 0.6623591906249999 0.434492378125 0.6641805375 0.4329007734375 0.6649523453125 0.43220108125 0.6648163390625 0.43249992343750004 0.6651467281250001 0.43159622343750004 0.666060259375 0.4327828078125 0.66737209375
1 0.4371515515625 0.6709362671875 0.4348308828125 0.6680424984375 0.43383801718750004 0.665679125 0.43220108125 0.6648163390625 0.4305976859375 0.665593865625 0.43049568125000004 0.666118634375 0.4317378890625 0.6690670609375 0.43406884687499997 0.6719628328125 0.43796560937500006 0.6797680125000001 0.44353641718750003 0.6957712218750001 0.4451836421875 0.6966360078125 0.446776746875 0.69585648125 0.446928253125 0.6950770453125 0.44224830624999995 0.681961975 0.4371515515625 0.6709362671875
2 0.4300340453125 0.7094204671875 0.45194820625 0.71204635625 0.4644458875 0.712849878125 0.47291333281250003 0.7139511859375001 0.4745049359375 0.7131793765625 0.47460694062500003 0.7126546078125 0.47342035625 0.7113427734375 0.471671125 0.7110027578125 0.4492659 0.7090903 0.4383613234375 0.707507253125 0.428752625 0.7067287062500001 0.427652084375 0.70678708125 0.4247064265625 0.7089214703125 0.422362628125 0.7098273749999999 0.4217592703125 0.7110635765625 0.42295614531250003 0.7123774109375 0.4247460890625 0.7124530421874999 0.427691746875 0.7103186531250001 0.4300340453125 0.7094204671875
0 0.434174721875 0.7028412375 0.43061543750000003 0.7030784015625 0.42850337656250004 0.7041655 0.42634903125 0.704371421875 0.41736900625000006 0.702665925 0.41436543124999997 0.7041643734374999 0.4136886171875 0.7065475703125 0.41486238125 0.70852965 0.41815296718750006 0.7101143109375 0.418259896875 0.712970203125 0.41945400624999996 0.7146278781250001 0.42282432812500004 0.7161319328125 0.4253289640625 0.7162663984375001 0.42766031875 0.7151498468749999 0.43248754375000004 0.7145424703125001 0.4341631515625 0.7133384984375 0.43984844218749997 0.712217165625 0.4411553125 0.7104930281249999 0.4415649015625 0.70602365625 0.43915338437500007 0.7038170015625 0.434174721875 0.7028412375
1 0.4586483875 0.70548411875 0.46511725937500004 0.7056603546875 0.47388921875 0.705195071875 0.475480821875 0.7044232640625 0.47558282656250006 0.70389849375 0.47439774218749997 0.7025789437500001 0.47334820312500003 0.702374934375 0.46383583906250003 0.7029685953125 0.4584557203125 0.7027397 0.44664177031249996 0.7039671656250001 0.4362272046875 0.705466640625 0.4318909515625 0.7073387359375001 0.43133859531249996 0.7083125531250001 0.43252368125 0.7096321046875 0.43357321875 0.7098361140625 0.43676821875 0.7082867796875 0.4475836328125 0.706592921875 0.4586483875 0.70548411875
1 0.3913657546875 0.7019041125000001 0.389763859375 0.7026739203125001 0.38966185468750003 0.7031986890625 0.3908587296875 0.7045125234375 0.4137539671875 0.709507503125 0.42230745625 0.7119790203125 0.424046396875 0.7123170359375 0.425648290625 0.7115472281249999 0.42575029531249997 0.711022459375 0.4245534203125 0.7097086234375001 0.4194283125 0.7081678078125 0.3913657546875 0.7019041125000001
2 0.4479746015625 0.5222507625 0.456531209375 0.526628975 0.4606634515625 0.52580641875 0.4667942671875 0.5259089343750001 0.49437560312500006 0.5290998234375001 0.5050833406249999 0.5298277140625001 0.5066749453125 0.52905590625 0.50677695 0.5285311359375 0.505591865625 0.5272115859375 0.50420276875 0.5269415734375 0.4945327796875 0.5264234109375 0.4669514453125 0.523232521875 0.46082212968749997 0.5231222875 0.4570907359375 0.5237504609375 0.45604119687500005 0.5235464515625 0.4472455375 0.518585184375 0.446545846875 0.518449178125 0.44495274062499995 0.5192287046875 0.44485223593749995 0.5197457562500001 0.44538863125 0.520666915625 0.4479746015625 0.5222507625
1 0.4742637125 0.5525804937500001 0.4759516515625 0.5531808953125 0.47755354531250005 0.5524110859375 0.4770578625 0.5512255406250001 0.4774572109375 0.5510388765625 0.4767575203125 0.5509028703125 0.47025465625 0.5452980828125 0.46122249843749996 0.5359500875000001 0.4587559921875 0.5319387765625 0.455424996875 0.528584328125 0.45365206562499993 0.5228177625 0.45246698125 0.5214982109374999 0.45176728749999995 0.5213622046874999 0.4501741828125 0.52214173125 0.45002267656250006 0.5229211671875 0.4514952640625 0.5283650625 0.45679708124999996 0.5345452765625 0.459275375 0.538550871875 0.4605624671875 0.539345653125 0.4643788546875 0.5438836453125 0.4653773890625 0.5443500390625 0.46959462500000004 0.5486936499999999 0.47153040625 0.549886821875 0.4742637125 0.5525804937500001
2 0.5447376796875 0.318407534375 0.5521484156249999 0.3212095265625 0.5531876640625 0.3214115375 0.5547910593750001 0.3206340109375 0.5548930640624999 0.3201092421875 0.5536961875 0.31879540781250004 0.5452447046875 0.315799121875 0.5226993156249999 0.31087214531249996 0.4982516875 0.30639230624999997 0.48426290468750005 0.3058435421875 0.483163865625 0.3058942 0.48156047031250004 0.30667172656249997 0.481458465625 0.30719649531250004 0.48265534062500004 0.308510328125 0.483704878125 0.3087143375 0.49132529375 0.30856981562499997 0.4977446625 0.30900071875 0.532296671875 0.31544465 0.5447376796875 0.318407534375
2 0.5234268953125001 0.4466102109375 0.5250287890625 0.4458404015625 0.52513079375 0.4453156328125 0.52393541875 0.44399408124999995 0.4999045984375 0.4374248828125 0.48945037343750003 0.4353927875 0.4865598875 0.4353755296875 0.47790589531250005 0.433421065625 0.47486807343750004 0.43229398437500005 0.4717864203125 0.42952459374999996 0.47009848125 0.4289241921875 0.46849658906249997 0.42969400156250004 0.4689922703125 0.43087954687499996 0.46859142187499997 0.431073928125 0.4692911140625 0.431209934375 0.47202442187500004 0.43390360625 0.477047525 0.4359691921875 0.48605136406250005 0.437991659375 0.48894184999999996 0.43800891562500005 0.4990462296875 0.4399730078125 0.5213381078125 0.44620419062499994 0.5234268953125001 0.4466102109375
3 0.50020344375 0.43775527031249994 0.49974592187500005 0.44010901406249997 0.5000061234375 0.4499222953125 0.4980302 0.45821973125 0.4983017421875 0.46423905468750004 0.4950510890625 0.48096221406249995 0.49349764531250007 0.48527331250000005 0.49068288437499996 0.5034346859375 0.4875615375 0.5139441421875001 0.48359835 0.534332971875 0.4831588578125 0.5440102453125 0.476899721875 0.57994631875 0.47582750156250003 0.5873302218750001 0.4762226796875 0.58903281875 0.47305705312499996 0.594111725 0.469394209375 0.6148232250000001 0.4675362515625 0.6207009140624999 0.46436495312500004 0.6276767984375 0.46241167968749997 0.6451967421875 0.459560375 0.6617332390625 0.459273890625 0.6706233578125 0.451241825 0.7007928640625 0.445863740625 0.7265928984375 0.44085203437500003 0.75979218125 0.4412302 0.7671857140625 0.4421164421875 0.768174878125 0.44346482343750004 0.768709275 0.44540777499999995 0.7679977515624999 0.4456612875 0.766693546875 0.4450909 0.7603438359375 0.44555409375000005 0.7560931125 0.45009081718750005 0.72715026875 0.45303695624999996 0.7119936984375 0.46345146562500006 0.671435396875 0.46373794999999995 0.6625452765625 0.46658925625 0.6460087796875 0.468501815625 0.6287532203125 0.47166282343750005 0.6217753359375 0.47358207343750003 0.6156372640625001 0.4771939140625 0.59518815 0.4796948921875 0.5916058296875 0.48045125625 0.5895824734375 0.48005607812499995 0.5878798765625 0.481077296875 0.5807583562499999 0.487397725 0.5445618984375 0.4878269265625 0.5348826250000001 0.4916881078125 0.5150185656249999 0.4948197453125 0.504511109375 0.4966596734375 0.4913098921875 0.49762571875 0.48634001875 0.49918795156250007 0.4820386375 0.5024896062499999 0.4650530921875 0.502207775 0.45903176874999996 0.5042347 0.45047194843750005 0.5039744984375 0.44065866875 0.504330015625 0.4388296921875 0.507738865625 0.43244457968749994 0.508298390625 0.4295660671875 0.5100069421875 0.4133600484375 0.5106107828125 0.3991016625 0.5110173015624999 0.39701030312499996 0.5149856765624999 0.38774667812499997 0.5169601 0.379456959375 0.522723553125 0.342335340625 0.523005865625 0.3353344828125 0.532402309375 0.2869939734375 0.531505778125 0.2860028109375 0.5301676859375 0.2854704140625 0.5282144453125001 0.2861799359375 0.518767 0.3347828296875 0.5184949750000001 0.3417856875 0.5128232374999999 0.3783805359375 0.5107978140625 0.386932640625 0.5075858015625 0.3941729078125 0.50642291875 0.398287625 0.505819078125 0.412546009375 0.5040698156250001 0.4290164140625 0.50361229375 0.43137015781250004 0.50020344375 0.43775527031249994
0 0.4851987859375 0.301852884375 0.4789783671875 0.3052327875 0.47873976249999994 0.3084379734375 0.48008866250000004 0.3103980328125 0.480940053125 0.3128300109375 0.48321133437499997 0.314384725 0.486947090625 0.314942696875 0.4905041703125 0.313728034375 0.4996028359375 0.3065828640625 0.5000818265625 0.30477788906250003 0.49903062187499997 0.30189061562499997 0.49706995000000004 0.30027614687500004 0.4929307203125 0.299047096875 0.4907266625 0.2995637078125 0.489489428125 0.30076479375 0.4851987859375 0.301852884375