1 0.45201608281250005 0.6259471671875 0.461583746875 0.6279740828125 0.465121415625 0.62649485 0.46527949218750003 0.625496790625 0.46237207812500003 0.62299675625 0.4528044140625 0.620969840625 0.4492667453125 0.622449075 0.44910866875 0.6234471328125 0.45201608281250005 0.6259471671875
0 0.45365338906249997 0.51667556875 0.45129832187499996 0.5173920921875 0.4500444609375 0.5188078640625 0.44878361250000004 0.5203354671875 0.4494949015625 0.522142209375 0.45120125624999996 0.5234222796875 0.456654878125 0.5258273328125 0.46069182499999994 0.5269516953125 0.46473460937500005 0.52722661875 0.46692223437499997 0.5268223921875 0.468281715625 0.5257555234375 0.46854515937499996 0.5236181890625 0.46710521875 0.5211977796875 0.46132795312499997 0.51792431875 0.45365338906249997 0.51667556875
1 0.456661246875 0.48725634375000004 0.45827251718750006 0.48751154375 0.46179972343750003 0.486030653125 0.46495715468750004 0.46609542031249995 0.4620602015625 0.46359704218750003 0.46044893125 0.46334184218749996 0.45692172500000006 0.46482273281250003 0.45376429375000005 0.48475796562499995 0.456661246875 0.48725634375000004
1 0.45126937500000003 0.4848677125 0.45256449375 0.48711902812499996 0.45167981875 0.4874904578125 0.45401768750000004 0.48837228593750004 0.45909443124999993 0.49275055156249997 0.4629540703125 0.49438495312499997 0.46649276562499997 0.4928992390625 0.4660022578125 0.490782003125 0.4587457203125 0.4845238515625 0.4548070453125 0.483388478125 0.45126937500000003 0.4848677125
1 0.467791590625 0.443053034375 0.465453721875 0.44217120468750004 0.4626253453125 0.43917214062500004 0.4557907421875 0.435531909375 0.4461953109375 0.4283984078125 0.44225663437499996 0.42726303593750004 0.438718965625 0.4287422703125 0.44001408125 0.4309935859375 0.4391294078125 0.43136501406249994 0.44074067968749997 0.4316202140625 0.4480762546875 0.4373793375 0.4496770625 0.43763288125 0.4578973109375 0.44302057499999997 0.4607256875 0.446019640625 0.4646643640625 0.4471550125 0.468192596875 0.44566764062499997 0.467791590625 0.443053034375
1 0.49928355937499996 0.43680676093750004 0.49767228750000003 0.43655155937499995 0.466906915625 0.4434244625 0.464901478125 0.4456579265625 0.4677974046875 0.448162784375 0.4694086765625 0.4484179859375 0.48909043125 0.4438753453125 0.49070170312499994 0.44413054531249996 0.4993788765625 0.441419140625 0.5009901484375 0.441674340625 0.50026355 0.4410477109375 0.502190975 0.43930679531249994 0.49928355937499996 0.43680676093750004
1 0.428105296875 0.5894741890625 0.4609259671875 0.5956955671874999 0.46445317499999994 0.5942146765625 0.4646112515625 0.59321661875 0.461715325 0.590711759375 0.428893628125 0.5844968625 0.425366421875 0.585977753125 0.42520834531249996 0.5869758109375 0.428105296875 0.5894741890625
3 0.459656321875 0.629715 0.462799825 0.630724428125 0.46713369374999997 0.62936465625 0.4743345546875 0.6151853140625 0.48021355625 0.593641590625 0.48405378125 0.5329637953125 0.4859736671875 0.44797898125 0.49116571249999996 0.4099835140625 0.49089604218750005 0.401257784375 0.49372001406250005 0.378213740625 0.49131019218749994 0.351783009375 0.500243440625 0.3005948859375 0.4980636484375 0.2987149984375 0.49493060624999996 0.2977072265625 0.49059673750000005 0.2990669984375 0.4816634890625 0.35025512187499996 0.48407331249999996 0.376685853125 0.48117030156249996 0.40022892656250003 0.481429509375 0.4089529984375 0.47623849218750003 0.446941984375 0.4743175796875 0.531933278125 0.4705668546875 0.592113703125 0.46611430625 0.6097976187499999 0.4574869921875 0.62783676875 0.459656321875 0.629715
2 0.471635521875 0.3302777171875 0.46809682812500003 0.3317634328125 0.46793874999999996 0.3327614890625 0.470846165625 0.335261525 0.4885387609375 0.33806375625 0.50631039375 0.340366959375 0.5098480624999999 0.3388877265625 0.510006140625 0.3378896671875 0.507098725 0.3353896328125 0.48940612968749997 0.3325874015625 0.471635521875 0.3302777171875
2 0.4731210296875 0.3729049921875 0.47602741875000004 0.3754115078125 0.5038676875 0.3818605203125 0.507885403125 0.3824968640625 0.5114230734375 0.38101762968749997 0.51158115 0.380019571875 0.5086747593750001 0.37751305625 0.4768167765625 0.3704277015625 0.47327910781250004 0.3719069359375 0.4731210296875 0.3729049921875
0 0.44918041875 0.48153400468749996 0.45373207656250003 0.48482594062500006 0.451147225 0.4856389390625 0.4509324765625 0.48516645625 0.4506843765625 0.485784865625 0.4483545390625 0.486545246875 0.450750484375 0.48726354374999997 0.4535426109375 0.48967888437499996 0.45596749531249997 0.4902821828125 0.4583844734375 0.489987359375 0.4618012359375 0.4910998609375 0.4660072640625 0.490005509375 0.46705820937500003 0.486823653125 0.46636923125 0.4854854875 0.4642130125 0.48379535156250003 0.4552442859375 0.4809664296875 0.44918041875 0.48153400468749996
1 0.49219486718749994 0.35141157968750003 0.4886666328125 0.3528989515625 0.486108953125 0.3586191359375 0.47665869843750003 0.3714257578125 0.47642261093749994 0.3729163640625 0.4793185359375 0.3754212234375 0.4809298078125 0.375676425 0.4844685046875 0.3741907078125 0.49407580781249993 0.3603925109375 0.4967020625 0.3541716390625 0.4938061375 0.35166677968750004 0.49219486718749994 0.35141157968750003
1 0.4437627 0.31360588906250003 0.4398229953125 0.3124769984375 0.43628532499999995 0.31395623281249996 0.43758044375000005 0.3162075484375 0.4366967953125 0.3165724953125 0.4383080671875 0.3168276953125 0.450956475 0.32547447812499997 0.470925203125 0.3347624953125 0.4725260109375 0.3350160390625 0.47606368125 0.33353680625000004 0.4748476015625 0.3307864609375 0.4564111046875 0.322252671875 0.4437627 0.31360588906250003
2 0.4754853953125 0.41005108906250004 0.4719571625 0.4115384609375 0.4717990859375 0.41253651874999997 0.47469603749999995 0.41503489687500006 0.4891765546875 0.4173283859375 0.50454174375 0.4192504453125 0.5080689515625 0.417769553125 0.508227028125 0.4167714953125 0.5053311015624999 0.41426663750000003 0.49085058593750003 0.41197314843750005 0.4754853953125 0.41005108906250004
2 0.46240553437500004 0.4457741546875 0.4622474578125 0.44677221093749997 0.465154871875 0.449272246875 0.48196279375 0.4524459078125 0.497817465625 0.45649168281249997 0.5026408171875001 0.45725562656249996 0.5061795124999999 0.4557699109375 0.5063365625 0.454778334375 0.503430175 0.45227181875 0.465943203125 0.4442949203125 0.46240553437500004 0.4457741546875
2 0.45409672656250005 0.48787325781249996 0.5030777578125 0.49614263750000004 0.5066164546875 0.49465692343749995 0.5067745312499999 0.49365886562499994 0.5038671156250001 0.4911588296875 0.454886084375 0.4828894484375 0.4513473875 0.48437516562500005 0.45119033750000004 0.48536674062499996 0.45409672656250005 0.48787325781249996
2 0.45580306875 0.5238920390625 0.506326796875 0.5329173046875 0.5098550296875 0.5314299328125001 0.51001208125 0.53043835625 0.5071161546875 0.5279334984374999 0.4565924265625 0.51890823125 0.45306419375000007 0.520395603125 0.4529061171875 0.5213936593749999 0.45580306875 0.5238920390625
1 0.47509996875000005 0.3344072640625 0.4792757609375 0.33404555 0.500631546875 0.324147671875 0.5008686609375 0.3226505859375 0.49797170937499996 0.3201522078125 0.4963604390625 0.31989700781249997 0.4733143421875 0.3300387125 0.47220404374999997 0.331902403125 0.47509996875000005 0.3344072640625
2 0.4541497203125 0.5604017921875 0.49509532187499994 0.567398484375 0.49862252968750004 0.56591759375 0.49878060625 0.5649195359375 0.4958846796875 0.5624146765625 0.4549380515625 0.5554244640625 0.45140038125000004 0.5569036984375 0.4512423046875 0.5579017562499999 0.4541497203125 0.5604017921875
2 0.49436164062500004 0.5928197859375001 0.4827095 0.5935253625 0.45929841875 0.5903289578125 0.45577018437500005 0.59181633125 0.4556121078125 0.5928143890625 0.45850906093750005 0.5953127671875 0.48762816875 0.598901684375 0.4959891890625 0.5981863953125 0.499517421875 0.5966990234375 0.49967447187499997 0.595707446875 0.496778546875 0.5932025875 0.49436164062500004 0.5928197859375001
0 0.489787053125 0.411984075 0.48603049531250003 0.40949570468749996 0.4834638671875 0.4087038703125 0.4802424765625 0.408931078125 0.4758550875 0.40812324375 0.47392227968749995 0.4084083875 0.4720933953125 0.4095271359375 0.469021365625 0.409691634375 0.46719655312499997 0.41112327187500003 0.46759431874999996 0.41335204374999995 0.46989764687499996 0.414925965625 0.4751021234375 0.4161953875 0.47700703750000006 0.41777928593749997 0.47917710468749997 0.41850166875 0.488029571875 0.4188142328125 0.49098804218750003 0.41774152343750004 0.49204701718750005 0.41620187656249996 0.49189618125 0.414716421875 0.489787053125 0.411984075
0 0.4699962375 0.3715065609375 0.47268811250000003 0.3732682515625 0.475382290625 0.37650515625000003 0.4821382703125 0.3786780140625 0.48753730781250004 0.3792607546875 0.49033366875000006 0.3785344046875 0.4915429953125 0.37726437968750004 0.4909463109375 0.3742600328125 0.48723270156250004 0.3710941875 0.4823203171875 0.37028292500000004 0.47446902187499995 0.367983090625 0.47134017500000003 0.36803229531250004 0.4694913578125 0.369480059375 0.4699962375 0.3715065609375
0 0.4676605234375 0.32923624375 0.46586236249999996 0.3308381890625 0.46648683281250003 0.332989928125 0.47198765312499996 0.3371961953125 0.476103803125 0.33822680625 0.48091841874999997 0.33816557812500003 0.484588 0.3367338109375 0.48496194218750005 0.33342479687500004 0.4811316578125 0.32970899375 0.47809993124999994 0.32900958125 0.473318684375 0.32974044375 0.4699667140625 0.3289637359375 0.4676605234375 0.32923624375
1 0.4565431390625 0.39428217656250003 0.45301490624999996 0.39576954999999997 0.4534263765625 0.3983858125 0.45575378125 0.39926598593749996 0.47260472187499997 0.41266411875 0.4764653859375 0.414292040625 0.47999259375000003 0.4128111484375 0.48015067031249997 0.41181309062500004 0.47595859999999995 0.40706339687500004 0.47363119375 0.40618322500000004 0.460492278125 0.39541920625000004 0.4565431390625 0.39428217656250003
0 0.44956145156250005 0.5560543890625 0.4503201203125 0.5579682874999999 0.4537526203125 0.5615546515625 0.458104515625 0.5623834359375001 0.46093165 0.5635619937499999 0.4654551265625 0.5637137453125 0.4675475984375 0.5629622750000001 0.4684019828125 0.5619017703125 0.46831174375 0.559695134375 0.46734540156250004 0.5582798203125 0.4593396328125 0.5539757640625 0.4558985953125 0.55349055 0.4511597921875 0.5544274375 0.44956145156250005 0.5560543890625
2 0.45756603125 0.6273377390625 0.48411015468749996 0.631541915625 0.4876373625 0.6300610265625 0.4877954390625 0.6290629671875 0.4848984859375 0.6265645890625 0.4583543625 0.6223604125 0.4548166921875 0.623839646875 0.454658615625 0.62483770625 0.45756603125 0.6273377390625
1 0.4527490671875 0.5223852375 0.4551659734375 0.5227680375 0.45869318124999997 0.521287146875 0.4582036984375 0.51916343125 0.4362064125 0.5018941984375 0.43378950625 0.5015113984374999 0.43026229843749997 0.5029922890625 0.43075178125 0.5051160046875001 0.4527490671875 0.5223852375
0 0.4603663703125 0.6219815203125 0.45825609062500006 0.6223714218749999 0.4568816453125 0.623329625 0.45535061875 0.624734715625 0.45502364218749997 0.62625743125 0.4560906671875 0.6281205171875001 0.458007934375 0.629287834375 0.4631350671875 0.630571578125 0.47099594375000003 0.63152430625 0.473440403125 0.6313268453124999 0.47503006562500005 0.63029643125 0.4746711078125 0.62775491875 0.468274590625 0.6233802140625 0.46461552968750003 0.6223754953125 0.4603663703125 0.6219815203125
1 0.455961146875 0.52289398125 0.45757241718749997 0.52314918125 0.48907485 0.516904565625 0.491069825 0.5146694453125 0.4881738984375 0.5121645859374999 0.4865626265625 0.5119093859375 0.45506963125000005 0.518162140625 0.45306419375000007 0.520395603125 0.455961146875 0.52289398125
0 0.47347782499999996 0.4438539921875 0.4635288375 0.44125513281249995 0.46095878749999997 0.44177151875 0.4597779671875 0.44313242500000005 0.4577494984375 0.443953825 0.45705817812499994 0.44533911249999997 0.457835721875 0.4472692875 0.45944360624999997 0.44849389687499996 0.463074990625 0.44933479062500004 0.466782746875 0.451589553125 0.4706715953125 0.4524977984375 0.47369660468749997 0.4526978875 0.4771893078125 0.45157027968749996 0.478438703125 0.4497086875 0.47797389375000005 0.44709061875 0.47347782499999996 0.4438539921875
1 0.45598067656249996 0.3666160390625 0.4477767078125 0.3663397546875 0.4442495 0.36782064375 0.44409142343749997 0.368818703125 0.44698735 0.37132356093749996 0.45020989218749996 0.3718339625 0.4559969546875 0.3717274484375 0.4785233640625 0.37529528125 0.482051596875 0.3738079078125 0.4822086484375 0.37281633125 0.47931272187499996 0.370311471875 0.45598067656249996 0.3666160390625
1 0.5030386874999999 0.40266944374999997 0.49628791406249995 0.40364641562500003 0.490106684375 0.40624159375 0.48247226093749995 0.4075835125 0.47886498906249997 0.4095699125 0.4777442265625 0.4114319484375 0.48064015312499997 0.41393680625 0.48225142343750005 0.41419200624999997 0.5055509125000001 0.40766462187499997 0.50755635 0.40543115937499996 0.504649959375 0.40292464375000003 0.5030386874999999 0.40266944374999997
0 0.47112176093749997 0.5905739421875 0.467577284375 0.5904709515625 0.4596251609375 0.5890785890625 0.45762851250000003 0.5896990796875 0.4551184109375 0.5917330296875 0.45453069375000005 0.59314136875 0.45510119375 0.5954307187500001 0.45629179375 0.596649028125 0.458440503125 0.597573975 0.4641666984375 0.598799803125 0.46676276874999995 0.5985931375 0.4703925328125 0.5992411125 0.4733054421875 0.5983206296875 0.47454347343750003 0.5972079515625001 0.47502658125 0.59368370625 0.4732247125 0.5915846499999999 0.47112176093749997 0.5905739421875
1 0.45591804218750004 0.5596654140624999 0.45751885156250005 0.5599189578125 0.48870615468749995 0.5556639750000001 0.49071261875000005 0.55342403125 0.4878052046875 0.550923996875 0.48619393281249995 0.5506687968749999 0.455017090625 0.5549254343750001 0.453011653125 0.5571588984375 0.45591804218750004 0.5596654140624999
1 0.4365490625 0.53616235 0.4330208296875 0.537649721875 0.4334218390625 0.5402643281249999 0.43713386249999997 0.5428984453125001 0.44479140624999997 0.551771203125 0.452047940625 0.5580293562499999 0.4551914453125 0.559038784375 0.45871967968750005 0.5575514140625 0.45895576718750003 0.5560608078125 0.4481557453125 0.5461721390625 0.44048774062499996 0.537297721875 0.4365490625 0.53616235
1 0.46392429531249996 0.5767648734375 0.457697609375 0.590075415625 0.45738145625 0.59207153125 0.46027840937500003 0.5945699078125 0.4618896796875 0.594825109375 0.4654168875 0.59334421875 0.4716550609375 0.580028853125 0.4719701875 0.5780392187500001 0.4690638 0.575532703125 0.46745252812500004 0.5752775031249999 0.46392429531249996 0.5767648734375
1 0.46439481875000005 0.6258682203125 0.46148842968750003 0.6233617046875 0.45987715781249994 0.6231065046875 0.4573916765625 0.6232243890625 0.45209409375 0.6254546203125 0.43271803125 0.6279994859375 0.43072203125 0.6302410875 0.43361898437499996 0.632739465625 0.43523025468750004 0.632994665625 0.456286165625 0.6302043140625 0.4631950171875 0.6282292828125 0.46246841875 0.6276026546875 0.464236740625 0.626866278125 0.46439481875000005 0.6258682203125