1 0.555556640625 0.44700649375 0.56044921875 0.4474740265625 0.5891015625 0.4474740265625 0.59189453125 0.4456103890625 0.59189453125 0.44468181875 0.5891015625 0.44282467499999995 0.555556640625 0.4423636359375 0.552763671875 0.44422077968749996 0.552763671875 0.44514935 0.555556640625 0.44700649375
0 0.54650390625 0.48796103906250005 0.5495703125 0.4885454546875 0.552939453125 0.49007792187500004 0.556494140625 0.49059740312500005 0.560087890625 0.48977922031250004 0.565478515625 0.4860129875 0.565390625 0.483590909375 0.562734375 0.4823116890625 0.5619433593750001 0.48048051875000003 0.5587695312500001 0.47861038906250003 0.55259765625 0.4788116890625 0.5492285156250001 0.48049350625000004 0.54505859375 0.48096753281250004 0.541982421875 0.4837922078125 0.542626953125 0.48599350625 0.54650390625 0.48796103906250005
1 0.5296972656250001 0.564564934375 0.542275390625 0.5664285718750001 0.555556640625 0.5706103890625001 0.5569531249999999 0.5706103890625001 0.5597460937500001 0.568746753125 0.558349609375 0.5664285718750001 0.548564453125 0.563175325 0.54158203125 0.5613116890625001 0.5296972656250001 0.559922078125 0.526904296875 0.5617792203125 0.526904296875 0.5627077921875 0.5296972656250001 0.564564934375
1 0.567431640625 0.5724675328125 0.57302734375 0.572928571875 0.5772167968749999 0.575253246875 0.5925878906250001 0.579435065625 0.596083984375 0.581759740625 0.599580078125 0.5822272734375 0.602373046875 0.5803636359375 0.6009765625 0.57850649375 0.6016796875 0.5780454546875 0.6002832031249999 0.5780454546875 0.596787109375 0.5757207796875 0.581416015625 0.5715389609375 0.5758203125 0.568746753125 0.567431640625 0.56781818125 0.5646386718749999 0.56968181875 0.5646386718749999 0.5706103890625001 0.567431640625 0.5724675328125
2 0.46820312499999994 0.40100649375 0.47099609375 0.40286363593749996 0.48846679687499994 0.40193506562500003 0.518515625 0.40193506562500003 0.540185546875 0.404259740625 0.5499609375000001 0.404259740625 0.5569531249999999 0.40518831093749996 0.56044921875 0.40518831093749996 0.5632421875 0.40333116875 0.5632421875 0.402402596875 0.56044921875 0.4005389609375 0.55625 0.400077921875 0.540185546875 0.3996103890625 0.518515625 0.3972857140625 0.48846679687499994 0.3972857140625 0.47099609375 0.3982207796875 0.46820312499999994 0.400077921875 0.46820312499999994 0.40100649375
2 0.4744921875 0.529253246875 0.47728515624999995 0.5311103890625 0.484970703125 0.5311103890625 0.5087304687499999 0.5297207796875 0.54716796875 0.5297207796875 0.5639453125 0.53064935 0.5667382812499999 0.5287857140625001 0.5667382812499999 0.5278571421875 0.5639453125 0.526 0.54716796875 0.525071428125 0.5087304687499999 0.525071428125 0.47728515624999995 0.5264675328124999 0.4744921875 0.528324675 0.4744921875 0.529253246875
2 0.47099609375 0.5715389609375 0.47728515624999995 0.572 0.56953125 0.572 0.5723242187500001 0.5701428578125001 0.5723242187500001 0.5692142859375 0.56953125 0.5673571421875 0.5038476562499999 0.56781818125 0.47099609375 0.5668896109375 0.46820312499999994 0.568746753125 0.46820312499999994 0.56968181875 0.47099609375 0.5715389609375
2 0.47798828125000004 0.6175389609375 0.52900390625 0.6198636359374999 0.56953125 0.61800649375 0.5723242187500001 0.6161428578125 0.5723242187500001 0.6152142859375 0.56953125 0.6133571421874999 0.5296972656250001 0.6152142859375 0.47798828125000004 0.6128896109374999 0.4751953125 0.614753246875 0.4751953125 0.6156818187499999 0.47798828125000004 0.6175389609375
1 0.5625390625 0.6142857140625 0.5625390625 0.6152142859375 0.5653417968750001 0.617071428125 0.56953125 0.6175389609375 0.582109375 0.6175389609375 0.6009765625 0.6161428578125 0.60376953125 0.6142857140625 0.60376953125 0.6133571421874999 0.6009765625 0.6115 0.596787109375 0.6115 0.582109375 0.6128896109374999 0.5653417968750001 0.612428571875 0.5625390625 0.6142857140625
2 0.47169921875 0.44468181875 0.4744921875 0.44654545468749995 0.517119140625 0.44514935 0.54716796875 0.4456103890625 0.5569531249999999 0.44700649375 0.5597460937500001 0.44700649375 0.5625390625 0.44514935 0.5625390625 0.44422077968749996 0.5597460937500001 0.4423636359375 0.54787109375 0.4409675328125 0.5038476562499999 0.4405 0.4744921875 0.44189610312500005 0.47169921875 0.44375324687499995 0.47169921875 0.44468181875
2 0.47659179687500003 0.48325324687500004 0.47379882812499996 0.4851103890625 0.47379882812499996 0.4860389609375 0.47659179687500003 0.48789610312500004 0.49685546875000003 0.4869675328125 0.54716796875 0.4869675328125 0.5569531249999999 0.4860389609375 0.5597460937500001 0.48418181875000005 0.5597460937500001 0.48325324687500004 0.5569531249999999 0.48138961093750005 0.55345703125 0.48138961093750005 0.54716796875 0.482324675 0.49685546875000003 0.482324675 0.47659179687500003 0.48325324687500004
2 0.472392578125 0.6635389609375 0.48846679687499994 0.66400649375 0.495458984375 0.664935065625 0.5450781250000001 0.665402596875 0.5569531249999999 0.6644675328125 0.57302734375 0.6644675328125 0.5758203125 0.6626103890625 0.5758203125 0.66168181875 0.57302734375 0.6598246750000001 0.521318359375 0.6607532468749999 0.495458984375 0.6602857140625 0.48846679687499994 0.6593571421875 0.472392578125 0.658896103125 0.469599609375 0.6607532468749999 0.469599609375 0.66168181875 0.472392578125 0.6635389609375
0 0.55009765625 0.6182857140625 0.551396484375 0.6192272734375 0.5624414062499999 0.6208051953125 0.5690625 0.6196233765625 0.573857421875 0.6177792203125 0.57419921875 0.6153636359375 0.5704296875 0.6120259734375 0.5667089843750001 0.6111168828125 0.5606054687500001 0.611077921875 0.5583984375 0.6115389609374999 0.553818359375 0.6115454546875 0.5506054687499999 0.613253246875 0.549091796875 0.6160844156249999 0.55009765625 0.6182857140625
1 0.5255078125 0.6115 0.54087890625 0.6133571421874999 0.554853515625 0.617071428125 0.5569531249999999 0.617071428125 0.5597460937500001 0.6152142859375 0.558349609375 0.6128896109374999 0.5506640625 0.610571428125 0.538779296875 0.608246753125 0.5255078125 0.6068506499999999 0.52271484375 0.6087077921875 0.52271484375 0.6096428578124999 0.5255078125 0.6115
0 0.5722265625 0.6674870125 0.5783105468749999 0.6642207796874999 0.5792871093749999 0.663064934375 0.5791015625 0.6602857140625 0.576552734375 0.6588831171875 0.567509765625 0.6575519484375 0.5643359375 0.6581623375000001 0.5613378906250001 0.6597922078125 0.5601464843749999 0.6626103890625 0.561376953125 0.6648896109375 0.568994140625 0.6679220781249999 0.5722265625 0.6674870125
1 0.5248046875 0.656571428125 0.530400390625 0.658428571875 0.5632421875 0.66400649375 0.5667382812499999 0.66400649375 0.56953125 0.66214935 0.56953125 0.6612207796875 0.5667382812499999 0.6593571421875 0.5597460937500001 0.658896103125 0.5443749999999999 0.6556428578125 0.53529296875 0.6547142859374999 0.526201171875 0.6523896109375 0.523408203125 0.654246753125 0.523408203125 0.655175325 0.5248046875 0.656571428125
1 0.56953125 0.6644675328125 0.5751269531250001 0.664935065625 0.5870019531249999 0.6677207796875 0.59888671875 0.6714415578125 0.61146484375 0.6765519484375 0.6128613281249999 0.6765519484375 0.6156542968750001 0.6746948046875 0.6142578125 0.6723701296875 0.5974804687499999 0.6658636359375001 0.57861328125 0.6607532468749999 0.56953125 0.6598246750000001 0.5667382812499999 0.66168181875 0.5667382812499999 0.6626103890625 0.56953125 0.6644675328125
3 0.5108300781249999 0.37916883125 0.51572265625 0.42749350625 0.51572265625 0.47442207812500004 0.517822265625 0.4883636359375 0.513623046875 0.538084415625 0.515029296875 0.5524870125 0.5192187500000001 0.571071428125 0.519912109375 0.5789740265625001 0.52201171875 0.6412402593750001 0.521318359375 0.665402596875 0.52271484375 0.680266234375 0.523408203125 0.684915584375 0.5255078125 0.6863116890625001 0.52830078125 0.6867727265625 0.5317968750000001 0.684915584375 0.5296972656250001 0.664935065625 0.5296972656250001 0.60499350625 0.527607421875 0.5706103890625001 0.523408203125 0.55201948125 0.52201171875 0.5376168828125001 0.526201171875 0.4948701296875 0.5241113281249999 0.47442207812500004 0.5241113281249999 0.42749350625 0.5192187500000001 0.37916883125 0.519912109375 0.316435065625 0.517822265625 0.3150454546875 0.515029296875 0.314577921875 0.5115332031250001 0.316435065625 0.5108300781249999 0.334090909375 0.5108300781249999 0.37916883125
0 0.558369140625 0.3663116890625 0.5628124999999999 0.3641298703125 0.5652734374999999 0.36033116875000004 0.5643359375 0.355090909375 0.562373046875 0.3519740265625 0.56001953125 0.351246753125 0.554765625 0.351409090625 0.5508984375 0.352922078125 0.54884765625 0.3558701296875 0.547861328125 0.3609480515625 0.55228515625 0.3653636359375 0.553876953125 0.3659545453125 0.558369140625 0.3663116890625
1 0.552763671875 0.3554675328125 0.555556640625 0.357324675 0.5569531249999999 0.357324675 0.5597460937500001 0.3554675328125 0.5597460937500001 0.35268181875 0.55765625 0.34524675312499997 0.55625 0.33037662343749996 0.55345703125 0.32851948124999997 0.5520605468750001 0.32851948124999997 0.549267578125 0.33037662343749996 0.5506640625 0.3457077921875 0.552763671875 0.3554675328125
1 0.5164257812499999 0.35964935 0.5464746093749999 0.3610454546875 0.55416015625 0.360577921875 0.5569531249999999 0.3587207796875 0.5569531249999999 0.3577922078125 0.55416015625 0.355935065625 0.5373828125 0.356396103125 0.5164257812499999 0.35500649375000004 0.513623046875 0.35686363593750003 0.513623046875 0.3577922078125 0.5164257812499999 0.35964935
2 0.470302734375 0.35964935 0.473095703125 0.36150649375 0.5520605468750001 0.36150649375 0.559052734375 0.3610454546875 0.561845703125 0.3591883109375 0.561845703125 0.35825324687500004 0.559052734375 0.356396103125 0.482177734375 0.356396103125 0.473095703125 0.35686363593750003 0.470302734375 0.3587207796875 0.470302734375 0.35964935
0 0.55064453125 0.40560389687500004 0.55576171875 0.408077921875 0.559208984375 0.408422078125 0.56140625 0.4078831171875 0.566611328125 0.4042142859375 0.566240234375 0.4012857140625 0.56466796875 0.398564934375 0.562763671875 0.39764935 0.55880859375 0.39709740312499997 0.553974609375 0.3986883109375 0.555068359375 0.40348051875 0.550517578125 0.39976623437500003 0.5490625 0.4013831171875 0.5488867187500001 0.4031363640625 0.55064453125 0.40560389687500004
1 0.56603515625 0.392175325 0.5569531249999999 0.39868181874999997 0.554853515625 0.39914934999999996 0.55416015625 0.40146753281249997 0.5569531249999999 0.40333116875 0.56044921875 0.40286363593749996 0.5751269531250001 0.393571428125 0.5849023437499999 0.3907857140625 0.5877050781250001 0.388922078125 0.5877050781250001 0.38799350625 0.5849023437499999 0.3861363640625 0.5828125 0.3861363640625 0.573720703125 0.38846103906249996 0.567431640625 0.392175325 0.56603515625 0.392175325
1 0.521318359375 0.395428571875 0.5255078125 0.396824675 0.552763671875 0.404259740625 0.554853515625 0.404259740625 0.55765625 0.402402596875 0.55765625 0.40146753281249997 0.55345703125 0.39914934999999996 0.542275390625 0.396824675 0.52830078125 0.392175325 0.52271484375 0.391246753125 0.519912109375 0.39310389687499997 0.519912109375 0.3940324671875 0.521318359375 0.395428571875
0 0.5528027343749999 0.4506103890625 0.55556640625 0.45018181874999996 0.5592675781249999 0.45043506562499996 0.561044921875 0.44996103906249996 0.567578125 0.4436168828125 0.567138671875 0.4421233765625 0.5658593749999999 0.44118181874999995 0.5625390625 0.4408116890625 0.556611328125 0.4391363640625 0.552958984375 0.4395259734375 0.5476660156250001 0.4410259734375 0.5459765625 0.4421428578125 0.5440136718749999 0.44498701250000006 0.5443749999999999 0.44671428593750007 0.54734375 0.4486233765625 0.5528027343749999 0.4506103890625
1 0.549267578125 0.44375324687499995 0.5520605468750001 0.4456103890625 0.55345703125 0.4456103890625 0.55625 0.44375324687499995 0.55625 0.4423636359375 0.55345703125 0.43771428593749995 0.54787109375 0.42284415624999994 0.5450781250000001 0.42098701250000004 0.543671875 0.42098701250000004 0.54087890625 0.42284415624999994 0.542275390625 0.428422078125 0.549267578125 0.44375324687499995
0 0.55021484375 0.573571428125 0.558330078125 0.5735324671875001 0.563134765625 0.575090909375 0.56650390625 0.575175325 0.569306640625 0.5739610390625 0.571806640625 0.5740324671875 0.5744140625 0.5733246750000001 0.5765722656250001 0.57068181875 0.576064453125 0.568753246875 0.57248046875 0.5661363640625 0.5682714843750001 0.56501948125 0.56337890625 0.565603896875 0.5548437500000001 0.5648441562500001 0.5506640625 0.56700649375 0.546904296875 0.5677207796875 0.5455078125 0.5697207796875 0.5468066406250001 0.5719740265625 0.55021484375 0.573571428125
1 0.5723242187500001 0.46931168906250004 0.5597460937500001 0.477675325 0.5520605468750001 0.48046103906250004 0.5506640625 0.48278571406250004 0.55345703125 0.4846428578125 0.5646386718749999 0.480928571875 0.5758203125 0.4739610390625 0.580712890625 0.46884415625000003 0.580712890625 0.467915584375 0.577919921875 0.4660584421875 0.5765234375 0.4660584421875 0.5751269531250001 0.4669870125 0.574423828125 0.46652597343749996 0.5723242187500001 0.46931168906250004
1 0.52271484375 0.4795324671875 0.52830078125 0.48046103906250004 0.54087890625 0.4846428578125 0.54787109375 0.4860389609375 0.5499609375000001 0.4860389609375 0.552763671875 0.48418181875000005 0.552763671875 0.48325324687500004 0.5499609375000001 0.48138961093750005 0.54158203125 0.48 0.5310937499999999 0.4762792203125 0.52271484375 0.4748896109375 0.519912109375 0.47674675312500003 0.519912109375 0.477675325 0.52271484375 0.4795324671875
0 0.55021484375 0.5324480515625 0.5528125 0.5332142859375 0.5565234375 0.533090909375 0.56025390625 0.534577921875 0.564716796875 0.5337792203125 0.5675683593749999 0.5321883109375001 0.56828125 0.53035065 0.57052734375 0.529766234375 0.57177734375 0.5285389609375 0.57181640625 0.5270584421875 0.570322265625 0.5256363640624999 0.56947265625 0.52331818125 0.56712890625 0.5219740265625 0.56115234375 0.5218376625000001 0.55654296875 0.5237337656250001 0.5552441406249999 0.524896103125 0.549912109375 0.5255259734375 0.547470703125 0.5276753249999999 0.54810546875 0.5307207796875 0.55021484375 0.5324480515625
1 0.5751269531250001 0.51485065 0.574423828125 0.5162402593750001 0.570234375 0.518564934375 0.5667382812499999 0.52181818125 0.56044921875 0.5241428578125 0.559052734375 0.5264675328124999 0.561845703125 0.528324675 0.571630859375 0.5255324671875 0.5723242187500001 0.5241428578125 0.584208984375 0.5162402593750001 0.5891015625 0.511597403125 0.5946875 0.5078766234375001 0.596787109375 0.507415584375 0.5974804687499999 0.505090909375 0.5946875 0.503233765625 0.593291015625 0.503233765625 0.586298828125 0.5064870125 0.582109375 0.5106688312500001 0.5751269531250001 0.51485065
1 0.5248046875 0.5343636359375 0.527607421875 0.5362207796875 0.52900390625 0.5362207796875 0.5366894531249999 0.533902596875 0.555556640625 0.5315779218750001 0.558349609375 0.5297207796875 0.558349609375 0.5287857140625001 0.555556640625 0.526928571875 0.55345703125 0.526928571875 0.5317968750000001 0.53018181875 0.526201171875 0.5320389609375 0.5248046875 0.5343636359375