2 0.48464412343749996 0.5763478921875 0.5018879578125001 0.5756069562499999 0.5074379609374999 0.574528628125 0.5096991640625 0.573269840625 0.509727534375 0.5727285125 0.508329234375 0.571553396875 0.5072292328125 0.5714957484375 0.49982788281249996 0.5730279687500001 0.482583625 0.573776984375 0.4667133296875 0.575959096875 0.445950775 0.5809067578125 0.44446609531250003 0.581379865625 0.4436612015625 0.5827068734374999 0.4450599234375 0.583873909375 0.446159925 0.5839315578125001 0.4661999328125 0.57894603125 0.4750571671875 0.5774901109374999 0.48464412343749996 0.5763478921875
0 0.48274526093750003 0.3629058375 0.48519868906249997 0.3614869875 0.4875448546875 0.3575752890625 0.4876310359375 0.3557245140625 0.48651044375 0.35358364375 0.48254126406250003 0.351941625 0.479694821875 0.35198688906250003 0.47743087968750003 0.3530916 0.4653875421875 0.35220118125 0.46250013125 0.35137741562499997 0.45994444218749997 0.3514460203125 0.4578894375 0.352278121875 0.455284709375 0.3520443921875 0.452355578125 0.3522230546875 0.4499501421875 0.35375784375 0.44913570781249995 0.3554732328125 0.44971160625 0.35727769062500003 0.4529571625 0.35910863593750003 0.4596863625 0.3596719421875 0.461190759375 0.3617114 0.4640785671875 0.362940271875 0.46787233749999996 0.3629770609375 0.4733317 0.364040940625 0.4779039390625 0.36263591093750003 0.48274526093750003 0.3629058375
1 0.4801136 0.32728239375 0.47939105 0.3272445265625 0.4778667921875 0.32826647656249996 0.4708318453125 0.35066361874999996 0.4679748984375 0.3562742125 0.4679317078125 0.357098325 0.4693412140625 0.3582659265625 0.47007455 0.358304359375 0.47158759687499996 0.3572899234375 0.4740351109375 0.35247614375 0.48147991562500003 0.32927410625000003 0.48152268125 0.3284580734375 0.4801136 0.32728239375
1 0.45270310937499997 0.3472425078125 0.4411011828125 0.33813577499999997 0.43964890937499995 0.33778420468750003 0.4381358625 0.3387986421875 0.43844494218749996 0.3399166734375 0.4440893484375 0.34405269843749997 0.44898601875 0.3484249953125 0.45466282968750005 0.35173634374999996 0.4624244703125 0.35736062031250004 0.46424383437500005 0.357723325 0.465756884375 0.3567088890625 0.465081134375 0.355571640625 0.4654617765625 0.35532423281250003 0.45270310937499997 0.3472425078125
0 0.4911509484375 0.4059695 0.4898186796875 0.4039471640625 0.4826047375 0.4012844125 0.47654942031249997 0.40127493281250004 0.4687189734375 0.40026502812500003 0.46549330468749994 0.4015623890625 0.463864765625 0.4031297921875 0.4634648859375 0.40663308281250005 0.46468866562500005 0.40886847812499993 0.4678140984375 0.410928078125 0.472258515625 0.41113669531249997 0.474423971875 0.412530253125 0.477737925 0.4128497609375 0.48392123906249995 0.41186133593749996 0.48580182812499995 0.4104367703125 0.4895089546875 0.40965074531249995 0.490964096875 0.408090459375 0.4911509484375 0.4059695
1 0.4879714453125 0.3729585046875 0.4865727234375 0.37179146875 0.4858393890625 0.3717530359375 0.484326340625 0.372767471875 0.48109635156249997 0.38549613125 0.47559118749999996 0.39975020156249996 0.472396365625 0.40479217187499994 0.47235317656250003 0.405616284375 0.4737519 0.40678331874999996 0.4756032453125 0.406329428125 0.4787980671875 0.40128745625000006 0.48429961875 0.38730865468750003 0.487913859375 0.3740573203125 0.4879714453125 0.3729585046875
1 0.42879565 0.7196489078125 0.4274005390625 0.718206603125 0.4266779890625 0.7181687359375 0.41705421718749996 0.7129977843749999 0.40623726250000003 0.7099598671875 0.3946329984375 0.707707065625 0.39311995 0.708721503125 0.39309115625 0.709270909375 0.39448945625 0.710446025 0.40572705156250005 0.7126796109375 0.41546918593750004 0.715385740625 0.425449265625 0.7205672625 0.431079271875 0.724977990625 0.4328874296875 0.7253482109375 0.43441126093750004 0.724334340625 0.4341165765625 0.7229416046875 0.42879565 0.7196489078125
2 0.5027252703125 0.35700167031249996 0.5137825078125 0.35566105000000003 0.52990875625 0.3554043578125 0.5314325890625 0.3543904859375 0.5314613828125 0.353841078125 0.5300518750000001 0.35267347656250003 0.5278626546875 0.3525587453125 0.5139260515624999 0.352922090625 0.5028688125 0.3542627125 0.48672859218750003 0.35478602812500004 0.46577128125 0.35643418437499996 0.46430099843750006 0.3566325890625 0.46277716562500004 0.35764646093749997 0.46274837343749997 0.35819586875 0.46415745468749997 0.35937155 0.46561334218750006 0.3594478484375 0.48695171718749997 0.35754420468750003 0.5027252703125 0.35700167031249996
1 0.42087356875 0.77300483125 0.41934973593749997 0.774018703125 0.419644421875 0.7754114390625 0.4272857859375 0.7903463875 0.431867003125 0.8007379312499999 0.4325427515625 0.8018751796875 0.43433651093750003 0.8025201031250001 0.4358607671875 0.8014981515624999 0.43590353437499996 0.8006821203125 0.42368137499999997 0.775347546875 0.4226673296875 0.7736497546875001 0.42087356875 0.77300483125
1 0.47799006874999994 0.79410551875 0.440268 0.801178209375 0.438006796875 0.8024369968749999 0.4379784265625 0.8029783234375 0.4393767265625 0.8041534390624999 0.440476728125 0.8042110875 0.45750822343750003 0.800712540625 0.4781992203125 0.7971303203125 0.48046 0.7958796125 0.48048879375000003 0.795330203125 0.47909007187499997 0.79416316875 0.47799006874999994 0.79410551875
0 0.44656832812499997 0.7989887609374999 0.4424819109375 0.798758396875 0.4379811625 0.7965295015625 0.43308781406249997 0.7964269828125 0.42972680625 0.7978306749999999 0.42644715 0.7968567265625001 0.42434398125 0.7969571484375 0.42189117343750004 0.7985704703125001 0.42164277656250004 0.8008340359374999 0.42385487812499995 0.80360733125 0.4311864015625 0.8060899046875001 0.43245120000000004 0.8083679593750001 0.43607971250000005 0.8101136515625 0.44063939531249996 0.8099799359375 0.44298012656249997 0.8084417546875 0.45003477500000005 0.8087790671875 0.4527582109375 0.807779453125 0.45416431562500004 0.8059168343750001 0.4537667484375 0.8029793796875 0.45210606562500005 0.8012395968750001 0.44656832812499997 0.7989887609374999
1 0.434071584375 0.6889282328124999 0.42248213906250004 0.6863926484375 0.3923104890625 0.6820730375 0.3907974421875 0.683087475 0.39076864843750003 0.6836368828125 0.39216737031250004 0.68480391875 0.39398631093750003 0.6851747046875001 0.42451342031249995 0.68952104375 0.4368258375 0.6920864171875001 0.44302322031249997 0.6926866671874999 0.4445474765625 0.6916647171875 0.44457584531250005 0.6911233875 0.44316676250000003 0.6899477078125 0.434071584375 0.6889282328124999
0 0.43941755625 0.6874098234375 0.43693301875 0.689215925 0.4360416921875 0.6930175281250001 0.43765181406250003 0.6951030359375 0.4415894859375 0.6967272 0.45061595 0.6976134453125 0.45833393281249996 0.6947853421875 0.460076071875 0.6924947390625 0.45989444375 0.68894476875 0.45724905156249995 0.6863918171875001 0.45527387812500003 0.6854943359375001 0.4498032546875 0.68526434375 0.43941755625 0.6874098234375
1 0.450753040625 0.650014934375 0.44935431875000004 0.6488478984375 0.4486209828125 0.6488094671875 0.44709715 0.6498233375 0.4471483625 0.6558618015625 0.44883539375000003 0.6655588531250001 0.44977150625 0.6757593640625 0.450081009375 0.67686931875 0.4514797328125 0.678036353125 0.4522130671875 0.6780747859375 0.45372611718750006 0.67706035 0.4537832796875 0.6759696125 0.45080425156250004 0.6560533984375 0.450753040625 0.650014934375
1 0.43619174374999997 0.63444186875 0.4374757171875 0.63779845625 0.4432428921875 0.6466075046875 0.4439330390625 0.64747005 0.4457272203125 0.64810689375 0.44724026875 0.6470924578125 0.44726906250000004 0.64654305 0.441821753125 0.6388525984375 0.4395097609375 0.6340648421874999 0.43770521718750005 0.6334193531250001 0.43619174374999997 0.63444186875
0 0.45877348749999997 0.6459550187499999 0.4565661921875 0.644121775 0.4528720984375 0.6428020375 0.44415942656249996 0.6421185765625 0.44081214218750003 0.6438794640625 0.43741213749999996 0.6433448015625001 0.4333047484375 0.6437209671875 0.4303110046875 0.6457515375 0.430995090625 0.648793125 0.43306582968749996 0.649930565625 0.4405460703125 0.6514325249999999 0.44329462187499996 0.6544931875 0.44503296406250004 0.6553701578125 0.44749179375 0.6554990203125 0.45598955781250006 0.65388653125 0.45853665781249997 0.6525374046875 0.4596716609375 0.650895528125 0.45989746875000004 0.6480312515625 0.45877348749999997 0.6459550187499999
1 0.48127627500000003 0.60553201875 0.47987797499999996 0.604356903125 0.47877797343750006 0.6042992546875 0.46250860625 0.6072868265625 0.455150025 0.6080030140625 0.449937896875 0.6096499640624999 0.44913300156249997 0.610976971875 0.45054250781249994 0.612144571875 0.45127584374999996 0.6121830046875 0.456487971875 0.6105360546874999 0.46273173125 0.610045003125 0.4797344328125 0.6070958625 0.48124790624999997 0.6060733453125 0.48127627500000003 0.60553201875
2 0.485809296875 0.79863098125 0.4880700765625 0.7973802734375 0.48809887031250004 0.7968308640624999 0.486700571875 0.79565575 0.48560056874999996 0.7955981000000001 0.4663366640625 0.799806028125 0.45309020625 0.80103191875 0.4489924765625 0.8024618140625 0.43437970156250005 0.801695990625 0.4328666515625 0.8027104265625 0.4328378578125 0.8032598359374999 0.43423615781249997 0.8044349515624999 0.44921560156250007 0.8052199906249999 0.4544277296875 0.8035730390625 0.46544581249999994 0.8027731812500001 0.485809296875 0.79863098125
2 0.49668479843749996 0.7588705890624999 0.495275290625 0.7577029890625 0.4941860734375 0.7576459046874999 0.4801635125 0.7596493953125 0.45991435625 0.761610121875 0.438799528125 0.7662638625 0.43653874843749996 0.7675145703124999 0.43650995468750003 0.7680639765625 0.4379086765625 0.7692310124999999 0.4390086796875 0.7692886609375 0.46161897031250004 0.764162378125 0.4940285578125 0.7606514890625 0.49665600468750004 0.7594199984375 0.49668479843749996 0.7588705890624999
2 0.5074491609375 0.72102448125 0.5100766078125 0.7197929890625 0.5101054015625001 0.71924358125 0.508706678125 0.7180765453125 0.5076066765625 0.718018896875 0.43867495312499993 0.7267533562499999 0.4298277046875 0.7207967265625 0.4287384875 0.72073964375 0.42721423124999997 0.7217615937499999 0.42718543750000004 0.7223110015625 0.427890403125 0.7228907625 0.4275093375 0.72314625 0.4314315421875 0.7252719109375 0.4367236765625 0.729114015625 0.43889849999999997 0.7295034515625 0.5074491609375 0.72102448125
3 0.47333634687500004 0.6103253093750001 0.47026429687500004 0.6200403031249999 0.468673315625 0.629557459375 0.46074847031250005 0.68977539375 0.4606074234375 0.7064980484375 0.463142540625 0.7140439796875 0.4598652140625 0.7695634328125001 0.45666816250000003 0.8097262359374999 0.455928875 0.8168170031249999 0.453151934375 0.8279166531250001 0.453065978125 0.8295567984375 0.45483094375000005 0.8307511296874999 0.4563012265625 0.8305527250000001 0.45744441875 0.8297862625000001 0.4602929203125 0.817321171875 0.46424004375 0.7700681671875 0.4675353765625 0.7139987421875 0.46501062187500003 0.7064614546875 0.46513769531250004 0.6900054234375 0.47025404374999996 0.6482985578125 0.47414331093750006 0.6229900765624999 0.47771117500000004 0.6108300421874999 0.47825198750000003 0.5724481390625 0.4817601921875 0.5473951453125 0.48417753125 0.5082852124999999 0.4865697953125 0.4977163171875 0.4881303375 0.474748715625 0.486772734375 0.45876579062499995 0.48694464687499994 0.45548550312499997 0.49204064531249997 0.42118254374999997 0.4944287671875 0.3826300984375 0.497124321875 0.331195828125 0.4960675109375 0.3303140671875 0.494626021875 0.329963065625 0.49274588281250004 0.3309663640625 0.4876622046875 0.42095307968749995 0.4825662046875 0.45525603906249995 0.4825886234375 0.4618439109375 0.48375189687500003 0.47451925 0.48314935625000005 0.486016415625 0.48218057031250006 0.4974862875 0.4797990890625 0.5080557484375 0.47738175156249996 0.5471656796875 0.4738735453125 0.572218675 0.47333634687500004 0.6103253093750001
2 0.5031836671875001 0.68376798125 0.503212459375 0.6832185749999999 0.501802953125 0.6820509734375 0.500713734375 0.681993890625 0.48816145781250003 0.6837989765625 0.47049336718749996 0.6856195109375001 0.44945009843749995 0.6889078125 0.4409487484375 0.6903823828125 0.43942491562499997 0.6913962546875 0.43939612187500005 0.6919456609375 0.44080520625 0.6931213421875 0.4418944234375 0.6931784249999999 0.47218677500000006 0.6881792828125 0.50055621875 0.6849994734375 0.5031836671875001 0.68376798125
1 0.39507648125 0.7900356609375 0.3964859859375 0.7912032625000001 0.3983229359375 0.7910240734375 0.42126265625 0.77961191875 0.42198520625 0.7796497859375 0.4223806671875 0.7791195953125001 0.43137783125 0.775199984375 0.43211116718750003 0.7752384171875 0.4381318 0.7719891890625 0.43886513593750004 0.772027621875 0.438512865625 0.7717337015625 0.4393033625 0.7706813968749999 0.4378942796875 0.7695057171874999 0.43717172968750007 0.7694678500000001 0.43002591093750003 0.7729335671875 0.42930335937499997 0.7728957000000001 0.4289079 0.7734258921875 0.41991073593749995 0.7773455015625 0.4191774 0.77730706875 0.403002434375 0.7855089953125 0.40227988437500006 0.785471128125 0.396248465625 0.788719790625 0.39551513125 0.7886813578125 0.3958674015625 0.788975278125 0.39507648125 0.7900356609375
1 0.43420391406250003 0.756147021875 0.42898376406249994 0.7509313984375 0.41496949218749996 0.73895175625 0.41351721875 0.7386001875 0.41200374687499997 0.739622703125 0.4123132515625 0.7407326546874999 0.42807809218750004 0.7541813328125 0.43923775468750004 0.7649176390625 0.43956165625 0.7657528859375 0.44136981249999996 0.76612310625 0.44289364375 0.7651092359375 0.442598959375 0.7637165 0.44083357031250003 0.762530246875 0.43667384531250003 0.7579211140625 0.43420391406250003 0.756147021875
1 0.4409498671875 0.599570284375 0.43788972187499997 0.595026878125 0.437170784375 0.5947137437500001 0.43374078125000004 0.5904183109375001 0.4337695734375 0.589868903125 0.4309761640625 0.5872514828125001 0.43100453437499997 0.5867101546875 0.4306234703125 0.5869656437499999 0.42918559375000004 0.5863393703125 0.4276725453125 0.58735380625 0.4279672296875 0.5887465421875 0.4307610609375 0.5913558828125 0.43073226875000004 0.591905290625 0.43488121093750004 0.5965138578125 0.4422990265625 0.6086987125000001 0.44298917031249996 0.60956125625 0.44478335468749997 0.6101981000000001 0.446296403125 0.6091836640625 0.4463251953125 0.60863425625 0.4409498671875 0.599570284375
0 0.4637965109375 0.6120128109375 0.46213498125 0.6102891859375 0.458750696875 0.608629209375 0.45202134843749997 0.607036975 0.44758443437500006 0.605240815625 0.4439636359375 0.605204990625 0.44130005156249996 0.6060943171875001 0.4378132859375 0.6098976281249999 0.43466500156250004 0.6113691796875 0.43442163437500003 0.6143621640625 0.43602249375 0.6157990484375 0.440295553125 0.6172139421875 0.4424977421875 0.6195573265625 0.4446480046875 0.6204153734375 0.4501084921875 0.6204260890625 0.45510117499999997 0.6180141765625 0.4598484 0.618222459375 0.46206330468749995 0.6168154140625 0.4638987171875 0.6141894265625 0.4637965109375 0.6120128109375
0 0.4586081015625 0.76280553125 0.4561447203125 0.7611128 0.4483747703125 0.7597738953125 0.4444732765625 0.7611735671875001 0.4404685296875 0.7602102296875 0.437700515625 0.7606160796875 0.43573639062499997 0.7621902 0.43525641562499995 0.7649520375 0.431577875 0.7684941453125 0.43170702343749995 0.7726327890625 0.4348152953125 0.7752262015625 0.43932501406249996 0.7760458703124999 0.44263165000000004 0.7750606171875 0.444856715625 0.7734596640625 0.4482728625 0.7728609328125 0.4507865640625 0.771323715625 0.4568874671875 0.76943168125 0.4587831015625 0.7675137000000001 0.45932922343750004 0.7653467546875 0.4586081015625 0.76280553125
1 0.44210496250000003 0.5845454218749999 0.44582162812500004 0.5833710125 0.4477161640625 0.5820930093750001 0.44774453281250004 0.58155168125 0.446346234375 0.5803765671875001 0.4456129 0.580338134375 0.4407674390625 0.5820043 0.4337471546875 0.5832810328125 0.4278732515625 0.583524109375 0.42013360468750005 0.5844957843749999 0.41860977187500004 0.58550965625 0.41858097812499995 0.5860590640625001 0.4199904859375 0.587226665625 0.42107970312500004 0.5872837484375 0.42624864218749997 0.5864609093750001 0.43397027968749996 0.5860392078125 0.44210496250000003 0.5845454218749999
1 0.45384793749999996 0.5769295 0.4533116953125 0.5733366390625 0.45132679218750005 0.56911694375 0.44623536406250003 0.5614451421875 0.43999755625 0.5548069953125 0.44002635 0.5542575859375 0.43964528593749996 0.5545130734375 0.4382181921875 0.553887365625 0.4366939375 0.5549093171874999 0.43698904531249994 0.5562939734375 0.4432376390625 0.5629326859375 0.4432088453125 0.5634820953124999 0.4466388484375 0.5677775265625 0.44962701093749996 0.57369445 0.45013127031250005 0.5781039078125 0.4515295703125 0.5792790234375 0.4522629046875 0.57931745625 0.4537763765625 0.578294940625 0.45384793749999996 0.5769295
0 0.46828540781249994 0.5744373453125 0.459840478125 0.57318459375 0.4536265046875 0.5741390046875 0.4438399796875 0.5745497109375 0.44176928125000003 0.5760939406250001 0.441575853125 0.5785467265625 0.44025405156249997 0.5814831890625001 0.4415847734375 0.5845667703124999 0.44465755781249994 0.5865993031250001 0.44882177968750003 0.5869957796875 0.4536803390625 0.585492334375 0.45733453593749995 0.5857162484375 0.46052680625000003 0.5842307984375 0.46482365468750003 0.583953678125 0.469961390625 0.5816627953125 0.47153018593749996 0.578552934375 0.47074433125 0.57642150625 0.46828540781249994 0.5744373453125
1 0.42416434531249997 0.5424565671875 0.421903565625 0.5437072765625001 0.42187477187500005 0.5442566828125 0.42327349375 0.5454237187500001 0.42437349687500003 0.5454813671875 0.45803024062500003 0.539013896875 0.45955407499999995 0.5380000265625 0.4595828671875 0.53745061875 0.4581733609375 0.5362830171875 0.45708414375000006 0.536225934375 0.42416434531249997 0.5424565671875
1 0.46658099999999997 0.508740309375 0.4650571671875 0.50975418125 0.4635317953125 0.5250350953125 0.4612106671875 0.5342466296875 0.461153503125 0.535337365625 0.4625625859375 0.536513046875 0.463295921875 0.5365514796874999 0.46480939218749995 0.5355289640625001 0.4671769 0.525226128125 0.4687130578125 0.509945778125 0.46731433593749994 0.5087787421875001 0.46658099999999997 0.508740309375
0 0.48150131875 0.531494109375 0.47663133750000003 0.529707659375 0.47191765781250006 0.5307163921875 0.4668376140625 0.5302557171875 0.4631547953125 0.53119695 0.44924895625000005 0.5299415640625 0.44600134843749994 0.5304195 0.44406890312499997 0.532627215625 0.4446466671875 0.5350150953125 0.4481916453125 0.536910340625 0.452285009375 0.5376271734375 0.45329920156250003 0.5403538906249999 0.45475543125 0.5416616703125 0.4579604171875 0.543028690625 0.4613788515625 0.5430053 0.46438228437499995 0.5416152750000001 0.4673509125 0.5421273296875 0.46954608750000004 0.5417157625 0.4729619171875 0.5394723640625 0.4787800046875 0.539056225 0.48239438437500004 0.5369447593750001 0.4830560515625 0.5333984765625 0.48150131875 0.531494109375
1 0.45622665625 0.4966689171875 0.4562550265625 0.4961275875 0.45485672812500005 0.494952471875 0.453756725 0.4948948234375 0.4397337421875 0.49690639374999995 0.42453558437499994 0.500501021875 0.4140685609375 0.5046109578125 0.41326324375 0.5059460453125 0.41466196406250005 0.5071130796875 0.41539529999999997 0.5071515125 0.4239970046875 0.50376209375 0.43588793125 0.5005450578125 0.447710909375 0.498418190625 0.4547131859375 0.4976914328125 0.45622665625 0.4966689171875
1 0.4649714796875 0.49054861718750004 0.466828778125 0.4829655265625 0.467216215625 0.475572759375 0.4656718796875 0.4631529078125 0.4653771953125 0.46176017187499996 0.46397847187499996 0.4605931359375 0.46324513749999996 0.460554703125 0.46173208906249996 0.46156913906249997 0.46166010625 0.462942659375 0.4635567140625 0.47565643125 0.46319806874999997 0.4824997890625 0.4613299875 0.49008231718750006 0.45926353750000004 0.49464060937500004 0.4592207703125 0.49545664062499994 0.4606190703125 0.49663175624999994 0.4613524046875 0.4966701890625 0.46327531093749996 0.4948508578125 0.4649714796875 0.49054861718750004
0 0.47878715468750005 0.4931117578125 0.4770503328125 0.49158672968749995 0.46667204375000004 0.4902893671875 0.4615022578125 0.49112836406250004 0.4490900578125 0.4914986859375 0.44673560468750007 0.49267967187500006 0.44592899218750004 0.4944521828125 0.44702948437499995 0.4967702359375 0.4530333578125 0.5010628296874999 0.4572115265625 0.5016058671875 0.46021363437499996 0.501066453125 0.46402299375 0.5020438578124999 0.4675165484375 0.50120613125 0.47120098125 0.501472140625 0.4740215265625 0.499651240625 0.477172471875 0.499573321875 0.4790192125 0.4983819328125 0.47989965 0.49623250937499996 0.47878715468750005 0.4931117578125
1 0.4594832109375 0.448561446875 0.458383209375 0.44850379843750005 0.44065795625000004 0.45141507187499996 0.420070925 0.45280717499999995 0.41855787656250004 0.4538216109375 0.4185290828125 0.45437102031250004 0.4199278046875 0.45553805468749997 0.42139447499999994 0.4556149203125 0.445669378125 0.4535978171875 0.45934009062500003 0.4512923265625 0.460853140625 0.45027789062499995 0.46088193437499997 0.449728484375 0.4594832109375 0.448561446875
1 0.46336445781249996 0.4163903890625 0.46305537656249995 0.41527235781250005 0.4616566546875 0.414105321875 0.46092331875000003 0.4140668890625 0.4593994859375 0.41508076093749996 0.45935629687499996 0.415904871875 0.4614387890625 0.42507173125 0.462864765625 0.43995640468749997 0.46130576406249996 0.4486569625 0.4627044859375 0.449824 0.46343782187500004 0.44986243281249993 0.46496165468750006 0.448848559375 0.46635193125 0.44316110000000003 0.4661599390625 0.4329995859375 0.46336445781249996 0.4163903890625
0 0.461849053125 0.4444806453125 0.452819878125 0.4430271375 0.45210706875 0.44940634062499996 0.45003481093750003 0.448916959375 0.45313788125 0.4501652140625 0.45437368749999996 0.452790121875 0.45652624062499997 0.45422351250000004 0.465328946875 0.4556651515625 0.47259973281249995 0.4555925 0.477073246875 0.45380151875 0.47842717500000004 0.45107738125 0.476523215625 0.4475829796875 0.471206046875 0.4450439390625 0.46779294374999997 0.44434655625 0.461849053125 0.4444806453125
1 0.4348665578125 0.40118066875 0.43483776562500004 0.40173007812500006 0.4362364875 0.4028971140625 0.44535642343750004 0.403650528125 0.46755090624999995 0.40645833906249995 0.4704626765625 0.4066109390625 0.47198650937500003 0.40559706718750005 0.4720153015625 0.4050476609375 0.47060621874999997 0.4038719796875 0.43638002968749995 0.400158153125 0.4348665578125 0.40118066875
0 0.446143334375 0.721878640625 0.44336318593749996 0.7235477234375 0.43820154999999994 0.7225804671875 0.4351706875 0.719748059375 0.432024903125 0.7184894640625 0.42845356875 0.7187478921875 0.425840490625 0.720117865625 0.424131221875 0.724257384375 0.4261394390625 0.7276195203125 0.43070128125 0.730127078125 0.4331485453125 0.7325400171875 0.43596108593749994 0.7335543015625 0.44185825312500004 0.733280034375 0.4444142203125 0.7321744234375 0.45027332812500004 0.7318009437499999 0.45199043281250006 0.7308134046875 0.45411261718749996 0.7276677312500001 0.453430675 0.724172559375 0.45059788593750005 0.722306534375 0.446143334375 0.721878640625
1 0.4364573625 0.7271799531250001 0.435724028125 0.7271415203125 0.43421055468749997 0.7281640359375 0.43415339218750004 0.729254771875 0.43650219999999995 0.7403556953125 0.437911015625 0.7623770828125 0.4393097375 0.76354411875 0.440043071875 0.7635825515625 0.441556121875 0.7625681140625 0.441656475 0.760653265625 0.44014730625 0.7405467265625 0.43785566249999996 0.7283550671875 0.4364573625 0.7271799531250001
2 0.502340153125 0.643944340625 0.502368946875 0.6433949328125 0.5009594390625 0.64222733125 0.499870221875 0.642170246875 0.4869332671875 0.644506090625 0.47110573906250003 0.6458721703125 0.443199703125 0.6474316171875001 0.4416758703125 0.6484454890625 0.4416470765625 0.648994896875 0.44305658281250004 0.6501624984375 0.44451246875 0.6502387984375 0.4735324796875 0.6484703734374999 0.4886266734375 0.6470658609375 0.5008163203125 0.6449582109375 0.502340153125 0.643944340625
2 0.51046836875 0.4048673328125 0.5207170999999999 0.4051289890625 0.5222301468749999 0.404114553125 0.522258940625 0.40356514531250004 0.5208606421875001 0.40239002968750004 0.5164714171875 0.40216 0.49374871562499995 0.40262190468750003 0.49117885625 0.40275457968749995 0.4863365828125 0.4041535578125 0.46800714218749995 0.40456214375000005 0.46649409375 0.4055765796875 0.4664653 0.4061259875 0.4678636 0.407301103125 0.4843565140625 0.40706362656249995 0.4869267984375 0.40692287031249996 0.493605596875 0.40535278437500005 0.51046836875 0.4048673328125
2 0.472910028125 0.45090976562499996 0.47552350312499997 0.4499448984375 0.48362939374999997 0.44900052031250004 0.5078899 0.4472581203125 0.5126925953125 0.44640798437500007 0.5142056421875 0.4453935484375 0.5142344359375 0.44484414218749996 0.5128357140625 0.44367710625 0.5117357109375 0.4436194578125 0.5076667765625 0.4444999453125 0.50214514375 0.44503694375 0.48892747812500004 0.445713425 0.47825130312499997 0.446798559375 0.4704832875 0.4483115625 0.4580165421875 0.4484845828125 0.4565034921875 0.4494990203125 0.45647469999999996 0.45004842656250005 0.45787342343750004 0.4512154625 0.4706956265625 0.4510691734375 0.472910028125 0.45090976562499996
2 0.48458489374999997 0.493496621875 0.4937768125 0.4928765140625 0.5022637671875 0.49167664999999994 0.516699796875 0.4885929953125 0.5182236296875 0.4875791234375 0.5182524234375 0.487029715625 0.5168429171875 0.4858621140625 0.5157536984375 0.48580503124999996 0.4965046125 0.48973017499999993 0.4828914859375 0.49093685000000004 0.47399467656249994 0.49294161093750005 0.453756725 0.4948948234375 0.45264232499999996 0.4951118796875 0.45112885468749997 0.4961343953125 0.45110048437500005 0.4966757234375 0.4524987828125 0.49785083906249994 0.45543573593750003 0.49772930000000004 0.4742182234375 0.49569170625 0.48458489374999997 0.493496621875
2 0.45745080937499993 0.53624515 0.45519003125 0.5374958578125 0.45516123750000004 0.5380452671875 0.456559959375 0.5392123015625 0.4576599625 0.5392699515625 0.5149586296875001 0.528832096875 0.5164828859374999 0.5278101453125 0.51651125625 0.5272688171875 0.515102171875 0.5260931375 0.5140129546875001 0.526036053125 0.45745080937499993 0.53624515
2 0.50191451875 0.610178378125 0.5100492015625 0.6086845921874999 0.5115626734375 0.607662075 0.51159104375 0.6071207484375 0.5101927453124999 0.6059456328125 0.5090927421875 0.605887984375 0.500210328125 0.607618040625 0.475935425 0.60963514375 0.460823221875 0.6115896296875001 0.43993789375 0.6118642671875001 0.43841363749999995 0.6128862171875 0.43838526718750004 0.613427546875 0.43979435 0.6146032265625 0.45810981875 0.6144612671874999 0.48168018124999995 0.611856321875 0.4919608953125 0.6113013796875 0.50191451875 0.610178378125