2 0.5033040703125 0.6200377578125 0.5016797296875 0.6185385546875 0.4872372453125 0.6166864796875 0.4798817015625 0.6149190078125 0.4715762984375 0.6137119671875 0.467735978125 0.61230600625 0.4603352125 0.6108678921874999 0.45844515625 0.6119977203125 0.45837569062499994 0.6126586359374999 0.45998954062499997 0.6141567390625 0.46479103750000006 0.6149955046875 0.470790015625 0.616954503125 0.47909541874999995 0.6181615453125 0.4864501359375 0.6199368828125 0.49738954062499996 0.6214128156250001 0.5013340578125 0.6218274 0.5032346046875 0.6206986750000001 0.5033040703125 0.6200377578125
1 0.5187894046875 0.5823995984375 0.5062717078125 0.5790872375 0.5049942734374999 0.5786268203125 0.5030092765624999 0.576421490625 0.5021280546875 0.5763288703125 0.5002379984374999 0.5774586984375001 0.499659284375 0.578726353125 0.49955508593750003 0.5797177265625 0.5011689359375 0.5812158296875001 0.5162850734375 0.5851354062499999 0.5256595203125001 0.588785615625 0.5269813531249999 0.5889245468750001 0.5288722359375 0.5877868515625 0.5289408734375 0.587133803125 0.5264813609375001 0.585204753125 0.5187894046875 0.5823995984375
2 0.47108827187499996 0.5930254796875001 0.4691973890625 0.594163175 0.46912875156249995 0.5948162234375001 0.4707417734375 0.5963221937500001 0.49909325156250006 0.60096464375 0.5055328421875 0.6029699515625 0.5068546734375 0.6031088812500001 0.50874473125 0.6019790546875 0.508814196875 0.6013181375000001 0.5072003453125 0.5998200359375 0.502919415625 0.598367765625 0.47108827187499996 0.5930254796875001
0 0.5008271328125 0.603843615625 0.5051808140625 0.6062183531249999 0.5089805390625 0.6057904046875 0.5110221203124999 0.6044299 0.5118295749999999 0.60239874375 0.510386290625 0.5988741421875 0.5060118890624999 0.5963938109375 0.5012449109375 0.5956302671875 0.49772212812500005 0.5963498390625 0.495230934375 0.5983551703125001 0.4947571046875 0.6012487078125 0.49680143125000004 0.60329321875 0.5008271328125 0.603843615625
1 0.5136746671875 0.6014948859375 0.5093234453125 0.6007114 0.505913246875 0.599350646875 0.5040231890625 0.6004804734375 0.5039537234375 0.6011413890624999 0.50637933125 0.603393028125 0.51859451875 0.605345115625 0.5213318921875 0.6046304984375 0.5209365046875 0.6042548328125 0.5218758734375 0.6036933015625 0.5219453374999999 0.603032384375 0.5203314875 0.6015342828125 0.5176296765624999 0.6019105734375 0.5136746671875 0.6014948859375
1 0.5172739187500001 0.60953381875 0.51939784375 0.6104173140625 0.5212879 0.6092874875 0.521357365625 0.6086265703125 0.5185597859375 0.6056755734375 0.5175254781249999 0.6029019484375 0.51550575 0.601027078125 0.5155752140625001 0.6003661609375001 0.513184340625 0.5977840624999999 0.511698103125 0.59497089375 0.5083331281250001 0.5932807859375 0.5070112953125 0.5931418546875 0.506071096875 0.5937112531250001 0.5056652203125 0.5933344859374999 0.5031269843749999 0.5963928843749999 0.502236503125 0.6006267937499999 0.5038495265625 0.6021327656250001 0.5047307484375 0.6022253859375 0.50662163125 0.6010876890625 0.507917990625 0.597230546875 0.5138035125 0.6045074515625 0.5152550171875 0.6076510796875 0.5172739187500001 0.60953381875
1 0.5042384703125 0.5562495984375 0.5041690046875 0.5569105171875 0.5049468578125 0.5579866421874999 0.5066293453124999 0.5588316984375 0.5332878453125 0.5626279890625 0.5351883921875 0.5614992640625001 0.5352578578125 0.5608383484374999 0.5336335171875 0.55933914375 0.51044501875 0.5562337171875 0.506128528125 0.5551197734375 0.5042384703125 0.5562495984375
1 0.5062929328125 0.5577940124999999 0.5058862265624999 0.5574251125 0.506906378125 0.5561958984375 0.5052925296875 0.554697796875 0.50441130625 0.5546051765625 0.49934326718750005 0.5564033109375 0.4845982734375 0.5531909609375 0.4806432671875 0.5527752734375 0.47875320937500004 0.5539050999999999 0.47868374375 0.5545660156250001 0.48029759531250005 0.55606411875 0.48425260156250005 0.5564798078125001 0.4989975953125 0.55969215625 0.5021408453125 0.5593543078125001 0.50263960625 0.5587464671875 0.5062929328125 0.5577940124999999
0 0.50108763125 0.5522193718749999 0.4991009375 0.5532594921875 0.49832542812499997 0.5547848859375 0.4962573359375 0.556094875 0.49527628906250004 0.558465759375 0.496147565625 0.5602676546875001 0.49890103124999996 0.5618218953125 0.5025727875 0.5622078125 0.505173734375 0.5611765671875 0.508939553125 0.5610712078125 0.5113408203125 0.5595178125 0.5111910640625 0.555190478125 0.507442490625 0.5526088703125 0.5036329109375 0.551818675 0.50108763125 0.5522193718749999
2 0.475792053125 0.5482719953124999 0.473901996875 0.5494018203125 0.47383253124999997 0.5500627375 0.47544638125 0.5515608390625 0.5019417093749999 0.5570105265625 0.5053422453125 0.5583623078125 0.506664078125 0.5585012375 0.508554134375 0.5573714125 0.5086235984374999 0.5567104953124999 0.5070097484375 0.55521239375 0.5048866515625 0.5543210281250001 0.475792053125 0.5482719953124999
1 0.5235102296874999 0.5459608499999999 0.5227671093749999 0.5445542640625 0.5232424531250001 0.544270115625 0.52196584375 0.5438018296875 0.5183565078125 0.5400972953125 0.5146195578125 0.5377078296875 0.5117880734375 0.535079421875 0.5114508343749999 0.5340496046875 0.5101742234375 0.53358131875 0.5078180828125001 0.5306687625000001 0.506936859375 0.5305761421875 0.5050459765624999 0.5317138375 0.506011646875 0.5351405125 0.5068928703125 0.5352331328125 0.5093184765625 0.537484771875 0.5096557171875 0.5385145875 0.5133926640625 0.5409040546874999 0.5173973890625 0.544984253125 0.5186844890625 0.5454536437499999 0.5194510234374999 0.546536534375 0.5216193453125 0.54709854375 0.5235102296874999 0.5459608499999999
1 0.51930866875 0.5225612015625 0.51769481875 0.5210631 0.516813596875 0.5209704796875 0.5158742281250001 0.521532009375 0.515467521875 0.521163109375 0.504744296875 0.5303456953125 0.5036555046875 0.5322279562500001 0.5052685296874999 0.5337339265625001 0.5075410484375 0.5333045609375 0.5105198953125 0.530292471875 0.512886121875 0.5288706296875 0.512954759375 0.5282175812500001 0.5187057125 0.5241604171875001 0.51930866875 0.5225612015625
0 0.509922190625 0.53719025 0.5137314374999999 0.535864390625 0.5153795437500001 0.5340090953125001 0.5157226640625 0.5320564171875 0.5136216546875 0.5294411453125 0.5063637890625 0.52734983125 0.502506271875 0.5289331328125 0.5004473265625 0.533990875 0.502553296875 0.5365589374999999 0.505505684375 0.5373306343750001 0.5077031625 0.5372115796875 0.509922190625 0.53719025
2 0.5069715921875 0.530245684375 0.46407343125 0.5247425359375 0.462172884375 0.525871259375 0.46210341875000005 0.5265321765625 0.4637277609375 0.52803138125 0.48870294375 0.5309904875 0.49345921875 0.5321586093749999 0.5065903609375 0.53387285625 0.510534878125 0.5342874421875 0.512436253125 0.53315085 0.512504890625 0.5324978015624999 0.510881378125 0.530990728125 0.5069715921875 0.530245684375
1 0.5175941546875 0.5094064421875 0.5209946890625 0.5107582234375 0.5258204296875 0.5112654296875 0.528962853125 0.5109354500000001 0.5332296265625 0.50838488125 0.534818003125 0.5058869125000001 0.533204153125 0.504388809375 0.5323229296875 0.5042961890625001 0.5261661015625 0.5079765828125 0.5217809734375 0.5075156875 0.5192519953125 0.5062475562500001 0.51847414375 0.5051714281249999 0.5142271187499999 0.50339656875 0.512915778125 0.5032587421875 0.5110152296875 0.504387465625 0.5109457640625 0.5050483828125001 0.51257010625 0.5065475859374999 0.515970640625 0.50789936875 0.5175941546875 0.5094064421875
1 0.5170713953125 0.48905041406249994 0.5186936765625 0.48622985312500006 0.518797875 0.485238478125 0.5171840249999999 0.4837403765625 0.5163028015625 0.48364775625 0.5144127468749999 0.48477758125000003 0.5133586890624999 0.486329384375 0.5117957875 0.492823428125 0.508401803125 0.4997852796875 0.5085896234375 0.5021358265625 0.5102139640625001 0.50363503125 0.51108469375 0.50372655 0.5129852421875001 0.5025978249999999 0.5127521984375 0.5005766328125001 0.5149540218750001 0.49648054999999996 0.5170713953125 0.48905041406249994
0 0.505683403125 0.5000166375 0.5050840625 0.5017832875 0.5061904125 0.5044769796875 0.5071027078125 0.5073014203125 0.5129244078124999 0.5107452765625 0.5202528 0.5101472640625 0.52280554375 0.5080608984375 0.52268738125 0.5062586109375 0.5212264015625 0.5043151859375 0.51787640625 0.503088040625 0.51707225625 0.5015557171875 0.51410418125 0.4993186578125 0.511103734375 0.49839872031250004 0.50854378125 0.4985353625 0.505683403125 0.5000166375
2 0.5150744359375 0.5038117796875 0.513821240625 0.5030198 0.5127174671875 0.5009070906249999 0.5122421234375001 0.501191240625 0.5105596359375 0.5003461859375 0.5086590890625 0.5014749109375 0.508486253125 0.503119334375 0.49802219062499997 0.501359253125 0.48003057499999996 0.49946825781250004 0.47736266875 0.499521959375 0.47547261250000006 0.5006517859375 0.475403146875 0.501312703125 0.47701699687500004 0.5028108046875001 0.5134408359375 0.5066391046875001 0.5153413828125 0.5055103796875 0.5150744359375 0.5038117796875
1 0.5255546421874999 0.45899720312500003 0.5246734203125001 0.4589045828125 0.5227833640624999 0.4600344109375 0.5216251078125 0.46257758750000005 0.5200780171875 0.4730587328125 0.5210533515625 0.47649437656250004 0.5226672015625 0.477992478125 0.5235484234375 0.4780850984375 0.5254384796875 0.476955271875 0.5244970515625 0.47319703750000003 0.52529341875 0.4656201015625 0.5271684921875 0.46049530625 0.5255546421874999 0.45899720312500003
1 0.5561646171875 0.4758572140625 0.5571839421875 0.4746358703125 0.5555709203125 0.4731299 0.5546896968749999 0.4730372796875 0.5469190171875 0.47521957343750004 0.5383365812500001 0.476648328125 0.5255079453125 0.47629435468750003 0.5236178890625001 0.4774241828125 0.5235484234375 0.4780850984375 0.5251622734375 0.4795832015625 0.5269142265625 0.4797673390625 0.5357636109375 0.480037184375 0.5429208453125 0.47945300625 0.5565704953124999 0.47623398437500003 0.5561646171875 0.4758572140625
0 0.5188007296875 0.48056921093750005 0.52262073125 0.48267307343750004 0.5271673531250001 0.483111165625 0.529855534375 0.4820572703125 0.531164678125 0.48050045781249995 0.5305476828125 0.4770865671875 0.5282156171875 0.47455042656249996 0.52421670625 0.4723323 0.5217395453125 0.4722867234375 0.52001341875 0.4730678515625 0.5181522609375 0.47715201093750004 0.5188007296875 0.48056921093750005
2 0.5074037015624999 0.4797133984375 0.5260434953125 0.479675821875 0.5279335515625 0.47854599374999995 0.5271904328125 0.47713941093749995 0.5276657765625 0.4768552625 0.5267845546875 0.4767626421875 0.5251707046874999 0.4752645390625 0.5230128734374999 0.47470363281249994 0.5196976125 0.4766780375 0.5113227453125 0.4761319109375 0.5077493734375 0.4764245515625 0.49062849062499997 0.47462507499999995 0.485292675 0.47473247656249995 0.48340261875 0.4758623015625 0.48333315312499997 0.47652321875 0.484947003125 0.478021321875 0.4871500578125 0.4782528734375 0.4907234296875 0.47796023125 0.5074037015624999 0.4797133984375
1 0.5251892218750001 0.4666114765625 0.5289297046875 0.45635291093749997 0.5283699109375 0.45330300625 0.5267455703125 0.4518038015625 0.525874840625 0.451712284375 0.5239742921875 0.452841009375 0.524544575 0.45589201562500004 0.5215217375 0.46356109375 0.520458421875 0.469439428125 0.5193349 0.471652146875 0.519196796875 0.4729661125 0.520820309375 0.47447318593750004 0.5216910390625 0.474564703125 0.523592415625 0.4734281109375 0.5241711296875 0.47216045468749995 0.5251892218750001 0.4666114765625
1 0.5204101796875 0.44880711875 0.5178464703125 0.44786944375 0.5078145859375 0.45047433750000004 0.5059132125 0.45161092968750005 0.5053449890625 0.4528796875 0.5069588390625 0.454377790625 0.5078400609375 0.4544704109375 0.5106460734375 0.45310274531249994 0.5170254546875 0.4514424375 0.51955443125 0.45271057031249995 0.5214453156250001 0.4515728765625 0.5215139546875001 0.450919828125 0.5204101796875 0.44880711875
0 0.517620075 0.4547664734375 0.5209274453125 0.45528910156249996 0.525168421875 0.45722242656249995 0.5287401375 0.456945521875 0.530823634375 0.45528713125 0.5309910109375 0.452281834375 0.5292682375 0.449801778125 0.52685265 0.448060309375 0.521719228125 0.44664571875 0.5174680453125 0.44652505624999994 0.5147846625 0.44823971875 0.5141177234375001 0.4502458671875 0.5145235796875001 0.4522374921875 0.517620075 0.4547664734375
2 0.5275928875 0.4522190109375 0.5233805953124999 0.4501136921875 0.5199009296875 0.44941385624999997 0.5110959421875 0.4488225234375 0.5015026109375 0.44715396093750004 0.48351099687500004 0.4452629671875 0.48162094062499994 0.44639279531250003 0.481551475 0.4470537109375 0.483165325 0.44855181406250005 0.5011569390624999 0.45044280781249996 0.51074944375 0.4521192375 0.51955443125 0.45271057031249995 0.522593484375 0.453364096875 0.52552916875 0.45500112968749995 0.5263998984375 0.4550926484375 0.5283004453125 0.45396392187499995 0.5275928875 0.4522190109375
1 0.5587970734375001 0.43819664375 0.5547471265625 0.43444579843750003 0.5460208609375 0.42886701875 0.5341166125 0.42395654531250004 0.5324575390625 0.4227877984375 0.5285477546874999 0.4220427546875 0.5263204578125 0.42214276406250006 0.5244199109375 0.4232714890625 0.524350446875 0.4239324046875 0.5259747859374999 0.4254316109375 0.529513425 0.425469428125 0.5439571421875 0.4316491359375 0.5522436234375 0.4371737390625 0.555886865625 0.4405556828125 0.557198209375 0.44069350937499996 0.5590987546874999 0.4395647859375 0.5587970734375001 0.43819664375
1 0.5379272078125 0.396077134375 0.537056475 0.39598561718749997 0.535155928125 0.397114340625 0.528540796875 0.4093936203125 0.5243447203125 0.41561090468749995 0.522227346875 0.4230410421875 0.5238516875 0.424540246875 0.5247224187499999 0.42463176562499994 0.526622965625 0.423503040625 0.5281164031250001 0.4176699140625 0.5394481765625 0.398559846875 0.5395515468750001 0.3975763390625 0.5379272078125 0.396077134375
0 0.5304355953125001 0.4278971578125 0.5327694765625 0.42617758125 0.533078453125 0.4230360234375 0.527322815625 0.41835813593750004 0.5233597984375 0.4179177421875 0.5214932046875 0.41902617031249995 0.5200856046875 0.4212169859375 0.5202420453125 0.42416881406250007 0.5218390984375 0.4259276640625 0.5260597078125 0.428256596875 0.5304355953125001 0.4278971578125
2 0.487669321875 0.41841447656249997 0.4876006828125 0.419067525 0.48921370625 0.4205734953125 0.5242818078125 0.4245854546875 0.5263806640625 0.42580837968749996 0.527251396875 0.425899896875 0.52915194375 0.4247711734375 0.528444384375 0.4230262609375 0.525068090625 0.42134291875 0.4895602046875 0.41727678125 0.487669321875 0.41841447656249997
1 0.5606134140625 0.412438434375 0.5610887578125 0.41215428593750003 0.5598016578125 0.4116848984375 0.5590351250000001 0.41060200468749997 0.5427445140625 0.400903003125 0.53684890625 0.3979604984375 0.5312808765625 0.3960388390625 0.5309436359374999 0.39500902187500003 0.5293306140625 0.393503053125 0.528449390625 0.3934104328125 0.5265585078125 0.3945481265625 0.52597979375 0.39581578125 0.525841690625 0.397129746875 0.5274547140625 0.39863571875 0.5313749890625 0.3993818640625 0.5394389187499999 0.40288637656250004 0.5502882828125 0.40935652187500005 0.5581446437500001 0.414835915625 0.5594559859375 0.4149737421875 0.5613565328125001 0.41384501875 0.5606134140625 0.412438434375
1 0.5149532328124999 0.4036459609375 0.51816595 0.40264719531250004 0.5205660812499999 0.4009027625 0.5288112796875 0.3984441890625 0.530260725 0.397268053125 0.5316172906250001 0.397076525 0.5312114109375 0.3966997546875 0.5322307359375 0.39547841093749997 0.5306072234375 0.39397133906250004 0.52929588125 0.3938335109375 0.5269304796875 0.39524748593750003 0.51868445625 0.3977139265625 0.516284325 0.3994583609375 0.5107417671875 0.4015327734375 0.5031241734375 0.40639607031249997 0.49944743281250004 0.40767221875 0.4998541375 0.40804111875000004 0.49883398593750006 0.4092703328125 0.5004478359375 0.4107684359375 0.50267513125 0.4106684234375 0.5149532328124999 0.4036459609375
0 0.5232475703125 0.394160359375 0.5214366187499999 0.396253096875 0.5214195875 0.3985343828125 0.522892709375 0.4004631734375 0.52518309375 0.401276659375 0.5287871562500001 0.4012974890625 0.535967615625 0.399180440625 0.53876533125 0.39597430624999996 0.5383492921874999 0.394180484375 0.5370455093750001 0.392961575 0.5315609796875 0.3918601 0.525705896875 0.39206406875 0.5232475703125 0.394160359375
2 0.5345969625 0.39405656875 0.5192385234375 0.39244233125 0.4979655546875 0.39220315 0.49607467187500004 0.3933408453125 0.496006034375 0.39399389375 0.49761905625 0.3954998640625 0.4998116203125 0.3957303125 0.518892025 0.3957390453125 0.5324532875 0.39749850000000003 0.5342504640625 0.39735328281250004 0.536141346875 0.3962155875 0.5362099859375 0.3955625375 0.5345969625 0.39405656875
1 0.5525750687500001 0.3749847953125 0.5487928953125001 0.372924684375 0.5484217499999999 0.37221745781250004 0.5424922375000001 0.36959754375 0.5405908640625 0.3707341359375 0.5412992484375 0.3724711796875 0.545511540625 0.3745764984375 0.550060246875 0.3777195 0.5565705328125 0.3833915265625 0.5587283656250001 0.3839524328125 0.560618421875 0.38282260468749996 0.5598866203124999 0.381409253125 0.5603514734374999 0.381124003125 0.5574262812499999 0.379488075 0.5525750687500001 0.3749847953125
1 0.5263999375 0.362250190625 0.51999508125 0.3599144234375 0.5180945343750001 0.36104314843749996 0.51802506875 0.3617040640625 0.519649409375 0.3632032703125 0.5247420968750001 0.3654090765625 0.5259153359375001 0.3668608703125 0.5356617531250001 0.3712104359375 0.5365429749999999 0.37130305625000004 0.5384330312500001 0.3701732296875 0.5377351375 0.3684372890625 0.528419665625 0.3641250609375 0.5263999375 0.362250190625
0 0.5407128109375 0.375527890625 0.5461724593749999 0.3746459640625 0.548216684375 0.372553878125 0.54737643125 0.3696495046875 0.5454155593750001 0.3681228828125 0.540835928125 0.3666869484375 0.5345545984375 0.3669097546875 0.5321597359375 0.3688058875 0.531671965625 0.3708229125 0.533671940625 0.37349120468749997 0.536391359375 0.374461153125 0.5407128109375 0.375527890625
2 0.5369835859375 0.371349365625 0.54301646875 0.37298577499999996 0.5449178453125 0.3718491828125 0.5449864828125001 0.371196134375 0.5420855328124999 0.3692286421875 0.53776986875 0.36810683125 0.5267965578125 0.366953490625 0.50643954375 0.36647646875 0.4989806296875 0.36569250625 0.492728859375 0.3660377453125 0.49083880156250004 0.367167571875 0.4907693375 0.3678284890625 0.4923831890625 0.3693265921875 0.49413514062499997 0.3695107296875 0.499065078125 0.369026559375 0.506093871875 0.369765315625 0.5264508859375 0.370242334375 0.5369835859375 0.371349365625
1 0.5203889890625 0.6178400609375 0.5187751390625001 0.6163419593749999 0.51745330625 0.6162030281249999 0.49712176562500004 0.6197220812500001 0.49466142656249995 0.6178009 0.49378020468750006 0.61770828125 0.49189014999999997 0.61883810625 0.49198426093750003 0.62218113125 0.49359811093749995 0.6236792343750001 0.4944793328125 0.6237718546875 0.4999532515625 0.6223504890625 0.5175135140625 0.6198686437500001 0.5203195234375 0.6185009781249999 0.5203889890625 0.6178400609375
1 0.4933500859375 0.6176630734375 0.49144953750000003 0.618791796875 0.4908607375 0.6243938515624999 0.49913919375000004 0.6385726171874999 0.49990655312500004 0.639647640625 0.5020296531249999 0.64053900625 0.5039302 0.63941028125 0.503999665625 0.6387493656250001 0.495325821875 0.6241949328125 0.49584515625 0.6192537953125 0.49422081562500003 0.6177545906249999 0.4933500859375 0.6176630734375
0 0.487700940625 0.617825046875 0.4874826703125 0.6202045046875 0.487267303125 0.621749 0.48853607187500003 0.6250166109374999 0.49013751718750004 0.6266327328125 0.4927385359375 0.6278209343750001 0.49618901875 0.6272846828125 0.5013891828125 0.623018484375 0.5013075015624999 0.621474590625 0.49912625000000005 0.61770536875 0.4959517625 0.6160193734375 0.49198569687499993 0.6155070625 0.48914703125000003 0.6163780875 0.487700940625 0.617825046875
3 0.5066705984375 0.41907515625 0.5059436953125 0.42599117499999994 0.5042519484375 0.42947265 0.5031538984374999 0.4356814421875 0.501345990625 0.4571209890625 0.5024830234375 0.47587103593749996 0.4996812640625 0.5025280000000001 0.497208959375 0.5175735140625 0.49591260156250005 0.52143065625 0.49559157656249997 0.5287234421875 0.49413287187500005 0.5342261109375 0.48712036562499994 0.59670721875 0.4843539859375 0.60607379375 0.48107115624999996 0.6246934046875 0.4798442625 0.6278896296875 0.47960196093749996 0.6301949687499999 0.4816564234375 0.6317393828125 0.4834536 0.6315941656249999 0.4848683125 0.6307484859375 0.4887759046875 0.610523996875 0.49235198125 0.5975911921875 0.499364490625 0.5351100843750001 0.5008579265625 0.5292769578125001 0.5011789515625 0.521984171875 0.5024753093750001 0.5181270296875 0.5049476125 0.503081515625 0.5077493734375 0.4764245515625 0.5070502453125 0.470360978125 0.5074051749999999 0.46274560156250005 0.5066470734374999 0.45734404531250006 0.50838634375 0.43655754843750005 0.5095182984375 0.430026165625 0.51121004375 0.426544690625 0.5119716796875 0.41929821250000004 0.5114466203125 0.41591785000000003 0.5125943859375 0.41337356875 0.513493296875 0.40482099531250004 0.5156801359375 0.3967299421875 0.51736615625 0.38492696406250004 0.518547828125 0.38206009375 0.518790128125 0.37975475468750003 0.5181269656249999 0.37768835625 0.52107338125 0.358031059375 0.519865409375 0.3569097265625 0.5181481890625 0.3563951296875 0.5158070296874999 0.35747754375 0.5148039203125 0.3670214921875 0.5136561562499999 0.3695657734375 0.5128258828125001 0.3774652984375 0.513316209375 0.38117612031250003 0.512134540625 0.3840429890625 0.5104137859375 0.39617642656249996 0.5082616796874999 0.4039370203125 0.5073619421875 0.4124974625 0.506215003125 0.4150338734375 0.5066705984375 0.41907515625
1 0.508338134375 0.56366495625 0.5064472515625 0.5648026515625 0.5040968343750001 0.570211596875 0.4998321203125 0.5770819296874999 0.49972792187500004 0.5780733031249999 0.5013417718750001 0.57957140625 0.50222299375 0.5796640265625 0.5041130500000001 0.5785342 0.5107290078125 0.566247053125 0.510832378125 0.565263546875 0.50921935625 0.5637575765625 0.508338134375 0.56366495625
0 0.5061756421875 0.5826250578125001 0.5087593625 0.5826659234375 0.510729778125 0.5816797765625 0.5119710859375 0.5788509953125 0.51025405 0.5760135671875 0.5019927375 0.5742861312499999 0.49784944062500003 0.575560971875 0.4959321671875 0.5791698890625 0.49634111875000003 0.5815357234375 0.498862746875 0.58347925625 0.5023163734375 0.58361950625 0.5061756421875 0.5826250578125001
2 0.46840685468750004 0.5721164125 0.46651680000000006 0.5732462390624999 0.466447334375 0.57390715625 0.46806118437500005 0.575405259375 0.4719709671875 0.576150303125 0.50093589375 0.5791946390625 0.5070140000000001 0.580501690625 0.5089048843749999 0.5793639953125 0.508973521875 0.578710946875 0.5073605 0.5772049765625 0.501281565625 0.5759057921874999 0.46840685468750004 0.5721164125