1 0.5579434109375 0.3385281609375 0.55723956875 0.351922865625 0.5574930234375 0.3555322453125 0.5606118484375 0.3589819515625 0.5624425046875 0.3593377953125 0.56663640625 0.35730953906249996 0.567340246875 0.3439148359375 0.5670867937499999 0.3403054546875 0.5639694125 0.33684832187499997 0.5621387578125 0.3364924796875 0.5579434109375 0.3385281609375
1 0.5364301234375 0.56152330625 0.53459946875 0.5611674625 0.5201941156250001 0.5669131609375 0.5112942921875 0.568743325 0.5120803375 0.5696127640624999 0.5097156468749999 0.5720042890625 0.5128443671875 0.57545591875 0.5175488453125 0.575661434375 0.5227873578125 0.573119584375 0.5316871812499999 0.5712894203125 0.5381030906250001 0.567550846875 0.5395574 0.5649823625 0.5364301234375 0.56152330625
1 0.555177171875 0.5480757328125 0.553346515625 0.5477198890625 0.5503384640625 0.5485607703125 0.54075825625 0.558804496875 0.5344652390625 0.5618580171875001 0.5328880359375 0.5651115546875001 0.5360054171875 0.5685686875 0.5399337453124999 0.5679066890625 0.5407113406249999 0.5687667796875 0.54726993125 0.5643469984375 0.55803743125 0.552908471875 0.5583044484374999 0.5515347875 0.555177171875 0.5480757328125
1 0.5327691046874999 0.5266284140625 0.525966953125 0.5274407375 0.508976809375 0.5269893625 0.5047814640625 0.52902504375 0.504514446875 0.530398728125 0.5076431671875 0.53385035625 0.510384203125 0.5343831609375 0.5341863921875001 0.5340241359375 0.5383703984375 0.53199395625 0.538637415625 0.5306202718749999 0.535520034375 0.5271631421875 0.5327691046874999 0.5266284140625
1 0.536296184375 0.52803065625 0.5337987078124999 0.531105309375 0.536927428125 0.5345569390625 0.5485682875 0.5332595796875 0.5641510375000001 0.52631715625 0.565603903125 0.523756096875 0.5624766265625001 0.520297040625 0.559735590625 0.5197642375 0.5482040609375 0.5253596109374999 0.536296184375 0.52803065625
1 0.5496953921875 0.5128269203125 0.554000065625 0.51508925 0.558185515625 0.5130516468749999 0.5584510890625001 0.5116853875 0.5547039078125 0.501694546875 0.5503992328125 0.49943221718749997 0.5462038890625001 0.5014678984375001 0.5459368718750001 0.5028415828125 0.5496953921875 0.5128269203125
1 0.547063975 0.4824089234375 0.543476415625 0.49595202968749996 0.5426768078124999 0.50006565625 0.545804084375 0.5035247109375 0.5476347390625 0.503880553125 0.5518300859374999 0.5018448734375001 0.5535400734375 0.49790820625 0.5562073578125 0.484186215625 0.5530800796875 0.4807271625 0.551249425 0.48037131874999994 0.547063975 0.4824089234375
1 0.5572757171875 0.444508275 0.5519029734374999 0.4477406796875 0.5447967859375 0.45989089375000003 0.5442641953125 0.4626308359375 0.5473914718749999 0.46608989218749997 0.5492122328125 0.4664438125 0.5534075781250001 0.4644081296875 0.5568388921875 0.45652929374999995 0.5618338453125 0.4503799875 0.56223365 0.448323171875 0.5591063734375 0.44486411875 0.5572757171875 0.444508275
1 0.541767009375 0.431522284375 0.546991959375 0.43396350000000006 0.5511774093749999 0.4319258953125 0.5514429828125 0.4305596359375 0.54506409375 0.4243340046875 0.5398391453125 0.42189278906250005 0.5356536937499999 0.4239303953125 0.5353881203124999 0.42529665312500003 0.541767009375 0.431522284375
1 0.5712445359375 0.41660039062500004 0.5691468625 0.41761823124999997 0.5683692703125 0.4167581421875 0.5627210578125 0.42135488125 0.5479257984375 0.42915931875 0.54752599375 0.4312161328125 0.550643375 0.43467326249999994 0.554437471875 0.4347018203125 0.574615371875 0.4236669015625 0.5761925734375 0.42041336406249996 0.5730751921875 0.416956234375 0.5712445359375 0.41660039062500004
1 0.553104121875 0.40737960937500006 0.5549347765625 0.40773545312500004 0.559130121875 0.405699771875 0.5605965515625 0.3981556484375 0.5574692734375 0.3946965921875 0.55563861875 0.3943407484375 0.5514432734375 0.39637643125 0.54997684375 0.40392055468750004 0.553104121875 0.40737960937500006
1 0.553408159375 0.3960417203125 0.555238815625 0.39639756249999997 0.5594341609375 0.39436188125 0.56131395625 0.3797778796875 0.558196575 0.376320746875 0.55636591875 0.37596490312499997 0.5521705734375 0.3780005859375 0.550290778125 0.39258458749999997 0.553408159375 0.3960417203125
1 0.56047761875 0.35967250625 0.5636048953125 0.363131559375 0.571837896875 0.36473189375000004 0.5770543953125 0.367163759375 0.581248296875 0.3651355046875 0.5800844625 0.3613491640625 0.5749937421875 0.35821739375 0.5649399796875 0.356263140625 0.5607446359375 0.358298821875 0.56047761875 0.35967250625
1 0.50335003125 0.594978796875 0.50908555625 0.5996537859375 0.5246312843750001 0.60267556875 0.5288266312500001 0.6006398875000001 0.5290936484375 0.599266203125 0.5259649265624999 0.5958145734375 0.514858103125 0.5943645671875 0.50781239375 0.5915694328125001 0.5036170484375 0.5936051140624999 0.50335003125 0.594978796875
1 0.5381262578125 0.5967529093749999 0.5325015046875 0.596368509375 0.528306159375 0.5984041906249999 0.5280391421874999 0.599777875 0.5311678625 0.6032295046875 0.5339088984375 0.6037623078125 0.5532721828125 0.6018315078125 0.555769659375 0.598756853125 0.5526423828125 0.5952977984375 0.5508117265625 0.5949419546875 0.5381262578125 0.5967529093749999
0 0.5269040140625 0.594417409375 0.523942184375 0.593911040625 0.5211291421875 0.595175121875 0.5186680171875 0.59616084375 0.5177596078125 0.5987737937500001 0.518801859375 0.601072384375 0.521080646875 0.602979453125 0.5318820718749999 0.6069515640625001 0.5339958046875 0.606537903125 0.5386513171875 0.603666965625 0.539426953125 0.6013672640625 0.53902154375 0.598275465625 0.53367275 0.59419965 0.5300071078124999 0.5935102375 0.5269040140625 0.594417409375
0 0.53806231875 0.5597831046875 0.5348603203125 0.5591915234375 0.5305745203125001 0.5597378 0.5262753640625 0.5589791859375 0.52289374375 0.5602098062499999 0.528179240625 0.5645584343750001 0.521419459375 0.562088584375 0.521309278125 0.5649799875 0.5235960656249999 0.5681138453125001 0.5270874921875001 0.5692240390625 0.53061073125 0.5683214765625 0.533257509375 0.5701844859375 0.537953303125 0.571174315625 0.541844740625 0.5701737953125 0.5448435703125 0.56768976875 0.54539920625 0.5663105390625 0.543139853125 0.562665721875 0.53806231875 0.5597831046875
2 0.554304684375 0.43538495 0.5585000296875 0.43334926874999996 0.5587656046875 0.431983009375 0.5556383265625 0.42852395468750004 0.51631386875 0.42088005468749995 0.5023317765625 0.419587796875 0.4730610796875 0.41389814999999996 0.46365067968749996 0.413494540625 0.459456778125 0.41552279687500004 0.45918976093749997 0.41689648124999995 0.46231703749999997 0.42035553593749997 0.46597835 0.421067221875 0.4726477125 0.42093802968749994 0.500998134375 0.42644879375 0.5149802265625001 0.42774104843750005 0.554304684375 0.43538495
0 0.5280988375 0.5267223703125 0.5277586140625 0.528736825 0.529060984375 0.5325500937500001 0.5322934546875 0.5344113625 0.5346373765625 0.5366701484374999 0.54252345 0.5372552234375 0.544762325 0.5366732421875 0.546114134375 0.5353717140625001 0.5463794625 0.528934940625 0.5443777453124999 0.52708173125 0.5403414703125 0.5252876890625 0.53773568125 0.5245345859375 0.5311549734375001 0.5244190140625 0.5280988375 0.5267223703125
0 0.5433152984375 0.49297706718749995 0.5404625265624999 0.49243795625000003 0.5412197546875 0.49821043437499996 0.536370465625 0.494470596875 0.53641735 0.498086059375 0.538213525 0.5000457296875 0.5403785484375 0.501005978125 0.5439604375 0.5032356953125 0.5496841984375 0.508393865625 0.5525041890625 0.5089959578125 0.555549328125 0.5088095796875 0.558646903125 0.506398690625 0.5576003703125 0.5026428562499999 0.5529304234375 0.49935399374999995 0.5528109406249999 0.49658747812500004 0.551347309375 0.494237803125 0.5479963031249999 0.4922995515625 0.545759103125 0.4920804484375 0.5433152984375 0.49297706718749995
0 0.5462306453125 0.45858990312500003 0.5443937625 0.4594812015625 0.5436517656250001 0.4607625578125 0.5435819734375 0.46418581249999996 0.5441694015625 0.4677676421875 0.5465508390625 0.47020324999999996 0.5555612015625 0.4734573328125 0.5606953546875 0.47229766562500003 0.5630317765624999 0.47063270468749996 0.5643353921875 0.46788851718749996 0.5640138453125 0.46616154375 0.562545234375 0.46473560625 0.55778946875 0.4631561796875 0.555849803125 0.4613535609375 0.5494361671875 0.45863505312499997 0.5462306453125 0.45858990312500003
0 0.5580411187500001 0.4272571890625 0.556050509375 0.4261921359375 0.5529117984374999 0.4256976203125 0.5485528046875 0.42651478593750003 0.5449834390625 0.4258055609375 0.541186834375 0.4267936921875 0.5396923546875 0.4284065453125 0.5399941 0.43049955000000006 0.5478620484375 0.436883625 0.552579053125 0.438609634375 0.5552980468750001 0.438621859375 0.5570182484374999 0.437538353125 0.558113865625 0.4344377921875 0.5599874765624999 0.43245940000000005 0.5598667484375001 0.4300162875 0.5580411187500001 0.4272571890625
0 0.5498547453125 0.399265590625 0.5532986890625 0.40241631718750004 0.5581973328125 0.403630515625 0.5625514203125 0.40151780937500003 0.563120915625 0.3987465109375 0.5620763890625 0.396670946875 0.5619293375 0.392250015625 0.558885946875 0.3894160296875 0.5562980875 0.3887820015625 0.5510161390625 0.38938123281250003 0.5475163249999999 0.392646346875 0.5498547453125 0.399265590625
0 0.5732692234375001 0.3589532984375 0.571742878125 0.3578243734375 0.569662365625 0.357327490625 0.5685378453125 0.35545214375 0.5632139765625 0.3518820546875 0.5606343640625 0.3513112765625 0.5578670921875 0.35244554687499996 0.5543987484375 0.3515864296875 0.5519700000000001 0.3522470921875 0.549099003125 0.35423196562500003 0.54842194375 0.3555490625 0.54909390625 0.35885449999999997 0.55087978125 0.3605501671875 0.5546404500000001 0.361543165625 0.5570199171875 0.361188865625 0.5606737546875 0.3634710984375 0.5678102 0.3654824578125 0.572093528125 0.36484323125 0.5737275578125 0.3637275609375 0.5741712609375 0.36202604531250004 0.5732692234375001 0.3589532984375
2 0.5620409640624999 0.3955852390625 0.5589136890625 0.392126184375 0.5351349578125 0.38750406718749997 0.502866103125 0.38265722343749997 0.48874132968749995 0.38204617343749997 0.4849556828125 0.382026965625 0.48076178281250004 0.3840552203125 0.48049476562500004 0.38542890625 0.48362204062499997 0.388887959375 0.48636307656250005 0.3894207625 0.5015324609375 0.38951821875000003 0.557580046875 0.3989871796875 0.561773946875 0.3969589234375 0.5620409640624999 0.3955852390625
3 0.495007990625 0.554897246875 0.4938071359375 0.5610751109375001 0.49244974375000006 0.6071004531249999 0.48239569062500004 0.63932940625 0.484735478125 0.6419264484375 0.488264003125 0.6433212640625 0.49336972812499996 0.64146254375 0.50355656875 0.6085504609375 0.5049139609375 0.5625251203125 0.5108577578125 0.5465811390625 0.5129910078125001 0.53560651875 0.516773278125 0.5064275109375 0.519575084375 0.457831759375 0.529095103125 0.428350175 0.5247302406250001 0.4068499859375 0.5293488484375 0.39777635 0.5304154734375001 0.39228904062500003 0.5305129749999999 0.3673794859375 0.5328310375 0.3407670390625 0.5414505734375 0.31111041875 0.5391008890625 0.3085114515625 0.535582259375 0.3071185609375 0.530476534375 0.30897728125 0.5217242125 0.33931703125 0.51940615 0.365929478125 0.5194414359375 0.39015590312500004 0.5134891859375 0.406090534375 0.5179882796874999 0.4269001671875 0.5086010453124999 0.455698621875 0.5056551140625001 0.504983003125 0.5020169703125 0.53347338125 0.5000165078125 0.543764875 0.495007990625 0.554897246875
2 0.5686012921875 0.356974828125 0.5654725703125 0.3535231984375 0.5508372234375 0.350678375 0.49333677031249995 0.3437704734375 0.48863084843750004 0.3435723828125 0.484436946875 0.3456006375 0.48416992968750006 0.346974321875 0.48729720781249997 0.3504333765625 0.49095851718750005 0.3511450625 0.504163015625 0.3515772296875 0.531994409375 0.354844871875 0.564138928125 0.3603841921875 0.568334275 0.3583485125 0.5686012921875 0.356974828125
2 0.556643890625 0.5063484015624999 0.5553472703125 0.5032451906250001 0.5564017765625 0.5027335203125001 0.5537836328125 0.5015156640625 0.5467613796874999 0.4937393890625 0.5423224765625 0.4921676125 0.5326351640625 0.4931357625 0.4717503140625 0.484144415625 0.4675549671875 0.48618009687499997 0.46728794999999995 0.48755378125000004 0.47041667187499997 0.49100540937500003 0.4786496734375 0.49260574375 0.531301521875 0.499996759375 0.5417664265625 0.499888696875 0.548011084375 0.5068048828125 0.552449990625 0.508376659375 0.556643890625 0.5063484015624999
2 0.5421795031250001 0.5270320234375 0.5357870515625 0.52578945625 0.50050025 0.5217815703124999 0.4692661078125 0.516419209375 0.46508065781249996 0.518456815625 0.4648136421875 0.5198304984375001 0.467931021875 0.5232876296875 0.4991666078125 0.528642565625 0.5094873859375 0.529223134375 0.5408444171875 0.53390044375 0.5450397625 0.5318647624999999 0.5453067796875 0.5304910781250001 0.5421795031250001 0.5270320234375
2 0.5450394703125 0.56604796875 0.5453064875 0.564674284375 0.54217776875 0.5612226546875 0.5366956968750001 0.5601570484375 0.518009128125 0.5586592734375 0.467178040625 0.5516221796874999 0.46155184374999997 0.5512452031249999 0.45735649843750004 0.5532808859375 0.457090925 0.55464714375 0.4602182015625 0.5581062 0.4647898921875 0.558994846875 0.48165570156250004 0.5601386984375 0.5175858671875 0.565697228125 0.5408441265625 0.5680836499999999 0.5450394703125 0.56604796875
2 0.539557109375 0.5991655671875 0.5364298328125 0.5957065125 0.533688796875 0.595173709375 0.5016536046875 0.5939323984375 0.45905407499999995 0.5885030640625 0.45485872968749996 0.5905387453125 0.45459171249999997 0.5919124296875 0.4577204328125 0.5953640578125 0.4632124 0.5964315890624999 0.50031851875 0.6008008203124999 0.53130065 0.602546375 0.5350947484375 0.6025749328125001 0.5392900921875 0.6005392515625 0.539557109375 0.5991655671875
2 0.5586325265625 0.46684934375 0.5588995437500001 0.465475659375 0.5557708234375001 0.46202403125 0.5511991328125 0.461135384375 0.529628846875 0.45978601250000006 0.47958380156249997 0.45361835624999997 0.47486798593749996 0.45341834218750005 0.470683978125 0.4554485203125 0.47041696093749996 0.4568222046875 0.47353434375000003 0.46027933593750003 0.47719565468749997 0.46099102187499996 0.4922308078125 0.46177903281250005 0.5292154796874999 0.46682589218750004 0.55443718125 0.4688850265625 0.5586325265625 0.46684934375
1 0.5368909890625 0.476154734375 0.536623971875 0.47752841874999996 0.5397413531249999 0.48098555000000004 0.5445899562500001 0.4805024359375 0.5553475609375 0.46906198593750004 0.5557473640625 0.467005171875 0.5526299828125001 0.463548040625 0.550799328125 0.46319219843750004 0.5466039828125 0.465227878125 0.5368909890625 0.476154734375