1 0.516926578125 0.43262360781250003 0.5167166937500001 0.43163618125000003 0.513176134375 0.430310821875 0.5108298312499999 0.43080954374999997 0.499252921875 0.44156815156249996 0.4956579453125 0.44388380781250003 0.4933220703125 0.4443803125 0.4906266796875 0.4470311640625 0.490837971875 0.448025215625 0.4943771234375 0.449343946875 0.4967129984375 0.4488474421875 0.5019659859375001 0.446691921875 0.5025382031250001 0.44553825468749997 0.5069034421875 0.44305194999999997 0.516926578125 0.43262360781250003
3 0.5015784062499999 0.61372196875 0.5104617140625 0.624800034375 0.5160233812499999 0.6625028265624999 0.5186852125 0.66348855625 0.521908834375 0.6633228375 0.5253877359375 0.660512371875 0.5196147765625 0.621815528125 0.5107328765625 0.6107440890625 0.5055660750000001 0.58643619375 0.4991170421875 0.5675818109375 0.4882303015625 0.5279009343750001 0.4762726234375 0.494667621875 0.4632331984375 0.4487048984375 0.4599475359375 0.42555560156250005 0.45289959218750003 0.4000891078125 0.43423901093749995 0.3506527859375 0.425716246875 0.31824780625 0.4230648421875 0.3172598609375 0.41983079375 0.317427796875 0.4163518921875 0.32023826093749996 0.41803941250000004 0.32817742656250004 0.42487465625 0.3526432421875 0.43535610468749997 0.3789314390625 0.448580128125 0.4181224390625 0.45397448906250004 0.45119237968750003 0.46690826875 0.496658078125 0.48154686093750004 0.538658365625 0.48685145937499996 0.5598200796875 0.4962017203125 0.5884266484375 0.5015784062499999 0.61372196875
2 0.39453050625 0.359612571875 0.3918351140625 0.3622634234375 0.392044996875 0.36325084687500003 0.395585559375 0.36457620625 0.4035017859375 0.36341304375 0.4440876109375 0.354786259375 0.44944624375000003 0.3531277640625 0.4521520625 0.350474696875 0.4519421796875 0.349487271875 0.4483911921875 0.3481641296875 0.429091671875 0.3533053328125 0.39453050625 0.359612571875
0 0.43946771562500003 0.3490496140625 0.43722844531250005 0.350308271875 0.4362551484375 0.35183117343750003 0.4364728953125 0.3531632484375 0.43862083125 0.355525746875 0.441058925 0.356074184375 0.4487392609375 0.3548780421875 0.45551139531249996 0.35192169375 0.4571825484375 0.34993876875 0.45596817187500005 0.34602025625 0.452806384375 0.344836034375 0.4503766578125 0.3453524890625 0.446148390625 0.34781660625 0.43946771562500003 0.3490496140625
1 0.4482855453125 0.347667103125 0.4455901546875 0.35031795468750004 0.445801446875 0.35131200625000003 0.4493405984375 0.3526307375 0.4548048765625 0.3514692703125 0.47104808125000003 0.3511266359375 0.47339438281249996 0.3506279140625 0.47609118281249996 0.347983690625 0.475879890625 0.3469896375 0.47234073906249996 0.34567090624999997 0.45453192343750004 0.3463393953125 0.4482855453125 0.347667103125
1 0.4451430453125 0.3789290890625 0.44113732343749995 0.37926105 0.43843009374999997 0.381907490625 0.44041688125 0.3835631140625 0.4397404265625 0.38422638125 0.441304628125 0.3838939 0.45771372968749996 0.3881774890625 0.4617194515625 0.387845528125 0.46442668125 0.38519908593749996 0.46244130156249996 0.383550090625 0.46311775781250003 0.38288682343749997 0.4615535546875 0.3832193046875 0.4451430453125 0.3789290890625
1 0.49197563125 0.388153790625 0.49265349374999995 0.3874971515625 0.49108929218749997 0.3878296328125 0.477340615625 0.384525146875 0.470673059375 0.383871378125 0.469679665625 0.383043565625 0.4616592 0.38371633125 0.45896240156249996 0.3863605546875 0.45917369375000006 0.38735460625 0.46271284531249995 0.3886733390625 0.4683884171875 0.3885059234375 0.47193799687500004 0.38982243906249997 0.4734917703125 0.3894921734375 0.48625748125 0.39196663125 0.48724946718749995 0.392787815625 0.491255190625 0.3924558546875 0.4939624171875 0.3898094140625 0.49197563125 0.388153790625
0 0.45400026718750003 0.385115715625 0.4530232484375 0.3873389765625 0.453647371875 0.38899333281250004 0.45592814062500003 0.390288634375 0.46031284531249994 0.39097049375 0.4634595609375 0.39039168125 0.46758127656250004 0.38814415156250004 0.46896858124999996 0.38667177812500003 0.469022825 0.385081021875 0.4674204875 0.383080478125 0.46497962031249995 0.382006221875 0.45639906874999997 0.3836846203125 0.45400026718750003 0.385115715625
2 0.5081878421875 0.4759634515625 0.50464728125 0.47463809375 0.502300978125 0.475136815625 0.4955998640625 0.478119628125 0.47863621875 0.4827643265625 0.43326257031250004 0.49188931093750005 0.43055534062499995 0.4945357515625 0.43076663281250005 0.49552980468749996 0.4343162140625 0.49684631875 0.44143991250000003 0.4958516125 0.4912948765625 0.48473513125 0.505702334375 0.47960172968750003 0.508397725 0.476950878125 0.5081878421875 0.4759634515625
2 0.4769426078125 0.5515574109375 0.46279042812500004 0.5540460671874999 0.45612287343749996 0.5533922984374999 0.45377656875000005 0.5538910203125 0.4510797703125 0.5565352453125 0.4512910625 0.5575292968750001 0.453161775 0.5586901109375 0.46228127968750005 0.5593421828125 0.50250618125 0.55286311875 0.514894703125 0.5497173015625 0.51759009375 0.54706645 0.5173788015625 0.5460723984375 0.51383965 0.5447536671875 0.4834002796875 0.5512237546875001 0.4769426078125 0.5515574109375
2 0.46604977812500004 0.5886087843750001 0.46626107031249997 0.5896028359375001 0.469812059375 0.590925978125 0.5043613890625 0.5846143296874999 0.5147191375 0.5834516859375001 0.5209655171875001 0.5821239765625 0.5236727453125 0.5794775359375001 0.523461453125 0.578483484375 0.5199104640625001 0.5771603421875 0.46875700625 0.58596234375 0.46604977812500004 0.5886087843750001
2 0.4724829265625 0.6188743671875 0.4726928109375 0.6198617921875 0.47624379843750003 0.621184934375 0.48259582500000003 0.6203542515625 0.535778646875 0.6095624484375 0.5384754468749999 0.6069182265624999 0.5382641546875 0.6059241734375 0.5347250031249999 0.604605440625 0.4941287484375 0.613234440625 0.4751887453125 0.6162213000000001 0.4724829265625 0.6188743671875
2 0.48026757656249996 0.6478067890625 0.539803834375 0.63619093125 0.542499225 0.6335400812499999 0.542289340625 0.6325526546875 0.5387487796875 0.6312272953125 0.4792125234375 0.6428431546875 0.47651713281249997 0.6454940062500001 0.476728425 0.6464880578125001 0.48026757656249996 0.6478067890625
0 0.46459263906250003 0.41284873906249997 0.463287621875 0.414400590625 0.46360058750000005 0.416231909375 0.4650490484375 0.41817511874999996 0.46396575156250003 0.42071880781250004 0.46458171875 0.4221809578125 0.4664042640625 0.4230126140625 0.4712453 0.423174965625 0.4744709828125 0.4219421375 0.477318884375 0.41882943125 0.4818918421875 0.41624356249999994 0.4829206859375 0.41441794375 0.47984732812499997 0.41062444062500003 0.47195994687500004 0.41059012656249994 0.46459263906250003 0.41284873906249997
1 0.5340485484374999 0.6052687078125001 0.532484346875 0.6056011890625 0.5303479265625 0.6070873375 0.5292167375 0.6094057078125 0.5248237765625 0.6232988046875 0.5245245125 0.629582346875 0.5280755015625 0.6309054875 0.529639703125 0.63057300625 0.53233509375 0.62792215625 0.5323790796875 0.6242833578125 0.5379046390625 0.60807851875 0.5375877 0.6065874390625 0.5340485484374999 0.6052687078125001
1 0.4613621046875 0.4283648890625 0.463708409375 0.4278661671875 0.473932409375 0.41843409375 0.474293334375 0.41628637656249995 0.47075277499999996 0.41496101718749995 0.46840647031250005 0.4154597390625 0.45817204218749996 0.4248940296875 0.457822953125 0.42704615781250005 0.4613621046875 0.4283648890625
0 0.53814071875 0.62959723125 0.5311671312499999 0.6318621984374999 0.5283084265625 0.6327191875 0.526619234375 0.6347198 0.527218421875 0.6380002390625 0.5294171750000001 0.6393198984375 0.5358202249999999 0.6383190625 0.542722896875 0.638181728125 0.5475037828125 0.6363689796875 0.549106125 0.6349340171875 0.549357090625 0.6332945203125 0.5484784281249999 0.63218604375 0.540850278125 0.6294230296875 0.53814071875 0.62959723125
0 0.483821853125 0.44998753437500005 0.49314565000000005 0.45108796250000005 0.496317446875 0.45052459687499996 0.5003323187500001 0.44864610000000005 0.50173709375 0.44720464531250004 0.5011637671875 0.44476373125 0.49458235000000006 0.44195138749999996 0.4875318984375 0.4432906984375 0.48428384375 0.4458027453125 0.4826180296875 0.447964621875 0.483821853125 0.44998753437500005
2 0.41202455000000004 0.395818021875 0.4122358421875 0.39681207343749997 0.41577499375000004 0.3981308046875 0.45501833906250005 0.3908283390625 0.4642770484375 0.38834085625000003 0.4669738484375 0.3856966328125 0.46676255624999996 0.38470258125 0.4632234046875 0.38338385 0.43913465 0.3890166265625 0.41472135000000004 0.393173796875 0.41202455000000004 0.395818021875
0 0.525121034375 0.6072632796875 0.5247728281249999 0.6089580765625 0.526153590625 0.6116083171875 0.5288033140625 0.6124858 0.5390788171875001 0.6107311109375 0.5405923515625 0.6096474921875 0.542855465625 0.6063473984375001 0.5421921937499999 0.604355040625 0.53948074375 0.6035460921875 0.528897784375 0.6050336625 0.5265193125 0.6059963671874999 0.525121034375 0.6072632796875
0 0.51006623125 0.5781237890625001 0.5072382 0.5795353000000001 0.5047102265625 0.5821020781249999 0.504275528125 0.5834412343750001 0.5058615296875 0.58531365 0.510838359375 0.5860635890625 0.5184845515625 0.5853734078125 0.524264553125 0.58338985 0.5292655234375 0.5785103984375 0.5287009 0.57646936875 0.5259886078125 0.5756051875 0.5157117609374999 0.5765844 0.51006623125 0.5781237890625001
0 0.516475478125 0.5432583359375001 0.5140505859375 0.5432335015625 0.5073467609375 0.5449216484375 0.5046802390625 0.5461187390625 0.5035617484375 0.5482404703125 0.5050151484375001 0.5517964859375 0.5085035046875 0.553901775 0.5128944546875001 0.5540489734375 0.515205815625 0.5534884124999999 0.522846209375 0.5479509671875 0.52327529375 0.5463290203125 0.5225502343749999 0.54517404375 0.5210083812499999 0.5444835890624999 0.518371840625 0.5443859921875001 0.516475478125 0.5432583359375001
0 0.49456497343750006 0.5154513953125 0.5061776984375 0.51460381875 0.5123004578125 0.5120279234375 0.51389893125 0.5096517875 0.5117020296875 0.5063923359375 0.5084646578124999 0.505826778125 0.5027673046875 0.506968521875 0.4948424546875 0.510142184375 0.49236184843749997 0.5124703234375 0.492562921875 0.514339278125 0.49456497343750006 0.5154513953125
1 0.520859871875 0.58162695 0.523882628125 0.5804649625 0.537956884375 0.5660724874999999 0.5383059718750001 0.5639203578124999 0.5347668203125 0.5626016265625 0.5332026171875001 0.5629341078125 0.5176802359375 0.5781538734375 0.5173207203125 0.58030821875 0.520859871875 0.58162695
1 0.4972553640625 0.59338365625 0.498819565625 0.593051175 0.51862964375 0.5826204828125 0.5196565953125 0.5798117140625 0.516116034375 0.5784863546875 0.51455183125 0.5788188359374999 0.4947431625 0.58925615625 0.4937057828125 0.5920671421875 0.4972553640625 0.59338365625
1 0.5365228515625 0.53630275625 0.5224219046874999 0.542929453125 0.513268840625 0.545913959375 0.5105720421875 0.548558184375 0.510783334375 0.5495522375 0.5143224859375 0.55087096875 0.5166687875 0.5503722468750001 0.5384642421875 0.54159055 0.5426195984375 0.5381168171875 0.54240830625 0.537122765625 0.538858725 0.53580625 0.5365228515625 0.53630275625
1 0.499746959375 0.5130131296875 0.49791159531250007 0.5274015578125 0.498227125 0.5288860078125001 0.5017781140625 0.53020915 0.5033318875 0.5298788859375 0.5060377078125 0.5272258171875001 0.5083396421875 0.5111866984375 0.5080227046875 0.50969561875 0.504473125 0.5083791046874999 0.5029193515625 0.5087093687500001 0.499746959375 0.5130131296875
0 0.49241168437500005 0.48250293437499997 0.5032802140625 0.48353822187500006 0.505652440625 0.48311017968750003 0.5094111296875 0.4811545328125 0.5112812578125 0.4791847265625 0.5096068921875 0.4757172359375 0.5032945203125 0.47417065156250005 0.5007937734375 0.4746606421875 0.49176687656249995 0.4788027515625 0.490918671875 0.4808116203125 0.49241168437500005 0.48250293437499997
1 0.508331384375 0.54955393125 0.51245318125 0.54971678125 0.515148571875 0.5470659296875 0.5139452953125 0.54525069375 0.4979999484375 0.53930315625 0.493879559375 0.5391469359375 0.491182759375 0.541791159375 0.4923874453125 0.5436130234375 0.508331384375 0.54955393125
1 0.539908071875 0.6366813312499999 0.5664473625 0.6310402296875 0.5691441625 0.62839600625 0.5689328703125 0.6274019531249999 0.56539371875 0.626083221875 0.5388544265624999 0.6317243218749999 0.536147196875 0.6343707625 0.536358490625 0.635364815625 0.539908071875 0.6366813312499999
1 0.540585934375 0.636024690625 0.5408398046875 0.63337331875 0.5372902234375 0.632056803125 0.535726021875 0.6323892843750001 0.534383540625 0.633713603125 0.53349579375 0.6333828171875 0.531221578125 0.638015146875 0.520731871875 0.65009418125 0.5198001375 0.6534021937500001 0.5233497171875 0.6547187078125 0.527039909375 0.6529022953125 0.5306670359375001 0.6469434328125 0.5368517546875 0.6414799 0.5366418703125 0.6404924750000001 0.540585934375 0.636024690625
1 0.5060989859375 0.512182446875 0.531856178125 0.5067075859375 0.5345619968750001 0.5040545187500001 0.5343507046875 0.5030604671875001 0.530801125 0.5017439515625 0.5050439328125 0.5072188125 0.502347134375 0.5098630359375 0.5025584265624999 0.5108570875 0.5060989859375 0.512182446875
1 0.5506685609375 0.5913671546875 0.5471280000000001 0.5900417953125 0.5455637984374999 0.5903742765625 0.5442108890624999 0.5917008109374999 0.5433335703125 0.591367809375 0.540266825 0.5961685953125 0.5374643796874999 0.5983157921875 0.533266446875 0.6054349484375 0.5323347125 0.6087429609375 0.53588429375 0.6100594765625 0.5395744859375 0.6082430624999999 0.5450210921875 0.599306975 0.5504132828125 0.5940119 0.5506685609375 0.5913671546875
1 0.5240524453125001 0.4699939171875 0.5134408265625 0.4738079328125 0.503188725 0.4754676015625 0.500493334375 0.478118453125 0.5007032171875 0.47910587812500005 0.504243778125 0.48043123750000005 0.5090316031250001 0.479933034375 0.5282359046875 0.4742925890625 0.530932703125 0.471648365625 0.5307214109375 0.47065431249999995 0.5271808515624999 0.46932895312499995 0.5240524453125001 0.4699939171875
1 0.5052797499999999 0.47761362500000004 0.5017405968750001 0.4762948921875 0.5001763953125 0.47662737499999996 0.4988234859375 0.47795390781249997 0.4979357390625 0.47762312187499995 0.487095534375 0.491847659375 0.48428406874999996 0.4940037015625 0.48403921875 0.4966462296875 0.4875797796875 0.49797158750000003 0.4904864625 0.4963147890625 0.491374209375 0.49664557499999995 0.4970321078125 0.4887035375 0.505025878125 0.480264996875 0.5052797499999999 0.47761362500000004
1 0.468723409375 0.4169508171875 0.4722729890625 0.41826733125000004 0.4966332859375 0.4177578046875 0.49897958750000004 0.4172590828125 0.501674978125 0.41460823125 0.5014650953124999 0.41362080468749995 0.49792453437499995 0.41229544531249995 0.4712193453125 0.413310325 0.4685121171875 0.415956765625 0.468723409375 0.4169508171875
2 0.5109293874999999 0.5080388218749999 0.5073902359375 0.506720090625 0.5042618328125 0.5073850531249999 0.4759134875 0.5160011625 0.44614014375 0.5218102 0.443444753125 0.5244610515625 0.44365604531249997 0.525455103125 0.447195196875 0.5267738343749999 0.4535472234375 0.525943153125 0.47775064062499994 0.5207985578125001 0.4939321859375 0.5163201 0.5084452890625 0.5116837249999999 0.5111406796875 0.5090328734375 0.5109293874999999 0.5080388218749999
2 0.494782034375 0.4435574328125 0.47614713281250004 0.44803095937500004 0.4556443359375 0.45135692499999996 0.42379039843750005 0.4550177234375 0.4108750546875 0.4556850359375 0.4081796625 0.4583358875 0.40838954687499995 0.4593233125 0.41193010625 0.4606486703125 0.428849765625 0.4596427703125 0.4398839703125 0.4578168609375 0.4495638546875 0.45731085625 0.4772021859375 0.45299459375 0.4958356796875 0.448514440625 0.49853247968750003 0.445870215625 0.49832118750000004 0.4448761640625 0.494782034375 0.4435574328125
2 0.475119421875 0.41248133749999993 0.4591917484375 0.41430842187500005 0.4420168109375 0.41795906875 0.41853383437499997 0.4188016 0.4158384421875 0.42145245 0.4160483265625 0.4224398765625 0.41958888749999995 0.4237652359375 0.4310442671875 0.42392080312499997 0.4430718640625 0.4229227046875 0.4602468015625 0.4192720578125 0.47305509062500006 0.418101090625 0.476173065625 0.4174383453125 0.478869865625 0.41479412031249996 0.47865857343749996 0.41380006874999997 0.475119421875 0.41248133749999993