1 0.49774414062499994 0.49192145 0.49625 0.4942416921875 0.499248046875 0.49610271875 0.500751953125 0.49610271875 0.5075097656249999 0.4942416921875 0.521025390625 0.49238066406250003 0.544296875 0.49238066406250003 0.5472949218750001 0.49052567968750005 0.5472949218750001 0.48959516562500005 0.544296875 0.48774018124999996 0.5262792968750001 0.487274925 0.51576171875 0.4882054375 0.5022558593750001 0.49052567968750005 0.49774414062499994 0.49192145
0 0.54392578125 0.6573836859375 0.5455957031249999 0.6599516609375 0.5474511718749999 0.6608277953125 0.552353515625 0.6606163140625 0.556376953125 0.658767371875 0.56201171875 0.6587854984375 0.5655859375000001 0.65958308125 0.569326171875 0.6594622359375 0.571064453125 0.65901510625 0.572412109375 0.6579154078125 0.5724609375 0.6563081578125 0.571171875 0.6551722046874999 0.56171875 0.65239275 0.55994140625 0.650803625 0.5563671875 0.649413896875 0.550341796875 0.6489909359375 0.5458398437499999 0.6493232625 0.5438867187499999 0.6499939578125 0.5421679687500001 0.6518006046875 0.5406152343749999 0.6531238671875 0.540732421875 0.654712990625 0.542451171875 0.6566948640625 0.54392578125 0.6573836859375
1 0.554052734375 0.6507854984375 0.551806640625 0.6512447124999999 0.5510546875 0.653570996875 0.554052734375 0.65542598125 0.5578125 0.654960725 0.571318359375 0.6466042296875 0.58033203125 0.6428882171875 0.584833984375 0.6391722046874999 0.584833984375 0.6382416921875 0.5818359375 0.6363806640624999 0.58033203125 0.6363806640624999 0.5728222656249999 0.6405619328125 0.5683203125 0.6419577046875 0.554052734375 0.6507854984375
2 0.457958984375 0.4115589125 0.46095703125 0.413413896875 0.48949218749999995 0.41295468281250003 0.49625 0.4138791546875 0.5375390624999999 0.415274925 0.5525488281250001 0.4148096671875 0.555556640625 0.4143444109375 0.5585546875 0.4124894265625 0.5585546875 0.4115589125 0.555556640625 0.40969788593749995 0.538291015625 0.4106283984375 0.49625 0.40923867031250005 0.48949218749999995 0.4083081578125 0.46846679687500004 0.4083081578125 0.46095703125 0.4087734140625 0.457958984375 0.4106283984375 0.457958984375 0.4115589125
2 0.44745117187499994 0.3720725078125 0.45044921875000005 0.373933534375 0.47672851562499996 0.373468278125 0.509013671875 0.3743987921875 0.5277734374999999 0.37532930468750003 0.54955078125 0.37764954687499996 0.55330078125 0.37764954687499996 0.5563085937500001 0.3757885203125 0.5563085937500001 0.3748640484375 0.55330078125 0.373003021875 0.5427929687499999 0.3725377640625 0.528525390625 0.37068277968749996 0.49474609375 0.369287009375 0.45946289062499995 0.36882175156249997 0.45044921875000005 0.369287009375 0.44745117187499994 0.3711480359375 0.44745117187499994 0.3720725078125
2 0.44969726562499995 0.49052567968750005 0.457958984375 0.4909909359375 0.504501953125 0.4909909359375 0.542041015625 0.49192145 0.548798828125 0.492845921875 0.5525488281250001 0.492845921875 0.555556640625 0.4909909359375 0.555556640625 0.4900604234375 0.5525488281250001 0.4882054375 0.542041015625 0.487274925 0.44969726562499995 0.4858791546875 0.44669921874999996 0.48774018124999996 0.44669921874999996 0.488664653125 0.44969726562499995 0.49052567968750005
2 0.452705078125 0.45150453125 0.455703125 0.453365559375 0.47897460937499997 0.4524350453125 0.51501953125 0.4524350453125 0.533037109375 0.453365559375 0.545791015625 0.45522054375 0.564560546875 0.4547552875 0.5675683593749999 0.45290030156250005 0.5675683593749999 0.4519697890625 0.564560546875 0.45011480312499996 0.5465429687500001 0.4505800609375 0.5337792968749999 0.44871903281250003 0.51576171875 0.4477885203125 0.47897460937499997 0.4477885203125 0.455703125 0.44871903281250003 0.452705078125 0.4505800609375 0.452705078125 0.45150453125
2 0.456455078125 0.5708882171874999 0.46396484375 0.571353475 0.49249023437500006 0.5708882171874999 0.545791015625 0.5718126890625 0.5548046875 0.5741389734375 0.5570605468750001 0.5741389734375 0.56005859375 0.5722779453125 0.56005859375 0.571353475 0.5570605468750001 0.569492446875 0.5472949218750001 0.5671722046875 0.456455078125 0.5662416921875 0.45345703125 0.5680966765625 0.45345703125 0.569027190625 0.456455078125 0.5708882171874999
2 0.46095703125 0.654036253125 0.49024414062500005 0.654960725 0.5240234375 0.654960725 0.548046875 0.6563564953125 0.5578125 0.6563564953125 0.560810546875 0.6545015109375 0.560810546875 0.653570996875 0.5578125 0.6517099703125 0.53453125 0.6512447124999999 0.524775390625 0.6503202421875 0.49024414062500005 0.6503202421875 0.46095703125 0.649389728125 0.457958984375 0.6512447124999999 0.457958984375 0.6521752265625 0.46095703125 0.654036253125
2 0.457958984375 0.5276858 0.46095703125 0.529546828125 0.511259765625 0.5290815703125 0.531533203125 0.530012084375 0.545048828125 0.53186706875 0.559306640625 0.53186706875 0.5623144531250001 0.530012084375 0.5623144531250001 0.5290815703125 0.559306640625 0.52722054375 0.545048828125 0.52722054375 0.52552734375 0.5249003015625 0.469970703125 0.5244350453125 0.46095703125 0.5249003015625 0.457958984375 0.5267552875 0.457958984375 0.5276858
3 0.5030078125 0.3683564953125 0.5067578125 0.421776434375 0.509013671875 0.4343202421875 0.509013671875 0.45708157031249996 0.5075097656249999 0.47287613281249996 0.509013671875 0.5072507546875 0.504501953125 0.52722054375 0.504501953125 0.552767371875 0.5075097656249999 0.5913232625 0.509013671875 0.6340604234375 0.50826171875 0.67958308125 0.5105078125 0.6809788515624999 0.5135156249999999 0.6814380671875 0.5172656250000001 0.67958308125 0.518017578125 0.648924471875 0.5165136718750001 0.5913232625 0.5135156249999999 0.5523081578125 0.5135156249999999 0.5276858 0.518017578125 0.5072507546875 0.518017578125 0.49145619375000005 0.5165136718750001 0.48402416875 0.518017578125 0.4343202421875 0.5165136718750001 0.42874320312499997 0.51201171875 0.377184290625 0.51201171875 0.36882175156249997 0.51501953125 0.35210271875 0.514267578125 0.3325921453125 0.51201171875 0.331196375 0.509013671875 0.3307311171875 0.50525390625 0.3325921453125 0.506005859375 0.3516374625 0.5030078125 0.3683564953125
0 0.53732421875 0.37671903281249997 0.538115234375 0.379335346875 0.5403417968750001 0.3808761328125 0.5460546875000001 0.3814864046875 0.5507128906250001 0.3800845921875 0.553828125 0.3798429 0.557109375 0.3783323265625 0.558828125 0.3762296078125 0.5594140624999999 0.373909365625 0.55607421875 0.3709305140625 0.5512109374999999 0.36960725 0.54765625 0.37039275 0.54541015625 0.3701268875 0.541533203125 0.3706283984375 0.53681640625 0.3714743203125 0.535048828125 0.373262840625 0.5353320312500001 0.37471903281249996 0.53732421875 0.37671903281249997
1 0.511259765625 0.36185498437499997 0.519521484375 0.3665015109375 0.531533203125 0.37161329374999996 0.533037109375 0.37161329374999996 0.53978515625 0.37532930468750003 0.5435449218749999 0.3757885203125 0.5465429687500001 0.373933534375 0.545048828125 0.3720725078125 0.545791015625 0.37161329374999996 0.544296875 0.37161329374999996 0.5375390624999999 0.3678912390625 0.52927734375 0.365105740625 0.521025390625 0.3604592140625 0.5165136718750001 0.3590694859375 0.51576171875 0.3581389734375 0.506005859375 0.35581873124999996 0.5030078125 0.357673715625 0.504501953125 0.36 0.511259765625 0.36185498437499997
1 0.540537109375 0.37671903281249997 0.535283203125 0.3799697890625 0.530029296875 0.386477340625 0.523271484375 0.3920483390625 0.51501953125 0.39716012031250003 0.514267578125 0.39901510625 0.5172656250000001 0.4008761328125 0.521025390625 0.39994561875 0.5270312500000001 0.3966948640625 0.53603515625 0.389262840625 0.542041015625 0.38229607187500003 0.5472949218750001 0.3790453171875 0.548046875 0.37671903281249997 0.545048828125 0.3748640484375 0.5435449218749999 0.3748640484375 0.542041015625 0.3757885203125 0.5412890625 0.37532930468750003 0.540537109375 0.37671903281249997
0 0.5611035156249999 0.41578852031249997 0.5621679687500001 0.4137945625 0.561025390625 0.41238670624999996 0.561005859375 0.41 0.55916015625 0.40797583125000003 0.553935546875 0.406894259375 0.54712890625 0.4086948640625 0.542939453125 0.40847129843749996 0.539423828125 0.409595165625 0.5383984374999999 0.4113413890625 0.540029296875 0.4141873109375 0.5418066406250001 0.41509365625 0.5470605468749999 0.41600604218750004 0.5512011718750001 0.41810271875 0.554833984375 0.418429003125 0.556962890625 0.41801208437500004 0.5611035156249999 0.41578852031249997
1 0.5435449218749999 0.405522659375 0.550302734375 0.41202416875000003 0.554052734375 0.41295468281250003 0.5570605468750001 0.41109365625 0.5570605468750001 0.4101631421875 0.5525488281250001 0.40505740156250003 0.540537109375 0.3966948640625 0.5375390624999999 0.3962296078125 0.53453125 0.3980845921875 0.53453125 0.39948036249999996 0.5435449218749999 0.405522659375
1 0.50150390625 0.4087734140625 0.504501953125 0.4106283984375 0.5240234375 0.4106283984375 0.544296875 0.4138791546875 0.5465429687500001 0.4138791546875 0.54955078125 0.41202416875000003 0.54955078125 0.41109365625 0.544296875 0.4087734140625 0.524775390625 0.4059818734375 0.50826171875 0.405522659375 0.504501953125 0.4059818734375 0.50150390625 0.4078429 0.50150390625 0.4087734140625
0 0.553125 0.457105740625 0.557578125 0.4585256796875 0.55978515625 0.4585377640625 0.5673046875 0.4560966765625 0.56978515625 0.4545619328125 0.570419921875 0.4531480359375 0.569609375 0.4509546828125 0.5660742187500001 0.44874924531250004 0.561875 0.4483202421875 0.55650390625 0.449129909375 0.550048828125 0.4505256796875 0.547958984375 0.4522839875 0.54837890625 0.45415710000000004 0.553125 0.457105740625
1 0.5585546875 0.4519697890625 0.5585546875 0.45290030156250005 0.5615625 0.4547552875 0.56681640625 0.454296071875 0.58408203125 0.449184290625 0.590087890625 0.449184290625 0.593095703125 0.4473232625 0.593095703125 0.4463987921875 0.590087890625 0.4445377640625 0.583330078125 0.4445377640625 0.5683203125 0.449184290625 0.5615625 0.45011480312499996 0.5585546875 0.4519697890625
1 0.5412890625 0.44964954687500003 0.5548046875 0.4547552875 0.5563085937500001 0.4547552875 0.559306640625 0.45290030156250005 0.5578125 0.4505800609375 0.54955078125 0.4473232625 0.5270312500000001 0.4403564953125 0.514267578125 0.437570996875 0.511259765625 0.4394320234375 0.5127636718749999 0.44175226562500003 0.5412890625 0.44964954687500003
0 0.5359765624999999 0.4921993953125 0.5391308593749999 0.4936918421875 0.544921875 0.49442296093750004 0.548720703125 0.495703928125 0.551396484375 0.4957945625 0.55390625 0.49527492500000003 0.557099609375 0.49211480312500006 0.5582910156249999 0.48960725 0.5584179687499999 0.487444109375 0.5576953125 0.48628398749999996 0.554443359375 0.4846042296875 0.5508398437500001 0.484453171875 0.5450781250000001 0.48687613281250003 0.539892578125 0.486845921875 0.536884765625 0.48790936562500004 0.53529296875 0.4900060421875 0.5359765624999999 0.4921993953125
1 0.5472949218750001 0.48774018124999996 0.5472949218750001 0.488664653125 0.550302734375 0.49052567968750005 0.554052734375 0.48959516562500005 0.564560546875 0.47751661562500003 0.56982421875 0.46590936562499996 0.56982421875 0.4645135953125 0.56681640625 0.46265256875 0.5653125 0.46265256875 0.5623144531250001 0.4645135953125 0.5578125 0.47566163125000005 0.5472949218750001 0.48774018124999996
1 0.5105078125 0.6024712984375 0.51576171875 0.60293655625 0.530029296875 0.6061873109375 0.5435449218749999 0.6103685796875 0.545048828125 0.6103685796875 0.548046875 0.6085135953125 0.5465429687500001 0.6061873109375 0.536787109375 0.60293655625 0.519521484375 0.5987552875000001 0.5105078125 0.597830815625 0.5075097656249999 0.5996857999999999 0.5075097656249999 0.6006163140624999 0.5105078125 0.6024712984375
0 0.5445214843749999 0.530664653125 0.546767578125 0.532646525 0.5516015624999999 0.5344350453125 0.555546875 0.53501510625 0.557470703125 0.5347613296875 0.5635546875 0.5309667671875 0.5674414062500001 0.53005438125 0.568955078125 0.528725075 0.569072265625 0.5257583078125 0.5663476562499999 0.5241873109374999 0.55720703125 0.524767371875 0.552099609375 0.5257885203125 0.5485546875 0.52623565 0.545126953125 0.5280604234374999 0.54416015625 0.52953474375 0.5445214843749999 0.530664653125
1 0.5578125 0.525365559375 0.5548046875 0.52722054375 0.5548046875 0.5281510578125 0.5578125 0.530012084375 0.56005859375 0.530012084375 0.566064453125 0.5286163140625 0.5735742187499999 0.5281510578125 0.5773242187500001 0.5267552875 0.591591796875 0.5244350453125 0.59458984375 0.52257401875 0.59458984375 0.521649546875 0.591591796875 0.5197885203125 0.5893359375 0.5197885203125 0.5765722656250001 0.522114803125 0.5728222656249999 0.52350453125 0.5578125 0.525365559375
1 0.511259765625 0.51560725 0.5127636718749999 0.51560725 0.5165136718750001 0.517933534375 0.52552734375 0.5207190328125 0.533037109375 0.5249003015625 0.5510546875 0.53093655625 0.5525488281250001 0.53093655625 0.555556640625 0.5290815703125 0.554052734375 0.5267552875 0.536787109375 0.5207190328125 0.530029296875 0.517003021875 0.521025390625 0.5142175234375 0.5172656250000001 0.5118912390625 0.5135156249999999 0.51142598125 0.5105078125 0.513287009375 0.51201171875 0.51514199375 0.511259765625 0.51560725
0 0.544580078125 0.573492446875 0.547705078125 0.575516615625 0.55154296875 0.5768761328124999 0.55517578125 0.5769788515625 0.558935546875 0.5764350453125 0.5615625 0.5748700906249999 0.56228515625 0.5725800609375 0.564462890625 0.5721933531250001 0.565810546875 0.571353475 0.5663476562499999 0.5699818734375001 0.56578125 0.5688580062499999 0.5637109375 0.567830815625 0.556513671875 0.5666827796875 0.552841796875 0.56514199375 0.550576171875 0.5651722046875001 0.5476953124999999 0.5661268875000001 0.544208984375 0.5671661625 0.54251953125 0.5689848937499999 0.542841796875 0.5709365562500001 0.544580078125 0.573492446875
1 0.538291015625 0.5625256796875 0.545048828125 0.5708882171874999 0.548798828125 0.5718126890625 0.551806640625 0.5699577046875001 0.551806640625 0.569027190625 0.545791015625 0.561595165625 0.531533203125 0.54766163125 0.5277734374999999 0.5467311171875 0.524775390625 0.5485921453125 0.5262792968750001 0.55137764375 0.538291015625 0.5625256796875
1 0.5585546875 0.576924471875 0.564560546875 0.5806404828125 0.569072265625 0.5843564953125 0.569072265625 0.585287009375 0.5773242187500001 0.589933534375 0.581083984375 0.59085800625 0.58408203125 0.589003021875 0.583330078125 0.58714199375 0.5735742187499999 0.581105740625 0.569072265625 0.577389728125 0.569072265625 0.5764592140625 0.5615625 0.572743203125 0.55330078125 0.5704229609375 0.550302734375 0.5722779453125 0.551806640625 0.5746042296875 0.5585546875 0.576924471875
1 0.52552734375 0.6400966765625 0.538291015625 0.6479939578125 0.545791015625 0.654960725 0.5465429687500001 0.6545015109375 0.54955078125 0.65542598125 0.5525488281250001 0.653570996875 0.5525488281250001 0.6526404828125 0.545048828125 0.645673715625 0.5337792968749999 0.6382416921875 0.5225195312500001 0.633129909375 0.519521484375 0.6308096671875 0.51576171875 0.6303444109375 0.5127636718749999 0.6321993953125 0.5135156249999999 0.6345256796875 0.52552734375 0.6400966765625
2 0.46246093750000006 0.6085135953125 0.46846679687500004 0.6089788515625 0.50150390625 0.6085135953125 0.548046875 0.61176435 0.55330078125 0.61176435 0.5563085937500001 0.6099033234375 0.5563085937500001 0.6089788515625 0.55330078125 0.607117825 0.5322851562500001 0.6061873109375 0.514267578125 0.6043323265625 0.46246093750000006 0.60386706875 0.45946289062499995 0.6057220546875 0.45946289062499995 0.6066525687500001 0.46246093750000006 0.6085135953125
0 0.5532421875 0.6146827796875 0.554697265625 0.613262840625 0.560322265625 0.6123625374999999 0.56162109375 0.6112024171875 0.56173828125 0.61002416875 0.56068359375 0.6087734140625 0.55837890625 0.6080604234375 0.5576855468749999 0.6058368578125 0.556298828125 0.6047613296875001 0.547958984375 0.6041993953125 0.5449804687500001 0.6051903328125 0.53990234375 0.6058126890625 0.5367773437500001 0.6075830812499999 0.5366796875000001 0.609365559375 0.537919921875 0.6108217515625001 0.541953125 0.6125196374999999 0.5430371093749999 0.6140725078125 0.54625 0.6153232625 0.55119140625 0.615353475 0.5532421875 0.6146827796875
1 0.548046875 0.6057220546875 0.548798828125 0.6061873109375 0.5472949218750001 0.6080483390625 0.550302734375 0.6099033234375 0.554052734375 0.6094380671875 0.560810546875 0.6057220546875 0.5653125 0.6043323265625 0.583330078125 0.5927190328124999 0.583330078125 0.5913232625 0.58033203125 0.589468278125 0.578828125 0.589468278125 0.5615625 0.6001510578125 0.54955078125 0.6057220546875 0.548046875 0.6057220546875