2 0.51208138125 0.691986946875 0.5171396453125 0.69225973125 0.5696952703125 0.6801263093750001 0.5732856328125 0.6790075875 0.5786847390625 0.6757408890625001 0.579091140625 0.6742064875 0.5773819546875 0.6734418046874999 0.576649021875 0.6736110156249999 0.5722876593749999 0.6763568359375001 0.5629278203125 0.679088840625 0.5172392015625 0.6893470703125 0.5121809390625 0.6890742859375 0.5107150734375 0.6894127078125 0.501369915625 0.69388024375 0.500156278125 0.6953111890625 0.5002833265625 0.6958614984375 0.502003290625 0.6966236953125 0.5030919125 0.6963723671875 0.51208138125 0.691986946875
2 0.5120626671874999 0.6535986281249999 0.5201960546875 0.6505701312500001 0.5346737796875 0.6466480453125001 0.5572848921875 0.6396974625 0.5677929749999999 0.6352512640625 0.56900474375 0.633812225 0.5688776953125 0.633261915625 0.5671596 0.6325078125 0.566070978125 0.6327591406249999 0.5584203249999999 0.6362558296875 0.5534383984375 0.6379856390625 0.5167160281250001 0.6487737015625 0.5120897890625 0.6504213937500001 0.5062714703125 0.6534950562499999 0.49489059375 0.6558327171875 0.4936877359375 0.657261175 0.49381478437500004 0.657811484375 0.4955221015625 0.658568075 0.5076251328125 0.656063690625 0.5120626671874999 0.6535986281249999
2 0.59159103125 0.7250055718749999 0.5914658515625 0.72446335625 0.5897566656250001 0.7236986734374999 0.5882908 0.7240370953124999 0.5805766234374999 0.727258628125 0.5535406218750001 0.736679878125 0.5367606390625 0.7422842375 0.5198027296875 0.747068740625 0.5185890921875 0.7484996875000001 0.5187161421875001 0.7490499953125 0.5204342375000001 0.7498040984375 0.5377604812500001 0.744943084375 0.5837009625 0.729137175 0.5903900421875 0.7264421234375 0.59159103125 0.7250055718749999
1 0.534954665625 0.7594425546875 0.5285533140625 0.751680275 0.5260131390625 0.7473653515625001 0.524303953125 0.7466006671875001 0.52357101875 0.7467698781250001 0.5223700296875 0.7482064296875001 0.522558734375 0.7490238 0.5255835156249999 0.7538150078125 0.540293015625 0.7709110375 0.5473637734375 0.7782289515625 0.5498276140625 0.78054128125 0.5517762171875 0.78067105 0.552979075 0.7792425921875 0.5522949875000001 0.7779514265625 0.5433282078125 0.7690595515624999 0.534954665625 0.7594425546875
2 0.513087171875 0.378280209375 0.5129601234375001 0.3777299015625 0.5112420281250001 0.37697579999999997 0.48658238593750003 0.38006906875 0.4640726984375 0.3841150828125 0.4480128375 0.38782279375 0.43383805625000005 0.3913851203125 0.431599321875 0.39334254999999996 0.4231901140625 0.393553571875 0.42197647656250004 0.39498451874999996 0.422103525 0.3955348265625 0.423821621875 0.39628892968749996 0.43186623125 0.3961706046875 0.43399072656250004 0.39539030625 0.435202496875 0.39395126875 0.46470420625 0.3868504421875 0.49129963906249996 0.3821595015625 0.510420315625 0.3800551828125 0.511875403125 0.37971925 0.513087171875 0.378280209375
1 0.43267550000000005 0.3980039875 0.42794543437500004 0.394186115625 0.42599683125 0.394056346875 0.42479584062500003 0.3954928984375 0.424921021875 0.39603511406249997 0.4310554609375 0.40096933593750006 0.4372027125 0.40763099843750006 0.4513934421875 0.42744665312499996 0.4531026265625 0.4282113359375 0.45383555937500003 0.428042125 0.4550365515625 0.42660557499999996 0.454847846875 0.42578820312500004 0.44128659218750005 0.40697797968750005 0.43267550000000005 0.3980039875
2 0.5171094546874999 0.4656785296875 0.5145549671875 0.4662682796875 0.5095730406250001 0.4679980890625 0.4715478875 0.4764870671875 0.470345028125 0.47791552499999995 0.4704720765625 0.478465834375 0.47218126250000003 0.47923051718750004 0.47699620625000005 0.478400196875 0.5102045484375 0.470733446875 0.51774283125 0.46842197968750005 0.5189546 0.466982940625 0.5188275515624999 0.4664326328125 0.5171094546874999 0.4656785296875
0 0.47197645625 0.561203121875 0.4661376234375 0.5673843 0.464280028125 0.570353346875 0.4658827625 0.5744925859375 0.4678997890625 0.575902225 0.47224179218750006 0.5766131437500001 0.47651320625000004 0.575149659375 0.479295446875 0.571907471875 0.487138109375 0.5691932937499999 0.48921199687500005 0.5664726546875001 0.48891634687499996 0.5638643375 0.486592909375 0.5611274828124999 0.47640811093749996 0.5597452640625 0.47197645625 0.561203121875
1 0.50200339375 0.6100271296875001 0.49858892343749994 0.6102357828125 0.48148037656250003 0.6127450249999999 0.4649777125 0.6145347484375 0.4452236625 0.6138956171875 0.444022671875 0.6153321671875001 0.44414785312499994 0.6158743828125 0.4458570375 0.61663906875 0.46335954218750003 0.617508190625 0.47912927187500004 0.6158876765625 0.49471920625 0.6134392125 0.501170903125 0.613109003125 0.50263676875 0.6127705812500001 0.503837759375 0.6113340296875001 0.5037107109375001 0.6107837218750001 0.50200339375 0.6100271296875001
0 0.5139616421875 0.6855263 0.5089357062500001 0.6846067453125 0.505193865625 0.6852660375 0.4990135765625 0.6919352046875 0.4978160546875 0.6950587296874999 0.49853437031250003 0.69826844375 0.49977147187500004 0.7000371515625 0.5020220281250001 0.7011797718749999 0.50723765 0.7009047796875 0.5099335375 0.6991572015624999 0.5112989203125 0.6965148921875 0.5138758218749999 0.69538295 0.517909403125 0.6949546468750001 0.5200745640625 0.6936620375 0.5212700765625 0.6907265046875 0.52033289375 0.688240725 0.5177950499999999 0.68654216875 0.5139616421875 0.6855263
1 0.4875831875 0.66416005625 0.48686103281250004 0.664326778125 0.48564739531249995 0.665757725 0.48583796875 0.6665831859375 0.49939532187499996 0.683655390625 0.5037338296875 0.69246503125 0.5054430140624999 0.6932297140625 0.5061759484375 0.693060503125 0.5073769390625 0.6916239531249999 0.5071882328124999 0.69080658125 0.502356209375 0.6815312390625 0.48979479843749996 0.6653798609375 0.4875831875 0.66416005625
1 0.5701381734375001 0.5954477328125 0.5558870578125 0.597007465625 0.54809654375 0.5982264078124999 0.534591171875 0.60134436875 0.5282683953125 0.6022329796875 0.508491121875 0.606509103125 0.5072882625 0.6079375609375 0.5074153109374999 0.6084878703125 0.509122628125 0.6092444609375 0.5531802640625 0.6002322343750001 0.5700386156249999 0.5983603937499999 0.5803564921875 0.5997289375 0.5810786484375 0.5995622140625 0.5822922859374999 0.5981312671875 0.58124173125 0.5969247078125 0.580027928125 0.5966338203125 0.5701381734375001 0.5954477328125
1 0.411819546875 0.475845103125 0.4119465953125 0.47639541249999995 0.4148168359375 0.4771733421875 0.46636257499999995 0.4756639734375 0.47655340312499994 0.47648220781250006 0.47727555781250003 0.47631548593749995 0.4784891953125 0.4748845390625 0.47744050937500004 0.473686071875 0.46609566718749995 0.47283591718749995 0.4130205359375 0.4744085546875 0.411819546875 0.475845103125
1 0.517039025 0.500336815625 0.5182507937499999 0.498897775 0.5181237453125 0.49834746875 0.51640565 0.49759336562499995 0.509095840625 0.4975505703125 0.5018876234375 0.49632504062500005 0.4969417296875 0.494867034375 0.49131361562500003 0.4921259546875 0.48631850937500004 0.48548811875000003 0.48339718749999994 0.4795222703125 0.4804994546875 0.47528137031249995 0.4787921375 0.47452477968749995 0.4780592046875 0.47469399062499995 0.476856346875 0.4761224484375 0.47704691875 0.4769479125 0.479817603125 0.4806385015625 0.4851431421875 0.490379546875 0.48834381562500007 0.4942606859375 0.49041759999999995 0.494932671875 0.493175471875 0.496895825 0.49433839687500003 0.49691716093749994 0.4981938 0.49861840468749996 0.5081979578125 0.500349196875 0.517039025 0.500336815625
0 0.46844037812500006 0.47595996874999996 0.46797564999999997 0.47911037187499994 0.4691659078125 0.481512153125 0.4711710015625 0.48257505937499995 0.476747484375 0.48219118281249995 0.48218640781250005 0.47958869843749996 0.4846922953125 0.47687061249999996 0.4845524125 0.4726749453125 0.48166620312499997 0.47064765468749997 0.47555452656249997 0.4705328296875 0.47060783281249996 0.47408718906249997 0.46844037812500006 0.47595996874999996
1 0.49316956875000006 0.4602349453125 0.466990046875 0.44174654531249996 0.4592498796875 0.434872996875 0.4573012765625 0.4347432265625 0.456100284375 0.4361797796875 0.45622733281250005 0.43673008593749996 0.4644483703125 0.44406373437499996 0.465244828125 0.4441696765625 0.4895899828125 0.461351178125 0.4915513984375 0.4632083859375 0.49185434062500005 0.4628486265625 0.4934472546875 0.46306051249999997 0.49464824687500003 0.46162396250000004 0.4939660265625 0.4603408875 0.49316956875000006 0.4602349453125
1 0.4571442015625 0.38744505 0.455435015625 0.386680365625 0.4547020828125 0.3868495765625 0.4535010921875 0.38828612812499996 0.45345037968749996 0.38973841249999996 0.454847846875 0.42578820312500004 0.4541280921875 0.43432505781249997 0.45431679843749995 0.435142428125 0.45603676093749995 0.43590462499999993 0.45675891718750006 0.4357379015625 0.4579706859375 0.43429886250000005 0.4584889234375 0.42321719843750005 0.45739642968750005 0.388537575 0.4571442015625 0.38744505
0 0.45527084999999995 0.43047257656250004 0.45247765937500006 0.4313561109375 0.4506634515625 0.4332837234375 0.45061117656249994 0.4362536625 0.45790398125 0.432583865625 0.452684103125 0.43746286406249996 0.4516042359375 0.43662108593750004 0.45353548125 0.43938029062500006 0.45544270625000005 0.44036350156250004 0.457972771875 0.44050394062500003 0.4606867765625 0.43962163906249996 0.4648975703125 0.44035432500000005 0.4701889 0.4377518171875 0.47178724218749996 0.434987534375 0.47020362968749996 0.43161957500000003 0.46644422656250006 0.4299899328125 0.46375133125 0.4295375984375 0.45527084999999995 0.43047257656250004
0 0.491243865625 0.6545436 0.49878981875 0.65654356875 0.490780715625 0.6574549640625 0.4923179015625 0.660228428125 0.495776371875 0.662029834375 0.499311271875 0.6618019015625001 0.502615390625 0.6632297859375 0.50633984375 0.6626426999999999 0.5092467078125 0.6613663843750001 0.512937359375 0.6582724859375 0.5147292640625001 0.654133753125 0.5124127109375001 0.650295696875 0.5090370296875 0.6493446390625001 0.505802628125 0.649349759375 0.5011064046875 0.6512352359375 0.49609197812500005 0.651250675 0.49270368124999997 0.652851240625 0.491243865625 0.6545436
1 0.5071047265625 0.6305006609375 0.5087333078125 0.6208845265625 0.508542734375 0.6200590640625 0.5068354171875 0.619302471875 0.506102484375 0.6194716828125 0.504888846875 0.6209026296875 0.5035104609375 0.6298813609375 0.5031107312499999 0.6481641203125 0.5019842062500001 0.651595171875 0.49896369375000005 0.6551821890625 0.499088875 0.6557244046874999 0.5008088390625 0.6564866 0.5018974593750001 0.656235271875 0.5052844390625 0.6525636484375 0.5070040359375 0.6466856390625 0.5071047265625 0.6305006609375
1 0.49805096718749997 0.6545234468750001 0.49032397968749997 0.6560175421875 0.477591475 0.657516496875 0.4710145984375 0.6573044921875 0.45809152031249994 0.6579779828125 0.4392609765625 0.657995103125 0.4380581171875 0.6594235625 0.4381851671875 0.6599738703125 0.440688940625 0.66083640625 0.4568398171875 0.66086681875 0.4685999703125 0.6601719890625 0.4778583828125 0.6603445531250001 0.4961298546875 0.6578566484375 0.4986843421875 0.6572668984375001 0.49988533281249997 0.655830346875 0.4997601515625 0.6552881312500001 0.49805096718749997 0.6545234468750001
3 0.5363786968750001 0.639034503125 0.5441244000000001 0.6759287265625 0.5680390937500001 0.7728760375 0.5693290671875 0.773447684375 0.5708458109375 0.7733788109375 0.572425915625 0.771863259375 0.5485004421874999 0.6749184374999999 0.5407547390625 0.6380242140625 0.5328071515625 0.5919449796875 0.523837234375 0.5614025625 0.52259520625 0.5443682937500001 0.5209510453124999 0.5372466515625 0.5157882218750001 0.5182278953125 0.50576811875 0.49311912343750003 0.48549930156250004 0.410341071875 0.4693271734375 0.3286374421875 0.46803720000000004 0.3280657953125 0.4665185890625 0.32812657343749996 0.46495113125 0.32964773125 0.4661653015625 0.3365788234375 0.4811232578125 0.4113513609375 0.4854261 0.42998902031249997 0.501381296875 0.4941319 0.5114121796875 0.519238184375 0.516564225 0.5382594296875001 0.5181448609375 0.5451059171875 0.5193868890625 0.5621401859375 0.528431109375 0.59295526875 0.5363786968750001 0.639034503125
1 0.46732998124999997 0.7196311093750001 0.46691467031249995 0.72117609375 0.46863276562499995 0.7219301953125 0.4693657 0.721760984375 0.5062650953125 0.6967905359375 0.506682275 0.6952536453125 0.5049730890624999 0.6944889609375 0.5042401562500001 0.694658171875 0.4683042015625 0.7188350781249999 0.46732998124999997 0.7196311093750001
0 0.486429859375 0.518868440625 0.48386043125 0.52003275625 0.481248778125 0.5232270359375 0.4811175921875 0.525166725 0.48255416875 0.5271110046875 0.48526592031250004 0.530005409375 0.49567506406249995 0.532162675 0.500808321875 0.5304490734375 0.5049373 0.5276801859375 0.5068773953125 0.525314353125 0.507828015625 0.5221540640625 0.5062255875 0.5195405703125 0.5021475734374999 0.5179077703125 0.49918607968749995 0.517619734375 0.4940377265625 0.5188253734375 0.4909486125 0.518132071875 0.486429859375 0.518868440625
1 0.5369958593749999 0.5251632046875 0.5278537171875 0.5255434375 0.498806721875 0.521287446875 0.4976038640625 0.5227159046875001 0.49865254999999997 0.5239143734375 0.5059135140625 0.5254175437499999 0.5281314046875 0.5283690062499999 0.5357441546875 0.528052040625 0.5450660921875 0.528499759375 0.5461654921875 0.5282459421875 0.5473791296875 0.5268149953125 0.5472520796875 0.5262646859375 0.5447375265625001 0.5254046406249999 0.5369958593749999 0.5251632046875
1 0.47128724999999994 0.5169600953125 0.46551927656250003 0.5119412671875 0.457575725 0.5025148171875 0.4551863515625 0.5021969859375 0.4539853609375 0.5036335375000001 0.454174065625 0.5044509078125 0.4635327703125 0.5149912203125 0.4691755640625 0.5194678328125 0.479811228125 0.5239339828125 0.48507084218749996 0.525029740625 0.4881823703125 0.5251808484375 0.4893833609375 0.523744296875 0.48833467343750003 0.522545828125 0.47984912968750004 0.5207542578125001 0.47128724999999994 0.5169600953125
0 0.5167684265625 0.7509402374999999 0.5212218171874999 0.7524778515625 0.5277790109375 0.7533422328125 0.531285446875 0.752302559375 0.5361697703125 0.748822265625 0.5368964953125 0.7462165890625 0.5364351578125001 0.74466089375 0.5335901953125 0.7426155609375 0.5288318515625 0.7416256999999999 0.52121624375 0.743307184375 0.5183487578125 0.7445573609375 0.5241109625 0.7478300765625 0.5158857015625 0.747657665625 0.5167684265625 0.7509402374999999
1 0.5088227187500001 0.717851328125 0.5082021546875 0.716835315625 0.5064948375 0.7160787234375 0.5057619046874999 0.716247934375 0.5045590468750001 0.7176763937499999 0.5048131437500001 0.7187770109375 0.5102003390625 0.7287851171875 0.51555336875 0.7419891328125 0.5210312109374999 0.7490951609375001 0.5234079375 0.7494073859375 0.5246215750000001 0.7479764390625 0.5244945265625 0.74742613125 0.519132953125 0.7408729000000001 0.5130341781250001 0.7261106578125001 0.5088227187500001 0.717851328125
1 0.473189175 0.555194934375 0.4669888109375 0.5416154265625 0.46029883125 0.5293082328125001 0.453531015625 0.5216305609375 0.444996259375 0.5146591609375 0.4430476546875 0.51452939375 0.44183401718750004 0.5159603390624999 0.441961065625 0.516510646875 0.4500041765625 0.5230244359375 0.45670846718749997 0.5304269546875 0.46408253593750004 0.5440253125 0.46954606718749997 0.5560360125 0.47281063437500004 0.5668325109375 0.47451794999999997 0.567589103125 0.475250884375 0.5674198921875 0.4764537421875 0.5659914328125 0.473189175 0.555194934375
1 0.422709409375 0.39481530781249996 0.423923046875 0.3933843609375 0.423238959375 0.39209319531250003 0.419750021875 0.390307346875 0.416132165625 0.3879630984375 0.4160051171875 0.3874127890625 0.41393133437499996 0.38674080312500003 0.40602808437500004 0.3825047625 0.4054710453125 0.3817639046875 0.3960491828125 0.3775886421875 0.3903087015625 0.3760327859375 0.3777753109375 0.3717064171875 0.3764344609375 0.3708652203125 0.374538603125 0.3710130921875 0.37333574375 0.37244155156250003 0.374322775 0.3733729578125 0.3740198328125 0.3737327171875 0.375170109375 0.3737484515625 0.39229370625 0.37961494375 0.40514284843750004 0.38530899218750003 0.41303531875 0.3895475203125 0.4206991515625 0.3944184765625 0.42082433124999996 0.3949606921875 0.4211272734375 0.39460093125 0.422709409375 0.39481530781249996
0 0.41615611562500004 0.3956889453125 0.4235539734375 0.3918840828125 0.41802324999999996 0.397039425 0.42050805 0.3975738984375 0.42397701718749997 0.399764990625 0.42869927968750005 0.40010682343750004 0.4366467125 0.3976497546875 0.438245921875 0.3956268671875 0.43851952968749996 0.393713965625 0.43551661875000003 0.391082834375 0.431615534375 0.39100319843750003 0.426551359375 0.38918038906249997 0.4211068 0.3892013671875 0.41680046875 0.391005353125 0.41535043437499997 0.39342852968750003 0.41615611562500004 0.3956889453125
0 0.505895490625 0.6037242765624999 0.5032689921875 0.603461190625 0.50084083125 0.604303071875 0.49783540000000004 0.6071194375 0.49745329531250004 0.6093983515625 0.49619627499999996 0.6125100406249999 0.49827425937500003 0.6158064859375 0.5009359734375 0.616615509375 0.5058049515625 0.6155766578125 0.5083707828125 0.6142000703125 0.5096735140625 0.6120240046875 0.5152061375 0.6094339828125 0.5172427984375 0.606355403125 0.5172808484375 0.6036188984375 0.51418840625 0.6010425359375 0.50975055625 0.6013425421874999 0.505895490625 0.6037242765624999
2 0.521441425 0.5160618140625 0.5315323281250001 0.5131525046875 0.534389759375 0.5122029953125 0.5355926171875 0.5107745359375 0.5354655687500001 0.5102242296874999 0.5337563828125 0.5094595453124999 0.53120189375 0.5100492953125 0.5208080500000001 0.5133183640625 0.505481121875 0.5168568640625 0.49855262343750006 0.5201868296875001 0.487070159375 0.523707225 0.485856521875 0.525138171875 0.48598357031250006 0.52568848125 0.48770166562500006 0.526442584375 0.4898896875 0.5259374390625 0.49955246718749996 0.522845675 0.5064809640625 0.5195157078125 0.521441425 0.5160618140625
2 0.5520676875 0.5921184078125 0.5075676140625001 0.6058528515625 0.492607153125 0.6093067453125001 0.49139538437499997 0.6107457859375 0.491520565625 0.6112880015625 0.49324052968750004 0.6120501968750001 0.508200990625 0.608596303125 0.5548890828124999 0.5943567140625 0.556100853125 0.592917675 0.555973803125 0.592367365625 0.5542557078125 0.5916132640625 0.5520676875 0.5921184078125
2 0.5036531921875 0.5605728812499999 0.5413754046875 0.5524436640625 0.5495812296875 0.5496797390625 0.5507840875000001 0.54825128125 0.5506570390625 0.5477009734375 0.5489497234375 0.54694438125 0.5471173890625 0.547367409375 0.5407420296875001 0.5497002125 0.5183486140625 0.554299025 0.49250079218750004 0.5605562828124999 0.46977544218749995 0.568683996875 0.4683731 0.5692975734375 0.46717024062499996 0.57072603125 0.46729729062500003 0.571276340625 0.46900647500000003 0.5720410234375 0.4704723421875 0.5717026015625 0.48668450625000004 0.5653598718749999 0.5036531921875 0.5605728812499999
2 0.5115493718749999 0.4199090296875 0.509831278125 0.41915492656250003 0.50764325625 0.419660071875 0.496578134375 0.42336541250000004 0.4771292609375 0.4290148203125 0.45572100625 0.4345369453125 0.45450737031250005 0.4359678921875 0.4546344203125 0.43651819999999997 0.4563525140625 0.437272303125 0.47088298437500004 0.43362785937500004 0.4932654578125 0.427309703125 0.510464653125 0.42189837812500003 0.5116764218750001 0.4204593390625 0.5115493718749999 0.4199090296875
1 0.47521484999999997 0.5706077078125 0.4750878015625 0.5700573999999999 0.47337861718749996 0.569292715625 0.4722792171875 0.56954653125 0.4606336671875 0.5757044359375 0.433877553125 0.5914030140625 0.40990086562499994 0.60905976875 0.4079561640625 0.6106680171875001 0.40754976249999997 0.61220241875 0.409258946875 0.612967103125 0.40999188125 0.6127978921875 0.4335493546875 0.5949481015625 0.4609622328125 0.578799553125 0.4733425828125 0.57248053125 0.47521484999999997 0.5706077078125