1 0.5475720421875 0.46664559062500005 0.5478373624999999 0.4677097328125 0.5527586343750001 0.4693040046875 0.5774686140624999 0.468785678125 0.5836646765625 0.4694925125 0.585799775 0.46896017343749996 0.5880993906249999 0.466135128125 0.5860286390625 0.4638301421875 0.582923975 0.463473928125 0.5498807453125 0.4638093796875 0.5475720421875 0.46664559062500005
1 0.5435946406250001 0.399356890625 0.5230485171875 0.40447961406250005 0.5023043406250001 0.4119034046875 0.5003141249999999 0.4129692171875 0.4980145109375 0.41579426093749994 0.49827983124999997 0.416858403125 0.5016386374999999 0.41828154531250006 0.5037625578125 0.4177519921875 0.5152823640624999 0.41261919531249996 0.544919153125 0.4046692171875 0.5472278562499999 0.40183300781250003 0.5469625375 0.400768865625 0.5435946406250001 0.399356890625
1 0.54292173125 0.47513859687500004 0.550634715625 0.46983355624999995 0.5529322421875 0.4670001328125 0.552666921875 0.46593599062499996 0.549310203125 0.464521228125 0.54717510625 0.46505356718749996 0.53747190625 0.471424421875 0.5317037 0.48752970781249994 0.5262758125 0.5170958578125 0.526361990625 0.52948979375 0.52689263125 0.5316180765625 0.5302514375 0.53304121875 0.5316711109375001 0.5326872546875 0.533979815625 0.52985104375 0.533628315625 0.5163929656249999 0.5393746937499999 0.4850564171875 0.54292173125 0.47513859687500004
1 0.650479409375 0.5019347265625 0.6289105484374999 0.5090034359375 0.5926275921874999 0.517489096875 0.5903167984375 0.520316928125 0.59058211875 0.52138106875 0.593952103125 0.5228014234375 0.6309393078125 0.5141401734375 0.656767184375 0.5060095718750001 0.6590758890624999 0.5031733609375 0.65881056875 0.5021092203124999 0.655442671875 0.5006972453125 0.650479409375 0.5019347265625
1 0.59349604375 0.4726838421875 0.60366041875 0.447018621875 0.6033951 0.44595448125 0.6000362921875 0.44453134062500005 0.5986166203125001 0.44488530312499996 0.5957352859375 0.448424984375 0.58614563125 0.4733951125 0.5831635984375 0.491627009375 0.5833834812500001 0.50455720625 0.5872233125 0.519957928125 0.59058211875 0.52138106875 0.5920017921875 0.5210271046875 0.5943104953125 0.5181908953125001 0.5906022796875 0.503318053125 0.5907008874999999 0.488617459375 0.59349604375 0.4726838421875
1 0.6337238125 0.576644428125 0.6147233328125 0.5729179328125 0.604718359375 0.5720304734375 0.601216759375 0.5700822390625 0.597407846875 0.5699016140625 0.595110321875 0.5727350375 0.5953735531250001 0.5737908 0.599978425 0.5771638484375 0.6106876453125001 0.57787571875 0.6281368359374999 0.5814282984375 0.6529861640625 0.5904693703125 0.6551100828124999 0.58993981875 0.657407609375 0.58710639375 0.6561748109375001 0.5851620796875 0.6388992265625 0.579305628125 0.6337238125 0.576644428125
1 0.557045121875 0.5861684328125001 0.5735302828125 0.5798065343750001 0.5906756093750001 0.576092421875 0.5929864015625 0.573264590625 0.59272108125 0.5722004484375 0.589351096875 0.57078009375 0.5715015234374999 0.5746697968750001 0.5543121171875 0.5812072828125 0.5464675171875 0.5859844437499999 0.536940015625 0.59005980625 0.5209435046875 0.6013817390625 0.51908490625 0.60297543125 0.518327490625 0.6059855609375 0.5216953859375 0.607397534375 0.5231038796874999 0.6070463578124999 0.5409701671875 0.5941279453125 0.5512040046875 0.5898853734375 0.557045121875 0.5861684328125001
1 0.61021059375 0.63329891875 0.6074608718750001 0.6373664812500001 0.605984584375 0.6495892875 0.6003080921875 0.669062584375 0.6005734125 0.670126725 0.6039301296875 0.6715414875 0.6072084 0.6695938296875 0.6136534890625 0.64710761875 0.6153860078125 0.63596011875 0.614989071875 0.6343680968750001 0.6116302640625 0.6329449546875 0.61021059375 0.63329891875
1 0.5755685500000001 0.6453181296875 0.6095847921875001 0.6368369281249999 0.611895584375 0.6340090968750001 0.6116302640625 0.6329449546875 0.6082602796875001 0.6315246015625 0.5742440375 0.640005803125 0.5719353328125 0.6428420125 0.572200653125 0.6439061546875 0.5755685500000001 0.6453181296875
2 0.47935988749999997 0.41650270625 0.47962311875 0.41755846874999997 0.4829931046875 0.41897882343750004 0.491631575 0.41738570625 0.554007728125 0.401833584375 0.55630734375 0.3990085390625 0.5560420234375 0.3979443984375 0.5526832171875 0.3965212578125 0.5067390515625 0.4085460203125 0.4816685921875 0.4136664953125 0.47935988749999997 0.41650270625
2 0.5396117031250001 0.3410941140625 0.541922496875 0.3382662828125 0.5416571765625 0.3372021421875 0.5382871921875 0.3357817875 0.48814835937499995 0.346031115625 0.46855853437499995 0.3520368 0.45208664218749994 0.358404290625 0.4493789140625 0.3596401 0.44707020937499997 0.3624763109375 0.4473355296875 0.3635404515625 0.45070342500000005 0.364952428125 0.4535427703125 0.36424449999999997 0.470598471875 0.357170753125 0.489472871875 0.35134344375 0.5325245203125 0.34286114687499997 0.5396117031250001 0.3410941140625
3 0.6375392015625 0.8002921562499999 0.6405101609375 0.8001121109374999 0.6435252015625 0.797108690625 0.6423323046875 0.79232424375 0.612762784375 0.7099675078125001 0.594479403125 0.64568499375 0.57564521875 0.5973372109375 0.5604077968750001 0.545271371875 0.54122775625 0.49248865000000003 0.5247043671875 0.44131303437499997 0.4801425828125 0.326017615625 0.4783770546875 0.321936640625 0.475845021875 0.32087695781250003 0.472885240625 0.3210542171875 0.4698702 0.3240576375 0.47079777656250005 0.3277779421875 0.5161975109375 0.4434340328125 0.5355456203125 0.5029388078125 0.55203255625 0.54792025 0.5671383640625 0.5994582078125 0.5859725484375 0.647805990625 0.6042559296875 0.7120885046875001 0.614779115625 0.742198778125 0.6350183453125 0.7992296875 0.6375392015625 0.8002921562499999
0 0.5265406109375 0.33695724843749997 0.5188917890625 0.338757515625 0.516842859375 0.3398735671875 0.5126304046875 0.344884325 0.51287615625 0.3468700390625 0.5145187109375 0.3482671953125 0.5206936625 0.3491750921875 0.5268375953125 0.3468155421875 0.531471409375 0.34706639375 0.5349634296875 0.345118840625 0.53996396875 0.34445946250000004 0.543956965625 0.341425809375 0.54429663125 0.3375497453125 0.5426415765625 0.3351500140625 0.53915980625 0.33375753124999996 0.5336708890625 0.33364868125 0.529427853125 0.3348222875 0.5265406109375 0.33695724843749997
0 0.542222121875 0.395614021875 0.5362452109375 0.3987863234375 0.535474559375 0.4008385578125 0.5363820109375 0.4034780859375 0.537447940625 0.4062294015625 0.54051255 0.40780599375 0.5481157828125001 0.4071562875 0.5552080203124999 0.40426660156249994 0.558333675 0.4018496984375 0.5591429906250001 0.3994763265625 0.5577358765625 0.39621378125 0.5546896640625001 0.394330003125 0.5519778984375 0.3944543265625 0.5480668484375 0.3962927546875 0.5462169984374999 0.39558808125 0.542222121875 0.395614021875
0 0.5459180031249999 0.4620117203125 0.5450062875 0.4649268203125 0.5444992046875 0.47032201718750005 0.546248634375 0.4717192234375 0.54885601875 0.47198582499999997 0.5619747562499999 0.46683706718750007 0.5649384875 0.4642469375 0.56597588125 0.461407303125 0.5650097921875 0.45962788750000005 0.562053928125 0.4583445796875 0.5562029 0.4585930125 0.5534793 0.4595746796875 0.550253028125 0.45930218749999996 0.5459180031249999 0.4620117203125
0 0.6036248828125 0.51692765 0.6000994937499999 0.5141220515625 0.59263153125 0.512361746875 0.5885676796875 0.5130634796875 0.5851203734375 0.5149998828125 0.57891559375 0.515639115625 0.574370046875 0.518694834375 0.5721112203125001 0.5202548171875 0.57062815 0.5231165734375 0.5718206 0.52575624375 0.5744344375 0.5267154296875 0.5806708828125 0.5257746062499999 0.5856407406249999 0.5241349843750001 0.5888306234375 0.5254044453125 0.592324075 0.5243198296875 0.5981864671875 0.5247360609375 0.6020006828125 0.5225568765624999 0.6042280203125 0.5192514546875 0.6036248828125 0.51692765
0 0.599385625 0.5659286203125 0.597257703125 0.5643943828125 0.5942002453125 0.5644179968749999 0.5911659234375 0.5661535328125 0.5864284265624999 0.5672012234375 0.5844413296875001 0.5687557562500001 0.58375801875 0.5707773140625 0.5827938203125 0.57472009375 0.5857175515625 0.5778270015625 0.589420321875 0.5779628890625 0.5962842296875001 0.5767766234375 0.599236725 0.5788083640624999 0.60174339375 0.5792424765625 0.60432783125 0.578464603125 0.606108290625 0.57674799375 0.6058551890625 0.5697801421875 0.6045487578125 0.5673023890625 0.6023432078125001 0.5658854078125 0.599385625 0.5659286203125
0 0.6119542796874999 0.6285298953125 0.608227828125 0.62739421875 0.6033907546874999 0.6289473343750001 0.601184090625 0.6326213968750001 0.600575878125 0.6350870265624999 0.6022542078125 0.6381039515625 0.6096242109375 0.6419000687499999 0.611760009375 0.6422753484375 0.6182856953125 0.6394468203125 0.6192774234375 0.63694786875 0.6221025046875 0.6348017046875001 0.6229699453124999 0.631328046875 0.622134771875 0.62916889375 0.619104540625 0.62739683125 0.6166192781250001 0.62728668125 0.6119542796874999 0.6285298953125
0 0.6220420671875 0.681657184375 0.6181459265625 0.681364809375 0.6150085015625 0.6827344531249999 0.6125201312499999 0.6848500640624999 0.6118268234375 0.6889745015625001 0.6116218453125 0.6921049874999999 0.61269763125 0.693848153125 0.6156135843749999 0.695257109375 0.6214004375 0.6957989734375001 0.6271088781249999 0.6920261140624999 0.64259215 0.6859318156249999 0.6441425515625 0.6845306625 0.6447288109375 0.6824532046875 0.6434374093749999 0.6804167 0.640199771875 0.6794795453125 0.6242751796875 0.6835656906249999 0.6220420671875 0.681657184375
0 0.6672455859374999 0.734475184375 0.6621176734375 0.7327188359375 0.6580177593750001 0.7339902578124999 0.654800521875 0.738325684375 0.6540262828125 0.7414112046875 0.6557256140625001 0.74436949375 0.6580347015625 0.7455826625 0.6650364265625 0.7468540171875 0.6704036921875 0.745284409375 0.67215416875 0.743495175 0.6760305468750001 0.74132719375 0.6772774781249999 0.7394232078125 0.676744375 0.735951646875 0.6750552375 0.734272409375 0.6700730187499999 0.7338147265625 0.6672455859374999 0.734475184375
1 0.481404525 0.29183868749999997 0.4775977 0.29166644218750004 0.4752980875 0.2944914875 0.47556340781250006 0.29555562812499997 0.496536028125 0.31628770624999997 0.5254008828125001 0.338434009375 0.5290229203125 0.3409129109375 0.53283183125 0.34109353593749997 0.5351405359375 0.338257325 0.5329269937500001 0.3354272453125 0.5128287765625 0.3212500125 0.49862140312500003 0.3095556015625 0.481404525 0.29183868749999997
1 0.56061346875 0.32570295 0.5361632734375 0.3363113390625 0.53385456875 0.33914754999999996 0.5341198890625 0.34021169218749997 0.537487784375 0.341623665625 0.5396117031250001 0.3410941140625 0.56265340625 0.3308369 0.572700371875 0.32889260625 0.5750111640625 0.3260647765625 0.5747458437499999 0.325000634375 0.571375859375 0.32358027968749997 0.56061346875 0.32570295
1 0.5527637515625 0.39989205625 0.5494049453125001 0.398468915625 0.547985271875 0.3988228796875 0.54567656875 0.40165908906250003 0.5455008734375 0.40395458125 0.5464082890624999 0.4257379015625 0.55179805 0.45035522187500004 0.5551680359375 0.451775578125 0.5565765296875 0.45142439999999995 0.5588852328125 0.44858818906250003 0.553495471875 0.42397086875 0.5525314406249999 0.414056390625 0.5531606874999999 0.4014840796875 0.5527637515625 0.39989205625
1 0.6528108859375 0.74682280625 0.66318751875 0.7431053265625 0.6654871328125 0.7402802828125 0.6652218140625 0.7392161421875 0.66186300625 0.737793 0.6590236625 0.738500928125 0.648789821875 0.7427435 0.624817096875 0.7583147140625 0.62322381875 0.7609725468749999 0.6212203374999999 0.7620327687499999 0.6220694671875 0.762390653125 0.6211783468750001 0.7648645203125 0.62454833125 0.766284875 0.62667225 0.7657553234375001 0.6295535859375 0.7622156437500001 0.6404111375 0.7544266828125 0.6528108859375 0.74682280625
1 0.6658035328125 0.73850150625 0.6643838625 0.7388554703125 0.66207515625 0.7416916812500001 0.66190155 0.743995553125 0.662808965625 0.765778871875 0.6607909656250001 0.7939252453125001 0.661189990625 0.7955256453125 0.6645578859375 0.796937621875 0.6659775578125 0.7965836578125 0.6685935749999999 0.7919798359375 0.67017609375 0.756038890625 0.669162340625 0.7399246484375 0.6658035328125 0.73850150625
1 0.6231393109375001 0.68820096875 0.6197805046875 0.6867778265625 0.6183608328125 0.687131790625 0.616052128125 0.6899680015625 0.6160101375 0.692799753125 0.6190835703124999 0.7292708296875 0.6181910921875 0.74078738125 0.618588028125 0.742379403125 0.6219447453125 0.743794165625 0.6233644171875 0.7434402015625 0.6256752109375 0.7406123703125 0.6260811281249999 0.7241441656250001 0.6238015671875 0.69085713125 0.6231393109375001 0.68820096875
1 0.6882211046875 0.6714046578125 0.6845458984375 0.67176029375 0.6671352515625 0.674410265625 0.6336895515625 0.6821796203125 0.6224770546875 0.6855448046875 0.620177440625 0.6883698500000001 0.6204427609375001 0.689433990625 0.6238015671875 0.69085713125 0.654855940625 0.6825448109375001 0.667755515625 0.67989818125 0.686002025 0.6776005015625 0.6895456171875 0.6767169843749999 0.6918452312500001 0.673891940625 0.6915799109375 0.6728277984375 0.6882211046875 0.6714046578125
2 0.5857569484375 0.746613534375 0.5834594234375 0.7494469578125 0.5837226546875 0.7505027203125 0.5870814609375 0.7519258609375 0.6159188421875 0.7498177625 0.6688550296875 0.7416922578125 0.6723986203125001 0.7408087421875 0.6746982359375 0.737983696875 0.674432915625 0.7369195562499999 0.671074109375 0.7354964140625 0.6189849640625 0.743971425 0.5857569484375 0.746613534375
2 0.5714471015625 0.6982680015625 0.5691474875 0.7010930453124999 0.56941280625 0.7021571875 0.5727716140625 0.7035803281249999 0.5855263078124999 0.700400225 0.6391302859375 0.685904959375 0.641438990625 0.68306875 0.6411736703125 0.6820046078125 0.637805775 0.6805926328125 0.6165442234375 0.6858937328125 0.5714471015625 0.6982680015625
2 0.5892983468749999 0.63400065625 0.574286028125 0.6371740515625001 0.558029734375 0.6384059171875001 0.5557210296874999 0.641242128125 0.55598635 0.64230626875 0.559354246875 0.6437182453125 0.5698114140625 0.6433715656250001 0.5964331625 0.6384250078125 0.6146817609374999 0.6361357062499999 0.6182253515625 0.6352521906249999 0.620522878125 0.6324187671875 0.6202575578125 0.6313546265625 0.616900840625 0.6299398640625 0.5892983468749999 0.63400065625
2 0.5255552703124999 0.5866861796875 0.525820590625 0.587750321875 0.529190575 0.5891706765625 0.535705128125 0.5881071125 0.60117476875 0.572913990625 0.603483471875 0.5700777796875001 0.603218153125 0.5690136390625 0.59985025625 0.5676016640625 0.5458472515625 0.5804965281250001 0.5278660640624999 0.5838583484375001 0.5255552703124999 0.5866861796875
2 0.599010528125 0.515897653125 0.5956405421875 0.5144772984375 0.5769418390625 0.5180091140624999 0.565780425 0.51853138125 0.534063796875 0.5241875406250001 0.5121399921875 0.526832475 0.5098403765625 0.5296575203125 0.510105696875 0.5307216609375 0.513464503125 0.532144803125 0.5164354640625 0.5319647546875 0.535388309375 0.5294998671875 0.5620100578125 0.5245533078125 0.572467225 0.5242066296875 0.5927060390625 0.5208515171875 0.5969650546875 0.519789625 0.599273759375 0.516953415625 0.599010528125 0.515897653125
2 0.5295103171875 0.4666366125 0.507796575 0.47317184843750004 0.5054990484374999 0.4760052734375 0.50576436875 0.47706941406250003 0.509123175 0.47849255468749996 0.5155061109375 0.4769011109375 0.5315390765625 0.47177335156250005 0.560019425 0.46523309843750005 0.562328128125 0.4623968875 0.562064896875 0.46134112656250004 0.5586949125 0.45992077187499997 0.5295103171875 0.4666366125