1 0.5723583546875 0.395368084375 0.5566828234375001 0.3967211125 0.5191975656250001 0.39635927656250003 0.5160094328125 0.398148375 0.515976396875 0.3990944015625 0.5190319624999999 0.40110153281249994 0.56355540625 0.4012355578125 0.574526659375 0.40019184062499996 0.577714790625 0.39840274375 0.5777478265625 0.39745671875 0.5746922624999999 0.3954495859375 0.5723583546875 0.395368084375
0 0.5859005859375 0.44137843906249996 0.5860214625 0.4402047578125 0.5849675265625 0.43892933593750005 0.5833328140625 0.43827115625 0.5804040703125 0.4380656625 0.57920361875 0.4355525765625 0.5744556765625 0.4336806390625 0.5668377296875 0.43392463281250004 0.563313003125 0.4353437484375 0.562041521875 0.4365804671875 0.559272084375 0.4383902578125 0.5584823812499999 0.4404149015625 0.559110675 0.442440490625 0.56074354375 0.44400935468749997 0.5628288 0.44492006249999994 0.5657687874999999 0.44508951718749995 0.569534415625 0.4442070484375 0.572518534375 0.4442566125 0.5744095015624999 0.443581903125 0.5824285234375 0.4432911984375 0.584246071875 0.44271714375000004 0.5859005859375 0.44137843906249996
0 0.5669871890625 0.5917869359375 0.56331920625 0.5930189 0.5619917140624999 0.594429740625 0.5598938984374999 0.5958804718749999 0.5596532078124999 0.5981975109375 0.5618968796875 0.6005770218750001 0.565369171875 0.60180331875 0.5714683859374999 0.602441325 0.576890453125 0.600450940625 0.5787605625000001 0.5989436875 0.57892938125 0.5975409578125 0.5769790390625 0.59591243125 0.576665021875 0.5937520984375 0.5723459375 0.5916097703125 0.5669871890625 0.5917869359375
1 0.5952591640625 0.5671578828125 0.590697425 0.5636713140625 0.5814809609375 0.5590750203125 0.572959665625 0.5568770203125 0.5697815046875 0.5586664671875 0.5712546421875 0.561091928125 0.57667060625 0.5627078984375 0.578176778125 0.564187334375 0.5828050124999999 0.565769725 0.5896775953125 0.57028416875 0.5919219453125 0.5732162234375 0.5957887265624999 0.5742984328125 0.5989768609375 0.5725093359375 0.599009896875 0.5715633109375 0.5952591640625 0.5671578828125
1 0.56132649375 0.5545703515625 0.5544373921875 0.5505289203125 0.5444097125 0.546857546875 0.526599125 0.5424347296875001 0.5234109921875 0.5442238265625 0.5233779562499999 0.5451698515625 0.526433521875 0.547176984375 0.5411387765625 0.551017771875 0.551927696875 0.5551953875 0.558055559375 0.5587305765624999 0.5650439781250001 0.5599278671875 0.5682321124999999 0.5581387703125 0.568265359375 0.5571866812499999 0.56520979375 0.5551795484375 0.56132649375 0.5545703515625
0 0.568960090625 0.55359223125 0.5637314671875 0.5543325359375 0.5607412468749999 0.555029575 0.5592164359375 0.5569435453125 0.55977703125 0.5589060531250001 0.562432853125 0.561779615625 0.5647148343749999 0.562776125 0.571313 0.5639962187500001 0.577875359375 0.563096053125 0.579738096875 0.562371784375 0.5813531656250001 0.5584451765625 0.579983196875 0.55649690625 0.5733109796875 0.5553956609374999 0.568960090625 0.55359223125
1 0.5825245578125 0.529190321875 0.5788070734375 0.52383280625 0.5749402906250001 0.522750596875 0.57175215625 0.52453969375 0.571702603125 0.5259587328124999 0.5754200875000001 0.5313162484375 0.5774990468750001 0.53898449375 0.578822884375 0.5456852624999999 0.5783591109375 0.558966003125 0.581414678125 0.5609731359375 0.5829706156250001 0.5610274703125 0.58615875 0.559238371875 0.586639253125 0.5454785546875 0.5825245578125 0.529190321875
1 0.5750893765625 0.518481353125 0.5720007734375 0.5174202484375 0.5697727296874999 0.5140212453124999 0.563694846875 0.509054890625 0.5554982125000001 0.49784574062500003 0.5516314296875 0.49676353124999995 0.548443296875 0.4985526296875 0.5484102609375 0.49949865468750004 0.5558454421875 0.510207621875 0.5634297125 0.5166473500000001 0.565641025 0.5205254296875 0.5671969625 0.5205797640625 0.5687131078125 0.5220595484375 0.572596409375 0.522668746875 0.5757845421875001 0.5208796484375 0.5742849140625 0.5189268515625 0.5750893765625 0.518481353125
0 0.58388786875 0.5184607359375 0.578757740625 0.516666525 0.5715058046875 0.5161522015625 0.56703088125 0.5187585390625 0.5660005734375 0.521381946875 0.5650177656250001 0.523503065625 0.5652288453125001 0.5254655109375 0.5691530359375 0.5280494265625 0.5757559234375 0.5299922109375 0.57962920625 0.530030321875 0.581613115625 0.529267784375 0.583306828125 0.527092559375 0.5829013093750001 0.5244068671875 0.581890234375 0.5230479390625 0.5845056578125 0.5219310109374999 0.585400034375 0.520626478125 0.58388786875 0.5184607359375
1 0.5848591703125 0.5069463562500001 0.5846279890625 0.49126125781249996 0.5786492109375 0.483456828125 0.574782640625 0.482368553125 0.5715945078125 0.48415765000000005 0.5715612609375 0.485109740625 0.576795103125 0.491940978125 0.57709256875 0.5057279625 0.5697064468749999 0.515919359375 0.5696568921875 0.5173383984375 0.572712459375 0.5193455296875 0.574268396875 0.5193998640624999 0.5774565296875 0.5176107671875 0.57998253125 0.5124773499999999 0.5848591703125 0.5069463562500001
1 0.5780707984375 0.455409846875 0.5765048875 0.4553551640625 0.5733267265624999 0.45714460937499996 0.5707342296875 0.4641822078125 0.5703202218750001 0.4760378453125 0.5686382609375 0.479306378125 0.571693828125 0.48131351093749997 0.5732597390625 0.48136819375 0.5764478734375 0.47957909687500005 0.5781031296875 0.47678929062500003 0.57851735 0.4649275890625 0.5811263640625 0.45741697812500004 0.5780707984375 0.455409846875
0 0.5811687078125 0.482227259375 0.578836665625 0.4815204421875 0.579147959375 0.4783254765625 0.577196325 0.47644796874999995 0.5736048109375 0.47577610156250005 0.566226028125 0.47603452031250004 0.564167834375 0.47663659999999997 0.5629199015624999 0.4777709234375 0.5621534921875 0.47912849843750005 0.5625852921875001 0.481347590625 0.5646814109375 0.48280512656249996 0.5659909203125 0.4850548671875 0.569243846875 0.4871296078125 0.5720913796875 0.4882308703125 0.5760714546875 0.48892844999999996 0.5798780781249999 0.48858779218750004 0.5817310531250001 0.48785711093749995 0.582879396875 0.4858571359375 0.5828295921875 0.483851746875 0.5811687078125 0.482227259375
2 0.5764299453125 0.524703046875 0.5796180765625001 0.5229139484374999 0.578144940625 0.5204884859375001 0.5634297125 0.5166473500000001 0.5392926234375001 0.5143776250000001 0.51198391875 0.5134239843749999 0.4854199375 0.5134495984375 0.4667153328125 0.51232283125 0.463527409375 0.5141058625 0.4634941625 0.515057953125 0.46654972812500006 0.5170650859375 0.47355487968750004 0.5177833 0.5125960734375 0.51819946875 0.5492538078125 0.519953175 0.5624861390625 0.5213624375 0.5740860640625 0.524621196875 0.5764299453125 0.524703046875
2 0.5751212140625 0.5621802015624999 0.5783093453125 0.5603911046875 0.57834259375 0.5594390140625001 0.575287028125 0.5574318828125 0.5652263109375 0.5547065359375 0.5317401937499999 0.5516367453125001 0.50834128125 0.5508196375 0.49972045468750004 0.5514718421875 0.46615153437499995 0.5507731796875001 0.4629634 0.5525622765625 0.46293036406250004 0.5535083015625 0.46598593125 0.555515434375 0.49955485 0.5562140984374999 0.508175465625 0.55556795625 0.5448232281250001 0.5573213140625 0.560399440625 0.5588124265625 0.5727773328125 0.5620983515625 0.5751212140625 0.5621802015624999
2 0.572422359375 0.5948547046875 0.562295359375 0.5940274734375001 0.5061120406249999 0.5920655078125 0.4694807984375 0.5898391375 0.46087670000000003 0.590012265625 0.4576885671875 0.5918013625 0.45765553125 0.5927473875 0.460711096875 0.5947545203125 0.4856924375 0.5951532984375 0.50516846875 0.5967805953124999 0.5628909953125001 0.599275971875 0.5722565453125 0.5996030234374999 0.5754446765625 0.5978139265625 0.5754779250000001 0.5968618359375 0.572422359375 0.5948547046875
1 0.5252314765625 0.6711061578125 0.5220433421874999 0.67289525625 0.523516478125 0.6753207171875 0.5358713109375 0.6795530171874999 0.5519770859375 0.6881846781250001 0.5589489890625 0.6898549843749999 0.562137121875 0.6880658859375 0.5606540109375 0.685640075 0.5544765968750001 0.683523925 0.552970425 0.6820444890624999 0.540681665625 0.6759201390625 0.5252314765625 0.6711061578125
0 0.57561415 0.6838977671875 0.57010890625 0.6831226390625 0.564488271875 0.6830781531250001 0.5620718828125 0.6839288078125 0.5585211328125 0.6835194437500001 0.556664303125 0.68378854375 0.55434451875 0.68530438125 0.5535478265625 0.687529146875 0.5553475828125001 0.6903242421875 0.557087159375 0.6914111000000001 0.5579429078125 0.6929285390625 0.5641191562500001 0.69650791875 0.567480825 0.6968985359375 0.571916653125 0.6965555609375 0.5742769484375 0.6947375546875 0.5750259093750001 0.6927357765625 0.5745695640624999 0.6915055078125001 0.57641193125 0.6907926734375 0.578472159375 0.688988475 0.5788514484375 0.6869919999999999 0.5777422875 0.6850103359374999 0.57561415 0.6838977671875
2 0.5692415921875 0.685939959375 0.5630476578125 0.6842968234375 0.5232348265625 0.6833861890625 0.4967373390625 0.6815076265625 0.4718388015625 0.6787377203125 0.46020562812500004 0.6764310515624999 0.457017496875 0.6782201484375 0.4569842484375 0.6791722390625 0.4600398140625 0.681179371875 0.4755562859375 0.6840952375 0.5222912546875 0.6881012765625 0.56131593125 0.6889904609374999 0.566732109375 0.6906003640625 0.5690759890625 0.6906822140625 0.572264121875 0.6888931171875 0.5722971578125 0.6879470921874999 0.5692415921875 0.685939959375
1 0.56617725 0.63928760625 0.563121684375 0.6372804750000001 0.5592383843750001 0.636671278125 0.54055050625 0.6350654312499999 0.53589578125 0.63395570625 0.5226403890625 0.6334928171875001 0.5163801703125 0.633747796875 0.5131920390625 0.63553689375 0.513159003125 0.63648291875 0.5162145671875 0.6384900515624999 0.5349522109375 0.63867079375 0.5396069359375 0.6397805187500001 0.553633540625 0.6407499999999999 0.55983423125 0.6419137125 0.5629560812500001 0.6420227296875 0.5661442140624999 0.6402336328125 0.56617725 0.63928760625
1 0.566998440625 0.6383630328125001 0.5638103078125 0.64015213125 0.561995778125 0.64721689375 0.5512724390625 0.6634666328125001 0.551222884375 0.6648856703125 0.5542784515625 0.666892803125 0.5558443625 0.6669474859375 0.5590225203125 0.6651580390625 0.5697788984375001 0.6479622765624999 0.57160994375 0.6404245000000001 0.5685543796875 0.6384173671875 0.566998440625 0.6383630328125001
0 0.5565675625 0.637658765625 0.55648874375 0.6393439359374999 0.5581363484375 0.6422065765625 0.5614241109375 0.6447136234374999 0.563294153125 0.6452100140625 0.5694039359375 0.6452594359375 0.572767025 0.644751496875 0.5744784390625 0.6437851515624999 0.5767891625 0.6402410625 0.5768615671874999 0.6378817140625 0.57362890625 0.6343686984375 0.5664132015625001 0.633102753125 0.5589492671875 0.6355136375 0.5565675625 0.637658765625
2 0.5022705515625 0.6351555062500001 0.464080153125 0.632395028125 0.46090199531250003 0.6341844734375 0.460868746875 0.6351365640625 0.46391455 0.6371372828124999 0.48651221875 0.6388796609375 0.55751684375 0.641359196875 0.5700107859375 0.64132190625 0.5731989171875 0.6395328078125 0.573232165625 0.6385807203125 0.5701766 0.6365735875 0.5389348296875001 0.6364358515624999 0.5022705515625 0.6351555062500001
1 0.5703833109375 0.697855996875 0.5705986796875 0.6916886390625 0.5675431125 0.68968150625 0.565987175 0.689627171875 0.5627990406250001 0.6914162703125 0.562600190625 0.6971106140625001 0.555280353125 0.7054038968749999 0.5494834156249999 0.714697540625 0.5460633953125 0.7231270078125001 0.5460136296875 0.724552109375 0.5490691953125 0.7265592421875 0.5506351078125 0.726613925 0.553823240625 0.7248248265624999 0.5605870234375 0.7098636593750001 0.5703833109375 0.697855996875
1 0.5524185515625 0.4070215265625 0.5492304171875 0.408810625 0.5491973812500001 0.4097566515625 0.55897644375 0.42054747031249995 0.566246025 0.43599869375000005 0.5700463124999999 0.4389850828125 0.5716122234375 0.439039765625 0.57480035625 0.43725066874999996 0.5748501218750001 0.4358255640625 0.5667926 0.4203468265625 0.5562853328124999 0.4081037375 0.5524185515625 0.4070215265625
1 0.569285071875 0.4384788390625 0.5723406390625 0.44048597031250003 0.6214590671875 0.4431544734375 0.6246472 0.44136537656249997 0.6246804484374999 0.44041328750000003 0.6216246703125 0.43841221875 0.61774158125 0.43779695781249994 0.5725062421875 0.43574371406249995 0.5693181078125 0.43753281250000003 0.569285071875 0.4384788390625
3 0.5196180703125 0.6305335953125 0.51790236875 0.6570736234375001 0.5193357140625 0.6609245359375 0.5191368625 0.66661888125 0.51636224375 0.6788717453124999 0.5163119843749999 0.7026162515625 0.5186061 0.7041232046875 0.52171143125 0.704705234375 0.525677534375 0.7029433046875 0.5257112734375 0.6796718109375 0.5285024109375 0.6669459328125 0.5287012609375 0.6612515875 0.5272679171875 0.657400675 0.5289078546875 0.6104390093750001 0.5274844843750001 0.6065884453125 0.5281140734374999 0.5885593874999999 0.526333496875 0.5723465921875001 0.527558721875 0.5595660328125 0.5331079578125 0.5350603046875 0.535162115625 0.47623693593749994 0.5329917921875 0.4262885328125 0.53700935 0.3561372234375 0.5347152359375 0.3546302703125 0.5316099046875 0.354048240625 0.5276438031249999 0.355810171875 0.5243981609375 0.40414260312500006 0.5236362171875 0.42596182968749996 0.52578005 0.476382896875 0.5237424109375 0.5347332515625001 0.5181931734375 0.5592389796874999 0.5169679484375 0.572019540625 0.5187485234375 0.588232334375 0.5181024171875 0.60673440625 0.5195257875 0.610584971875 0.5196180703125 0.6305335953125
2 0.5457945843750001 0.39538763593750004 0.5247793453125 0.393226928125 0.4663116734375 0.3897644234375 0.4631235421875 0.3915535203125 0.46309050625000003 0.39249954531250003 0.4661460703125 0.394506678125 0.474707159375 0.395279228125 0.5105867125 0.3970118296875 0.5448510109375 0.400102725 0.5815152890624999 0.40138306874999996 0.5847032125 0.3996000359375 0.584736459375 0.3986479453125 0.5816808921875001 0.3966408125 0.5457945843750001 0.39538763593750004
0 0.5863426734375 0.3955467734375 0.578584246875 0.392950396875 0.57376519375 0.3936867890625 0.571686034375 0.3948892328125 0.5684556125 0.3958875375 0.5675088671874999 0.3978338375 0.5696494546875 0.4008776296875 0.573599309375 0.4032985046875 0.57699521875 0.40471035781250003 0.57980874375 0.40506968906249996 0.585929940625 0.40450627343749995 0.587852521875 0.40378409531250004 0.5887884453125001 0.4018617046875 0.587386440625 0.3999730328125 0.587880059375 0.3972762390625 0.5863426734375 0.3955467734375
1 0.5566007265625 0.37676677187499996 0.5543728953125 0.3733617046875 0.5505061125 0.37227949531250004 0.5473179781249999 0.3740685921875 0.5502577078125 0.3793928765625 0.5594078875 0.3858872859375 0.561725065625 0.386447865625 0.569369071875 0.3914628375 0.5738149734375 0.398266559375 0.57768154375 0.3993548328125 0.5808696765625 0.3975657359375 0.580902925 0.3966136453125 0.5749408781249999 0.38833014062500004 0.5566007265625 0.37676677187499996
1 0.5694661125 0.59000343125 0.560977853125 0.5868594078125 0.5571608359375 0.58435209375 0.5424390609375 0.58098431875 0.539250928125 0.582773415625 0.53921768125 0.58372550625 0.5422734578124999 0.585726575 0.5523506921875 0.5879789093750001 0.55692895 0.5909924640625001 0.5638843328124999 0.59313578125 0.56612889375 0.596061771875 0.5684397390625 0.597089646875 0.569995678125 0.59714398125 0.5731835984375 0.5953609484375 0.5694661125 0.59000343125
1 0.5216715234375 0.594035696875 0.5184833890625 0.5958247937500001 0.518450353125 0.59677081875 0.5215059203125 0.5987779515625 0.559752628125 0.5996399671875 0.56601284375 0.5993849890625 0.569200978125 0.5975958921875 0.5692342265625 0.5966438015625 0.566178659375 0.59463666875 0.5607129296875 0.5944458015625 0.5216715234375 0.594035696875
2 0.471842490625 0.4327020484375 0.47180924218750003 0.43365413906250005 0.474864809375 0.43566127187500003 0.5271052984375 0.438432728125 0.5559201734375 0.4408658046875 0.574651271875 0.441519909375 0.5778394046875001 0.4397308125 0.577872653125 0.43877872343749996 0.574816875 0.43677765468749996 0.4750306234375 0.4309129515625 0.471842490625 0.4327020484375
2 0.574137028125 0.478551221875 0.5663706375 0.4773267625 0.5141864578125 0.47265684218750004 0.4860997859375 0.471676034375 0.470533759375 0.4701792046875 0.467345625 0.471968303125 0.4673123765625 0.47292039218750004 0.47036794375 0.474927525 0.47580718125 0.47559105625000003 0.5140208546875 0.477399096875 0.565417090625 0.4820415015625 0.570849575 0.48318445781249997 0.573971425 0.4832934765625 0.57715955625 0.481504378125 0.5771928046875 0.4805522890625 0.574137028125 0.478551221875