0 0.5378257984375 0.799775959375 0.539529671875 0.7990534046875 0.54163131875 0.7975980359375 0.54338906875 0.7953352109375 0.5437652843749999 0.792187740625 0.542474984375 0.79028026875 0.5382942515625 0.7886659515625001 0.5320406484375 0.78768296875 0.5238839328125 0.790258690625 0.5207970484375 0.792868175 0.520759353125 0.796801540625 0.522505753125 0.798496046875 0.53160621875 0.8005632578125 0.5378257984375 0.799775959375
2 0.5327211843749999 0.7949871484375 0.5393679828125 0.79574995 0.5413385500000001 0.7933195515625 0.5395624078125 0.791342359375 0.5302544874999999 0.7902811453125 0.5264508375 0.7931609484375 0.5187779921875 0.79604354375 0.5004289046875 0.8001375328125 0.493895003125 0.7998275359375 0.491914846875 0.802260325 0.492140640625 0.8031659343750001 0.4971933234375 0.8052957328125 0.500951415625 0.8048473218750001 0.5199141296875001 0.8006003406250001 0.5288046390625001 0.797414146875 0.5327211843749999 0.7949871484375
1 0.5349437390625 0.76248398125 0.5340351890624999 0.7588399828125 0.527779028125 0.749269190625 0.5248885296875 0.7480507921874999 0.523670865625 0.7483543890625 0.5217002984375 0.7507847890625 0.5220407796875 0.7521503890625 0.5280693546874999 0.760808384375 0.52909259375 0.764912375 0.5315970531249999 0.7671965640625 0.5332321265625 0.771140375 0.5361130375000001 0.7723611640625 0.5373307031250001 0.772057565625 0.5393108578125 0.7696247781250001 0.5374481984374999 0.7647681703125 0.5349437390625 0.76248398125
1 0.5410800328125001 0.735303203125 0.5237523921875 0.7434939968750001 0.5206770578125 0.746680796875 0.52090464375 0.74759359375 0.5237837625 0.74880719375 0.5256150515625 0.748350603125 0.530626778125 0.74516959375 0.5440474578125001 0.7394034078125 0.5460180265625 0.7369730109375 0.545790440625 0.7360602140625 0.542911321875 0.7348466109375 0.5410800328125001 0.735303203125
0 0.532701128125 0.7473625328125 0.530312521875 0.7455838484374999 0.5296318062500001 0.7441198578125 0.5269423 0.7425230765624999 0.52391271875 0.7422172859375 0.5202875890625 0.74352574375 0.5157724890625001 0.7507817265625001 0.5167491359375 0.754698846875 0.518832196875 0.7556605109375 0.52838161875 0.755852290625 0.5313036921875 0.7549099781249999 0.5329814296875 0.7522853953124999 0.5332866843749999 0.7486899328125001 0.532701128125 0.7473625328125
1 0.5302544874999999 0.7902811453125 0.5282725390625 0.792706746875 0.5315007140625 0.803040134375 0.5429869843749999 0.8258271140625 0.5458774843749999 0.8270455109375 0.547095146875 0.8267419140625 0.5490657156250001 0.8243115156249999 0.54861054375 0.822485921875 0.5374647546875 0.8010645453125 0.5343512687499999 0.7911911484374999 0.53147215 0.7899775484375 0.5302544874999999 0.7902811453125
1 0.552921409375 0.6999208421875001 0.55038098125 0.700065653125 0.52378139375 0.7047662296875 0.520854925 0.7059768328125 0.5188843578125 0.70840723125 0.5191101515625001 0.709312840625 0.5219910624999999 0.7105336296875 0.529788184375 0.708108634375 0.5433795140625 0.7056818421875 0.5516318078125 0.7050824421875 0.554057546875 0.7044776374999999 0.556037703125 0.7020448484374999 0.55581011875 0.7011320515625 0.552921409375 0.6999208421875001
0 0.519257184375 0.7041841875 0.51617175 0.705655815625 0.5118032625 0.7059434125 0.5088205484375 0.7054579859375 0.5045541015625 0.7070942921875 0.5022233390624999 0.7080800296875001 0.5010478609375 0.70965565 0.5018984265624999 0.7139248406250001 0.50343730625 0.7151137953125 0.5098935890625 0.7166646109375 0.5171783421875 0.71439026875 0.5237516921875 0.7132246671875 0.5254829046875 0.7119990734375 0.5270739046874999 0.7091899921875 0.525876015625 0.7054883515625 0.521244653125 0.7039863875 0.519257184375 0.7041841875
2 0.52518888125 0.70779724375 0.5249630875 0.706891634375 0.5220725890625 0.7056732343750001 0.514889090625 0.7079452359375 0.5054305125 0.7088530296875 0.4992029171875 0.712344825 0.48704545781249997 0.7153760203124999 0.48506350937500003 0.717801621875 0.4852910953125 0.7187144187500001 0.48818159375 0.719932815625 0.5009430921875 0.7167510171875 0.5077843140625 0.7131062296875 0.5154211906249999 0.7126526359375001 0.5196782203125 0.7115912390625 0.523208725 0.71023003125 0.52518888125 0.70779724375
1 0.498290203125 0.6646526734375 0.49707254062499995 0.6649562718750001 0.4950905921875 0.667381871875 0.49543107500000005 0.6687474734375 0.5062145984375 0.6834876609375 0.50689735625 0.6862260499999999 0.5094000234375 0.688503053125 0.5126669734375 0.6886580515625 0.514637540625 0.686227653125 0.51206574375 0.681059265625 0.5075497578125 0.67589466875 0.501169321875 0.6658662750000001 0.498290203125 0.6646526734375
1 0.4860586234375 0.6570526734375 0.47812502968750004 0.6537020874999999 0.474858078125 0.6535470890624999 0.47287792343749996 0.6559798796874999 0.47393713281250005 0.65765486875 0.4805479609375 0.6608466703125 0.483927809375 0.6614544734375001 0.49038018437500003 0.6666248625 0.4936453421875 0.6667726734375 0.495627290625 0.664347071875 0.49266945156249997 0.6602444765625 0.49062016562500005 0.65978588125 0.48799322187499994 0.657051278125 0.4860586234375 0.6570526734375
0 0.4879050375 0.6636004843750001 0.488126046875 0.666896784375 0.48973999375000005 0.6694488062499999 0.49517279218750004 0.6712242703125 0.4980687578125 0.6723420609375 0.507826353125 0.671367346875 0.5099422437500001 0.6700916453125 0.5117508 0.667991740625 0.51237726875 0.66588883125 0.511738409375 0.6637349609375 0.507726059375 0.6612847046875 0.5037538031250001 0.6620995125 0.49952035781250004 0.6620709765624999 0.4942414109375 0.6604632765625 0.49137418281249995 0.6609720343750001 0.4879050375 0.6636004843750001
2 0.49562269062500003 0.672089271875 0.498549159375 0.67087866875 0.49953923749999996 0.6696622734375001 0.5002579640625 0.6699716640625 0.5013969078125 0.6667790703125 0.5003376984375 0.66510408125 0.49456808125 0.6626720828125 0.4913011296875 0.662517084375 0.48932097499999994 0.6649498734375 0.49038018437500003 0.6666248625 0.49255195625 0.6675338734375 0.4920512265625 0.6681396703125 0.48023425 0.6725364671875 0.47050252812500004 0.674962859375 0.4685319609375 0.67739325625 0.468759546875 0.678306053125 0.47164045625 0.6795268421875 0.48197621718750006 0.676949846875 0.49562269062500003 0.672089271875
1 0.502521478125 0.642779303125 0.49458289375 0.6316889078125 0.489771984375 0.6227273140625 0.4868814859375 0.6215089171875 0.48566382187499996 0.6218125140625 0.4836932546875 0.6242429125 0.48755964374999994 0.6319895062499999 0.496557434375 0.6447548921874999 0.501483034375 0.654176478125 0.5043261828125 0.65781908125 0.5072166828125 0.659037478125 0.508434346875 0.65873388125 0.5104049140625 0.6563034828125 0.51006443125 0.65493788125 0.50543375625 0.649313290625 0.502521478125 0.642779303125
1 0.5272874078124999 0.594494353125 0.5243969078124999 0.5932759562500001 0.52317924375 0.593579553125 0.507828953125 0.6070869453125 0.489203915625 0.620448915625 0.4876098 0.6218159140624999 0.4869602046875 0.6243979093750001 0.4898393234375 0.6256115109375 0.49105698750000004 0.6253079125000001 0.5193727875 0.60420874375 0.5260337734375 0.5972269531250001 0.5272418484375 0.596925746875 0.5265249140625 0.5966235453125 0.5272874078124999 0.594494353125
0 0.48577211093750006 0.61881581875 0.48191821875 0.619982825 0.479196315625 0.62164628125 0.47737173750000006 0.6227424703125 0.47538216406249995 0.6257501703125 0.47582736875 0.6288836921875001 0.47770029375 0.6304321421875 0.4832406265625 0.6318219875 0.48508302031249995 0.6317367015625 0.48889865312499997 0.6304570890625001 0.4948175640625 0.6263399125 0.49537211875000003 0.6218654375 0.49340600625000003 0.61994324375 0.48916254062500003 0.6188942265625 0.48577211093750006 0.61881581875
2 0.4928113484375 0.621969515625 0.48992085 0.6207511171875 0.48445574531249996 0.622113721875 0.47909574218750006 0.6239387062499999 0.47529209375 0.6268185093749999 0.46324932343749997 0.630309696875 0.4612673734375 0.6327352984375 0.46149495937499996 0.63364809375 0.46438545937500003 0.6348664921875 0.47703226875000004 0.6312247015625 0.48083591718749996 0.6283449 0.49105698750000004 0.6253079125000001 0.493038934375 0.6228823125 0.4928113484375 0.621969515625
1 0.527100390625 0.5834103546875 0.510425153125 0.5812697640625 0.49861277499999995 0.5779243609375 0.49124904062499997 0.576859359375 0.4876416078125 0.575338759375 0.48232536875000004 0.5747251671875 0.4814841578125 0.5739653640625 0.4783318953125 0.5742703578125 0.47635953593749997 0.5766935703125 0.4780227828125 0.5782179562499999 0.4775316421875 0.5788213625 0.4848971671875 0.579893553125 0.4885046 0.5814141515625 0.49587792343750003 0.5824767625 0.5076920921875 0.5858293531250001 0.5256960984375 0.5881119640625 0.5269137625 0.587808365625 0.5288861218750001 0.58538515625 0.527100390625 0.5834103546875
1 0.45684855625000004 0.5554187875000001 0.448497553125 0.5478207921875 0.44523239375 0.5476729828125 0.44325044687500004 0.5500985828125 0.44347803125 0.5510113796875 0.450884515625 0.5573943765625 0.4540699390625 0.56240976875 0.46157973124999996 0.5692479609375 0.4662104046875 0.5748725515625 0.470203878125 0.575327359375 0.472184034375 0.572894571875 0.47100233906250005 0.5707691671874999 0.45907987187500005 0.559221571875 0.45684855625000004 0.5554187875000001
0 0.4636026125 0.5737668874999999 0.4638527625 0.575750478125 0.46855014375000004 0.57870174375 0.471597425 0.581774325 0.4736226046875 0.5824221515625 0.476286603125 0.582078578125 0.4797464640625 0.5830481390625 0.48468227031250005 0.5812373078124999 0.48600568906249997 0.5797240453125 0.48724383437499996 0.5760715734375 0.48520033749999997 0.5718784203125 0.48072587499999997 0.570474753125 0.47301572031249994 0.5695724656250001 0.4686837921875 0.5698433140625 0.46508024687500005 0.571932709375 0.4636026125 0.5737668874999999
2 0.469359859375 0.5823169453125 0.4806856953125 0.5785235578125001 0.48266585156249997 0.57609076875 0.4814841578125 0.5739653640625 0.4746097734375 0.5722897671875 0.47088944218749995 0.5703163640625 0.46773538906249995 0.5706141687499999 0.4657552328125 0.5730469578124999 0.46598281874999997 0.5739597546875 0.466936928125 0.5751723625 0.47176202500000003 0.5763893640625 0.4712630875 0.57700235 0.45006446093749997 0.5851887484375 0.448084303125 0.5876215375 0.44831009687499995 0.5885271453125 0.45120059687499997 0.58974554375 0.4536263359375 0.5891407390625 0.469359859375 0.5823169453125
1 0.45225148125 0.5033242296875 0.4580496625 0.518818815625 0.4607411375 0.532187003125 0.46362025625000003 0.5334006046875001 0.4648379203125 0.5330970078124999 0.4668198671875 0.5306714046875001 0.4612520796875 0.5083402296874999 0.45833021093750004 0.5018086312500001 0.45543971250000004 0.5005902343749999 0.45423163750000006 0.500891440625 0.45225148125 0.5033242296875
1 0.43019184062500004 0.5339941921875 0.4304194265625 0.5349069890625 0.4333081328125 0.5361181984375001 0.451735940625 0.5349132046875 0.4596004015625 0.5353724078125001 0.461422103125 0.53491820625 0.4633944625 0.5324949953125 0.4631668765625 0.5315821984375 0.45895540625000003 0.530212203125 0.4321719953125 0.5315614015625 0.43019184062500004 0.5339941921875
0 0.4714219296875 0.52650085 0.46239698906250004 0.525185859375 0.4600319953125 0.526279375 0.45783955781249996 0.5289635796875001 0.455305384375 0.5303588375 0.454492625 0.532408953125 0.45600942499999997 0.5358783953125 0.4578130890625 0.537108209375 0.4596349609375 0.5372265296875 0.4631962859375 0.5363156890624999 0.4651442125 0.53771565625 0.46766707500000004 0.5378271515625 0.471511928125 0.53592951875 0.4742627 0.5333198625 0.474708725 0.529758009375 0.4714219296875 0.52650085
2 0.46879043593749997 0.5282410078125 0.4624841203125 0.5288438078125 0.453821196875 0.5329427984375 0.4431089859375 0.5365831921875001 0.4411270390625 0.53900879375 0.44135462499999994 0.539921590625 0.44424512343749994 0.5411399890624999 0.44668045 0.54053279375 0.4642338828125 0.5332476109375001 0.46992657187500003 0.5327978046874999 0.4719085203125 0.5303722015625 0.47168093437499997 0.5294594046875 0.46879043593749997 0.5282410078125
1 0.48062024531249997 0.4643020796875 0.475986765625 0.4664268765625 0.45664580781249997 0.471730071875 0.4546656515625 0.4741628609375 0.4548932375 0.47507565781250005 0.45778194375 0.47628686875000004 0.4777269390625 0.47083306875000003 0.4872214875 0.4674962734375 0.48920343437499997 0.46507067187500006 0.4889758484375 0.464157875 0.48608535 0.4629394765625 0.48062024531249997 0.4643020796875
1 0.4561109015625 0.47477205937500006 0.453220403125 0.4735536609375 0.4520027390625 0.473857259375 0.4500321703125 0.4762876578125 0.45139589375 0.48175724999999997 0.451163709375 0.48858665312499994 0.45479970468750003 0.5031698390625 0.45597181249999996 0.505297634375 0.45886231093749996 0.5065160328125 0.4600703859375 0.506214825 0.4620505421875 0.5037820359375 0.45724243906249995 0.48707105625 0.45758752031250005 0.4806944578125 0.4561109015625 0.47477205937500006
0 0.44748993125 0.4836548515625 0.45575083125000004 0.48276320625 0.45773705624999994 0.481825203125 0.4589179109375 0.48027114375 0.4606694625 0.479086284375 0.4633509875 0.4753411328125 0.4634142921875 0.47240909374999995 0.4607046421875 0.4697103796875 0.458126228125 0.4693760765625 0.4543196359375 0.4713863171875 0.45082982187500004 0.47201213124999997 0.44717613749999996 0.4714497015625 0.444429328125 0.47276819375 0.44171131093750005 0.47804164531250004 0.4453932390625 0.4832920515625 0.44748993125 0.4836548515625
2 0.45846750937499997 0.4712758703125 0.45664580781249997 0.471730071875 0.4415181140625 0.47841045 0.4230087796875 0.48447583906249997 0.42103821249999995 0.48690623750000006 0.42126400625000004 0.487811846875 0.42414491718749997 0.4890326359375 0.427193871875 0.4882724453125 0.44325828906250003 0.48281664375 0.45789663281250004 0.4767468609375 0.4615760046875 0.47340945625 0.46134841875 0.47249665937499996 0.45846750937499997 0.4712758703125
1 0.44168721875 0.401400534375 0.4404695546875 0.4017041328125 0.43849898749999994 0.40413453125 0.4403160890625 0.41142252968750004 0.4413347296875 0.423268721875 0.44349410625 0.431929509375 0.44637501718749995 0.43315029843749997 0.44759268125 0.4328467 0.44957283906249995 0.4304139109375 0.44752815 0.42221311562499997 0.4463948203125 0.40990693125 0.44457771875 0.40261893281249994 0.44168721875 0.401400534375
1 0.480968134375 0.45017609375 0.47630328437499997 0.44698769218749995 0.472504234375 0.44212529375000004 0.4652202359375 0.4361927109375 0.46005465624999997 0.4336101078125 0.45587915468749995 0.4298111109375 0.45165809531249995 0.42844350468750003 0.450713575 0.4272285078125 0.44755951875 0.4275263140625 0.4455793640625 0.429959103125 0.4467610578125 0.4320845078125 0.45097253125 0.433454503125 0.455866759375 0.4375628890625 0.4610323390625 0.4401454921875 0.469268653125 0.44728349375 0.471281971875 0.45017109218750007 0.4759582015625 0.453364290625 0.47922515312499997 0.4535192875 0.4811957203125 0.451088890625 0.480968134375 0.45017609375
0 0.448971934375 0.42477702968750003 0.4422842359375 0.42662767968750004 0.4405287234375 0.429103703125 0.43756820625000004 0.430177746875 0.43620723437500003 0.4322347640625 0.43441902031249996 0.43437540312499995 0.4351163765625 0.43762164375 0.43717605 0.4386120421875 0.4416120046875 0.43863589062499997 0.44513131406250006 0.43702554843749997 0.44977955 0.4367979828125 0.45187948437500003 0.4360301171875 0.45533997031249995 0.4313655015625 0.45576947343749996 0.429861359375 0.45381037500000004 0.4265785359375 0.450821315625 0.42496483281249997 0.448971934375 0.42477702968750003
2 0.44295920000000005 0.434971496875 0.44929969375 0.4319325078125 0.4523846171875 0.42874331562499995 0.45215882343749997 0.42783770781249997 0.44926832499999997 0.42661930937500003 0.447446621875 0.4270735109375 0.43851055624999996 0.4326910953125 0.4346395671875 0.4326867 0.427570759375 0.43541869218749996 0.4135915984375 0.4389040890625 0.41160965000000005 0.44132969062500005 0.4118372359375 0.4422424875 0.4147277359375 0.44346088593750005 0.429310934375 0.4398248859375 0.4333403765625 0.4378506921875 0.44026031874999993 0.43709489687499997 0.44295920000000005 0.434971496875
1 0.47680546562500004 0.3868349671875 0.47308513437500005 0.3848615625 0.46327648593750004 0.384406146875 0.45773266250000005 0.38287975625000004 0.44576962656249997 0.3815033609375 0.43342234062499996 0.381199946875 0.43144998125 0.3836231578125 0.4316775671875 0.3845359546875 0.43528500000000003 0.3860565546875 0.4542712875 0.387132346875 0.45982290781249996 0.388649159375 0.471069009375 0.389723353125 0.4761103125 0.391848353125 0.477941603125 0.3913917609375 0.47991396249999996 0.3889685515625 0.47874185625 0.38684075625 0.47680546562500004 0.3868349671875
1 0.42975778125 0.353554175 0.428734540625 0.3494501828125 0.42585362968749996 0.3482293953125 0.4246359671875 0.3485329921875 0.42265581093750004 0.35096578125 0.42421115 0.35977717343750004 0.42432123906249997 0.3679793640625 0.42772965 0.381649753125 0.4314044234375 0.3860545484375 0.43345371093749996 0.38651314531250003 0.434671375 0.3862095484375 0.4366515296875 0.3837767578125 0.4336936921875 0.3796741640625 0.43039996875000003 0.3664637671875 0.42975778125 0.353554175
0 0.43859801562499995 0.3799018703125 0.434637884375 0.378927259375 0.4292381953125 0.3801437734375 0.42698332499999997 0.38139305 0.4260562296875 0.3833113546875 0.4225482203125 0.384231803125 0.419536940625 0.3882881984375 0.42042694531249997 0.3918986515625 0.42221671875 0.393276978125 0.424504721875 0.39338595781249996 0.42976884687499994 0.391584875 0.4328783609375 0.3915577359375 0.4388517171875 0.3899462640625 0.44091868593749994 0.3883926625 0.44179941093749997 0.38359256875000003 0.4400424546875 0.3807937375 0.43859801562499995 0.3799018703125
2 0.422818428125 0.3930353453125 0.42662207656250006 0.39015554375 0.434294921875 0.38727294843750004 0.43676621875 0.3842367515625 0.437983884375 0.383933153125 0.4372555671875 0.3836261546875 0.43801985312499997 0.3815041515625 0.43512935312499995 0.380285753125 0.43392127656249996 0.3805869609375 0.4302323171875 0.38392675625 0.4242682765625 0.38590234375 0.42156939375 0.3880257453125 0.4180748578125 0.38695795 0.4064085390625 0.3893857375 0.40442659062499997 0.39181133749999997 0.4046541765625 0.392724134375 0.407544675 0.393942534375 0.4173797046875 0.3919713375 0.4216007640625 0.39333894375 0.422818428125 0.3930353453125
3 0.45104078750000004 0.5399265921875 0.4596119703125 0.563928971875 0.464563325 0.5941625296875 0.4733119390625 0.6292512984374999 0.48105149843749995 0.652491484375 0.4887313125 0.685907653125 0.4952909703125 0.7070296218750001 0.49608202500000004 0.7179630171875 0.5032393296875 0.746669396875 0.507524921875 0.7586705859375 0.507898565625 0.7653565734375001 0.506450509375 0.7724967609375 0.5069038890625001 0.7743151687500001 0.5117621484375 0.7808525562499999 0.5161966062500001 0.7908775484375 0.518128396875 0.7986255390625 0.5183485765625 0.8150299234375 0.5190295421875 0.8177611265625 0.522524078125 0.818828921875 0.5248351296875 0.8177641234375 0.5263163484375 0.8159443218750001 0.5255376875 0.7972591484375 0.523493 0.789058353125 0.5203435453125 0.781613959375 0.5139744890625 0.7715903625 0.5154225453125 0.764450175 0.5148213140625 0.756851390625 0.5105357234375 0.7448502015625 0.50337841875 0.716143821875 0.5025873640625 0.705210428125 0.5004279875 0.6965496390625 0.495914809375 0.683635653125 0.48834789062499995 0.6506722890625001 0.4804936421875 0.6269721109375 0.47197261562500004 0.5927961390625 0.46690836406249997 0.5621097765624999 0.4584518703125 0.5385673890625 0.45910427187499997 0.5282360046875 0.45785523906250003 0.5232264046874999 0.4543748890625 0.5144140203124999 0.4475922453125 0.484637053125 0.4436443296875 0.481750853125 0.44318915781249996 0.479925259375 0.44088832031249997 0.4577490796875 0.4249008765625 0.39881432656250004 0.423508590625 0.380282146875 0.42146211093749997 0.3720741640625 0.418928075 0.36448396562499996 0.41676409843749995 0.3635653765625 0.4142158734375 0.3637197671875 0.41163168125 0.3663031609375 0.416097509375 0.3816413515625 0.417604484375 0.400633521875 0.4335919265625 0.45956827499999997 0.4358927640625 0.48174445468749993 0.43668841875000003 0.48493565 0.440636334375 0.48782185 0.44707849531250005 0.516233215625 0.4505588453125 0.5250456 0.4516949828125 0.529602396875 0.45104078750000004 0.5399265921875
2 0.5284599937500001 0.75200039375 0.5304323531249999 0.7495771828125 0.5302047671875 0.7486643859375001 0.5259145765625 0.7444053953124999 0.5226476250000001 0.7442503968749999 0.5206770578125 0.746680796875 0.5212451265625 0.74895919375 0.5156575375 0.749871384375 0.5134575921875 0.7513817984375 0.5101828453125 0.751236378125 0.496817309375 0.7545687812499999 0.49483536250000004 0.75699438125 0.4950629484375 0.757907178125 0.497953446875 0.7591255765625 0.501709746875 0.758669978125 0.5284599937500001 0.75200039375
1 0.5145126390625 0.7090086359375001 0.508531603125 0.726478203125 0.5043828734375 0.7357346046875 0.5046104578125 0.7366474015625 0.5075009578125 0.7378657984375 0.5103127359374999 0.7361952031250001 0.5204329140625 0.709471625 0.5202053281250001 0.7085588281249999 0.5173244171875 0.707338040625 0.5161067546875 0.7076416375 0.5145126390625 0.7090086359375001