1 0.5092578125 0.6586446890625 0.507275390625 0.6668278390625 0.507275390625 0.6678241765624999 0.50859375 0.6688131875 0.5092578125 0.6688131875 0.5105859374999999 0.6678241765624999 0.512568359375 0.6586446890625 0.5148828125 0.6395384609375 0.5148828125 0.6378021984375 0.5135546875 0.6368131875 0.512900390625 0.6368131875 0.511572265625 0.6378021984375 0.511240234375 0.6395384609375 0.5092578125 0.6586446890625
1 0.49636718750000003 0.6636043953125 0.5003320312499999 0.670798534375 0.501982421875 0.6777435890625 0.501982421875 0.6832014656250001 0.503310546875 0.6841978015625 0.5039648437500001 0.6841978015625 0.50529296875 0.6832014656250001 0.50529296875 0.6777435890625 0.5039648437500001 0.6710476187500001 0.49966796875 0.6631062265625001 0.49503906249999996 0.6573992671875 0.493388671875 0.656908425 0.492060546875 0.6578974359374999 0.492060546875 0.6583956046874999 0.49636718750000003 0.6636043953125
1 0.47652343750000004 0.6963516484375 0.46924804687500005 0.6990769234374999 0.46858398437500004 0.70032234375 0.46991210937499994 0.7013113546875 0.47056640625 0.7013113546875 0.47850585937499995 0.698336996875 0.482802734375 0.6956043953125 0.483466796875 0.6956043953125 0.49503906249999996 0.6871721609375 0.496689453125 0.6861758234375 0.50099609375 0.6846886453125001 0.5016503906249999 0.68345055 0.5003320312499999 0.6824615390625001 0.49966796875 0.6824615390625001 0.49470703125000004 0.6841978015625 0.48213867187500004 0.6931282046875 0.47652343750000004 0.6963516484375
0 0.513681640625 0.45603662968750003 0.51443359375 0.45323076875 0.5139746093750001 0.4509670328125 0.5083984375 0.4476043953125 0.50556640625 0.4471648359375 0.502451171875 0.4479194140625 0.500712890625 0.450109890625 0.5007421875 0.4518754578125 0.50125 0.455926740625 0.503466796875 0.45772893750000004 0.510234375 0.4579706953125 0.513681640625 0.45603662968750003
2 0.508271484375 0.45472527500000004 0.511572265625 0.4559633703125 0.521826171875 0.45745055 0.5357128906249999 0.45769963437500005 0.545302734375 0.457201465625 0.55357421875 0.4559633703125 0.554892578125 0.45497435937499997 0.554892578125 0.454476190625 0.55357421875 0.45348717968749996 0.541337890625 0.45497435937499997 0.5221582031249999 0.45497435937499997 0.51322265625 0.45372893750000004 0.504296875 0.45050549375 0.502978515625 0.45150183125 0.5036328125 0.4527399265625 0.508271484375 0.45472527500000004
0 0.5087890625 0.7400805859374999 0.510703125 0.7369450546875 0.5106835937499999 0.735252746875 0.5092187499999999 0.7333479859375001 0.50427734375 0.7301025640625001 0.50099609375 0.7295164828125 0.498388671875 0.730358975 0.49693359375 0.7319047624999999 0.49701171874999994 0.734117215625 0.49703125000000004 0.73695238125 0.500869140625 0.74123076875 0.5049609375 0.741882784375 0.5087890625 0.7400805859374999
1 0.49834960937500006 0.755890109375 0.49834960937500006 0.7566300359375 0.49966796875 0.7576263734375 0.5003320312499999 0.7576263734375 0.5016503906249999 0.7566300359375 0.505625 0.7417509156250001 0.50529296875 0.7372820515625 0.5039648437500001 0.736293040625 0.503310546875 0.736293040625 0.501982421875 0.7372820515625 0.501982421875 0.7432380953125 0.49834960937500006 0.755890109375
1 0.47486328125000005 0.7395164828125 0.47056640625 0.7402637359375001 0.46924804687500005 0.741252746875 0.46924804687500005 0.7417509156250001 0.47056640625 0.7427399265625 0.4715625 0.7427399265625 0.47619140625 0.7417509156250001 0.48578124999999994 0.738520146875 0.49041015625 0.7375311359375 0.49636718750000003 0.7367838828125 0.502314453125 0.7372820515625 0.5036328125 0.736293040625 0.5036328125 0.735794871875 0.502314453125 0.7348058609375 0.49603515624999994 0.7343076921875 0.49140625 0.7348058609375 0.48445312500000004 0.736293040625 0.47486328125000005 0.7395164828125
2 0.5254589843749999 0.41205860781250003 0.522822265625 0.41131135468749996 0.520830078125 0.4115604390625 0.51951171875 0.41279853437499997 0.5162011718749999 0.4145347984375 0.515869140625 0.41577289375 0.517197265625 0.41676923125 0.51884765625 0.41652014687500005 0.522490234375 0.41379487187499997 0.5291015625 0.41503296718750005 0.53439453125 0.4145347984375 0.53869140625 0.41254945000000004 0.53935546875 0.4118095234375 0.53935546875 0.41131135468749996 0.5380273437499999 0.41031501875 0.53736328125 0.41031501875 0.53373046875 0.41205860781250003 0.530751953125 0.41254945000000004 0.5254589843749999 0.41205860781250003
1 0.5165332031250001 0.413296703125 0.516865234375 0.41403662968750005 0.51818359375 0.41503296718750005 0.51884765625 0.41503296718750005 0.5201757812500001 0.41403662968750005 0.5201757812500001 0.413296703125 0.5142187500000001 0.3919633703125 0.5135546875 0.3855091578125 0.512236328125 0.384520146875 0.511572265625 0.384520146875 0.51025390625 0.3855091578125 0.510908203125 0.3919633703125 0.5165332031250001 0.413296703125
1 0.5095898437499999 0.4564615390625 0.51025390625 0.45769963437500005 0.511572265625 0.4584468859375 0.51322265625 0.46043223437499997 0.5165332031250001 0.46265934062499997 0.5234765625 0.46514285781250003 0.524140625 0.46514285781250003 0.5254589843749999 0.46415384687500005 0.5248046875 0.462908425 0.518515625 0.46068131875 0.51455078125 0.45769963437500005 0.511572265625 0.45472527500000004 0.511572265625 0.45422710625 0.50859375 0.45249084218749996 0.507939453125 0.45249084218749996 0.506611328125 0.45348717968749996 0.506943359375 0.454476190625 0.5095898437499999 0.4564615390625
1 0.49966796875 0.4373553109375 0.502314453125 0.44827106250000004 0.501318359375 0.44852014687499997 0.5016503906249999 0.44876923125 0.50099609375 0.4497655671875 0.5016503906249999 0.4502564109375 0.501318359375 0.45050549375 0.501982421875 0.45050549375 0.503310546875 0.45150183125 0.5049609375 0.4517435890625 0.5062792968750001 0.450754578125 0.5062792968750001 0.4502564109375 0.50529296875 0.4492674 0.505625 0.4480293046875 0.502314453125 0.43463003593750005 0.4993359375 0.42818315 0.497685546875 0.4266886453125 0.497021484375 0.4266886453125 0.495703125 0.42768498125 0.495703125 0.4284249078125 0.49966796875 0.4373553109375
0 0.5101953124999999 0.5485567765625 0.5136328125 0.5477582421875 0.5159570312499999 0.5448351640625 0.52060546875 0.5439120875000001 0.522265625 0.541157509375 0.52177734375 0.538542125 0.51974609375 0.5364468859375 0.51814453125 0.5355824171875 0.5152246093749999 0.5351721609375 0.5120312499999999 0.5358754578125 0.50990234375 0.5379047625 0.507578125 0.53849816875 0.505634765625 0.540021978125 0.504287109375 0.541794871875 0.504560546875 0.545208790625 0.50634765625 0.5472014656249999 0.5101953124999999 0.5485567765625
0 0.51509765625 0.5011501828125 0.5165625 0.5022417578125 0.51927734375 0.5029230765625 0.52314453125 0.50241025625 0.5249902343749999 0.5011062265625 0.525595703125 0.4982857140625 0.52384765625 0.4957802203125 0.5177734375 0.49222710625 0.515400390625 0.49151648281250004 0.5109179687500001 0.49177289375 0.5089746093749999 0.49258608125 0.5079296875 0.49414652031250006 0.507568359375 0.496564103125 0.509140625 0.499611721875 0.510771484375 0.500754578125 0.51509765625 0.5011501828125
1 0.50859375 0.48375091562500006 0.5135546875 0.49540659375 0.51521484375 0.4968937734375 0.515869140625 0.4968937734375 0.517197265625 0.49590476250000004 0.517197265625 0.49515750937499997 0.5135546875 0.48747252812499997 0.50595703125 0.4678754578125 0.50462890625 0.4668791203125 0.5039648437500001 0.4668791203125 0.502646484375 0.4678754578125 0.502646484375 0.46861538437499994 0.50859375 0.48375091562500006
1 0.52314453125 0.5028498171875 0.5267871093750001 0.5088058609375 0.52876953125 0.5132673999999999 0.529765625 0.5174871796875 0.531083984375 0.518476190625 0.531748046875 0.518476190625 0.53306640625 0.5174871796875 0.53306640625 0.51649816875 0.532080078125 0.51277655625 0.52943359375 0.507069596875 0.5254589843749999 0.5011135531249999 0.521162109375 0.497890109375 0.51951171875 0.49739194062500003 0.51818359375 0.49838827812500003 0.51818359375 0.49887912031250004 0.52314453125 0.5028498171875
3 0.526123046875 0.4472820515625 0.5284375 0.48672527499999996 0.527119140625 0.550974359375 0.5267871093750001 0.5589157515625 0.5191796875 0.6077875453125 0.517529296875 0.65913553125 0.517529296875 0.66831501875 0.521826171875 0.755391940625 0.5221582031249999 0.7593626375 0.52380859375 0.7603516484374999 0.52513671875 0.7601025640625 0.526123046875 0.7593626375 0.526123046875 0.755641025 0.521494140625 0.66831501875 0.522490234375 0.6239120875 0.52314453125 0.6077875453125 0.530751953125 0.5589157515625 0.5324121093749999 0.4966520140625 0.5324121093749999 0.48672527499999996 0.5300878906250001 0.4472820515625 0.5291015625 0.363428571875 0.52810546875 0.3626886453125 0.5267871093750001 0.3624395609375 0.52513671875 0.363428571875 0.52513671875 0.3770769234375 0.526123046875 0.4472820515625
2 0.512236328125 0.3800512828125 0.510908203125 0.38104761875 0.510908203125 0.3815384609375 0.512236328125 0.3825347984375 0.522490234375 0.383523809375 0.532080078125 0.3830329671875 0.540009765625 0.3815384609375 0.541337890625 0.38054945 0.541337890625 0.3800512828125 0.540009765625 0.3790622703125 0.5390234375 0.3790622703125 0.5340625 0.380300365625 0.52513671875 0.38104761875 0.512236328125 0.3800512828125
2 0.50892578125 0.7335604390625 0.501318359375 0.7352967031250001 0.5 0.736293040625 0.5 0.7367838828125 0.501318359375 0.7377802203125 0.502314453125 0.7377802203125 0.5092578125 0.73604395625 0.520830078125 0.73604395625 0.54298828125 0.7348058609375 0.549931640625 0.7338095234375 0.551259765625 0.7328205125 0.551259765625 0.73232234375 0.549931640625 0.7313260078125 0.54861328125 0.7313260078125 0.539677734375 0.732571428125 0.520830078125 0.7335604390625 0.50892578125 0.7335604390625
0 0.511796875 0.38504761875 0.516484375 0.3860586078125 0.51943359375 0.3859194140625 0.52177734375 0.38533333281250004 0.52419921875 0.3835164828125 0.524287109375 0.37975091562499996 0.523056640625 0.378153846875 0.520771484375 0.376886446875 0.5171484375000001 0.37666666718749997 0.512470703125 0.3775604390625 0.5106835937499999 0.37870329687500004 0.5093457031249999 0.3798315015625 0.508662109375 0.38214652031249996 0.50939453125 0.38349450625000003 0.511796875 0.38504761875
1 0.526123046875 0.375340659375 0.517861328125 0.3795604390625 0.517197265625 0.3795604390625 0.517529296875 0.3798021984375 0.516865234375 0.380798534375 0.51818359375 0.38178754531250003 0.5198437499999999 0.3815384609375 0.5201757812500001 0.38104761875 0.5284375 0.3768278390625 0.5291015625 0.3768278390625 0.5370410156250001 0.37260805937499997 0.545634765625 0.3683956046875 0.5462988281250001 0.3683956046875 0.5459667968749999 0.3681465203125 0.546630859375 0.3671501828125 0.545302734375 0.366161171875 0.544638671875 0.366161171875 0.527119140625 0.37484249062499997 0.5264550781249999 0.37484249062499997 0.526123046875 0.375340659375
1 0.5062792968750001 0.5289010984375 0.5092578125 0.5408058609374999 0.5095898437499999 0.5415531140625001 0.510908203125 0.542542125 0.511572265625 0.542542125 0.512900390625 0.5415531140625001 0.512900390625 0.5408058609374999 0.51025390625 0.5321245421875 0.507939453125 0.5202197796875 0.50595703125 0.50458608125 0.50462890625 0.5035970703125 0.5039648437500001 0.5035970703125 0.502646484375 0.50458608125 0.502646484375 0.506073259375 0.5062792968750001 0.5289010984375
1 0.483798828125 0.3912161171875 0.483134765625 0.3924542125 0.48445312500000004 0.39345055 0.48511718750000005 0.39345055 0.505625 0.3852600734375 0.51521484375 0.3825347984375 0.5162011718749999 0.38104761875 0.5148828125 0.3800512828125 0.51388671875 0.3800512828125 0.5049609375 0.3827838828125 0.49140625 0.3879926734375 0.483798828125 0.3912161171875
0 0.521005859375 0.4142857140625 0.52060546875 0.4151794875 0.51900390625 0.416380953125 0.516396484375 0.4166666671875 0.514140625 0.415655678125 0.5132519531249999 0.41379487187499997 0.5133984375 0.41616849843750003 0.51607421875 0.419663003125 0.51859375 0.4208131875 0.52078125 0.42092307656249994 0.523798828125 0.4192893765625 0.5248144531250001 0.4167179484375 0.527392578125 0.415340659375 0.52794921875 0.41246153906250005 0.526484375 0.41003662968750004 0.5233789062499999 0.40850549375 0.52013671875 0.40843223437500004 0.517783203125 0.4100293046875 0.514970703125 0.4108498171875 0.513505859375 0.4128205125 0.52025390625 0.41376556718749996 0.521005859375 0.4142857140625
2 0.5105859374999999 0.4966520140625 0.5105859374999999 0.4971428578125 0.5119042968749999 0.49813919375 0.5162011718749999 0.49813919375 0.5390234375 0.4968937734375 0.549931640625 0.49540659375 0.551259765625 0.49441758281250003 0.551259765625 0.4939194140625 0.549931640625 0.492930403125 0.54861328125 0.492930403125 0.5357128906249999 0.49466666718749996 0.5119042968749999 0.495655678125 0.5105859374999999 0.4966520140625
2 0.52314453125 0.539069596875 0.5148828125 0.53832234375 0.506943359375 0.542791209375 0.507275390625 0.5430402937500001 0.506611328125 0.5440293046875 0.507939453125 0.545025640625 0.50892578125 0.545025640625 0.515869140625 0.5408058609374999 0.52314453125 0.5415531140625001 0.5333984375 0.5415531140625001 0.5459667968749999 0.5400659343750001 0.54728515625 0.53981685 0.54861328125 0.5388205125 0.54861328125 0.53832234375 0.54728515625 0.5373333328125 0.5462988281250001 0.5373333328125 0.541005859375 0.53832234375 0.53306640625 0.539069596875 0.52314453125 0.539069596875
2 0.522490234375 0.5857069593750001 0.50595703125 0.585457875 0.50462890625 0.5864542125 0.50462890625 0.5869523812499999 0.50595703125 0.5879413921875 0.522490234375 0.5881904765625 0.530751953125 0.5891794875 0.53736328125 0.5891794875 0.544638671875 0.5876923078125 0.5459667968749999 0.586703296875 0.5459667968749999 0.586205128125 0.544638671875 0.5852087906250001 0.54365234375 0.5852087906250001 0.5370410156250001 0.586703296875 0.530751953125 0.586703296875 0.522490234375 0.5857069593750001
2 0.5099218750000001 0.636065934375 0.50859375 0.6370622703125 0.50859375 0.6375531140625 0.5099218750000001 0.63854945 0.517529296875 0.63904761875 0.531083984375 0.63854945 0.5357128906249999 0.6378021984375 0.5370410156250001 0.6368131875 0.5370410156250001 0.63631501875 0.5357128906249999 0.6353260078125 0.5347265625000001 0.6353260078125 0.531083984375 0.636065934375 0.521826171875 0.636564103125 0.5099218750000001 0.636065934375
2 0.49801757812499997 0.6849377296875 0.5099218750000001 0.6869230765625 0.532080078125 0.6869230765625 0.5433203125 0.6861758234375 0.550263671875 0.6851868125 0.5525781249999999 0.6839487171874999 0.5525781249999999 0.68345055 0.551259765625 0.6824615390625001 0.550263671875 0.6824615390625001 0.545634765625 0.68345055 0.532080078125 0.6844395609375 0.51025390625 0.6844395609375 0.49801757812499997 0.6824615390625001 0.496689453125 0.68345055 0.496689453125 0.6839487171874999 0.49801757812499997 0.6849377296875
1 0.4894140625 0.5532087906250001 0.4659375 0.56313553125 0.464951171875 0.5636263734375 0.464287109375 0.5648717953125 0.46560546875000003 0.56586080625 0.46626953125000004 0.56586080625 0.49140625 0.5551941390625 0.502314453125 0.548747253125 0.502978515625 0.548747253125 0.5105859374999999 0.545025640625 0.511240234375 0.5437802203125 0.5099218750000001 0.542791209375 0.5092578125 0.542791209375 0.50099609375 0.5467619046875 0.5003320312499999 0.5467619046875 0.4894140625 0.5532087906250001
0 0.518271484375 0.5910769234375 0.52048828125 0.5898315015625 0.521533203125 0.5879853484375 0.520712890625 0.5844908421875 0.518046875 0.5824322343749999 0.51552734375 0.5816996343749999 0.51158203125 0.5829084250000001 0.507666015625 0.5823296703125 0.5053027343750001 0.5826886453125 0.5031152343749999 0.5838608062499999 0.5022265625 0.5858095234375 0.5023535156250001 0.5880366296874999 0.5038378906250001 0.589846153125 0.51001953125 0.5918241765625 0.518271484375 0.5910769234375
1 0.49172851562500003 0.5929010984375 0.490078125 0.5943882781250001 0.4864453125 0.5963736265625 0.48181640625 0.6000952374999999 0.48148437499999996 0.601091575 0.482802734375 0.6020805859375 0.48445312500000004 0.6015824171874999 0.4907421875 0.5968717953125 0.5 0.5916630031250001 0.502978515625 0.5891794875 0.507275390625 0.5876923078125 0.507939453125 0.5864542125 0.506611328125 0.585457875 0.505625 0.585457875 0.502314453125 0.5864542125 0.496689453125 0.5904249078125 0.49172851562500003 0.5929010984375
1 0.512900390625 0.5971208796874999 0.51455078125 0.60331868125 0.51455078125 0.6120073265625 0.512900390625 0.61795604375 0.5142187500000001 0.61895238125 0.5148828125 0.61895238125 0.5162011718749999 0.61795604375 0.517861328125 0.6122490843749999 0.517861328125 0.6030769234375 0.515869140625 0.595882784375 0.512236328125 0.5876923078125 0.510908203125 0.586703296875 0.51025390625 0.586703296875 0.50892578125 0.5876923078125 0.50892578125 0.5884395609374999 0.512900390625 0.5971208796874999
0 0.514306640625 0.64268131875 0.519072265625 0.6416923078125001 0.52126953125 0.6399120875000001 0.521591796875 0.6380805859375 0.5208398437499999 0.6364249078124999 0.516611328125 0.6333553109375 0.50998046875 0.6331941390625 0.507490234375 0.6346593406250001 0.506455078125 0.63618315 0.5064062500000001 0.6387032968749999 0.50755859375 0.64049816875 0.512353515625 0.642520146875 0.514306640625 0.64268131875
1 0.511572265625 0.6375531140625 0.512900390625 0.6373113546875 0.520498046875 0.6313553109375001 0.52810546875 0.6261465203125 0.5284375 0.6251501828125 0.527119140625 0.624161171875 0.526123046875 0.624161171875 0.51025390625 0.63581685 0.51025390625 0.636564103125 0.511572265625 0.6375531140625
1 0.512236328125 0.42147985312499997 0.5062792968750001 0.4269377296875 0.5049609375 0.42768498125 0.5039648437500001 0.4291721609375 0.48809570312500006 0.44504761875 0.48709960937499996 0.44554578749999996 0.48677734375000004 0.44678388281250003 0.48809570312500006 0.4477802203125 0.4894140625 0.4472820515625 0.48974609375 0.44753113593749994 0.507939453125 0.42892307656249995 0.51951171875 0.4182564109375 0.520830078125 0.41750915781250003 0.521162109375 0.4162710625 0.5198437499999999 0.4152820515625 0.5191796875 0.4152820515625 0.518515625 0.41577289375 0.51818359375 0.4155311359375 0.512236328125 0.42147985312499997
0 0.5078125 0.6900073265625 0.511953125 0.6885567765625 0.513642578125 0.68541391875 0.512939453125 0.682703296875 0.510107421875 0.6802197796875 0.507802734375 0.6795091578125 0.500732421875 0.6790329671875 0.496953125 0.67967765625 0.495380859375 0.6806227109375 0.49432617187499994 0.6823516484375001 0.494765625 0.68522344375 0.4958984375 0.6866739921875 0.49845703124999996 0.687934065625 0.50314453125 0.688249084375 0.5078125 0.6900073265625