2 0.464320515625 0.38940826875 0.4388228515625 0.3915585546875 0.42286938125000006 0.3933735453125 0.42174662500000004 0.39470477812500004 0.4218623828125 0.39520618125 0.4234550828125 0.3959105 0.424861571875 0.3958537921875 0.4411644578125 0.39395813125 0.46530439218749997 0.39212130156249997 0.4663226890625 0.391886209375 0.4674354625 0.3905572828125 0.4673197046875 0.3900558796875 0.46573698593749996 0.38934925625 0.464320515625 0.38940826875
1 0.506887675 0.5213164578125 0.506208809375 0.5214731859375 0.5050960359375 0.5228021125 0.5067678234375 0.534689234375 0.507012253125 0.5434454609375 0.5064847671875 0.54890370625 0.506660996875 0.5496670375 0.50825196875 0.5503638734375 0.508930834375 0.55020714375 0.5102085375 0.5480440062499999 0.5102109031250001 0.5341623421875 0.508470390625 0.52202308125 0.506887675 0.5213164578125
1 0.452946590625 0.3431940515625 0.45231344375000004 0.34200019843749996 0.4431792484375 0.33636835625 0.443063490625 0.335866953125 0.4336355828125 0.3289628953125 0.4282739203125 0.322728103125 0.42558026875 0.3172094984375 0.42399927968749995 0.31651035781250003 0.42332041406250004 0.3166670875 0.4221959296875 0.31799083437500003 0.42243090156249996 0.31900860937500003 0.42501705 0.324016021875 0.42946487656250004 0.3293897671875 0.44070874687500006 0.33801074062500003 0.4408245046875 0.3385121453125 0.4499587 0.344143984375 0.45007618593750004 0.34465287187500004 0.45035687500000005 0.34432006406250004 0.45182210625 0.3445178 0.452946590625 0.3431940515625
1 0.4626914484375 0.34067626875 0.463360328125 0.340521846875 0.46666160156250003 0.3362834953125 0.46930060312500005 0.327673475 0.4691831171875 0.3271645875 0.4676003984375 0.3264579640625 0.46692153437500006 0.3266146921875 0.4660207234375 0.327358671875 0.46360539687499996 0.3353889234375 0.4599746765625 0.3397033328125 0.45492575625000004 0.34406927187499997 0.454246890625 0.34422600000000003 0.45464506718750003 0.3444020796875 0.45419944531249995 0.34556909999999996 0.4557921453125 0.34627341875 0.45742058124999996 0.345629459375 0.45971658125000003 0.343231228125 0.4626914484375 0.34067626875
1 0.4463250921875 0.30681570625 0.44521231875 0.30814463281250004 0.4453280765625 0.3086460375 0.4476484015625 0.30945037656249996 0.4633424640625 0.30956343125 0.48051305624999996 0.311471765625 0.481191921875 0.3113150375 0.48230469375 0.3099861109375 0.48134382656249997 0.3088757984375 0.46596791406250004 0.307089140625 0.4551904203125 0.306637140625 0.4463250921875 0.30681570625
1 0.4675824765625 0.5191818359375 0.4664597203125 0.5205130671875 0.46782874531249996 0.521797153125 0.4913811375 0.5235642781250001 0.5016529546874999 0.52332900625 0.5026712515625 0.5230939140624999 0.5037840250000001 0.5217649859375 0.5036682671875 0.52126358125 0.50208555 0.5205569578125 0.49401657187500003 0.5210876828125001 0.46859078906249996 0.5189490484375 0.4675824765625 0.5191818359375
1 0.536852125 0.5061298578125 0.5371328125 0.5057970484375 0.538596315625 0.5059873015624999 0.5397208015625 0.504663553125 0.5390893828125 0.50347718125 0.531372975 0.49938617812499997 0.52302210625 0.49250146875 0.5222844984375 0.4924037546875 0.5184793890625 0.489813925 0.518361903125 0.4893050375 0.5096846265625 0.48410372031250004 0.509567140625 0.48359483281250004 0.5088412453125 0.4835022953125 0.5032084609374999 0.479190371875 0.4962983890625 0.47544922187500005 0.493289628125 0.4732115515625 0.4930089390625 0.4735443609375 0.49153372500000003 0.4733489296875 0.49041922343750005 0.474670371875 0.49105237031250004 0.47586422500000003 0.4979624453125 0.4796053765625 0.507214125 0.485746103125 0.5073298828125 0.4862475078125 0.51601886875 0.491454003125 0.5161346265625 0.49195540624999995 0.5206673609375 0.4946452578125 0.5286300374999999 0.50135158125 0.5297558375 0.50162768125 0.536852125 0.5061298578125
2 0.49089568437500003 0.6032188640625 0.4792874203125 0.60536283125 0.4781646640625 0.6066940625 0.4782804234375 0.6071954671875 0.47987312343750005 0.6078997859374999 0.4839850859375 0.6072184703125 0.5123875734375 0.6006612390625 0.528388490625 0.5975031468750001 0.5295112468750001 0.596171915625 0.5293937609375 0.5956630281249999 0.5278027890625 0.59496619375 0.511801871875 0.598124284375 0.49089568437500003 0.6032188640625
1 0.5194471875 0.6158448140624999 0.5184787015625 0.60085514375 0.518186715625 0.5995904078125001 0.516603996875 0.598883784375 0.5159251328125001 0.5990405125 0.514812359375 0.6003694390625001 0.51482365625 0.60196698125 0.5175701171875 0.62775511875 0.5217009953125 0.6425507046875001 0.5226261296875 0.645009296875 0.5242071203124999 0.6457084359375 0.5248859828125 0.6455517078125 0.526000484375 0.644230265625 0.522417846875 0.6333124265625 0.5210131984374999 0.6272282265625 0.5194471875 0.6158448140624999
1 0.502300396875 0.5616147 0.5034248828125001 0.5602909515625 0.502511046875 0.5594299046875 0.5027917359375 0.559097096875 0.49707750156249997 0.557484034375 0.4906369578125 0.5573707984375 0.4841002109375 0.5583439140625 0.46845306875 0.5646285171875001 0.45998234687500006 0.5711165859375 0.45960718125 0.572543228125 0.46118817031250003 0.57324236875 0.4618670359375 0.573085640625 0.470336028125 0.5665900875000001 0.4850253453125 0.5608025046875 0.48913558124999995 0.56011370625 0.4959073 0.560158365625 0.501292084375 0.5618474859375 0.502300396875 0.5616147
1 0.53313844375 0.5641039671875 0.5341567406250001 0.563868875 0.5352712421875 0.5625474328125 0.5339121984374999 0.5612610390625 0.507478103125 0.5593551921875 0.50645980625 0.559590284375 0.5053453046875 0.5609117265625 0.5067043484375 0.56219811875 0.53313844375 0.5641039671875
2 0.492707446875 0.56169324375 0.47326517656249995 0.5653857109375 0.457885696875 0.5697324781249999 0.45677292343750003 0.5710614046875 0.45688868125 0.571562809375 0.4584713984375 0.5722694328125 0.47992898124999994 0.5665115421875 0.5058609656249999 0.5615966953125 0.515325134375 0.5594117203125 0.5164379078125 0.5580827921875 0.5163221499999999 0.5575813875 0.5147394328125 0.5568747640625 0.492707446875 0.56169324375
0 0.5073628109375 0.5543921734375 0.5022074 0.5552907406250001 0.4972702578125 0.557408003125 0.4953442234375 0.5591769249999999 0.495014925 0.5615309984375 0.4969819734375 0.5635835109375 0.4992062953125 0.5648829656250001 0.50204845625 0.564668221875 0.505884125 0.5654774296875 0.51044188125 0.5646774296875 0.5160074015625 0.5621392078125 0.5185760171875 0.5600564 0.5196133406250001 0.5586739484375001 0.5196504265625 0.5568760546875 0.5174775687500001 0.55493411875 0.5140504421875 0.5543458921875 0.5114484515625 0.554781075 0.5073628109375 0.5543921734375
2 0.488324934375 0.5226697078125 0.46567282656250003 0.5278993578125 0.4566068328125 0.5302604125 0.45549233281249996 0.53158185625 0.45560981875 0.53209074375 0.45719080781250004 0.5327898828125 0.4889089078125 0.525199178125 0.5079090125 0.522688696875 0.5096061734374999 0.5222968765625 0.5107189484375 0.52096795 0.5106014625 0.5204590625 0.509020471875 0.5197599234375 0.488324934375 0.5226697078125
2 0.4942279015625 0.4711267765625 0.4925407234375 0.47151629218749996 0.484996978125 0.4743220453125 0.45236676875 0.4810591875 0.4512522671875 0.48238062968750006 0.451369753125 0.48288951718749995 0.45295074218750003 0.4835886578125 0.4577415703125 0.4827506140625 0.48592211093750004 0.476780634375 0.494811875 0.4736562484375 0.495936359375 0.4723325015625 0.4958188734375 0.4718236125 0.4942279015625 0.4711267765625
1 0.4553595578125 0.2857803578125 0.44680933749999996 0.2826779890625 0.44397680624999997 0.28120365 0.434467034375 0.278590815625 0.4260230015625 0.27439979062500003 0.42550906875 0.2737223078125 0.4237631484375 0.2738573796875 0.4226386640625 0.275181128125 0.4232718109375 0.2763749828125 0.425590409375 0.2771718390625 0.4308707328125 0.2799570984375 0.43137468125 0.2806368875 0.4428048765625 0.283870496875 0.45855584218749995 0.29037890312500003 0.46036050624999997 0.290498275 0.4614832640625 0.28916704375 0.4609105859375 0.288235115625 0.4553595578125 0.2857803578125
1 0.395551078125 0.26115306562499996 0.39442659375 0.2624768140625 0.3945440796875 0.2629857015625 0.40102024375 0.26789904999999997 0.40641764062499997 0.2727855625 0.41282376562499995 0.2758469234375 0.41424023749999994 0.2757879109375 0.4153530109375 0.274458984375 0.415178509375 0.2737031359375 0.4087723859375 0.270641775 0.3973540140625 0.2612649546875 0.395551078125 0.26115306562499996
0 0.5179182234375 0.5942371015625 0.5126397546875 0.594967015625 0.5070206671874999 0.5976831390624999 0.5054423296875 0.5989540156250001 0.5043214734375 0.6013410671874999 0.5051099203125 0.60338979375 0.5067580984375 0.6045621375 0.510740840625 0.6045964328125 0.5171446953125 0.605734984375 0.5193803828125 0.6049429468749999 0.5213476953125 0.60312508125 0.5234306359375 0.5983009265625 0.5221566656250001 0.5957888687499999 0.5208388921875 0.594863428125 0.5179182234375 0.5942371015625
0 0.49866673749999996 0.5166798015625 0.49682499687500004 0.51794843125 0.49524932499999996 0.520369540625 0.49493153437500004 0.523320028125 0.4966962265625 0.525498084375 0.5004835046875 0.5269175359375 0.5049963078124999 0.5275625328125 0.5086265703125 0.52729984375 0.5105268609375 0.526467 0.5123582437499999 0.524743578125 0.5138757671875 0.5211141015625 0.5135467453125 0.5187780109375 0.5118555796875001 0.5168273390625 0.5078187125 0.5158754 0.49866673749999996 0.5166798015625
0 0.48070112343750004 0.47329589531250005 0.48059434218749997 0.4753384734375 0.48168286718750003 0.47718391718750003 0.48510746875 0.47930981875 0.49446755312499996 0.47867808125 0.49824780625000004 0.4757401203125 0.4990943125 0.47344005625 0.4987025078125 0.471378584375 0.49717894687499997 0.469334040625 0.494635346875 0.46833688906250004 0.49197806875000005 0.468532596875 0.48976426249999994 0.4695560578125 0.484939465625 0.46970039999999996 0.482411565625 0.4710486171875 0.48070112343750004 0.47329589531250005
0 0.4675273125 0.4281672296875 0.46445992968749994 0.4295927 0.46323982656249996 0.43145876875000005 0.4632916140625 0.434142634375 0.4653913296875 0.4359043953125 0.46826860937500003 0.4365249734375 0.47150760625 0.436116140625 0.47686378749999997 0.43777245468750003 0.48580327187499994 0.43481788750000006 0.4876843828125 0.4328543890625 0.48818185156249994 0.4310920921875 0.48763741875 0.4289160890625 0.486267821875 0.4273562453125 0.48208946875 0.4260191984375 0.4675273125 0.4281672296875
0 0.4675908609375 0.3860835484375 0.46546693437500003 0.38544669531250003 0.4627764390625 0.3858629 0.45982928437500004 0.3848485609375 0.45672774531250004 0.3853517796875 0.45458900625 0.3863815578125 0.453160409375 0.38802775624999997 0.452786184375 0.39059714687499997 0.45304365312500006 0.3896627453125 0.46043683125 0.389666403125 0.45975255156249994 0.3920314875 0.45712942187500005 0.39355933906249996 0.45410200312500004 0.3933360203125 0.45244500781249997 0.3914878140625 0.4543984 0.394938684375 0.458848803125 0.39590550625 0.4617638890625 0.3972819609375 0.46611756875 0.39619012656249997 0.47047496874999994 0.39124288125 0.47018492656250005 0.3885746078125 0.4675908609375 0.3860835484375
1 0.45836353125 0.47619853437500004 0.4572507578125 0.4775274609375 0.45822160937499995 0.47863546875 0.4691248453125 0.479586565625 0.475779078125 0.47912233750000005 0.48726985625 0.4764694828125 0.4883926140625 0.4751382515625 0.48827685625 0.4746368484375 0.48668415468750004 0.4739325296875 0.4751933765625 0.47658538437500003 0.468880303125 0.47697873125 0.45836353125 0.47619853437500004
1 0.4517164375 0.40113080625 0.44852015312500004 0.3965322609375 0.4464805171875 0.3953951140625 0.4458016515625 0.3955518421875 0.444688878125 0.39688076875 0.4448633796875 0.397636615625 0.46070818437499994 0.4169403359375 0.46981621406249996 0.4255105140625 0.4779321125 0.431377446875 0.4797367765625 0.43149681875 0.48085953281249993 0.4301655875 0.480743775 0.42966418281249996 0.471772784375 0.423190646875 0.4630612015625 0.41478906406249993 0.4517164375 0.40113080625
1 0.51915236875 0.41252021406250006 0.5383732171875 0.4016742421875 0.5387600953125 0.40025277812500004 0.5371691203125 0.39955594375 0.5361608078125 0.39978873125000003 0.5172776625 0.41054885468749996 0.5079535765625 0.4164378046875 0.491544390625 0.42557051250000005 0.4841181296875 0.42888515156249996 0.480463084375 0.429996990625 0.4793386 0.4313207375 0.4794560875 0.4318296265625 0.481047059375 0.4325264609375 0.4892596875 0.42956628593749996 0.5066871703125 0.4201984859375 0.51915236875 0.41252021406250006
1 0.4448070515625 0.2863484375 0.44606399999999996 0.27484930625000004 0.44641709531249996 0.26248682031250004 0.4462408671875 0.2617234890625 0.44465987656249994 0.26102435 0.4439810125 0.261181078125 0.442856528125 0.262504825 0.442420253125 0.27755868906250003 0.441200765625 0.28771702499999996 0.43941685937499997 0.2969336484375 0.43896939843749994 0.3042415765625 0.4391456265625 0.3050049078125 0.44072661562500004 0.30570404687499997 0.44140548125 0.30554731875 0.442683184375 0.30338418125 0.44284995625 0.2964090625 0.4448070515625 0.2863484375
1 0.45943521093750006 0.391340146875 0.458464359375 0.390232140625 0.4506043015625 0.3885705859375 0.42365811249999996 0.3798463453125 0.42009623124999995 0.3782645015625 0.41834205625000004 0.3784093609375 0.41722755468750006 0.37973080625 0.41813966249999995 0.38058436875 0.41785897343749995 0.3809171765625 0.41892602968750003 0.38093883281249996 0.43166650781250004 0.3852020859375 0.435228390625 0.3867839296875 0.44819254375 0.3904674125 0.4509680578125 0.3916947921875 0.4576318625 0.392820621875 0.45831072656250005 0.39266389375 0.45943521093750006 0.391340146875
0 0.461957303125 0.3401836265625 0.4592914171875 0.3387023453125 0.45273914218750005 0.33837843125 0.44879379999999996 0.34028248125 0.4450252359375 0.3444553 0.4406646453125 0.3455172 0.4388512828125 0.34863955 0.438800375 0.3503775765625 0.43979847968749997 0.3519680078125 0.44407934843749997 0.353612453125 0.4490314390625 0.35292635781250004 0.45099220781250005 0.35194555 0.45284774062500005 0.3523763609375 0.45599957968749993 0.351908825 0.45778525468750003 0.3511260921875 0.4600152171875 0.348396275 0.46318762343750003 0.346560315625 0.46404623906250003 0.3434928515625 0.461957303125 0.3401836265625
0 0.4543290171875 0.3046367890625 0.45242225156250004 0.3026176546875 0.4483926953125 0.300923071875 0.439986221875 0.300538515625 0.43697931875 0.3018160203125 0.43499817187499995 0.30439380312500003 0.43244050781250004 0.30597748125 0.430645775 0.30872505625 0.43160142968750004 0.3114524875 0.433914640625 0.312818128125 0.436878515625 0.312811759375 0.43981072968749996 0.3119850375 0.443799009375 0.31372856250000003 0.4488292328125 0.3134264390625 0.45230957343749995 0.3121499875 0.45432239062499996 0.3099826671875 0.4552706609375 0.30707580156250003 0.4543290171875 0.3046367890625
0 0.410514234375 0.2726753375 0.4090138171875 0.2753313140625 0.4104880265625 0.27807303125 0.412006225 0.27945668125 0.41525863125000007 0.28070008125 0.42174928593749994 0.28062045 0.42753327499999993 0.2787096859375 0.429830996875 0.2767288328125 0.4303979640625 0.27490319531249996 0.42961930312499996 0.2730335078125 0.42786707343749997 0.27177483125 0.4240704 0.26981365468749996 0.4200734578125 0.269262390625 0.412121365625 0.2716658171875 0.410514234375 0.2726753375
3 0.506592634375 0.64497460625 0.507999121875 0.644917896875 0.5094613109374999 0.6435083015624999 0.5082916359375 0.6384418765625 0.49374413281249996 0.5846758109375 0.48434832187500004 0.5548183250000001 0.475688915625 0.5173103171875 0.46271335625 0.4549125734375 0.4469332296875 0.4158482109375 0.422008928125 0.307889203125 0.407276940625 0.25336959375 0.4060941265625 0.25284653437500004 0.4046776546875 0.2529055453125 0.403223721875 0.254305353125 0.404452140625 0.259626221875 0.41794572499999993 0.30882726875 0.42431149531249995 0.33485184375 0.44287002500000006 0.41678627500000004 0.4586601375 0.4558483328125 0.47163569531249994 0.5182460765625 0.4803538453125 0.556008528125 0.48973967187499995 0.5858683171875 0.505398109375 0.644446365625 0.506592634375 0.64497460625
1 0.46456494531250003 0.3981644953125 0.46441356562499997 0.3928629765625 0.46417859375 0.39184520156249997 0.4625876203125 0.3911483671875 0.46191873906250003 0.391302790625 0.4607942546875 0.3926265375 0.4611693078125 0.3973482875 0.4597135359375 0.404889003125 0.4528462875 0.4214196890625 0.44982570468749994 0.4253252328125 0.4499414625 0.4258266359375 0.45153416249999995 0.42653095468749996 0.45310385468750003 0.4256325515625 0.456126165625 0.42173449218750003 0.4629817015625 0.40519862656249994 0.46456494531250003 0.3981644953125
2 0.42681935312499997 0.27475195 0.4252283796875 0.274055115625 0.42382189062500003 0.2741118234375 0.4068501234375 0.2761619078125 0.397609215625 0.27935947968749997 0.3939067265625 0.2818144171875 0.39352157656250003 0.283243365625 0.39511255 0.28394020000000003 0.39579141406249996 0.28378347187499997 0.39853435 0.28181806875 0.40776354687499994 0.27861531875 0.4244646078125 0.2768957390625 0.425812353125 0.27658458750000003 0.4269368390625 0.27526083749999997 0.42681935312499997 0.27475195
2 0.4515728375 0.30640818593749997 0.44999011875 0.3057015625 0.43132119218750004 0.30814346718749996 0.4127322875 0.31243505312500003 0.3968501703125 0.3177018796875 0.3957373984375 0.31903080625 0.395854884375 0.31953969375 0.3974358734375 0.3202388359375 0.3991230515625 0.31984931875 0.41331798906249995 0.3149720078125 0.4315674609375 0.31075878437500004 0.44887866093750006 0.3086303375 0.45057582187499995 0.308238515625 0.45168859531249994 0.3069095890625 0.4515728375 0.30640818593749997
2 0.4581225671875 0.3409270609375 0.4571042703125 0.341162153125 0.4470425765625 0.34695338750000004 0.409949675 0.35285266718749997 0.4075836328125 0.35339891093750003 0.40646913125 0.354720353125 0.4065866171875 0.355229240625 0.40816760781249994 0.35592838125 0.4109318234375 0.35555821718749997 0.44830714374999997 0.3493336125 0.4593184078125 0.3430551484375 0.459705284375 0.34163368437499997 0.4581225671875 0.3409270609375
2 0.43114006875 0.4384439265625 0.43001731249999997 0.4397751578125 0.43013307031250003 0.4402765609375 0.43172577187499994 0.4409808796875 0.46299825156249996 0.43455719375 0.4827929796875 0.43239138906249996 0.484150709375 0.4320779328125 0.48526521093749997 0.430756490625 0.48514772500000003 0.43024760312500004 0.48356500625 0.4295409796875 0.46241427812499997 0.4320277234375 0.43114006875 0.4384439265625