1 0.5153515625 0.42720223281249997 0.512431640625 0.429063275 0.512431640625 0.429993796875 0.5153515625 0.4318486359375 0.5175390625 0.4318486359375 0.52265625 0.4309181140625 0.523388671875 0.429993796875 0.5277734374999999 0.428598015625 0.538740234375 0.421166253125 0.538740234375 0.4202419359375 0.5358203125000001 0.41838089375000004 0.5336230468750001 0.41838089375000004 0.521201171875 0.4258126546875 0.5175390625 0.42720223281249997 0.5153515625 0.42720223281249997
3 0.47149414062500006 0.33200992500000004 0.47587890625 0.357549628125 0.48026367187499996 0.39516749375 0.47879882812499996 0.4258126546875 0.48172851562499996 0.46899503749999993 0.48684570312500003 0.5093982625 0.487568359375 0.5293610421875 0.490498046875 0.5567617859375 0.490498046875 0.580440446875 0.49634765625000005 0.59205335 0.49415039062500005 0.6268796531249999 0.49634765625000005 0.62826923125 0.499267578125 0.6287344906250001 0.502919921875 0.6268796531249999 0.5051171875 0.5911228281249999 0.499267578125 0.5795161296875 0.499267578125 0.5567617859375 0.49708007812500005 0.5386476421874999 0.49488281250000005 0.5010359796875 0.490498046875 0.46899503749999993 0.487568359375 0.4253473953125 0.489033203125 0.40398883437500005 0.487568359375 0.379838709375 0.48026367187499996 0.33200992500000004 0.47879882812499996 0.3013647640625 0.476611328125 0.2999751859375 0.473681640625 0.299509925 0.47002929687500006 0.3013647640625 0.47002929687500006 0.3087965265625 0.47149414062500006 0.33200992500000004
2 0.442978515625 0.3371215875 0.45029296875 0.33758684843750003 0.48830078125 0.33758684843750003 0.49341796875000005 0.3371215875 0.49634765625000005 0.3352605453125 0.49634765625000005 0.334336228125 0.49341796875000005 0.33247518593750003 0.475146484375 0.3334057078125 0.442978515625 0.33247518593750003 0.44005859375 0.334336228125 0.44005859375 0.3352605453125 0.442978515625 0.3371215875
0 0.48534179687499995 0.338163771875 0.492451171875 0.338554590625 0.49908203125000006 0.3371960296875 0.50095703125 0.3357382140625 0.500615234375 0.33199751875 0.49800781250000004 0.3303349875 0.495732421875 0.3303349875 0.491474609375 0.3317369734375 0.48525390625 0.3315694796875 0.4830078125 0.332270471875 0.481845703125 0.33344913125 0.481787109375 0.3346836234375 0.48326171875 0.3372084375 0.48534179687499995 0.338163771875
1 0.49341796875000005 0.336656328125 0.49853515625 0.336656328125 0.513154296875 0.33944168750000003 0.5153515625 0.33944168750000003 0.518271484375 0.33758684843750003 0.518271484375 0.336656328125 0.5153515625 0.3348014890625 0.499267578125 0.33200992500000004 0.49341796875000005 0.33200992500000004 0.490498046875 0.3338709671875 0.490498046875 0.3348014890625 0.49341796875000005 0.336656328125
1 0.47879882812499996 0.3631265515625 0.48026367187499996 0.3631265515625 0.49415039062500005 0.3700868484375 0.497802734375 0.370552109375 0.500732421875 0.3686972703125 0.499267578125 0.36684243125 0.5 0.366377171875 0.49853515625 0.366377171875 0.48464843750000003 0.3594106703125 0.48099609374999996 0.358945409375 0.47806640624999996 0.3608002484375 0.47953124999999996 0.362661290625 0.47879882812499996 0.3631265515625
1 0.49853515625 0.3714826296875 0.50365234375 0.3724131515625 0.50658203125 0.374267990625 0.508037109375 0.374267990625 0.51900390625 0.3789143921875 0.519736328125 0.379838709375 0.523388671875 0.3803039703125 0.526318359375 0.37844913125 0.524853515625 0.3765880890625 0.5255859375 0.3761290328125 0.52412109375 0.3761290328125 0.512431640625 0.370552109375 0.50658203125 0.3686972703125 0.505849609375 0.36776675000000003 0.49853515625 0.36684243125 0.49561523437500005 0.3686972703125 0.49561523437500005 0.3696277921875 0.49853515625 0.3714826296875
0 0.495947265625 0.3730831265625 0.498876953125 0.373163771875 0.5029980468749999 0.371935484375 0.504521484375 0.37088089375 0.504873046875 0.3694665015625 0.5038183593750001 0.3673697265625 0.5018359375 0.365942928125 0.493828125 0.3658126546875 0.49140625 0.3666377171875 0.490107421875 0.368442928125 0.4903515625 0.370043425 0.49214843750000004 0.3716377171875 0.495947265625 0.3730831265625
2 0.452490234375 0.45831885781250004 0.449560546875 0.460173696875 0.449560546875 0.46110421874999996 0.452490234375 0.46295905781249996 0.45906250000000004 0.4634243171875 0.505849609375 0.46295905781249996 0.519736328125 0.46110421874999996 0.52265625 0.4592431765625 0.52265625 0.45831885781250004 0.519736328125 0.456457815625 0.5175390625 0.456457815625 0.510966796875 0.45785359843749995 0.49488281250000005 0.45878411874999997 0.452490234375 0.45831885781250004
2 0.45759765625000004 0.5219354843749999 0.46564453125 0.5242555828125 0.502919921875 0.526110421875 0.514619140625 0.5256513640625 0.5175390625 0.523790321875 0.5175390625 0.5228598015625 0.514619140625 0.5210049625 0.48611328125000003 0.5210049625 0.48026367187499996 0.5200744421875 0.467109375 0.51960918125 0.46125976562500004 0.5177543421874999 0.45906250000000004 0.5177543421874999 0.456142578125 0.51960918125 0.456142578125 0.5205397015625 0.45759765625000004 0.5219354843749999
2 0.466376953125 0.5539764265625 0.49853515625 0.55490074375 0.508037109375 0.555831265625 0.51388671875 0.555831265625 0.51681640625 0.5539764265625 0.51681640625 0.55304590625 0.51388671875 0.5511848640625 0.466376953125 0.5493300249999999 0.463447265625 0.5511848640625 0.463447265625 0.552115384375 0.466376953125 0.5539764265625
2 0.466376953125 0.5823014890625 0.47222656250000006 0.58276675 0.52193359375 0.58322580625 0.524853515625 0.5813709671875 0.524853515625 0.580440446875 0.52193359375 0.5785856078125 0.48391601562500003 0.5785856078125 0.466376953125 0.5776550874999999 0.463447265625 0.5795161296875 0.463447265625 0.580440446875 0.466376953125 0.5823014890625
2 0.464912109375 0.6069106703125 0.52046875 0.6078411906250001 0.523388671875 0.6059801484375 0.523388671875 0.60505583125 0.52046875 0.6031947890625 0.464912109375 0.60226426875 0.46199218750000004 0.6041253109375 0.46199218750000004 0.60505583125 0.464912109375 0.6069106703125
0 0.49530273437499994 0.402940446875 0.499609375 0.40400744375000003 0.502734375 0.4035173703125 0.50587890625 0.4012717125 0.51046875 0.399826303125 0.51173828125 0.39838709687499996 0.5097070312499999 0.3944044671875 0.502646484375 0.3928722078125 0.49561523437500005 0.39349255625 0.49415039062500005 0.3946339953125 0.49408203124999994 0.396333746875 0.495009765625 0.3983498765625 0.4935546875 0.40042183593749997 0.493828125 0.40184863593750003 0.49530273437499994 0.402940446875
1 0.509501953125 0.593442928125 0.508037109375 0.599013646875 0.510966796875 0.6008746890625 0.512431640625 0.6008746890625 0.5153515625 0.599013646875 0.516083984375 0.5957630265625 0.52412109375 0.5823014890625 0.52412109375 0.5809057078125 0.521201171875 0.57905086875 0.519736328125 0.57905086875 0.5175390625 0.5799751859375 0.516083984375 0.581836228125 0.509501953125 0.593442928125
1 0.489765625 0.40677419375 0.491962890625 0.40677419375 0.502919921875 0.400272953125 0.50365234375 0.3984181140625 0.500732421875 0.396557071875 0.49853515625 0.396557071875 0.487568359375 0.40305831249999996 0.48684570312500003 0.4049193546875 0.489765625 0.40677419375
0 0.5105664062499999 0.608666253125 0.516494140625 0.6089888343750001 0.522705078125 0.6101799 0.527333984375 0.6094665015625 0.52904296875 0.608486353125 0.529580078125 0.60706575625 0.52900390625 0.6059057078125 0.5226953125 0.6019789078125 0.520234375 0.60161910625 0.5135546875 0.6023201 0.5108300781249999 0.602543425 0.508935546875 0.604013646875 0.5088476562500001 0.60706575625 0.5105664062499999 0.608666253125
0 0.516865234375 0.43327543437499993 0.5208203124999999 0.4323573203125 0.522353515625 0.43133374687500003 0.5223046874999999 0.4290384609375 0.516943359375 0.42526675 0.51037109375 0.42512406875000003 0.506982421875 0.42675558281250003 0.505078125 0.42837468906250004 0.5057714843750001 0.4304156328125 0.513916015625 0.433176178125 0.516865234375 0.43327543437499993
2 0.454677734375 0.37101737031250004 0.49123046875 0.371947890625 0.5 0.3714826296875 0.502919921875 0.3696277921875 0.502919921875 0.3686972703125 0.5 0.36684243125 0.47734375 0.36730148906250004 0.454677734375 0.366377171875 0.4517578125 0.368232009375 0.4517578125 0.36916253125 0.454677734375 0.37101737031250004
0 0.515126953125 0.5845161296875 0.52466796875 0.58490074375 0.52623046875 0.5842183624999999 0.52888671875 0.5816935484375 0.528671875 0.579782878125 0.526396484375 0.578542184375 0.516630859375 0.5778598015624999 0.5143164062500001 0.57826923125 0.512822265625 0.5791377171875001 0.5121875 0.5805893296875 0.512919921875 0.58322580625 0.515126953125 0.5845161296875
0 0.49974609374999995 0.5558126546875 0.5040625000000001 0.5574317625 0.5110449218750001 0.5582692312499999 0.5166015625 0.5575930515625 0.52201171875 0.5541749375 0.52189453125 0.5522394546875 0.51962890625 0.55094913125 0.510234375 0.5498697265625 0.5048828125 0.5501736968750001 0.502080078125 0.5508995031249999 0.49932617187500006 0.552717121875 0.498681640625 0.553833746875 0.49974609374999995 0.5558126546875
0 0.508095703125 0.5281823828125 0.512001953125 0.5291501234375 0.5141796875 0.5290880890625 0.522080078125 0.5255831265625 0.5227734374999999 0.524212159375 0.52234375 0.5230397015625 0.52109375 0.5221277921875 0.51875 0.5215384609375 0.5172656250000001 0.52016749375 0.51509765625 0.5196836234375 0.50876953125 0.5199193546875 0.50615234375 0.5204838703125 0.50474609375 0.522171215625 0.50537109375 0.5256327546875 0.508095703125 0.5281823828125
0 0.5194726562499999 0.49140198437500004 0.521357421875 0.4895781640625 0.520009765625 0.4862406953125 0.517216796875 0.48511786562500003 0.5118945312500001 0.48505583124999996 0.504189453125 0.486389578125 0.5015234375000001 0.48800248125 0.50134765625 0.48971464062500003 0.5029296875 0.49109181093750004 0.5134960937499999 0.49254342500000003 0.5194726562499999 0.49140198437500004
1 0.51388671875 0.5553660046875 0.51681640625 0.55490074375 0.5321679687499999 0.5446898265625 0.5328906250000001 0.5428287843749999 0.5299707031249999 0.5409739453125 0.5285058593749999 0.5409739453125 0.51169921875 0.5516501234375 0.510966796875 0.553511165625 0.51388671875 0.5553660046875
1 0.490498046875 0.561401984375 0.491962890625 0.561401984375 0.51169921875 0.555831265625 0.513154296875 0.553511165625 0.510234375 0.5516501234375 0.50876953125 0.5516501234375 0.489033203125 0.557227046875 0.487568359375 0.559547146875 0.490498046875 0.561401984375
1 0.510966796875 0.523790321875 0.510966796875 0.52472084375 0.51388671875 0.5265756828125 0.516083984375 0.5265756828125 0.5372851562500001 0.5228598015625 0.541669921875 0.5205397015625 0.541669921875 0.51960918125 0.538740234375 0.5177543421874999 0.5365527343750001 0.5177543421874999 0.52265625 0.5210049625 0.51388671875 0.5219354843749999 0.510966796875 0.523790321875
1 0.50365234375 0.503821340625 0.50658203125 0.5056823828125 0.508037109375 0.5056823828125 0.510966796875 0.503821340625 0.516083984375 0.48989454062500004 0.516083984375 0.488498759375 0.513154296875 0.48664392031250003 0.51169921875 0.48664392031250003 0.508037109375 0.48989454062500004 0.50365234375 0.5024317625 0.50365234375 0.503821340625
0 0.5190234375 0.46423697343750003 0.5227636718750001 0.46320099218750005 0.5248144531250001 0.4617928046875 0.523974609375 0.4583684859375 0.5186132812500001 0.4557816375 0.516279296875 0.4557444171875 0.50740234375 0.45773573125 0.5062597656250001 0.4593734484375 0.507275390625 0.46117245625000003 0.51681640625 0.464168734375 0.5190234375 0.46423697343750003
1 0.50876953125 0.5242555828125 0.512431640625 0.5251861046874999 0.5153515625 0.5233250625 0.514619140625 0.5214702234375 0.50146484375 0.513107940625 0.497802734375 0.5121836234375 0.49488281250000005 0.5140384609375 0.49561523437500005 0.515899503125 0.50876953125 0.5242555828125
1 0.52046875 0.6083002484375 0.5453222656250001 0.6083002484375 0.5482421875 0.606445409375 0.5482421875 0.6055148890625001 0.5453222656250001 0.60366005 0.52046875 0.60366005 0.5175390625 0.6055148890625001 0.5175390625 0.606445409375 0.52046875 0.6083002484375
1 0.512431640625 0.6078411906250001 0.500732421875 0.61666253125 0.499267578125 0.6194478906249999 0.502197265625 0.6213027296875 0.505849609375 0.6203784125 0.510234375 0.6157320093750001 0.51681640625 0.6120161296875 0.51681640625 0.6110918109375 0.521201171875 0.6078411906250001 0.52193359375 0.6055148890625001 0.51900390625 0.60366005 0.5175390625 0.60366005 0.516083984375 0.6045905703125001 0.5153515625 0.6041253109375 0.512431640625 0.6078411906250001
1 0.51388671875 0.4903598015625 0.5380078125 0.4903598015625 0.5409375 0.488498759375 0.5409375 0.4875682375 0.5380078125 0.4857134 0.51388671875 0.4857134 0.510966796875 0.4875682375 0.510966796875 0.488498759375 0.51388671875 0.4903598015625
1 0.5285058593749999 0.5720843671875 0.5255859375 0.5734739453125 0.52046875 0.57905086875 0.51900390625 0.581836228125 0.52193359375 0.5836910671875 0.5255859375 0.58276675 0.5321679687499999 0.5758002484375 0.5380078125 0.5720843671875 0.538740234375 0.56976426875 0.5358203125000001 0.5679032265624999 0.5343554687500001 0.5679032265624999 0.5328906250000001 0.568833746875 0.5321679687499999 0.5683684859375 0.5285058593749999 0.5720843671875
1 0.5153515625 0.45878411874999997 0.5153515625 0.45970843749999996 0.518271484375 0.4615694796875 0.52265625 0.4620347390625 0.5409375 0.4606389578125 0.5438574218750001 0.45878411874999997 0.5438574218750001 0.45785359843749995 0.5409375 0.45599255625 0.5380078125 0.45599255625 0.5277734374999999 0.4573883375 0.518271484375 0.4569230765625 0.5153515625 0.45878411874999997
1 0.500732421875 0.4685297765625 0.497802734375 0.4699255578125 0.49708007812500005 0.47224565781249994 0.5 0.4741067 0.502919921875 0.473176178125 0.50365234375 0.4736414390625 0.510234375 0.467605459375 0.51900390625 0.4615694796875 0.519736328125 0.4592431765625 0.51681640625 0.4573883375 0.5153515625 0.4573883375 0.51388671875 0.45831885781250004 0.513154296875 0.45785359843749995 0.500732421875 0.4685297765625
1 0.50146484375 0.3998076921875 0.523388671875 0.40398883437500005 0.5255859375 0.40398883437500005 0.5285058593749999 0.4021277921875 0.5285058593749999 0.40120347343749996 0.5255859375 0.39934243125 0.50146484375 0.39516749375 0.49853515625 0.3970223328125 0.49853515625 0.397952853125 0.50146484375 0.3998076921875
2 0.45541015625 0.4894292796875 0.45541015625 0.4903598015625 0.45833007812500004 0.49221464062500003 0.4641796875 0.4926799 0.48684570312500003 0.4926799 0.502197265625 0.4917493796875 0.516083984375 0.4903598015625 0.51900390625 0.488498759375 0.51900390625 0.4875682375 0.516083984375 0.4857134 0.513154296875 0.4857134 0.48611328125000003 0.4880334984375 0.45833007812500004 0.4875682375 0.45541015625 0.4894292796875
2 0.439326171875 0.42627791562499995 0.454677734375 0.428598015625 0.464912109375 0.429063275 0.473681640625 0.430452853125 0.499267578125 0.4318486359375 0.51681640625 0.43138337499999996 0.519736328125 0.42952853593749996 0.519736328125 0.428598015625 0.51681640625 0.4267431765625 0.499267578125 0.42720223281249997 0.48026367187499996 0.42627791562499995 0.451025390625 0.42349255625 0.439326171875 0.42163151406250005 0.43640625 0.42349255625 0.43640625 0.4244168734375 0.439326171875 0.42627791562499995
2 0.453212890625 0.3947022328125 0.463447265625 0.3970223328125 0.4744140625 0.3984181140625 0.490498046875 0.3984181140625 0.502197265625 0.3998076921875 0.5051171875 0.3998076921875 0.508037109375 0.397952853125 0.508037109375 0.3970223328125 0.5051171875 0.39516749375 0.490498046875 0.3937717125 0.4744140625 0.3937717125 0.453212890625 0.39005583125 0.45029296875 0.3919168734375 0.45029296875 0.392841190625 0.453212890625 0.3947022328125