2 0.51257034375 0.514390646875 0.5110063640625 0.51430868125 0.49955249999999995 0.5151887 0.471185321875 0.5160530859375 0.448068925 0.5142582 0.446431921875 0.51534793125 0.4464009765625 0.5159384265625 0.447915103125 0.5171933015625 0.47103104531250006 0.5189968734375 0.512416065625 0.5173344328125 0.5140535234375 0.516236015625 0.5140840140625 0.51565420625 0.51257034375 0.514390646875
1 0.5261574609374999 0.4652692046875 0.5249873734375 0.46520788281250003 0.49519140625 0.47072560937499996 0.47965639375 0.4743349078125 0.4732810359375 0.47606448593749995 0.47241634218749995 0.47749075156250004 0.4739184296875 0.4787537046875 0.47510010156250004 0.47881563437499997 0.4990108734375 0.47298947656249996 0.526003184375 0.468212990625 0.5276401859375001 0.4671232578125 0.5276711328125 0.4665327640625 0.5261574609374999 0.4652692046875
0 0.4754265328125 0.473695265625 0.471808275 0.47202535 0.4674496125 0.4714050828125 0.4647522890625 0.47189066718749995 0.4626125015625 0.4739293 0.4613362953125 0.4767794578125 0.46153713906249993 0.4789320484375 0.46432665625 0.4813422140625 0.46486751875000004 0.48387834375 0.46937729062500005 0.4864918625 0.4732301 0.4867895625 0.47770940156249997 0.48466455625 0.4822453125 0.484562678125 0.48551418125 0.4813728640625 0.48563093281249997 0.47892344531250003 0.483787125 0.475979434375 0.47926614375 0.47424479374999995 0.4754265328125 0.473695265625
2 0.500691134375 0.4783891640625 0.52604255625 0.4749982640625 0.5276795578125 0.4739085296875 0.527710503125 0.4733180375 0.5261968343750001 0.4720544765625 0.525026746875 0.4719931546875 0.500451521875 0.47542473437500005 0.48543373125 0.4767013828125 0.4806378265625 0.47821768125 0.44480943437500003 0.4786997484375 0.44318356249999996 0.479798771875 0.44315307031250006 0.4803805828125 0.44465515624999996 0.481643534375 0.44740080937500004 0.481787428125 0.48087743906249997 0.4811821078125 0.4856733453125 0.47966581093749994 0.500691134375 0.4783891640625
1 0.497140396875 0.463461134375 0.49909483281250006 0.4638509125 0.50072025 0.46276057187499997 0.5004032703125 0.46127237968749996 0.4969738046875 0.4593250078125 0.4905474890625 0.45426870781249995 0.476826278125 0.4458782265625 0.4681251125 0.43923112499999994 0.466182715625 0.43883326875 0.464545259375 0.43993168593750004 0.465271603125 0.4411452765625 0.4648622390625 0.44141987968749996 0.4698208484375 0.44433556406249997 0.47472960468750003 0.4484241578125 0.4770349453125 0.44943315000000006 0.4865432546875 0.4555304359375 0.487284615625 0.4564574640625 0.488450815625 0.4568146390625 0.49565378437499996 0.46190293593750004 0.497140396875 0.463461134375
0 0.453802821875 0.43610335312500004 0.45430425156250004 0.4376186296875 0.4543792328125 0.43995619374999995 0.4568423015625 0.4426104765625 0.462066534375 0.444669321875 0.4683179 0.4450840171875 0.4754018453125 0.44246857031250003 0.4773184921875 0.43870284843749996 0.476484321875 0.43666509531250003 0.47392257656250003 0.4350070125 0.468266015625 0.4334392578125 0.46062059843750003 0.4328034734375 0.4550662046875 0.43438451093749997 0.453802821875 0.43610335312500004
0 0.47119030312500004 0.392048621875 0.46827252656249996 0.3911991 0.46138155156250005 0.39257076875 0.4586491453125 0.3941690875 0.4574668578125 0.39589218125 0.45639508749999996 0.39883142031249996 0.4576069734375 0.4014201328125 0.4601351203125 0.4028326421875 0.46641139843749996 0.4041019875 0.47817483281250006 0.4037432328125 0.48090020468750005 0.40205747187499996 0.48220934375 0.39924387031249997 0.481768153125 0.397244125 0.479312534375 0.3951126875 0.475786253125 0.39368269843750003 0.4728931828125 0.3934701265625 0.47119030312500004 0.392048621875
2 0.5168381765625 0.3954945421875 0.519660740625 0.394170884375 0.5196916875 0.393580390625 0.518178015625 0.39231683125 0.517007928125 0.39225550937500003 0.504720315625 0.3939712984375 0.48457416562500005 0.395571296875 0.47821816874999995 0.3967097765625 0.455040334375 0.39608719375 0.4534149171875 0.3971775328125 0.45338397031250005 0.3977680265625 0.45488605625 0.399030978125 0.4784577828125 0.39967420468750003 0.4848137796875 0.39853572656249997 0.4970554265625 0.39769699531249997 0.5168381765625 0.3954945421875
1 0.42888698437499995 0.377318796875 0.4292654015625 0.3776346875 0.4292963484375 0.37704419375 0.440061409375 0.3666977609375 0.44948663125 0.359529040625 0.45457561875 0.35242041875 0.454621584375 0.3515433609375 0.45311949843750005 0.3502804078125 0.452331715625 0.350239121875 0.45072131718749997 0.3510429 0.44896098437500004 0.3544859234375 0.446030109375 0.35787630937500003 0.4386357796875 0.363975940625 0.4366048875 0.36504503125 0.43657394062500005 0.36563552499999996 0.427052446875 0.37486289687499996 0.426249190625 0.375116859375 0.42577838906250004 0.3765637671875 0.4272804734375 0.3778267203125 0.42888698437499995 0.377318796875
1 0.45300276093749997 0.344971371875 0.450789803125 0.34219958125 0.4436061984375 0.336520184375 0.4371914671875 0.33146449218749996 0.435631375 0.3310866734375 0.434005959375 0.3321770140625 0.43433795625 0.33337864375000004 0.44942336093749996 0.3456632484375 0.4512999765625 0.3475379453125 0.4526946609375 0.350850259375 0.454196746875 0.3521132125 0.45498452812499995 0.3521544984375 0.4566219859375 0.35105608125 0.45666840468750003 0.35017034062499997 0.4548991921875 0.34624628281250003 0.45300276093749997 0.344971371875
2 0.509947146875 0.34677146875 0.50844460625 0.3455172 0.5068690421875 0.345434628125 0.47012565000000006 0.34852455781249997 0.46574299531249996 0.34947039687500003 0.4433374703125 0.349184346875 0.441712053125 0.3502746859375 0.44168110625 0.35086517968750003 0.443183646875 0.3521194484375 0.46598260937499997 0.352434825 0.47431240468749997 0.3510950234375 0.5082903296875 0.34846098593749997 0.5099161999999999 0.3473619625 0.509947146875 0.34677146875
0 0.47004431562500004 0.3511848171875 0.4690995078125 0.3492631703125 0.463755575 0.347050021875 0.45778866249999994 0.3460842421875 0.4528983359375 0.34674224531250003 0.4508006625 0.34775558906250004 0.44798720156250005 0.3489055734375 0.44681691562500003 0.351064675 0.45563647500000004 0.3521277125 0.44678203906249997 0.352395109375 0.44786305625 0.3552643125 0.450840953125 0.35696161875 0.45394619531249997 0.35711565156249997 0.4570629359375 0.355720334375 0.4622218359375 0.356809215625 0.46752632656250004 0.355563384375 0.4698791953125 0.35344884374999996 0.47004431562500004 0.3511848171875
1 0.4594970546875 0.3037330015625 0.45952754687499997 0.303151190625 0.45801387499999996 0.30188763125 0.456449896875 0.3018056671875 0.45051828125000004 0.302382978125 0.423846840625 0.3083518046875 0.4155325171875 0.309396359375 0.41389551718749995 0.310486090625 0.4138645703125 0.31107658437499996 0.41537869531249993 0.31233146093749997 0.4232831984375 0.31157019375 0.445178096875 0.30652656562499997 0.45114065625000005 0.305358759375 0.4578595984375 0.30483141874999997 0.4594970546875 0.3037330015625
1 0.46751463125 0.2782045796875 0.4732901359375 0.26553295781249997 0.47333610156250006 0.26465590156249996 0.471834015625 0.2633929484375 0.47104623281249997 0.26335166249999997 0.4694203609375 0.2644506859375 0.4685401953125 0.2661721984375 0.4603908625 0.2866781453125 0.4565577546875 0.29974762187500004 0.45643442343749996 0.3021009140625 0.4579369640625 0.30335518281249996 0.45872474687500003 0.30339646875000004 0.46035016406249996 0.302306128125 0.4610216625 0.29702969375 0.46336454375 0.2897858625 0.46751463125 0.2782045796875
0 0.45163010937500003 0.30111769375 0.45188636249999997 0.3059812484375 0.45696665937500003 0.309678284375 0.460864896875 0.30999578125 0.46590371406250003 0.3076127484375 0.467106271875 0.30528118593750003 0.4669467640625 0.30322654375 0.465730575 0.30049828437500004 0.463902990625 0.2990179984375 0.4595891359375 0.2977644234375 0.4563868703125 0.2979100734375 0.45380808593750005 0.29879371250000003 0.45163010937500003 0.30111769375
1 0.46702080312499994 0.250166396875 0.465506678125 0.24891152187499999 0.4647304796875 0.24887084218750002 0.4579032265625 0.2514649109375 0.446326484375 0.2546895390625 0.420048934375 0.2606790078125 0.41761980625 0.2620319921875 0.4175893140625 0.2626138015625 0.4190914 0.2638767546875 0.4202730734375 0.263938684375 0.44017961093749997 0.25937425625 0.4557451140625 0.2551831484375 0.46615565468750003 0.2516013453125 0.46702080312499994 0.250166396875
1 0.4856143265625 0.218121678125 0.48356407343749996 0.21978186875 0.47605872656250003 0.23531470312499997 0.46826780156250003 0.2487601671875 0.46822138124999996 0.2496459078125 0.46973550781249995 0.250900784375 0.4705232890625 0.2509420703125 0.4725735453125 0.24928187968749999 0.48785823125 0.2203029734375 0.48790465000000005 0.2194172328125 0.486402109375 0.21816296406250002 0.4856143265625 0.218121678125
0 0.46775354062499996 0.2459380796875 0.46302569218749995 0.24593411562499998 0.45996005 0.2474627265625 0.4584317453125 0.2498033390625 0.45943985937500004 0.252511984375 0.46124948750000005 0.2541132359375 0.4648041921875 0.255222534375 0.4763373796875 0.25637554218749997 0.482412478125 0.254168725 0.48432875781250007 0.2519616421875 0.484013925 0.24932415937500002 0.4823848984375 0.247601759375 0.4724989703125 0.24494159375 0.470200584375 0.24490821562499998 0.46775354062499996 0.2459380796875
1 0.5000782312500001 0.3925524921875 0.4988965578125 0.3924905640625 0.474746171875 0.395352290625 0.4735606109375 0.39558621718750003 0.4719236109375 0.39667595 0.47189266406249997 0.39726644375000003 0.4734067890625 0.39852131874999996 0.47457687656249997 0.39858264062500004 0.48924674218749997 0.3964082921875 0.499924409375 0.3954875953125 0.501549825 0.3943972578125 0.5015807718749999 0.3938067625 0.5000782312500001 0.3925524921875
1 0.44653465 0.4083196734375 0.44695948750000003 0.407749821875 0.4574005203125 0.40358621093749997 0.45946281562499997 0.4019179421875 0.4638953203125 0.39979919218750004 0.46436657812500004 0.39834360156250004 0.4628640359375 0.39708933125 0.4616823640625 0.3970274015625 0.4539715109375 0.40163015468749996 0.4443062203125 0.40584312968749997 0.44351843906250005 0.40580184375000006 0.4237286390625 0.4156753109375 0.42294085781249996 0.415634025 0.423319275 0.4159499140625 0.42247005625 0.41708093125 0.4239837265625 0.4183444921875 0.4259570703125 0.4181518515625 0.44574686718749995 0.40827838749999995 0.44653465 0.4083196734375
1 0.46084861874999994 0.3978631734375 0.45807568437499996 0.4283859671875 0.4577830578125 0.43396960937499995 0.45928514375 0.43523256093749996 0.46007292499999997 0.43527384687500004 0.46169879687500004 0.43417482500000004 0.46440595 0.40512887343750004 0.46477594218749996 0.3980689953125 0.463261815625 0.3968141203125 0.46248561875 0.3967734421875 0.46084861874999994 0.3978631734375
1 0.4780470390625 0.1973754640625 0.47801609218749996 0.19796595781249998 0.47875745312499995 0.198892984375 0.481835559375 0.2002298265625 0.494181903125 0.2047082078125 0.4953635765625 0.2047701375 0.49698899374999994 0.2036797984375 0.4962897078125 0.2021715671875 0.49474508906250003 0.201498503125 0.47967245468749997 0.196285125 0.4780470390625 0.1973754640625
0 0.4863098859375 0.1953181328125 0.481496340625 0.1934027171875 0.47873207031250004 0.193170771875 0.4759646046875 0.1905614875 0.471683971875 0.1886740015625 0.46855514375 0.18808335468749998 0.465864853125 0.188656384375 0.4635756984375 0.1895552015625 0.46232298906249997 0.1912920203125 0.46318335624999996 0.1950465421875 0.46166990312499995 0.1964388078125 0.46130493906250003 0.1980828296875 0.46325917499999997 0.20069303125000001 0.46553294687499996 0.20163941406250002 0.47741637812500004 0.20320261875 0.48303312812500004 0.2028700328125 0.4877779359375 0.2012204453125 0.4886931859375 0.1983862 0.4863098859375 0.1953181328125
3 0.4826838203125 0.349182703125 0.4801375390625 0.3676225390625 0.48149605937500006 0.3942344578125 0.48480585937500004 0.4286113125 0.484699834375 0.4457074546875 0.48439173437500005 0.45158634218750004 0.47923155624999997 0.47490475937500004 0.47337392500000003 0.511753040625 0.47241208749999997 0.53764253125 0.47302219843750004 0.5709984359375 0.474427140625 0.5967246125 0.47451160468750003 0.6250374 0.47564731250000003 0.6259763859375 0.47719581875 0.626353596875 0.47922671250000004 0.6252845078125 0.47942740937500006 0.62145498125 0.4791461359375 0.5966758671875 0.47698523125000003 0.5479133375 0.478062428125 0.5122861046875 0.48449483281249994 0.4722287234375 0.4890797828125 0.45212809062500003 0.48940335625 0.44595395625 0.48953644062499996 0.42856317343750006 0.486226640625 0.3941863171875 0.48484106093749996 0.3678690390625 0.48737232500000005 0.34971576875 0.4885123390625 0.3279630109375 0.4901563875 0.319202265625 0.49077304218749995 0.3074358046875 0.4906769921875 0.2791224109375 0.48881626718750004 0.254556578125 0.490429371875 0.2463863265625 0.49251006718749996 0.20668428906249997 0.490987515625 0.1980536453125 0.49231275312499995 0.172766609375 0.4911886296875 0.1718282296875 0.4896285390625 0.17145041249999998 0.48760923125 0.1725201078125 0.48628399375000003 0.19780714531250002 0.48779495937500006 0.20643718125000002 0.48571426406249996 0.2461392171875 0.48425155000000003 0.25166153750000003 0.48409727187499996 0.2546053234375 0.48595799843750004 0.2791711546875 0.48605793437499994 0.307188696875 0.4854567546875 0.3186599109375 0.48382428906249997 0.3274212640625 0.4826838203125 0.349182703125
1 0.468059046875 0.18535800468750002 0.4661669578125 0.18377855468749998 0.46434743593750005 0.1810360890625 0.46282987656249996 0.180068384375 0.460983753125 0.1776118765625 0.452205678125 0.172432328125 0.45147544531249995 0.1715145921875 0.4457290546875 0.168557621875 0.4434082390625 0.16784387812499998 0.4417707828125 0.16894229375 0.44248165312500004 0.17045113125 0.44936764062499995 0.17405123281249998 0.4592500234375 0.1807689453125 0.46444870156249995 0.186640375 0.4664768890625 0.19293776093749998 0.4679905609375 0.19420132031249998 0.4687667578125 0.194242 0.470404215625 0.193143584375 0.469785728125 0.1898719484375 0.468059046875 0.18535800468750002
2 0.5076830640625001 0.5925724453125001 0.507714009375 0.5919819515625 0.5062119234375 0.590719 0.50503025 0.5906570703125 0.4792075734375 0.5955035625 0.45901545937500005 0.5979806187500001 0.45782989687500003 0.5982145437499999 0.4561928953125 0.5993042765625 0.4561619484375 0.59989476875 0.457676075 0.6011496468749999 0.4588461625 0.60121096875 0.4794476421875 0.5984593078125 0.49690957812500003 0.5955431109375 0.506057646875 0.593662784375 0.5076830640625001 0.5925724453125001
2 0.5193357875 0.1977716765625 0.5209612031249999 0.1966813375 0.52099215 0.1960908421875 0.519489609375 0.194836575 0.516350065625 0.1946720375 0.5006063859375 0.1947264125 0.48639185156250003 0.1957491 0.4828119984375 0.1964496609375 0.4687667578125 0.194242 0.46714134218750003 0.195332340625 0.4671103953125 0.195922834375 0.46861293593750003 0.197177103125 0.483052065625 0.1994054078125 0.484658121875 0.19890616875 0.500846 0.1976908421875 0.5193357875 0.1977716765625
2 0.481157971875 0.25061994374999996 0.48787736718749997 0.25008391875 0.5138197609375 0.250267978125 0.5154572187500001 0.24916956250000002 0.515488165625 0.24857906875000002 0.5139740390624999 0.24732419062500002 0.51084608125 0.24716026093750001 0.48803164531250004 0.24714013281249997 0.4805244671875 0.24763487187500002 0.4773385046875 0.2483560765625 0.46513984375 0.2485962375 0.463154915625 0.2487882703125 0.4615295 0.249878609375 0.46149855312500004 0.2504691046875 0.4630006390625 0.25173205625 0.46497009375 0.2518352703125 0.4799458078125 0.251139825 0.481157971875 0.25061994374999996
2 0.5218286937500001 0.43526239999999994 0.521859184375 0.43468059062500003 0.520357096875 0.4334176375 0.5183992281250001 0.4333150296875 0.47540769687499995 0.43548539374999995 0.47223720625 0.43591135000000003 0.46939917031249995 0.4375302546875 0.4587833953125 0.4372699640625 0.457157978125 0.43836030312499996 0.45712703125000004 0.43895079687500005 0.45862911874999995 0.44021375 0.47002109062499997 0.4405147203125 0.47525341875000005 0.438429178125 0.5202028203125 0.43636142343750006 0.5218286937500001 0.43526239999999994
2 0.51582295625 0.3022614640625 0.5174483734375 0.30117112343749997 0.51747931875 0.3005806296875 0.515976778125 0.2993263609375 0.5124433453125 0.29914118125 0.48921954375 0.29939565625000003 0.475808265625 0.3001643828125 0.465111690625 0.301667496875 0.45602505937500004 0.30237551875 0.4543880578125 0.30346525 0.4543571109375 0.3040557453125 0.45587123749999997 0.3053106203125 0.457435215625 0.305392584375 0.478021221875 0.302936171875 0.5004881875 0.3020499171875 0.51582295625 0.3022614640625
1 0.44144749687499996 0.61799295625 0.44680659062499994 0.6132669515625 0.449343575 0.6098559234375001 0.4530617765625 0.60651550625 0.455093125 0.6054377328125 0.4571743265625 0.6031870484375 0.4587842703125 0.6023919546875 0.45925507187500003 0.6009450468749999 0.45775298593749997 0.5996820953124999 0.4569652046875 0.5996408093750001 0.456146475 0.6001900171875 0.45576805781249996 0.5998741265625 0.45368685781250007 0.6021248109374999 0.4475550015625 0.606522965625 0.4437598875 0.611330934375 0.4384003390625 0.6160656203125 0.42991012812499996 0.6280028546875001 0.42943887187499996 0.629458446875 0.43095299843749996 0.6307133234375 0.4329418140625 0.6302254375 0.44144749687499996 0.61799295625
1 0.4415910625 0.592643990625 0.42366102968749997 0.5896406203125 0.412423334375 0.5863958640625 0.410785878125 0.5874942796875 0.4107553859375 0.588076090625 0.4122690578125 0.58933965 0.4231128609375 0.5925637640625 0.45233859218749994 0.5979267562499999 0.4569342578125 0.600231303125 0.45772204062500005 0.6002725890625 0.4593479109375 0.599173565625 0.45863704062500005 0.597664728125 0.4540413765625 0.5953601828124999 0.4415910625 0.592643990625
0 0.463529053125 0.59342799375 0.45822956875000004 0.594578303125 0.4506333890625 0.5945546296875001 0.447099796875 0.596145790625 0.44673628593750003 0.599313715625 0.4482467328125 0.601082146875 0.45155314375 0.6022742156249999 0.45308539375 0.6040699125 0.455964278125 0.60543985 0.459486128125 0.605624421875 0.4711504625 0.6033883437500001 0.4754602453125 0.5993997390625 0.47452647968750006 0.595937428125 0.4716046875 0.5942778921875 0.463529053125 0.59342799375
1 0.4783883390625 0.5586014171875 0.476886253125 0.557338465625 0.4757045796875 0.5572765375000001 0.4685719328125 0.5583830203125 0.45598326875 0.558306684375 0.45435739531249997 0.5594057078125 0.45432644843750003 0.5599962015625 0.455828990625 0.5612504703125001 0.4581807515625 0.561373721875 0.46881199999999995 0.561338765625 0.473955378125 0.5607288515625 0.47673197656250005 0.5602822515625 0.47835739374999997 0.5591919125 0.4783883390625 0.5586014171875
1 0.4538247 0.562033603125 0.45231103125 0.5607700453125 0.4511409421875 0.5607087234375 0.44787806874999997 0.562897478125 0.434158234375 0.569553778125 0.43337045312500005 0.5695124921875 0.43374932499999996 0.5698196984375 0.43289964999999997 0.5709593984375 0.434402190625 0.57221366875 0.43638711875 0.5720216359375 0.44003184375000004 0.5698616000000001 0.44969713437500003 0.565648625 0.453794209375 0.5626154140625 0.4538247 0.562033603125
0 0.4470626359375 0.559615521875 0.4467476125 0.5616365859375 0.448055453125 0.565719325 0.4544880921875 0.5686600140625 0.4589131578125 0.5684565421875 0.4640970390625 0.5670737765625 0.46600575 0.565676103125 0.46691640625 0.5633727796875 0.466232634375 0.5611252171875 0.4624311234375 0.5587403859375 0.46123396874999995 0.5565355796875 0.4574653125 0.5550754734375001 0.448790121875 0.5576858953125 0.4470626359375 0.559615521875
2 0.5055089734375 0.5591345765625 0.5150548203125 0.556979040625 0.517495078125 0.555635346875 0.517526025 0.5550448515624999 0.5160118984375 0.5537899765625001 0.5148418109375 0.5537286546875 0.5036783218750001 0.5563828234375 0.4775507046875 0.55973304375 0.46254838749999994 0.5607144453124999 0.445255746875 0.56040029375 0.443618290625 0.5614987078125 0.44358779843749996 0.56208051875 0.44510147031249997 0.563344078125 0.4494111015625 0.5635699359374999 0.4627880015625 0.5636788734375 0.477778734375 0.562696865625 0.5055089734375 0.5591345765625
1 0.4467591609375 0.539249990625 0.458312003125 0.5289448421875 0.4595130375 0.5284156703125 0.4603777296875 0.52698940625 0.46535840625 0.5219475124999999 0.4661616609375 0.5216935515625 0.4666329171875 0.520237959375 0.4651303765625 0.518983690625 0.4643425953125 0.5189424046875 0.46352386562500003 0.5194916109375 0.46314544843750005 0.519175721875 0.4631145015625 0.5197662171874999 0.457299625 0.5256525640625 0.43336019375 0.547098628125 0.432159159375 0.5476278 0.43168835781250003 0.5490747093749999 0.43319044375000004 0.5503376609374999 0.4347969546875 0.5498297390625 0.43517537187500005 0.5501456296875 0.4467591609375 0.539249990625
1 0.4625455953125 0.50823368125 0.46257654062500003 0.5076431875 0.45502999062500005 0.501352653125 0.4426752203125 0.4894985046875 0.4403694234375 0.488498196875 0.438732421875 0.489587928125 0.43868600156250004 0.49047366875 0.45858732343749997 0.5086183515625 0.46342305625 0.51387864375 0.4663314109375 0.51845451875 0.46825833437500003 0.5191476203125001 0.46989579062500003 0.518049203125 0.4699262828125 0.5174673921874999 0.46703340156250006 0.5125962734375 0.465882675 0.51194385 0.4625455953125 0.50823368125
0 0.479641346875 0.512969675 0.4692429953125 0.5123289375 0.46321734374999995 0.51536556875 0.4594946703125 0.517904653125 0.4587227453125 0.5208857296875 0.46094406250000003 0.524162996875 0.46356559218750004 0.5253452953125 0.468078125 0.525024503125 0.4751195390625 0.5229989421875 0.4804114140625 0.5231021250000001 0.48394728281250005 0.5214675468750001 0.48537285625 0.519757203125 0.4853162484375 0.5177340765625 0.483635746875 0.5149988999999999 0.479641346875 0.512969675
1 0.44192447343749997 0.44375304218749995 0.44261941406250005 0.44556581093750003 0.46503249531249996 0.4756321984375 0.466515675 0.4774775703125 0.4684425984375 0.4781706703125 0.47007960000000004 0.4770809390625 0.46938465625000003 0.4752681703125 0.4469599921875 0.4452011734375 0.4454883984375 0.4433564109375 0.443561475 0.442663309375 0.44192447343749997 0.44375304218749995