2 0.4875953734375 0.567456809375 0.486261184375 0.5673400828124999 0.4764459515625 0.5677510734375 0.45217639062500004 0.5676443640625 0.4324738359375 0.565420196875 0.43104221875000004 0.56630325 0.430998121875 0.5668072765625001 0.43225464999999996 0.567925509375 0.45195655625000003 0.5701570874999999 0.4873755390625 0.5699695328125001 0.4888078046875 0.5690790703124999 0.4888512515625 0.5685824546875 0.4875953734375 0.567456809375
1 0.5006756 0.5258566796874999 0.49967742812499993 0.5257693515625 0.47404768906249994 0.529599253125 0.460662971875 0.5322224421875 0.4551626421875 0.5335113546875 0.4543810125 0.5347052156250001 0.455627009375 0.5358299953125 0.4566350625 0.5359181890625 0.47724429687500003 0.5316490484374999 0.500455765625 0.5283694031249999 0.5018873828125 0.527486353125 0.5019314796875001 0.526982325 0.5006756 0.5258566796874999
0 0.45706708125000006 0.5315493359375 0.4540246828125 0.530013446875 0.45031813437499996 0.529353065625 0.44799837968749995 0.5296878734375 0.4461087 0.5313673671875 0.44493281875 0.5337665703125001 0.44504013125 0.535613309375 0.44735213125 0.5377574953125001 0.4477385765625 0.539942346875 0.45151469375 0.5423117234375 0.4547985609375 0.5426811828125 0.45869026249999995 0.5409975921875 0.46256987968749996 0.5410457265625 0.465458921875 0.5384154921875 0.46563191093749995 0.5363243953125 0.46414410781250004 0.5337519015625001 0.460332140625 0.532133746875 0.45706708125000006 0.5315493359375
2 0.47851893125 0.5363165921874999 0.5002866171875 0.5341728765625 0.501718234375 0.5332898234375001 0.5017623312499999 0.5327857984375 0.5005064515625001 0.531660153125 0.49950828124999996 0.5315728234375 0.47840274843749997 0.5337744703125 0.46552978593749994 0.5344183625000001 0.46138569374999994 0.5355719859375 0.43075090781250003 0.5349158625 0.42932852656250003 0.535807190625 0.42928507812500005 0.5363038046875 0.4305310734375 0.537428584375 0.43287331562500003 0.5376335046875 0.46150187656249997 0.5381141078125 0.4656459703125 0.5369604828125001 0.47851893125 0.5363165921874999
1 0.47593049374999996 0.5234452890625 0.4775891828125 0.5238368796875 0.4790109171875 0.5229529640624999 0.47878449375 0.5216709109375001 0.4759117375 0.519903390625 0.470570671875 0.515387965625 0.45909474843750003 0.5078038546875 0.4518570515625 0.5018602515625 0.4502088921875 0.5014621140625 0.4487766265625 0.5023525765625 0.4493611171875 0.5034120140625 0.44900305156250003 0.50363463125 0.453153734375 0.5062757812500001 0.45722675468749996 0.509918440625 0.4591668359375 0.5108500015625 0.46711078125 0.516347509375 0.467716671875 0.5171623453125 0.468702678125 0.5175025515625 0.4747065453125 0.5220684953125 0.47593049374999996 0.5234452890625
0 0.4397101296875 0.49875852500000006 0.440093384375 0.5000692359375 0.4400876 0.5020703953125001 0.4421133078125 0.5044136015625 0.44651661093749995 0.506329965625 0.451846884375 0.5068709921875 0.457979278125 0.504845675 0.4597298703125 0.5016826421875 0.4590778578125 0.4999152203125 0.45693804531250004 0.49842095468750003 0.45215057812500004 0.49691164531250004 0.44563550156250004 0.49613999062499997 0.4408412390625 0.49732635937499997 0.4397101296875 0.49875852500000006
0 0.45588686406249995 0.4616044171875 0.4534186078125 0.46079096249999996 0.4474883078125 0.46175843906249997 0.4451053140625 0.4630437328125 0.444043384375 0.46448195 0.443039559375 0.46696342812499997 0.44399791562499996 0.46921325312500006 0.44611635468750005 0.4704965203125 0.4514423734375 0.47176912812499994 0.46150659843749997 0.471813115625 0.46388619374999995 0.4704528359375 0.4650891296875 0.468085875 0.4647718390625 0.46636267499999995 0.4627368703125 0.46446679218750003 0.459765909375 0.4631388140625 0.457299728125 0.46287076875000005 0.45588686406249995 0.4616044171875
2 0.49479637500000007 0.465912296875 0.4972482125 0.46486456093750006 0.497292309375 0.4643605328125 0.49603642968750006 0.46323488749999997 0.4950382578125 0.46314755781250005 0.48448549375 0.464248384375 0.467219965625 0.46501585937499995 0.46175385 0.465799878125 0.44196375000000004 0.4645763546875 0.440542015625 0.4654602703125 0.44049791875000005 0.4659642984375 0.44174391562500004 0.467089078125 0.46187003281249994 0.468342 0.46733614843750004 0.46755797968749996 0.47782341875 0.46720578437500004 0.49479637500000007 0.465912296875
1 0.420172996875 0.44774705312499996 0.42048696718749995 0.44802846562500004 0.4205310640625 0.4475244375 0.4300405484375 0.43899788125 0.43830997656250004 0.4331487328125 0.4428716890625 0.427221675 0.44293718593750003 0.426473046875 0.441691190625 0.425348265625 0.44101915468749997 0.42528947031250003 0.4396188203125 0.42592878437500004 0.438011465625 0.42882053124999997 0.435405290625 0.4316323625 0.428903496875 0.43662785781249996 0.42713586093749994 0.4374815109375 0.4270917640625 0.4379855375 0.41867852812499995 0.44559223281250004 0.41798444375 0.4457854515625 0.4175388328125 0.44700870937500004 0.418784828125 0.44813349062499996 0.420172996875 0.44774705312499996
1 0.441750096875 0.4208048609375 0.43994165937499996 0.4183686296875 0.43397200625 0.41329779375 0.4286408234375 0.40878323437499997 0.4273188 0.40841362812500004 0.42589706562499996 0.40929754375 0.426144890625 0.4103349953125 0.438670321875 0.42128977343749996 0.440218121875 0.42294884374999997 0.44131107500000005 0.42582289375000004 0.44255707187500004 0.42694767499999997 0.4432291078125 0.42700647031249994 0.4446613734375 0.42611600781250003 0.44472751875 0.4253599671875 0.44333275937499994 0.42195162656249996 0.441750096875 0.4208048609375
2 0.49036325156249994 0.424042190625 0.48911660625 0.42292482187499997 0.487772534375 0.42280723125 0.45627780781249994 0.424353884375 0.452503946875 0.425032015625 0.43336383749999996 0.4241193 0.43194210312500003 0.425003215625 0.43189800624999997 0.42550724375 0.43314465 0.42662461093750004 0.45262013124999995 0.4275741375 0.45977915156250004 0.4266768140625 0.488896771875 0.4254375453125 0.4903191546875 0.4245462171875 0.49036325156249994 0.424042190625
0 0.45612878749999997 0.42662632968749997 0.45537875000000005 0.424954896875 0.45087775781249995 0.42290301562500004 0.445807059375 0.42189921874999997 0.4416079234375 0.4223160765625 0.43978488281250006 0.42312006875 0.43734601562500003 0.4240195625 0.4362813109375 0.42583098125 0.4437870890625 0.42700300625 0.43621174218750003 0.4269676359375 0.43704986874999996 0.429453415625 0.43954416875 0.43099363437499993 0.44219343125000005 0.43121794687500004 0.444898825 0.4301177046875 0.44927528125 0.43120267187500005 0.4538459453125 0.4302954953125 0.45592000156249995 0.4285574453125 0.45612878749999997 0.42662632968749997
1 0.4485329046875 0.38573429375 0.448576353125 0.385237678125 0.447320475 0.3841120328125 0.445986284375 0.38399530625 0.44089963593750003 0.38431210937500004 0.4179267578125 0.38862093125 0.4107897859375 0.3892662390625 0.40935816875000003 0.39014929062500003 0.4093140734375 0.3906533171875 0.41057059999999995 0.39177154999999997 0.41734885625 0.39135627031250003 0.43621185625000003 0.38769618281249996 0.44134260156250005 0.38687535156249997 0.44710063906249997 0.3866247578125 0.4485329046875 0.38573429375
1 0.45614803593750003 0.364143215625 0.46146274062500003 0.353479534375 0.4615282359375 0.35273090625000003 0.46028224062499995 0.3516061265625 0.4596102046875 0.35154733125000004 0.458187821875 0.3524386578125 0.45738414374999997 0.3538845328125 0.4498065203125 0.37117680625 0.446139975 0.382238625 0.44596423749999997 0.3842473203125 0.44721088125 0.3853646890625 0.44788291718749995 0.385423484375 0.4493046515625 0.38453956875 0.4500362421875 0.38004754687500003 0.4522550640625 0.37392298125 0.45614803593750003 0.364143215625
0 0.4418876640625 0.3832632796875 0.4419613078125 0.38742989843750003 0.4461926359375 0.3907428375 0.44951473750000004 0.3911305796875 0.45389233593749995 0.38924302499999996 0.45498977500000004 0.387285090625 0.4549148625 0.3855233453125 0.45395700000000005 0.3831540625 0.45243931406250004 0.3818337265625 0.4487899875 0.380633121875 0.44604885000000005 0.380662184375 0.44381850937499995 0.38134091406250004 0.4418876640625 0.3832632796875
1 0.45656398906250006 0.3401521640625 0.45530746093749996 0.33903393125000003 0.4546453078125 0.338976 0.44873293125 0.34099068906249996 0.43874260937500004 0.3434029640625 0.41610575 0.347741184375 0.4139892828125 0.34882572968750003 0.41394583437500004 0.34932234375000004 0.41519183125000003 0.35044712499999997 0.416199884375 0.35053531875 0.433349228125 0.347225721875 0.44677739375 0.3441059171875 0.4557817109375 0.3413534359375 0.45656398906250006 0.3401521640625
1 0.47341250468749996 0.3133041578125 0.47161065625000004 0.314662703125 0.4647320453125 0.327721515625 0.45767175312499997 0.33898683749999997 0.45760560781250004 0.3397428765625 0.45886213593749997 0.3408611109375 0.459534171875 0.34091990625 0.4613360203125 0.3395613625 0.47526504062499997 0.3152363625 0.47533118593749996 0.31448032187499997 0.4740845421875 0.3133629546875 0.47341250468749996 0.3133041578125
0 0.45731659062499996 0.336558246875 0.45327609999999996 0.3364138796875 0.45061039375 0.3376296265625 0.44923428593750003 0.3395855875 0.45001490625 0.341931896875 0.451513628125 0.3433551359375 0.4545184671875 0.344409728125 0.4643407296875 0.34573960625 0.46959870937500003 0.3440336390625 0.471302403125 0.3422034359375 0.47111216406249995 0.3399386546875 0.4697714125 0.3384172015625 0.461402009375 0.33584762343749996 0.4594387140625 0.335750546875 0.45731659062499996 0.336558246875
1 0.4805605875 0.462896696875 0.4795525328125 0.46280850312500005 0.458827115625 0.46453552187499997 0.4578068953125 0.46470020625 0.456375278125 0.4655832578125 0.45633118125000005 0.4660872859375 0.457587709375 0.46720551875 0.45858588125 0.46729284687500006 0.47118832031249996 0.4658709296875 0.48034140000000003 0.46540200781249996 0.48176313437499996 0.4645180921875 0.48180723125 0.46401406562499997 0.4805605875 0.462896696875
1 0.4343288515625 0.47478310312499994 0.43470896718749996 0.47430847343749993 0.44375673125 0.4710593765625 0.44556911093749996 0.46969428437499994 0.449420634375 0.46801464531250003 0.44986689375 0.46678397812499994 0.44862025 0.4656666078125 0.4476121953125 0.4655784140625 0.4408846234375 0.46928444531249996 0.4324983640625 0.472598884375 0.431826328125 0.4725400890625 0.4146180765625 0.4803930921875 0.41394604062499996 0.4803342953125 0.4142600109375 0.48061570781249996 0.41350042968749995 0.48155755312500004 0.41475630937499997 0.48268319843749996 0.4164485640625 0.482577309375 0.4336568140625 0.47472430625 0.4343288515625 0.47478310312499994
1 0.44687466249999996 0.4662682484375 0.44359254375 0.49228655625 0.4431755703125 0.49705257812500003 0.4444215671875 0.4981773578125 0.445093603125 0.49823615312499997 0.4465159859375 0.49734482656249995 0.4496977453125 0.4725874484375 0.45022496093750003 0.4665613609375 0.4489684328125 0.465443128125 0.44830627968750003 0.46538519687499996 0.44687466249999996 0.4662682484375
1 0.4675652546875 0.2953377765625 0.46752115781250003 0.29584180312499997 0.4681270484375 0.2966566390625 0.470717765625 0.2978915984375 0.481135596875 0.30208935625 0.4821436515625 0.30217755 0.48356538593750004 0.3012936328125 0.483012825 0.2999830484375 0.48171284999999997 0.2993614296875 0.4689869890625 0.2944538609375 0.4675652546875 0.2953377765625
0 0.47468850468749996 0.2938248765625 0.470631903125 0.292043409375 0.4682763796875 0.2917626390625 0.4659891796875 0.2894488375 0.46238719218749996 0.28770714375 0.45973082343750005 0.2871087671875 0.457414465625 0.2875185609375 0.4554311984375 0.28821890781250004 0.4543086734375 0.2896667625 0.4549317640625 0.292903025 0.4535966921875 0.29404846562500003 0.45323564375 0.2954434375 0.4548278 0.2977337765625 0.4567427734375 0.298610859375 0.46685210625 0.3003019515625 0.4716623484375 0.30018503281250003 0.47576675156250003 0.2989159015625 0.4766336703125 0.29651954375 0.47468850468749996 0.2938248765625
3 0.4669908546875 0.42529115468749995 0.4642635734375 0.4409837078125 0.46462924843750003 0.4637808984375 0.4664304875 0.4932763171875 0.46582890781249997 0.5078926 0.46538988750000004 0.5129106359375 0.46028285625 0.532697071875 0.454175378125 0.564032521875 0.45257957343750005 0.5861427531250001 0.45210406406250003 0.6146846218750001 0.45253588437500003 0.636725775 0.45176186406249996 0.6609394421875 0.45270442187500004 0.6617762640625 0.4540165640625 0.6621450046875 0.4557841984375 0.6612913515625001 0.45607017812499995 0.6580225875 0.45657038437499997 0.6368248046875 0.45618099218749997 0.5950620062499999 0.458166428125 0.5646281671875 0.46486104375000004 0.5305656546875 0.46938029062500003 0.51351369375 0.469841359375 0.50824364375 0.47047486875000005 0.4933762125 0.46867363125 0.46388079531250004 0.4682760234375 0.4413347515625 0.4709819046875 0.42588679999999995 0.47260634687499997 0.40731933124999997 0.47427325781249996 0.3998767671875 0.47515194843749997 0.3898332859375 0.475916084375 0.3656187546875 0.475060053125 0.3445562578125 0.47668286562500006 0.337617721875 0.4796477171875 0.3037293125 0.4786044359375 0.2963035796875 0.480492809375 0.2747193609375 0.4795601359375 0.27388340312500004 0.47823811093749996 0.27351380000000003 0.476480359375 0.2743683171875 0.4745919859375 0.29595253593750004 0.47562538437499996 0.303377403125 0.47266053281250003 0.3372658140625 0.4712453890625 0.3419445046875 0.47102555468749996 0.344457228125 0.4718815875 0.3655197234375 0.4711296140625 0.389481378125 0.47027297187499995 0.39927284531249996 0.46861594531249995 0.40671627343749994 0.4669908546875 0.42529115468749995
1 0.4593882921875 0.2847634390625 0.45781844375 0.2833563828125 0.4563453734375 0.2809569609375 0.4550773296875 0.2800841953125 0.45357297812499997 0.277928509375 0.44622568749999997 0.2732375640625 0.44562903125000003 0.272431003125 0.4408063125 0.26973105625 0.4388441828125 0.2690515078125 0.43741191874999996 0.2699419703125 0.4379743609375 0.271253421875 0.44375180312499996 0.2745373125 0.45199690625000005 0.2805765203125 0.45626441875 0.2857523796875 0.457809575 0.29119795000000004 0.45906545468750004 0.29232359531249996 0.4597276078125 0.29238152500000003 0.4611598734375 0.2914910625 0.460729071875 0.28867494374999997 0.4593882921875 0.2847634390625
2 0.48108182812500005 0.6341667765625 0.4811259234375 0.6336627515625 0.479879928125 0.6325379703125 0.47887187343750004 0.6324497765625 0.456657928125 0.6358241640625 0.43932690625 0.6373402671874999 0.4383066859375 0.637504953125 0.43687506875000004 0.638388003125 0.436830971875 0.6388920296875 0.43808749999999996 0.6400102640625 0.4390856703125 0.6400975921875001 0.4567747609375 0.638358871875 0.47178558906249995 0.6363858328124999 0.47966009375 0.6350506921875 0.48108182812500005 0.6341667765625
2 0.50284043125 0.29690776875 0.5042621656249999 0.296023853125 0.5043062625 0.295519825 0.5030596187499999 0.2944024578125 0.50038135625 0.2941681390625 0.4869245515625 0.2937451796875 0.474745675 0.294195853125 0.47166525156250005 0.29468817812500003 0.4597276078125 0.29238152500000003 0.4583058734375 0.2932654421875 0.4582617765625 0.29376946875 0.459508421875 0.2948868375 0.4717820828125 0.2972228875 0.473169603125 0.2968438640625 0.487040734375 0.2962873015625 0.50284043125 0.29690776875
2 0.46863262499999997 0.340961559375 0.4743913109375 0.3407035515625 0.49655721875000003 0.34163451718750004 0.497989484375 0.3407440515625 0.49803358124999997 0.340240025 0.49677705312500003 0.3391217921875 0.49410867343750003 0.338888340625 0.4746111453125 0.338190828125 0.4681804234375 0.338390040625 0.4654360171875 0.3389117640625 0.45500337343749997 0.338753384375 0.45330123593750005 0.338858409375 0.4518795015625 0.339742325 0.45183540468750005 0.3402463515625 0.45308140156250004 0.34137113124999996 0.454761490625 0.3415181203125 0.467581121875 0.34136998125 0.46863262499999997 0.340961559375
2 0.49787289687499997 0.5000678453125 0.49791634531250006 0.4995712296875 0.49667035000000004 0.49844645 0.4950001421875 0.49830032500000004 0.458192990625 0.49887431718749997 0.45547063125 0.4991440265625 0.45299674687499997 0.5004437765625 0.443931859375 0.49990464375 0.442510125 0.500788559375 0.442466028125 0.5012925859374999 0.44371202500000007 0.5024173656250001 0.453439065625 0.50301443125 0.4579731546875 0.5013870390624999 0.49645051406249996 0.5009591734375001 0.49787289687499997 0.5000678453125
2 0.4967152578125 0.386155503125 0.49813699062500005 0.3852715875 0.4981810875 0.384767559375 0.49693444531250003 0.3836501921875 0.49392016562499996 0.3833864765625 0.47406456874999997 0.38291158125 0.46257977656250004 0.3831690359375 0.45339313125 0.3841354359375 0.4456061703125 0.3844699359375 0.444174553125 0.3853529875 0.44413045625 0.3858570140625 0.44538698437499996 0.38697524687499996 0.44672117343749995 0.3870919734375 0.464388215625 0.3856052671875 0.483615871875 0.385517340625 0.4967152578125 0.386155503125
1 0.423714496875 0.6539295890625 0.42843584218749997 0.6500480375000001 0.430706 0.647206809375 0.43398356250000003 0.644461184375 0.43575184531250005 0.6436001203124999 0.4375977921875 0.6417375484375001 0.438997478125 0.641105646875 0.4394430890625 0.6398823890625 0.4381970921875 0.6387576078125 0.43752505625 0.6386988125 0.4368089234375 0.63914404375 0.4364949546875 0.63886263125 0.4346490078125 0.6407252046874999 0.4292770265625 0.644303359375 0.42588987187500005 0.6483016375 0.4211678765625 0.6521906015625001 0.4135550265625 0.6621453359375 0.4131087671875 0.66337600625 0.4143652953125 0.6644942390625 0.41607959843750003 0.6641363359375 0.423714496875 0.6539295890625
1 0.4245948171875 0.6322571765625 0.4093608578125 0.6291542484375 0.3998536515625 0.6260444625 0.3984213859375 0.626934925 0.3983779375 0.6274315406250001 0.3996338171875 0.6285571859375 0.4088050046875 0.631637575 0.43362219843750005 0.6370951125000001 0.43748095937500003 0.6392028390625 0.43815299531249996 0.639261634375 0.43957537812499997 0.63837030625 0.4390129359375 0.63705885625 0.435154175 0.6349511296875 0.4245948171875 0.6322571765625
0 0.443320471875 0.6335817640625 0.438756940625 0.6344074078124999 0.4322656484375 0.63416065625 0.42919814218749996 0.6354159375 0.4287927890625 0.638114090625 0.43003082187499997 0.639671371875 0.43282098593749996 0.640789340625 0.43407683906249994 0.6423705859375 0.4364963046875 0.6436279078125 0.4395007015625 0.6438907578124999 0.44953634062500003 0.6423264328125 0.4533388625 0.6390441640625 0.4526443109375 0.6360555906250001 0.45019683125 0.6345493453125 0.443320471875 0.6335817640625
1 0.4570607015625 0.6042435578124999 0.45581470625 0.6031187765625 0.4548066515625 0.603030584375 0.448677734375 0.6037640859375 0.43792123906249997 0.6033234296875001 0.43649885624999996 0.6042147578125 0.4364547609375 0.6047187859375 0.43770140468749996 0.605836153125 0.43970763125 0.606011675 0.448794565625 0.60629879375 0.4532085296875 0.6059306078125 0.4555948703125 0.6056315015625 0.45701660468750005 0.604747584375 0.4570607015625 0.6042435578124999
1 0.435965053125 0.60644606875 0.4347091734375 0.605320425 0.4337110015625 0.6052330953125 0.43085700156250006 0.6070074734375 0.418932540625 0.6122903765625 0.4182605046875 0.61223158125 0.41857512343750003 0.6125055796875001 0.41781489374999997 0.6134548390625 0.4190615390625 0.61457220625 0.42076367656249997 0.61446718125 0.42394316249999997 0.6127287484374999 0.4323294234375 0.6094143078125 0.43592160468749996 0.606942684375 0.435965053125 0.60644606875
0 0.43025819218750005 0.60417665625 0.42992855625 0.6058955390625 0.43092426406250006 0.6094258140625 0.4363339640625 0.6121323000000001 0.4401218828125 0.61209025625 0.44459356406249995 0.6110623875 0.44626659843749994 0.6099241078125 0.4471137234375 0.60798161875 0.44659651875 0.6060392703125 0.44341887343749997 0.60388656875 0.44246163281250006 0.6019654734375 0.439284428125 0.6006045125 0.43179224375 0.6025780828125 0.43025819218750005 0.60417665625
2 0.4802231453125 0.60550818125 0.48844583437500005 0.603949559375 0.49057153593749997 0.6028732906250001 0.49061563281250004 0.6023692625 0.48935910624999995 0.6012510296875 0.488360934375 0.6011637015625 0.4787408421875 0.6031004828125 0.456311003125 0.60518626875 0.443460090625 0.605578146875 0.428690496875 0.6047938578125 0.42725823125 0.605684321875 0.4272147828125 0.6061809375 0.4284706625 0.60730658125 0.4321470953125 0.6076282281250001 0.443576275 0.608120265625 0.4564173046875 0.6077275249999999 0.4802231453125 0.60550818125
1 0.430607509375 0.586752403125 0.4407890296875 0.5782846421875 0.4418312984375 0.5778679437500001 0.44261292656249995 0.5766740828125 0.44702030312499996 0.5725111203125001 0.44771438750000003 0.572317903125 0.448160646875 0.5710872328125001 0.44691400156250005 0.5699698640624999 0.44624196562499996 0.56991106875 0.44552583281249997 0.5703563 0.44521186406249996 0.5700748875 0.4451677671875 0.570578915625 0.4400222109375 0.5754391234375 0.4189216390625 0.5930644796875 0.4178793703125 0.5934811765625 0.417433759375 0.594704434375 0.41867975625 0.595829215625 0.420067925 0.5954427796874999 0.42038189375 0.5957241921875001 0.430607509375 0.586752403125
1 0.44502623750000003 0.5607001203124999 0.445070334375 0.5601960921875 0.4388087609375 0.5545918328125 0.4286041734375 0.544086575 0.42666344531249994 0.543162425 0.425231828125 0.5440454765625 0.4251656828125 0.544801515625 0.44163184375000003 0.560911034375 0.4456074375 0.56555346875 0.44795627031249996 0.569553165625 0.44958238125000005 0.5702033171875 0.45101464687500004 0.5693128546875 0.4510580953125 0.5688162390625 0.448731309375 0.5645645296875 0.44776735156249997 0.563972309375 0.44502623750000003 0.5607001203124999
0 0.45949540312500003 0.5652597921875 0.45062770781249994 0.5644018109375 0.4453871875 0.56681885 0.44212975312499997 0.5688790953125 0.44138093749999996 0.571405290625 0.4431814125 0.574274021875 0.44538654062500005 0.5753632125 0.4492527203125 0.57522345 0.4553311328125 0.5737012953125 0.4598506984375 0.5739473281249999 0.462921446875 0.572654984375 0.46419091718749994 0.571234925 0.464203003125 0.5695031984375001 0.46284852968749995 0.5671141515625 0.45949540312500003 0.5652597921875
1 0.42932978437499997 0.5049458140625 0.42986953124999994 0.5065166921875 0.448126028125 0.53289573125 0.449338459375 0.534517990625 0.4509645703125 0.5351681421875 0.45239618750000005 0.534285090625 0.451856440625 0.5327142140625 0.433590059375 0.5063343109375 0.43238751249999996 0.5047129140625 0.4307614015625 0.5040627640625 0.42932978437499997 0.5049458140625