1 0.46286477187499997 0.44031288437500005 0.4571286234375 0.444412303125 0.45401965000000005 0.444904715625 0.450359890625 0.44867526875 0.45060640156250004 0.4502316765625 0.455250871875 0.45267834531249995 0.4653750875 0.449479375 0.46915876875 0.4464912328125 0.4680035953125 0.4458807796875 0.469575740625 0.44244087343749994 0.4649411625 0.439984015625 0.46286477187499997 0.44031288437500005
0 0.46346306562499995 0.4384243171875 0.4592530390625 0.43922910625 0.45735520156250004 0.44068531875000005 0.4570698390625 0.44440436562499996 0.45933692812500004 0.4468049953125 0.46051885312499996 0.44860133125 0.46321803125 0.449734778125 0.46766739375000005 0.4491335578125 0.46999183437500003 0.45051608749999994 0.47371303749999993 0.45054764062499997 0.481382025 0.44688375625 0.4832581328125 0.4431111125 0.48031936406250003 0.4392300390625 0.47582613125 0.43868258281249994 0.47036232968749997 0.4363656859375 0.46785349375 0.4362887234375 0.46346306562499995 0.4384243171875
1 0.4667259125 0.4110090765625 0.450999359375 0.4190796875 0.44953857968750005 0.42329537031250003 0.45417315937499997 0.4257522296875 0.4562495484375 0.42542336093750005 0.4701574453125 0.41923625 0.47094351718749994 0.41751629531249995 0.47301990937499994 0.417187428125 0.4718647359375 0.4165769734375 0.47344810312499996 0.413135290625 0.4688023015625 0.410680209375 0.4667259125 0.4110090765625
1 0.487478590625 0.4077221765625 0.48868163437499995 0.4019518625 0.48732782343750003 0.39340423593749996 0.4826932453125 0.390947378125 0.4806168546875 0.3912762453125 0.476957096875 0.3950467984375 0.47818831875 0.4028204265625 0.47685146093749997 0.40781851874999997 0.4738650765625 0.40908493124999995 0.4750314734375 0.40969360625 0.4732015921875 0.4115788828125 0.47344810312499996 0.413135290625 0.4780826828125 0.4155921484375 0.4860178109375 0.4119378578125 0.48485141406250004 0.411329184375 0.487478590625 0.4077221765625
0 0.4810478546875 0.40765407187499997 0.4780022265625 0.40622190937499997 0.4733852265625 0.406418478125 0.46925883749999997 0.40847775625000005 0.4662826015625 0.4085006953125 0.4635941328125 0.40983203437500004 0.4598918890625 0.4129711359375 0.45951596875 0.416626909375 0.4610155890625 0.418467790625 0.466797859375 0.42090673125 0.46902569375000003 0.42073498281250005 0.4764185453125 0.41794274531250003 0.48169323750000004 0.4181939484375 0.486693640625 0.4149699765625 0.4878815125 0.413462353125 0.4883043265625 0.4107564234375 0.4871155359375 0.4087714453125 0.4810478546875 0.40765407187499997
1 0.4406891375 0.380860865625 0.44093564843750005 0.382417275 0.44558145 0.38487235625 0.464786075 0.3786397375 0.4684471671875 0.3748775984375 0.46820065624999996 0.373321190625 0.46355485312500005 0.370866109375 0.46044588124999997 0.371358521875 0.44435022812499997 0.3770987265625 0.4406891375 0.380860865625
1 0.4647212515625 0.37147478437500003 0.463261803125 0.3756988796875 0.4679062734375 0.378145546875 0.4699826640625 0.3778166796875 0.480647775 0.3713497609375 0.4876630171875 0.368643203125 0.491322775 0.36487265 0.491076265625 0.36331624375 0.4864317953125 0.3608695734375 0.48332282187500003 0.3613619875 0.4647212515625 0.37147478437500003
0 0.4562787484375 0.3749765859375 0.45650573124999994 0.37720876406250003 0.45803005781249995 0.3787697625 0.46904801718750005 0.38143158593750004 0.47265134687500004 0.3802830625 0.47682914062500004 0.374843634375 0.4747315890625 0.3690096484375 0.4727324859375 0.3679378 0.46890621875000005 0.367388196875 0.46401723281249996 0.368119415625 0.45832787656249996 0.3702623859375 0.456810725 0.3719428984375 0.4562787484375 0.3749765859375
1 0.42499491093749997 0.3355261515625 0.4296407140625 0.3379812328125 0.44374725000000004 0.3397312953125 0.44581241718750003 0.3394042046875 0.44947217500000003 0.33563365156249997 0.4467801734375 0.33207570625 0.4357938359375 0.329831453125 0.4284094921875 0.3302076046875 0.4247484 0.33396974375 0.42499491093749997 0.3355261515625
1 0.4558718078125 0.3290402796875 0.448733975 0.330972840625 0.44507421718750007 0.33474339375 0.4453193953125 0.3362913875 0.44996519687500003 0.33874646875000003 0.45411797812500004 0.3380887328125 0.4719209203125 0.3296892546875 0.4733817 0.32547357187500003 0.46873589843749996 0.323018490625 0.46667073124999997 0.32334558125 0.4558718078125 0.3290402796875
2 0.38985387031249996 0.341893984375 0.386204003125 0.345654346875 0.3864505140625 0.34721075468749996 0.3910850921875 0.3496676140625 0.4450263453125 0.3411241578125 0.45424056718749994 0.33886273125 0.457890434375 0.33510236875 0.4576439234375 0.3335459609375 0.4530093453125 0.33108910156250004 0.444703784375 0.33240457343749996 0.38985387031249996 0.341893984375
2 0.400414596875 0.254135921875 0.3800435734375 0.25975986406249996 0.37638248124999996 0.26352200468750003 0.3766289921875 0.26507841249999997 0.3812747953125 0.26753349375 0.4047561234375 0.2614255515625 0.41769493124999996 0.262558525 0.4208039046875 0.2620661109375 0.42446499531250004 0.258303971875 0.424218484375 0.2567475640625 0.41957268281250004 0.2542924828125 0.400414596875 0.254135921875
0 0.4373005296875 0.333896225 0.43700589062499995 0.3361765234375 0.43873398437500005 0.338007090625 0.4411418578125 0.34049753437499997 0.4501414421875 0.34341866875 0.4530965625 0.3434077 0.45623987499999996 0.341969825 0.45846842812500005 0.3394780890625 0.45856267968750003 0.332736390625 0.45645631093750005 0.330042959375 0.45244585312499996 0.32905683125 0.4499339921875 0.3291787 0.44749511093749994 0.33048775468749997 0.4429261828125 0.3301161453125 0.4373005296875 0.333896225
1 0.42245068906250005 0.2992682203125 0.41622151875 0.3002548234375 0.412572984375 0.30402359843750004 0.4128194953125 0.3055800078125 0.41745274062500004 0.308028453125 0.430697153125 0.3043352921875 0.434347021875 0.3005749296875 0.43410051093749996 0.299018521875 0.42946593125000004 0.2965616640625 0.426345734375 0.2970558546875 0.42245068906250005 0.2992682203125
1 0.447450559375 0.282553640625 0.4453741703125 0.2828825078125 0.44354429062499995 0.284767784375 0.44238911718749996 0.28415733125 0.4392210484375 0.2910322875 0.430867615625 0.29872852499999997 0.43111412656250003 0.3002849328125 0.435759928125 0.3027400140625 0.445637634375 0.297984634375 0.44971436562499995 0.29016372343749997 0.4516681671875 0.2890608578125 0.45208513906250003 0.28501049843750004 0.447450559375 0.282553640625
2 0.46343226406250004 0.3700921109375 0.43787454531250003 0.376528921875 0.4046859734375 0.381785475 0.40102621406249994 0.385556028125 0.4012713921875 0.3871040234375 0.40591719531250003 0.3895591046875 0.4391057671875 0.3843025515625 0.47192524062499996 0.37671559062500004 0.475585 0.3729450390625 0.4753384890625 0.3713886296875 0.47069401875 0.3689419625 0.46343226406250004 0.3700921109375
0 0.44182561875 0.29345708125000003 0.44008368593749997 0.2921202765625 0.43670831562499995 0.2919477078125 0.4319501703125 0.2941587921875 0.42748891875000006 0.2938132484375 0.4244403671875 0.2954862125 0.420346421875 0.2966606984375 0.41837565468750004 0.29932720625 0.4191354859375 0.3015094875 0.42334530312499996 0.3043354625 0.427937346875 0.30565205781250004 0.4315215078125 0.30496364531250003 0.43337736875 0.306075428125 0.43702764375 0.306385559375 0.441801521875 0.305508715625 0.44411520156249995 0.303917646875 0.4449813265625 0.2999427578125 0.44182561875 0.29345708125000003
1 0.3912764234375 0.263560525 0.3915216015625 0.2651085203125 0.3961561796875 0.2675653796875 0.41341956093750004 0.26244226249999997 0.4170793203125 0.258671709375 0.41683280937499995 0.2571153015625 0.4121883390625 0.254668634375 0.40907936562499997 0.25516104687499996 0.3949249578125 0.25979175 0.3912764234375 0.263560525
1 0.41335473437500003 0.2552773078125 0.41189395624999997 0.259492990625 0.416539759375 0.261948071875 0.42550880312499995 0.25813864999999997 0.43464697656249995 0.2487140453125 0.4351878703125 0.245446096875 0.43054206875 0.242991015625 0.42847690156249996 0.2433181046875 0.4182935875 0.25289961875 0.41335473437500003 0.2552773078125
2 0.48111419843750003 0.4414154 0.4764683953125 0.43896031874999997 0.4595106203125 0.43925729999999996 0.45560301875000003 0.4414630328125 0.42033805625 0.447048453125 0.4166782953125 0.45081900468749997 0.41692480625000006 0.4523754140625 0.42157060937499996 0.4548304953125 0.45786815625 0.44908152812499996 0.463850815625 0.446538515625 0.47459064375000004 0.4472263609375 0.4776996171875 0.44673394687499995 0.4813593765625 0.44296339375000005 0.48111419843750003 0.4414154
2 0.37308883437499996 0.2226050375 0.3733340140625 0.224153034375 0.377979815625 0.226608115625 0.417397559375 0.22036495781249998 0.4210460953125 0.21659618281249998 0.4208009171875 0.21504818593750002 0.4161663375 0.2125913296875 0.3963348765625 0.214938909375 0.37674859375 0.2188344859375 0.37308883437499996 0.2226050375
2 0.4785308203125 0.47210365468750004 0.46505111875000005 0.47423862968749997 0.46114485 0.476452775 0.43478983437499996 0.48461131718750006 0.431130075 0.48838186875 0.43137658593749995 0.489938278125 0.4360223890625 0.49239335781250004 0.43913136093749994 0.49190094531249995 0.46731625625 0.48185712656249996 0.47976337343750003 0.479885696875 0.4834231328125 0.4761151453125 0.48317662187500005 0.47455873593750003 0.4785308203125 0.47210365468750004
2 0.4035816609375 0.4218121828125 0.40382817187500003 0.42336858906249997 0.40846141718749995 0.4258170359375 0.4592936953125 0.41776599374999995 0.4833906359375 0.415544865625 0.48705039531249994 0.41177431249999996 0.486805215625 0.4102263171875 0.48215941406249996 0.4077712375 0.4590950578125 0.40982882031249995 0.4072301953125 0.4180434078125 0.4035816609375 0.4218121828125
2 0.5017811812499999 0.5114638640625 0.4882902578125 0.5136006156249999 0.4812750140625 0.5163071734375 0.443933659375 0.5222214625 0.44028512500000005 0.5259902375000001 0.44053030312499997 0.5275382328125 0.44516488125000003 0.5299950921875001 0.48355004375000005 0.5239154796875 0.49056528593750004 0.521208921875 0.503012403125 0.5192374921875 0.5066622703125 0.51547713125 0.506415759375 0.513920721875 0.5017811812499999 0.5114638640625
0 0.4016246578125 0.2538580265625 0.3997890375 0.255416496875 0.3992997546875 0.2573395421875 0.3994401765625 0.25953368593750004 0.401799565625 0.2622991546875 0.4078053375 0.26258979843749997 0.4129870109375 0.26479615 0.42260764375 0.2632120203125 0.42459183749999996 0.26164726875 0.4256647046875 0.259122971875 0.42546857187500003 0.2572308703125 0.4230547546875 0.25426704375 0.41860697968749994 0.253643396875 0.411480325 0.25128802499999997 0.4016246578125 0.2538580265625
1 0.41208960625 0.22041224062500003 0.416722853125 0.22286068593750002 0.4296629921875 0.224002071875 0.4327831890625 0.22350788124999998 0.436431725 0.2197391078125 0.43618654687499997 0.2181911125 0.4315519671875 0.215734253125 0.41549163125 0.2150870578125 0.4118430953125 0.21885583125000002 0.41208960625 0.22041224062500003
1 0.4053983328125 0.19835954375 0.40535046093749993 0.20474030937499998 0.40719729375 0.2164007515625 0.4118430953125 0.21885583125000002 0.4139082625 0.218528740625 0.4175680203125 0.214758190625 0.4166410734375 0.20215001250000003 0.415780284375 0.196715203125 0.4111344828125 0.194260121875 0.40905809218750006 0.19458899062499999 0.4053983328125 0.19835954375
0 0.42256678281250004 0.2141389453125 0.4201108390625 0.2103280078125 0.4177202875 0.2098356046875 0.411369553125 0.21078109375 0.4076388140625 0.21243274374999999 0.40513551249999996 0.2144246796875 0.4042332015625 0.2180258421875 0.40623953124999995 0.22095934375 0.40838515937500003 0.22244781093750002 0.4128718828125 0.2244796359375 0.41915224999999995 0.22563231562500002 0.42176640625 0.2249940484375 0.42555562187499996 0.222186134375 0.42642446093749997 0.220625553125 0.4263641953125 0.217194096875 0.424377903125 0.214895603125 0.42256678281250004 0.2141389453125
3 0.459654484375 0.5006033546875 0.4641933171875 0.51582174375 0.47122684687499994 0.5266693203124999 0.46918436406249997 0.5540896281250001 0.4726736609375 0.55592584375 0.47693780625000004 0.5560438828125001 0.48163148125 0.5521181984375 0.483427453125 0.5231414828125 0.476393925 0.51229390625 0.4721016015625 0.49863192500000003 0.4674049390625 0.45553968593749994 0.45980367187500004 0.4344245296875 0.4494116703125 0.375495034375 0.444995425 0.36105064375 0.4258400796875 0.3274236546875 0.408755396875 0.279920303125 0.4029079578125 0.24975669374999998 0.4025979546875 0.2410437453125 0.40568997500000004 0.2270056125 0.40473485 0.20085349375 0.40374880625 0.194627859375 0.40027073281250003 0.1927898671875 0.3959953640625 0.19267360625000002 0.39130168906249996 0.1965992890625 0.393118934375 0.22819463281250002 0.3900269140625 0.2422327640625 0.39317112656250003 0.268840203125 0.3984481609375 0.2887194046875 0.41351554999999995 0.3301690828125 0.4308888890625 0.35930058125 0.4370884734375 0.37824887500000004 0.447356553125 0.436395959375 0.4549578203125 0.457511115625 0.459654484375 0.5006033546875
2 0.4425286609375 0.298477046875 0.44228215000000004 0.296920640625 0.43763768125 0.294473971875 0.41871487968750004 0.295875596875 0.40224879687500004 0.29927698281250004 0.398342525 0.301491128125 0.3858954078125 0.3034625578125 0.38223565000000004 0.307233109375 0.3824821609375 0.30878951718750003 0.3871266296875 0.311236184375 0.40061755468750004 0.30909943281249996 0.4045139328125 0.3068954796875 0.42098990937499997 0.303483903125 0.43886890312500004 0.3022476 0.4425286609375 0.298477046875
1 0.47979728125000004 0.5069771359375 0.47614874687500003 0.5107459109375 0.47871682499999996 0.513521446875 0.47779694062500006 0.51446918125 0.47987332968749996 0.5141403125 0.49135135781250006 0.51948896875 0.49666064375 0.5194500984375 0.5003204015625 0.5156795453125 0.4977523234375 0.5129040109375 0.498660984375 0.5119580546875 0.485105234375 0.506929853125 0.47979728125000004 0.5069771359375
1 0.49889054218749995 0.49996874375000006 0.49792278437500004 0.5072972421874999 0.4947659375 0.5141704203125 0.49501244843750003 0.5157268296875 0.49964569531249997 0.518175275 0.5045971046875 0.5158042218750001 0.50964159375 0.5006548093750001 0.5092724937499999 0.498324403125 0.504626690625 0.495869321875 0.5025503 0.49619819062500004 0.49889054218749995 0.49996874375000006
0 0.4946369453125 0.5121210765625 0.48667532031249994 0.5152448703125 0.4851990125 0.5182728937500001 0.48662755156250004 0.520754590625 0.48850621875 0.521647159375 0.4949067171875 0.521814915625 0.49979610937499996 0.523265521875 0.50549786875 0.521491421875 0.5093629359375 0.5162567578124999 0.5076109609375 0.5115150374999999 0.5021045703125 0.509437734375 0.4970524046875 0.5105915046875 0.4946369453125 0.5121210765625
1 0.441881128125 0.48906793593750003 0.44212763749999995 0.49062434374999997 0.446762215625 0.4930812015625 0.44987118906249995 0.4925887890625 0.47561059375000003 0.4805434328125 0.47707137343749995 0.4763277515625 0.47243679375000003 0.4738708921875 0.4703604046875 0.4741997609375 0.44553099375 0.48530757343750003 0.441881128125 0.48906793593750003
1 0.496222396875 0.46292840156250004 0.4915765953125 0.4604733203125 0.4895002046875 0.4608021875 0.487670325 0.4626874640625 0.48651515312500004 0.4620770125 0.481394615625 0.470063246875 0.47292981562499997 0.47698370937499995 0.47317499375 0.4785317046875 0.4778095734375 0.4809885625 0.48403874374999994 0.480001959375 0.4869012078125 0.4779531375 0.492010521875 0.46996867968749995 0.4957942015625 0.46698053906250003 0.496222396875 0.46292840156250004
0 0.48866148750000005 0.478243525 0.4877814265625 0.47602854375000003 0.48356822343749994 0.47361705781249996 0.481202428125 0.46957624375 0.4774212609375 0.4691661046875 0.4697641640625 0.47188808125000004 0.46574576093750003 0.47324895468749995 0.46408895 0.476590159375 0.4723710375 0.4764340296875 0.46461538906250005 0.4790422546875 0.4681197015625 0.48264402500000003 0.47143977187499997 0.48341178593749995 0.47456376093749997 0.482796259375 0.4787528765625 0.4840386859375 0.48324795624999994 0.482127990625 0.4860538890625 0.48168357500000003 0.4877672265625 0.48051530624999994 0.48866148750000005 0.478243525
1 0.473558059375 0.4473899046875 0.482391959375 0.44279984843750003 0.488791590625 0.436206478125 0.48934370937500005 0.4329367515625 0.4846979078125 0.43048167031249995 0.482621515625 0.43081053750000003 0.4686670796875 0.4433868296875 0.46891225781249996 0.4449348234375 0.473558059375 0.4473899046875