2 0.46671874999999996 0.52885929375 0.47298828125 0.529322525 0.5066601562499999 0.52978575625 0.513701171875 0.5307180078125 0.563818359375 0.5307180078125 0.5669531250000001 0.52885929375 0.5669531250000001 0.52793283125 0.563818359375 0.5260741171875 0.513701171875 0.5260741171875 0.5066601562499999 0.5251476546875 0.48551757812499996 0.5251476546875 0.46671874999999996 0.524215403125 0.46358398437500004 0.5260741171875 0.46358398437500004 0.5270005796875 0.46671874999999996 0.52885929375
0 0.55271484375 0.53284308125 0.562109375 0.533439490625 0.565947265625 0.5324898671875 0.5673242187499999 0.5314765484375 0.5679394531249999 0.5296699484375 0.56689453125 0.52718008125 0.560341796875 0.5243022578125001 0.55515625 0.5246149390625 0.5510546875 0.5260393750000001 0.5498046875 0.5272958890624999 0.547978515625 0.52916039375 0.5480273437500001 0.5305095546875 0.549326171875 0.53161551875 0.55271484375 0.53284308125
1 0.513701171875 0.524215403125 0.5231054687500001 0.5260741171875 0.552861328125 0.5302547765625001 0.555986328125 0.5302547765625001 0.55912109375 0.5283960624999999 0.55912109375 0.5274696 0.555986328125 0.5256108859374999 0.5442480468750001 0.5246786328125 0.513701171875 0.5195715109375 0.510576171875 0.5214302265625 0.510576171875 0.5223566875000001 0.513701171875 0.524215403125
1 0.55833984375 0.5437174296875 0.561474609375 0.54557614375 0.563037109375 0.54557614375 0.566171875 0.5437174296875 0.566171875 0.5423277359374999 0.563037109375 0.5358251296875001 0.561474609375 0.5283960624999999 0.55833984375 0.5265373484375 0.55677734375 0.5265373484375 0.5536425781250001 0.5283960624999999 0.555205078125 0.5362883609375 0.55833984375 0.5437174296875
2 0.46828125 0.567400115625 0.46828125 0.568326578125 0.471416015625 0.5701852921875 0.47689453125 0.5706485234375 0.5183984374999999 0.5706485234375 0.566171875 0.569253040625 0.569306640625 0.567400115625 0.569306640625 0.5664678640624999 0.566171875 0.5646149390625 0.55677734375 0.5646149390625 0.5183984374999999 0.5660046328125 0.471416015625 0.5655414015625 0.46828125 0.567400115625
0 0.556533203125 0.572524609375 0.5676171875 0.571221771875 0.570791015625 0.5685118703125001 0.5706445312499999 0.566936884375 0.56791015625 0.564568615625 0.5615820312500001 0.5628836125000001 0.555810546875 0.563039953125 0.55173828125 0.5655587718749999 0.5496875 0.5671279671875 0.549775390625 0.568870875 0.551630859375 0.5706658953125 0.556533203125 0.572524609375
1 0.54189453125 0.5557903875 0.555205078125 0.56693109375 0.555205078125 0.5678633468750001 0.555986328125 0.567400115625 0.55912109375 0.568326578125 0.562255859375 0.5664678640624999 0.561474609375 0.5641459171875 0.537978515625 0.54557614375 0.5371972656249999 0.546039375 0.5340625 0.5451129124999999 0.530927734375 0.5469658359375 0.53171875 0.5492877828125 0.54189453125 0.5557903875
1 0.565390625 0.5636826875 0.55912109375 0.56693109375 0.55912109375 0.5678633468750001 0.562255859375 0.5697220609375 0.5708691406249999 0.567400115625 0.57322265625 0.5641459171875 0.579482421875 0.561360740625 0.579482421875 0.5604342796874999 0.5763476562500001 0.5585755640625 0.57400390625 0.5585755640625 0.569306640625 0.5595020265625 0.566171875 0.561360740625 0.565390625 0.5636826875
2 0.46045898437500005 0.60733063125 0.46358398437500004 0.6091893453125 0.54189453125 0.608720325 0.5520703124999999 0.6091893453125 0.560693359375 0.6110422703125 0.563037109375 0.6110422703125 0.566171875 0.6091893453125 0.566171875 0.60825709375 0.563037109375 0.606398378125 0.552861328125 0.6045454546875 0.49099609375000003 0.6040822234375 0.46358398437500004 0.6045454546875 0.46045898437500005 0.606398378125 0.46045898437500005 0.60733063125
0 0.563154296875 0.6169137234375001 0.5681738281250001 0.6153619 0.5689062500000001 0.6138563984375 0.5673046875 0.60894615 0.5676855468750001 0.606797915625 0.566259765625 0.6048118125 0.56259765625 0.603051534375 0.5596289062500001 0.602611465625 0.554892578125 0.6037290093750001 0.5524609375 0.6063925890624999 0.553359375 0.6088477125 0.55326171875 0.61075275 0.555048828125 0.6128836125 0.5588671875 0.6157672265625 0.563154296875 0.6169137234375001
1 0.555986328125 0.6068674 0.55912109375 0.608720325 0.560693359375 0.608720325 0.563818359375 0.6068674 0.563037109375 0.589218296875 0.5599023437499999 0.5873653734375 0.55833984375 0.5873653734375 0.555205078125 0.589218296875 0.555205078125 0.602686740625 0.555986328125 0.6068674
2 0.47219726562500003 0.6449392015625001 0.479248046875 0.64540243125 0.53328125 0.64540243125 0.547373046875 0.6458656625 0.55833984375 0.647724378125 0.560693359375 0.647724378125 0.563818359375 0.6458656625 0.563818359375 0.6449392015625001 0.560693359375 0.6430804859375 0.5481640624999999 0.6412275625 0.500390625 0.6412275625 0.47219726562500003 0.640295309375 0.46907226562500004 0.642154025 0.46907226562500004 0.6430804859375 0.47219726562500003 0.6449392015625001
1 0.5254492187500001 0.48707006406250003 0.528583984375 0.488928778125 0.539541015625 0.488928778125 0.563037109375 0.488465546875 0.566171875 0.48660683281250006 0.566171875 0.4856803703125 0.563037109375 0.48382165625000007 0.539541015625 0.48382165625000007 0.528583984375 0.4842848875 0.5254492187500001 0.4861436015625 0.5254492187500001 0.48707006406250003
1 0.499609375 0.63565141875 0.501171875 0.63565141875 0.510576171875 0.640295309375 0.519970703125 0.6426172546875 0.554423828125 0.646334684375 0.55833984375 0.646334684375 0.561474609375 0.6444759703125 0.561474609375 0.6435437171875 0.55833984375 0.64169079375 0.539541015625 0.640295309375 0.521533203125 0.6379733640625 0.514482421875 0.63611465 0.505869140625 0.6319397796875 0.501953125 0.6314765484375 0.498828125 0.6333294734375 0.500390625 0.6351881875000001 0.499609375 0.63565141875
1 0.555986328125 0.6495830921875 0.563037109375 0.6509727859375001 0.57556640625 0.6551534453125 0.581044921875 0.658401853125 0.5818359375 0.6597973359375 0.5841796875 0.6602605671874999 0.5873144531250001 0.6625825125 0.59123046875 0.6630457437499999 0.594365234375 0.6611928203125 0.5935742187499999 0.6588708750000001 0.59123046875 0.658401853125 0.579482421875 0.6509727859375001 0.562255859375 0.6458656625 0.555986328125 0.6449392015625001 0.552861328125 0.646797915625 0.552861328125 0.647724378125 0.555986328125 0.6495830921875
0 0.55798828125 0.6518008109375 0.560068359375 0.6512912562500001 0.5643359375 0.64868558125 0.56759765625 0.6485176609375001 0.570078125 0.647012159375 0.5741503906250001 0.6461320203125 0.5777929687500001 0.6446091484375 0.5790136718750001 0.6437695421875 0.5794140624999999 0.6424667046875 0.578291015625 0.641082803125 0.575322265625 0.6398899828125 0.56302734375 0.6411059640625 0.5577050781249999 0.6404226984375 0.553017578125 0.64184134375 0.54982421875 0.6441459171874999 0.548681640625 0.6458309203125 0.5499902343749999 0.6479733640625 0.554169921875 0.6509148812500001 0.55798828125 0.6518008109375
2 0.4659375 0.4476027796875 0.4659375 0.44853503124999994 0.46907226562500004 0.45038795625 0.47611328124999996 0.4508511875 0.48551757812499996 0.4508511875 0.49413085937499995 0.44992472499999997 0.530927734375 0.44992472499999997 0.537978515625 0.4508511875 0.5599023437499999 0.45038795625 0.569306640625 0.45132020781250004 0.572431640625 0.44946149375 0.572431640625 0.44853503124999994 0.569306640625 0.4466763171875 0.560693359375 0.445744065625 0.5387597656249999 0.4462130859375 0.53171875 0.445280834375 0.49333984375 0.445280834375 0.4847265625 0.4462130859375 0.46907226562500004 0.445744065625 0.4659375 0.4476027796875
1 0.5520703124999999 0.48335842500000004 0.563818359375 0.48707006406250003 0.565390625 0.48707006406250003 0.5685156250000001 0.48521134843749997 0.5669531250000001 0.482889403125 0.5646093750000001 0.48196294218749997 0.5536425781250001 0.478714534375 0.539541015625 0.4759293578125 0.536416015625 0.47778228125 0.537978515625 0.4801042265625 0.5520703124999999 0.48335842500000004
1 0.530146484375 0.6282223515625 0.5293652343749999 0.6296178343750001 0.5293652343749999 0.630544296875 0.5325 0.6324030109375001 0.535634765625 0.6314765484375 0.536416015625 0.6319397796875 0.539541015625 0.62868558125 0.5646093750000001 0.613827446875 0.565390625 0.611974521875 0.562255859375 0.6101158078125 0.560693359375 0.6101158078125 0.5348437500000001 0.6245107125 0.5348437500000001 0.625437175 0.530146484375 0.6282223515625
2 0.46436523437500005 0.48660683281250006 0.46436523437500005 0.48753329531249995 0.46749999999999997 0.48939200937500005 0.5293652343749999 0.489855240625 0.54189453125 0.488928778125 0.5669531250000001 0.488928778125 0.570087890625 0.48707006406250003 0.570087890625 0.4861436015625 0.5669531250000001 0.4842848875 0.54189453125 0.4842848875 0.5293652343749999 0.48521134843749997 0.46749999999999997 0.48474811874999996 0.46436523437500005 0.48660683281250006
1 0.5669531250000001 0.4606022 0.570087890625 0.462460915625 0.571650390625 0.462460915625 0.57478515625 0.4606022 0.57478515625 0.4592125078125 0.571650390625 0.45456861562500006 0.570087890625 0.44899826249999997 0.5669531250000001 0.4471395484375 0.565390625 0.4471395484375 0.562255859375 0.44899826249999997 0.563818359375 0.45549507812499995 0.5669531250000001 0.4606022
1 0.530927734375 0.44063694218749994 0.5325 0.44063694218749994 0.546591796875 0.4462130859375 0.547373046875 0.4471395484375 0.560693359375 0.4508511875 0.562255859375 0.4508511875 0.565390625 0.44899826249999997 0.563818359375 0.4466763171875 0.5520703124999999 0.44342211875000004 0.537978515625 0.43785176562499994 0.5371972656249999 0.4369253046875 0.53328125 0.43646207343750004 0.530146484375 0.438314996875 0.53171875 0.4401737109375 0.530927734375 0.44063694218749994
0 0.5596386718749999 0.4523566875 0.565068359375 0.454441228125 0.569560546875 0.4542501453125 0.57412109375 0.4526404171875 0.5750390624999999 0.44826288437499995 0.57201171875 0.44590040468750003 0.5678515625 0.4450028953125 0.565234375 0.44547770625 0.5577929687500001 0.4454545453125 0.5557226562500001 0.4460741171875 0.5520605468750001 0.448714534375 0.55220703125 0.45003474218750006 0.5538671875000001 0.451210190625 0.5596386718749999 0.4523566875
1 0.552861328125 0.42206716875000005 0.5497265625 0.4253155765625 0.5481640624999999 0.4313549515625 0.5512890625 0.433207875 0.552861328125 0.433207875 0.555986328125 0.4313549515625 0.5575585937499999 0.42577880781250005 0.560693359375 0.42253040000000003 0.563818359375 0.4155645625 0.567734375 0.41092067187500003 0.567734375 0.40999420937500003 0.5646093750000001 0.40813549531250004 0.563037109375 0.40813549531250004 0.560693359375 0.409067746875 0.55677734375 0.4137058484375 0.552861328125 0.42206716875000005
1 0.5231054687500001 0.40859872656249996 0.55912109375 0.41138969375 0.563037109375 0.41138969375 0.566171875 0.409530978125 0.566171875 0.40859872656249996 0.563037109375 0.4067458015625 0.5231054687500001 0.403960625 0.519970703125 0.40581354999999997 0.519970703125 0.4067458015625 0.5231054687500001 0.40859872656249996
0 0.55953125 0.414140128125 0.564423828125 0.41482339375 0.569189453125 0.41412275625 0.5709765625000001 0.41332947343750004 0.573408203125 0.41087434843750004 0.573505859375 0.4095136078125 0.5719921875 0.407550665625 0.569658203125 0.40635205625 0.564072265625 0.40581354999999997 0.559345703125 0.40685002968750006 0.5578027343749999 0.4078865078125 0.555439453125 0.4097452234375 0.555048828125 0.4110770125 0.555986328125 0.4123161546875 0.55953125 0.414140128125
2 0.46358398437500004 0.410457440625 0.46358398437500004 0.41138969375 0.46671874999999996 0.4132426171875 0.495693359375 0.4132426171875 0.519189453125 0.4123161546875 0.5669531250000001 0.4123161546875 0.570087890625 0.410457440625 0.570087890625 0.409530978125 0.5669531250000001 0.4076722640625 0.519189453125 0.4076722640625 0.495693359375 0.40859872656249996 0.46671874999999996 0.40859872656249996 0.46358398437500004 0.410457440625
1 0.546591796875 0.4011696578125 0.546591796875 0.4021019109375 0.5497265625 0.403960625 0.5536425781250001 0.4030283734375 0.5646093750000001 0.3895657203125 0.563818359375 0.37702953125 0.560693359375 0.3751708171875 0.55912109375 0.3751708171875 0.555986328125 0.37702953125 0.55677734375 0.38909669999999996 0.546591796875 0.4011696578125
1 0.52466796875 0.3714533875 0.5512890625 0.376097278125 0.5536425781250001 0.376097278125 0.55677734375 0.3742385640625 0.55677734375 0.3733121015625 0.5536425781250001 0.3714533875 0.539541015625 0.3696004625 0.5231054687500001 0.366346265625 0.519970703125 0.3682049796875 0.519970703125 0.3691314421875 0.52466796875 0.3714533875
0 0.5556054687499999 0.3804226984375 0.5604785156250001 0.38181818125 0.563349609375 0.38145917812499996 0.570361328125 0.377625940625 0.5758593750000001 0.37734800156250003 0.577841796875 0.375738275 0.577587890625 0.37438911406250003 0.5761132812499999 0.373358425 0.56556640625 0.370683265625 0.5626171875 0.3709727859375 0.55958984375 0.370544296875 0.556875 0.370984365625 0.5516015624999999 0.370295309375 0.549609375 0.370897509375 0.5477832031250001 0.372362478125 0.546396484375 0.3738737703125 0.5471874999999999 0.37556456250000003 0.55259765625 0.3779733640625 0.5556054687499999 0.3804226984375
2 0.46749999999999997 0.3742385640625 0.47455078124999994 0.37470758593750003 0.528583984375 0.3742385640625 0.554423828125 0.375634046875 0.562255859375 0.37795599375 0.563818359375 0.37795599375 0.5669531250000001 0.376097278125 0.565390625 0.3737753328125 0.5575585937499999 0.3714533875 0.5497265625 0.370526925 0.528583984375 0.3696004625 0.46749999999999997 0.3696004625 0.46436523437500005 0.3714533875 0.46436523437500005 0.3723856390625 0.46749999999999997 0.3742385640625
3 0.519970703125 0.4907874921875 0.522314453125 0.5140011578125 0.5176171875 0.5283960624999999 0.5176171875 0.540932253125 0.521533203125 0.6277591203124999 0.519970703125 0.6765141859375 0.522314453125 0.6779038796875 0.5254492187500001 0.6783729015625 0.5293652343749999 0.6765141859375 0.530927734375 0.646797915625 0.5270117187500001 0.52885929375 0.53171875 0.5144643890625 0.53171875 0.5088940359375 0.5293652343749999 0.4907874921875 0.530146484375 0.375634046875 0.527802734375 0.3440590625 0.5254492187500001 0.34266936875 0.522314453125 0.3422061375 0.5183984374999999 0.3440590625 0.520751953125 0.375634046875 0.519970703125 0.4907874921875
0 0.5648535156250001 0.49207875 0.56876953125 0.491279675 0.572529296875 0.4880660109375 0.571826171875 0.4834105390625 0.5702246093750001 0.482501446875 0.5656152343749999 0.48141285468749995 0.5623828125 0.481696584375 0.55998046875 0.4830225828125 0.557021484375 0.4836247828125 0.555634765625 0.48489866875 0.555283203125 0.4889982625 0.556494140625 0.489924725 0.5608789062499999 0.49147075781250005 0.5648535156250001 0.49207875