0 0.5513126171875 0.6042420875000001 0.544562865625 0.6037127609375 0.5427572171875 0.60284945 0.538909290625 0.60212208125 0.5358523328125 0.6024298515625001 0.5316974140624999 0.6006727296875 0.5274901562500001 0.6009921453125 0.5230952671875 0.602640690625 0.52237908125 0.6052409859375001 0.5234314875 0.6071661140625 0.5287592375 0.6102883578125 0.5379490609375 0.6111331843750001 0.541418534375 0.609699884375 0.5444991234375001 0.6098707906249999 0.54852159375 0.6093549312500001 0.5521287312500001 0.608312175 0.553606734375 0.6072929390625 0.5535474875 0.605523396875 0.5513126171875 0.6042420875000001
1 0.53177971875 0.5694310234375 0.5318132531249999 0.5684707343750001 0.5285253109375 0.5664387546875 0.52684286875 0.5663800015625 0.5166846296875 0.568426040625 0.4964954953125 0.56916033125 0.4913747078125 0.571376525 0.4913411734375 0.5723368125 0.4946291171875 0.5743687953125 0.49714774375 0.5744567468749999 0.5039075640624999 0.5732534921875 0.5173636187499999 0.5732455359374999 0.5232705890625 0.572490353125 0.5300470765624999 0.5708098296874999 0.53177971875 0.5694310234375
1 0.5298801671875 0.551615096875 0.528692578125 0.5616488078125 0.5285755109375 0.56500119375 0.5318634531249999 0.567033175 0.533545896875 0.567091928125 0.5369675734375 0.5652942515625 0.5379208249999999 0.561971065625 0.5382722296875 0.5519081546875 0.5349842875 0.5498761734375 0.5333018453125 0.549817421875 0.5298801671875 0.551615096875
0 0.56000254375 0.5662540968750001 0.5613209953125 0.56547109375 0.5618094546875 0.5641927718749999 0.5604326890625 0.5626017515624999 0.557505759375 0.5617856421874999 0.5451293453125 0.5606280359375 0.5428223187500001 0.5608353328125 0.5366799796875 0.5596651359375 0.534843040625 0.5599867234375 0.5334305046875001 0.5608643140625 0.5286289828124999 0.560581496875 0.526803121875 0.560874684375 0.5240441875 0.5630466953125 0.5236331125 0.5644198375 0.5219794249999999 0.565559596875 0.521259321875 0.56740555625 0.5217923453125 0.5714945421875 0.5248522578125 0.57399065625 0.5294239078125 0.5745014937499999 0.5316077984375001 0.5740653625000001 0.5349583171875001 0.571994609375 0.5404140734375 0.570584615625 0.5435695984375 0.5688985468750001 0.5491176328125 0.567445715625 0.5557040796875 0.5671633234375 0.56000254375 0.5662540968750001
2 0.45064191249999996 0.5584453671875 0.44722023593750004 0.5602430421875 0.44718670156250007 0.5612033328125 0.45047464374999996 0.5632353125 0.5260233515625 0.5658735312500001 0.53177971875 0.5694310234375 0.5342983453125 0.569518975 0.5377200234374999 0.5677213 0.5369675734375 0.5652942515625 0.5344656140625 0.5647290296875 0.5287092453125 0.5611715375 0.45064191249999996 0.5584453671875
1 0.542682734375 0.642243690625 0.535143525 0.6415025640625001 0.531721846875 0.643300240625 0.5316883140625001 0.6442605296874999 0.5366418296875 0.6468342828125 0.5458869421875 0.6466735203125 0.551887521875 0.6435265890624999 0.55192105625 0.6425663 0.5486230390625 0.64053396875 0.546950671875 0.6404755671875 0.542682734375 0.642243690625
1 0.531721846875 0.643300240625 0.53593958125 0.642969675 0.5402309765625 0.6402409109375 0.5470510734375 0.63760045 0.5555100015625001 0.6359786796875 0.5589485468750001 0.633697984375 0.5614838390625 0.633308665625 0.5615173734375001 0.6323483765625 0.569274053125 0.626862 0.5693073859375 0.625907459375 0.56601944375 0.623875478125 0.564337003125 0.6238167265625 0.562621228125 0.6247125140625001 0.561801709375 0.62420604375 0.5617681765625 0.625166334375 0.5514595359375 0.6315192984375 0.5421475546875001 0.6335948890624999 0.5412679640625 0.634519875 0.536190584375 0.63578188125 0.5318891156250001 0.63851029375 0.529353821875 0.6388996109375 0.528433903125 0.641268259375 0.531721846875 0.643300240625
1 0.527645878125 0.5433848125 0.534599909375 0.53690894375 0.5388744375 0.5346632 0.54151033125 0.531393015625 0.543426909375 0.52474699375 0.5401389671875 0.5227150125 0.538456525 0.5226562609375 0.5350348484375 0.5244539359375 0.5322652171875 0.5315537765625 0.527980615625 0.5337991703125 0.5244752046875 0.53799469375 0.5210432515625001 0.5397977671875 0.5165845874999999 0.5473164781250001 0.5165343874999999 0.5487540375 0.5198223296875 0.5507860171875001 0.5215047734375 0.5508447703125 0.5249264499999999 0.5490470937499999 0.527645878125 0.5433848125
1 0.5361220359375001 0.5172953421875001 0.5248837609375 0.5020319234375 0.5207261 0.50093103125 0.5173044234375 0.5027287078125 0.5180568734375 0.50515575625 0.526933915625 0.515535175 0.5293019390625 0.519935803125 0.5309677140625 0.5204718234375 0.532566421875 0.522928425 0.5334192718749999 0.52248035625 0.5367407484375 0.523552046875 0.5401725015625 0.5217547234375 0.5394099781249999 0.5193273234375 0.5361220359375001 0.5172953421875001
0 0.5601101359375 0.518979340625 0.5493698765625 0.51833945 0.5464451546875 0.5174600875 0.5415654453125 0.5171054515625 0.53848756875 0.517723384375 0.535259275 0.5174494468749999 0.5319213390625 0.5185822046874999 0.5303892515624999 0.5205725265625001 0.5308770843749999 0.5224894546875001 0.5301595906250001 0.5242606578125 0.5322091734375001 0.5262263671875 0.5381988265625 0.5294580859375 0.5410451265625 0.529983515625 0.5452627921875 0.529077225 0.5468388953125001 0.527848396875 0.5478488828125 0.525500165625 0.561070940625 0.5232387125 0.5626972515625 0.5223052578125 0.56309644375 0.5209835171874999 0.562121290625 0.519734684375 0.5601101359375 0.518979340625
0 0.5652278296875 0.4807457015625 0.5653687359374999 0.479599171875 0.563880078125 0.4774573078125 0.56017915 0.4759866296875 0.556774403125 0.47614408125 0.55389885 0.4753009796875 0.5490240625 0.47567192968749994 0.5472167796875 0.47629968749999996 0.5454192015625 0.4772271609375 0.544030165625 0.47916490625 0.545844821875 0.48121452343750004 0.545783778125 0.4829625953125 0.54703626875 0.4849350125 0.551349803125 0.4870603796875 0.5549248812500001 0.48751338593750004 0.5589600359375 0.48692312656250003 0.5619549687500001 0.4852141796875 0.5623430484374999 0.4836329734375 0.5639050984375 0.4828066640625 0.5652278296875 0.4807457015625
2 0.5476688234375 0.4754864296875 0.5375943203125 0.47513462031250003 0.4569748265625 0.4732807859375 0.4502485390625 0.47352375 0.4468167875 0.4753210734375 0.446783253125 0.4762813640625 0.4500812703125 0.4783136953125 0.5458191125 0.48021762187499994 0.5532912578125 0.482879328125 0.5549736984375 0.4829380796875 0.5583953765625 0.48114040312500006 0.55679666875 0.47868380468750005 0.5476688234375 0.4754864296875
1 0.5615167703124999 0.4399929734375 0.558218753125 0.43796064062499995 0.556546384375 0.437902240625 0.5531146328125 0.4396995640625 0.55382695625 0.4435645234375 0.5493917515625 0.45012259375 0.5448059468750001 0.46099333906249995 0.5446218109375 0.4662663046875 0.5479198265624999 0.4682986359375 0.5495921953125 0.4683570375 0.553023946875 0.46655971249999995 0.5541278015625 0.45892385 0.5622023515625 0.4443348484375 0.5615167703124999 0.4399929734375
1 0.554947678125 0.43544564062499996 0.55244571875 0.4348804171875 0.545859959375 0.43081035468750006 0.5450739765625 0.4293435953125 0.537685365625 0.42428979375000003 0.534464290625 0.42034298437500006 0.533611440625 0.420791053125 0.530280090625 0.41971325937500004 0.5268582109375 0.42151668593749997 0.526824878125 0.42247122499999995 0.5324975125 0.428426565625 0.5431839375 0.43551845 0.5439701218749999 0.436979459375 0.5464718796875 0.43755043125000004 0.5480940484375 0.439046390625 0.55227845 0.4396703640625 0.5557001265625 0.43787268749999997 0.5540946265625 0.435899459375 0.554947678125 0.43544564062499996
0 0.5672899250000001 0.4390258546875 0.567688115625 0.43773286562499997 0.565901509375 0.43603541718749994 0.562014121875 0.4355715046875 0.5596616046875 0.434481834375 0.5513596109375001 0.43420919375 0.55294279375 0.4382657671875 0.5489043125 0.4346185765625 0.5433682906249999 0.43543852968749996 0.5414255578125 0.4373454234375 0.542610940625 0.439217621875 0.547793659375 0.44100487812500005 0.5498165984375001 0.4425781625 0.5533766859375 0.444038165625 0.5609439109375 0.4448436 0.56346588125 0.44425807031250003 0.565414271875 0.442478034375 0.565541115625 0.4400010890625 0.5672899250000001 0.4390258546875
2 0.561566971875 0.43855541562499994 0.558268953125 0.4365230828125 0.549910425 0.4352697359375 0.4760608265625 0.43221299843749994 0.4667889734375 0.43285067968749996 0.4533765265625 0.431898696875 0.449954846875 0.4336963734375 0.44992131406249997 0.4346566625 0.4532092578125 0.43668864375 0.4582296421875 0.4373475671875 0.476729740625 0.4370321453125 0.5346480671875 0.439054696875 0.558101684375 0.441313028125 0.5615334375 0.4395157046875 0.561566971875 0.43855541562499994
1 0.515185359375 0.39472359687499997 0.515151825 0.3956838859375 0.51844984375 0.39771621874999996 0.533551525 0.39824358125 0.5452582703125 0.4000917015625 0.5486799484375 0.398294025 0.5487134828125 0.3973337375 0.5454255390625 0.39530175624999997 0.540421821875 0.3941655625 0.5186171125000001 0.3929262734375 0.515185359375 0.39472359687499997
1 0.562310065625 0.393012753125 0.550496325 0.394517371875 0.547064575 0.39631469531249996 0.5470310406250001 0.3972749859375 0.5503290562500001 0.3993073171875 0.552847684375 0.3993952703125 0.56298905625 0.3978322515625 0.5755721109375 0.3982716609375 0.5790038625 0.3964743375 0.579037396875 0.39551404843750004 0.5757393796875 0.393481715625 0.562310065625 0.393012753125
0 0.54645645 0.39437629687500003 0.5419461515624999 0.39470815937500003 0.5402045703125 0.3954763859375 0.5384059265625 0.397589815625 0.53921440625 0.40014547968749997 0.5429182828125 0.40268710625 0.5489826703125 0.40406760156250005 0.5527144546875 0.4040770171875 0.55540765625 0.4032096046875 0.5567211515625 0.40141315312500003 0.5601398515625 0.3999895953125 0.560519028125 0.3980856734375 0.5595989953125 0.3961248671875 0.5570355796875 0.3938533546875 0.552050840625 0.393040228125 0.5483751203125 0.39344729375 0.54645645 0.39437629687500003
2 0.4547650765625 0.3921358234375 0.451343396875 0.3939335 0.45130986406250007 0.3948937875 0.4545978078125 0.39692576874999996 0.46298327656250005 0.397696446875 0.537669059375 0.40078238437499997 0.5519512234375 0.4008032765625 0.5553829765625 0.399005953125 0.5554165109375 0.3980456625 0.5521184921875 0.39601333125 0.531116634375 0.39575778125 0.4547650765625 0.3921358234375
1 0.5162563984374999 0.340078665625 0.517025715625 0.34202269375 0.5326557859375 0.3516822296875 0.5401112625 0.3548212046875 0.5451151828125 0.3559516484375 0.548536859375 0.3541539734375 0.5469480250000001 0.351703475 0.5386563640625 0.3485353 0.5238458109375 0.33938223437500004 0.519678278125 0.338275240625 0.5162563984374999 0.340078665625
1 0.5532566 0.339447821875 0.546195575 0.349276428125 0.54184390625 0.3534423984375 0.5418105734374999 0.3543969375 0.545098315625 0.35643466875 0.549332915625 0.355621084375 0.56072874375 0.3421095265625 0.5607789453125 0.34067196875 0.5574910015625 0.3386399859375 0.5558085609375001 0.338581234375 0.5532566 0.339447821875
0 0.55607945625 0.3562424140625 0.5537563875 0.3537317328125 0.5531305234375 0.3517236265625 0.548423315625 0.349895403125 0.543053203125 0.3497193875 0.5404100046875 0.350887921875 0.539351590625 0.35433409843749997 0.53990736875 0.35661610312500003 0.5410797625 0.3577048640625 0.5414458062499999 0.3622428421875 0.5436041656249999 0.36398205781250004 0.5474406125 0.36474932656250003 0.5500621578125 0.36448968125 0.55374091875 0.36255129531249997 0.5626471828125 0.36285079374999996 0.5650881203125 0.3619860875 0.566197584375 0.36083308125 0.565971959375 0.359495278125 0.5648040171875001 0.358567875 0.5601981890625 0.3570137828125 0.55607945625 0.3562424140625
2 0.553440175 0.358165284375 0.55517281875 0.356786478125 0.555206353125 0.35582618906249996 0.551918409375 0.353794209375 0.5502359671875 0.35373545625 0.5417603718749999 0.3558344953125 0.5082153828125 0.3537073765625 0.48047036875 0.3541778109375 0.45696655 0.3533570390625 0.4535347984375 0.3551543640625 0.4535012640625 0.356114653125 0.4567992828125 0.358146984375 0.4803031015625 0.35896775625 0.5080481140625001 0.358497321875 0.5424290859374999 0.36065939375 0.553440175 0.358165284375
3 0.4943947796875 0.58107931875 0.4919595296875 0.6025781968749999 0.4916249921875 0.6121580890625 0.49355787656250005 0.6290194765625 0.49136647499999997 0.6677986109375 0.4954906015625 0.6698597921875 0.49887215312500005 0.6695000265625 0.5014409796875 0.6681504203124999 0.503264309375 0.639911465625 0.5031476015624999 0.6192791734374999 0.5016994968749999 0.6125098984374999 0.504469284375 0.581431128125 0.5022016625 0.5741553828125 0.5051957125000001 0.5363657359375 0.5028947578125 0.5300445296875 0.50162379375 0.5184914093749999 0.509848946875 0.4995897328125 0.510969828125 0.4674919234375 0.513512271875 0.4426345546875 0.5143654828125 0.41820180625000003 0.51091063125 0.3969750921875 0.5101820015625 0.369602725 0.5105500734375 0.3590625453125 0.5134032359375 0.3495706046875 0.5152432328125001 0.32085438125 0.5127748078125001 0.3193288703125 0.509436865625 0.318728696875 0.505178803125 0.3205029234375 0.50332873125 0.3492187953125 0.50047556875 0.3587107359375 0.5008361265625 0.3966232828125 0.5042743109375001 0.41832726718749996 0.499791109375 0.49876065468749997 0.49156615625000005 0.5176565796875 0.49281345937500004 0.5301760921875001 0.4951146171875 0.5364915484375 0.49212715781250005 0.5738035734375 0.4943947796875 0.58107931875
2 0.541710934375 0.52564853125 0.5451328109375 0.523845103125 0.5435439765625001 0.52139460625 0.53275035625 0.517661209375 0.5025603796875 0.5156454921875 0.48991704843750006 0.5166432890625 0.4470771453125 0.5161029890625 0.4436552671875 0.517906415625 0.443621934375 0.5188609546875 0.446909675 0.520898684375 0.46621242656249995 0.5215727515624999 0.5074303625 0.5206113421875 0.5174713328125 0.521923440625 0.5309006468749999 0.522392403125 0.540038565625 0.5255901296875 0.541710934375 0.52564853125
1 0.557492325 0.48302603125 0.5541943078125 0.48099369999999997 0.5525219406249999 0.4809352984375 0.5490901874999999 0.48273262343749995 0.547183684375 0.489378996875 0.541962296875 0.4944760578125 0.5339881453124999 0.506189940625 0.5339379453124999 0.5076274984375 0.5372258875 0.509659478125 0.53890833125 0.50971823125 0.5423300078125 0.5079205546875001 0.5503210265625 0.4957236546875 0.5555588796875 0.49015507343750003 0.557492325 0.48302603125
1 0.552655875 0.47709989375 0.5535087265625 0.4766518234375 0.55100696875 0.4760808515625 0.546070115625 0.47302982812499994 0.5420295234375 0.46857655156250005 0.53954443125 0.467528309375 0.5305571140625001 0.46001790624999994 0.5305906484375 0.4590576171875 0.529737596875 0.4595114359375 0.5264062468749999 0.45843364375 0.52298456875 0.46023131875 0.52373701875 0.46265836718750003 0.52540279375 0.4631943875 0.5294532609375 0.4676537703125 0.5319383531249999 0.4687020109375 0.5425311703125 0.47818564218750004 0.5450331296875001 0.4787508640625 0.546655296875 0.48024682343749997 0.5508394984375 0.480876546875 0.5542613765625 0.47907312187500006 0.552655875 0.47709989375
2 0.5362979390625 0.6084444625 0.5397196156249999 0.6066467875 0.53975315 0.6056865 0.533963446875 0.603083546875 0.5113560890625 0.6008547671875 0.49631119999999995 0.598412225 0.48361766875 0.60084758125 0.443363259375 0.59848040625 0.43993130625 0.60028348125 0.4398979734375 0.6012380187499999 0.44319579062500003 0.6032761015625 0.44988874375 0.6039876765625001 0.48428658281250003 0.605666728125 0.4978162984375 0.603260571875 0.5053219765625 0.6049619875000001 0.5337793109375 0.6083565109375 0.5362979390625 0.6084444625
2 0.5318555828125 0.6394705843749999 0.49153430625 0.6390182359375001 0.45543735781250005 0.637757703125 0.4411951171875 0.63630465 0.437773440625 0.6381023265625 0.43773990625000003 0.639062615625 0.4410278484375 0.641094596875 0.45443370312500003 0.6425241984375 0.49136683750000004 0.64381393125 0.5258148765625 0.644055425 0.5367088984375 0.6449137031250001 0.540130575 0.6431160265625 0.540164109375 0.6421557390625 0.5368761671875 0.6401237578125001 0.5318555828125 0.6394705843749999
1 0.5297389203125 0.6038974828125 0.52630716875 0.60569480625 0.52431693125 0.614739028125 0.5199483921875 0.6193880203125001 0.5199150593749999 0.6203425578124999 0.5232028015625 0.6223802890625 0.527437403125 0.6215667046875 0.5318057406250001 0.6169234640625 0.5336287093750001 0.6126691875 0.53470930625 0.6059882156249999 0.5314112875 0.6039558828125 0.5297389203125 0.6038974828125
1 0.4961941328125 0.6017646125 0.49948187343750006 0.60380234375 0.5262736343750001 0.6066550953125 0.52963851875 0.6067726 0.533060196875 0.6049749249999999 0.5330937312499999 0.604014634375 0.5298057875 0.6019826546875 0.49964914218749995 0.599012396875 0.496227465625 0.6008100734374999 0.4961941328125 0.6017646125
0 0.5373911671875 0.6383742671875 0.53285235 0.6377897328125 0.5306255171875 0.6380113453125 0.527553165625 0.6393376109375 0.52541453125 0.6407885984374999 0.5252327984375 0.6442596296875001 0.5261086140625 0.6454646921875 0.5291996515624999 0.64706951875 0.5310566421875 0.647617975 0.5360477718750001 0.6479592281250001 0.5412635203125 0.6479341062499999 0.5434987515625 0.6471831171875 0.5467250890625001 0.6428914906250001 0.545345646875 0.6407994968749999 0.539896040625 0.6397225765625 0.5373911671875 0.6383742671875