0 0.5469168359375 0.40143911406250005 0.5449391484375 0.4016912671875 0.5419675453125 0.40301967968749997 0.5386916828125 0.4039052890625 0.5372210953125001 0.40498770000000006 0.53625760625 0.40683271875000004 0.537423934375 0.40942189375 0.5423529406250001 0.4113345640625 0.5459432046875 0.41186346875 0.5520993921875 0.41079950781249996 0.554553753125 0.4092558421875 0.5559432046875 0.40708487031249996 0.554949290625 0.4037207875 0.5516632859375 0.40196802031249995 0.5469168359375 0.40143911406250005
0 0.5626470593749999 0.560246003125 0.5630831640625 0.5586100859375 0.5620081140625001 0.5573431734375001 0.5603346859375 0.5567158671875 0.5560851921875 0.555940959375 0.5464503046875 0.555313653125 0.5444929000000001 0.55440959375 0.5422210953125 0.5542127921875 0.53769776875 0.5554551046875 0.53442190625 0.5579766296875001 0.5323326578125 0.561500615625 0.5311663281250001 0.562865928125 0.5314401625 0.5651353015625 0.53507099375 0.5684132843749999 0.5412170390625 0.5707134078125 0.5477383359375 0.570873309375 0.5503346859375 0.5698031984374999 0.5525557812499999 0.5664206640625 0.552393509375 0.5649877 0.550486815625 0.5629458796875 0.55453346875 0.5620725703125 0.5600608515625 0.5618819187499999 0.5626470593749999 0.560246003125
1 0.5130527390624999 0.5650861015624999 0.5384989859375 0.56557195625 0.5416835703125 0.5636408359375 0.5416835703125 0.5626752765624999 0.5384989859375 0.5607441578125 0.5130527390624999 0.5602644531250001 0.509878296875 0.562195571875 0.509878296875 0.56316113125 0.5130527390624999 0.5650861015624999
1 0.5416835703125 0.5626752765624999 0.5384989859375 0.5646063953125 0.5416835703125 0.5742496921875 0.5416835703125 0.5858241078125 0.5424847875000001 0.5892004921875 0.5456592296875 0.5911254609375 0.547251521875 0.5911254609375 0.5504361062500001 0.5892004921875 0.5496348890625 0.5737638375 0.5464604468750001 0.5646063953125 0.5432758625 0.5626752765624999 0.5416835703125 0.5626752765624999
2 0.454208925 0.5973923734375 0.454208925 0.5983579328124999 0.457393509375 0.600289053125 0.5424847875000001 0.6012546125 0.55122718125 0.6041451421875 0.552819471875 0.6041451421875 0.5559939140625 0.602220171875 0.5544117640625 0.5998031984375001 0.5424847875000001 0.5964329640625 0.457393509375 0.5954674046874999 0.454208925 0.5973923734375
0 0.56892495 0.5988437890625 0.5669878296875 0.597460025 0.5618458421875 0.5962915125 0.555375253125 0.5960516609375001 0.5527991890624999 0.5954182046875001 0.549655171875 0.5954059046875 0.54769776875 0.595971709375 0.542139959375 0.59566420625 0.5396348890625 0.5963222625 0.53823529375 0.5979028296875 0.5381237328124999 0.5992435421875 0.53939148125 0.6011254609375001 0.5396146046875 0.6037084875 0.54072008125 0.60496925 0.5445030421875 0.60568880625 0.5466125765625 0.60681426875 0.5503955375 0.6073185734375001 0.55360040625 0.6068757687499999 0.556632859375 0.6055043046875 0.558722109375 0.602533825 0.5667241375 0.6023677734375 0.568833671875 0.6013468640624999 0.569442190625 0.5999815500000001 0.56892495 0.5988437890625
1 0.548042596875 0.597878228125 0.5488438140625 0.5973923734375 0.5432758625 0.5954674046874999 0.531348884375 0.5882349328124999 0.5289655171875001 0.587749078125 0.5194219062500001 0.582447725 0.5154462468750001 0.5819618703125 0.5122616640625 0.5838929890625 0.5138539546875001 0.5858241078125 0.5130527390624999 0.5863038125 0.5273732250000001 0.5925707250000001 0.53611561875 0.5983579328124999 0.5377079109375 0.5983579328124999 0.5424847875000001 0.6012546125 0.5448681546875 0.6017343171875 0.5464604468750001 0.6017343171875 0.5496348890625 0.5998031984375001 0.548042596875 0.597878228125
1 0.532139959375 0.62439729375 0.5377079109375 0.6200615 0.5432758625 0.6137884375 0.5504361062500001 0.6089667890625 0.5536105484375 0.6017343171875 0.5504361062500001 0.5998031984375001 0.5488438140625 0.5998031984375001 0.5456592296875 0.6017343171875 0.5432758625 0.6065559656249999 0.5369168359375001 0.610897909375 0.5305476671875 0.6181303812500001 0.5225963484375 0.6229520296875 0.52021298125 0.623431734375 0.5194219062500001 0.6258425578125 0.5225963484375 0.627773678125 0.5265720078125 0.6272939734375 0.5297565921875 0.6248831484374999 0.532139959375 0.62439729375
2 0.561561865625 0.6364514140625 0.5583874234375 0.6345264453125 0.49238336718750003 0.6345264453125 0.48283975625000003 0.6354920046875 0.4685294125 0.6350061499999999 0.465344828125 0.63693726875 0.465344828125 0.6379028296875 0.4685294125 0.6398277984375 0.48283975625000003 0.640313653125 0.49238336718750003 0.63934809375 0.55201825625 0.6398277984375 0.5583874234375 0.63934809375 0.561561865625 0.6374169734375 0.561561865625 0.6364514140625
0 0.546298175 0.633431734375 0.5515517234375 0.63685731875 0.5446247468750001 0.6353936046875 0.5453651109375001 0.6385670359375 0.5483367140625 0.6410824109375 0.5536105484375 0.6433333328125 0.5572008109375 0.6434440343750001 0.563326571875 0.6408856093749999 0.563793103125 0.6388314890625 0.563133875 0.6357257078125 0.5602434078125 0.6333025828125 0.55583164375 0.6323001234375 0.550841784375 0.6320295203125 0.546298175 0.633431734375
1 0.55122718125 0.634040590625 0.532139959375 0.6335608859375 0.5186206890625 0.6345264453125 0.5130527390624999 0.6359717093749999 0.509878296875 0.6379028296875 0.509878296875 0.6388622390625 0.5130527390624999 0.6407933578125 0.5154462468750001 0.6407933578125 0.5233975656250001 0.6388622390625 0.55122718125 0.6388622390625 0.5544117640625 0.63693726875 0.5544117640625 0.6359717093749999 0.55122718125 0.634040590625
1 0.55679513125 0.63693726875 0.5536105484375 0.6350061499999999 0.55201825625 0.6350061499999999 0.5432758625 0.6374169734375 0.5432758625 0.638382534375 0.5408924953125 0.63934809375 0.5257809328125 0.6576691265625 0.5257809328125 0.659120540625 0.5289655171875001 0.6610455109375 0.5329411765625001 0.6600799515625 0.548042596875 0.6417589171875 0.5552028390625 0.63934809375 0.55679513125 0.6379028296875 0.55679513125 0.63693726875
1 0.5552028390625 0.49661131562499994 0.5544117640625 0.507220171875 0.5488438140625 0.513493234375 0.5488438140625 0.51445264375 0.55201825625 0.5163837640625 0.5559939140625 0.5154182046875 0.5623630828125 0.5077060265625 0.5631541578125 0.49661131562499994 0.5599695734375 0.494686346875 0.5583874234375 0.494686346875 0.5552028390625 0.49661131562499994
1 0.5329411765625001 0.49661131562499994 0.5297565921875 0.49564575624999996 0.5265720078125 0.49757687500000003 0.5273732250000001 0.4999877 0.5337322515625 0.5048093484375 0.5440669375 0.5163837640625 0.548042596875 0.5173493234375 0.55122718125 0.5154182046875 0.5488438140625 0.511562115625 0.540091278125 0.50191881875 0.5337322515625 0.49709717031249995 0.5337322515625 0.49613161093749997 0.5329411765625001 0.49661131562499994
0 0.559229209375 0.5104981546875 0.55453346875 0.509667896875 0.5485496953125 0.5101906515625 0.5433367140625001 0.51182656875 0.54046653125 0.5146002453125 0.53981744375 0.517263221875 0.536957403125 0.5195264453124999 0.5378904671875 0.5227306265625 0.5402434078125 0.5254366546875 0.5451014203125 0.5261070109375 0.5490770796875 0.5249754 0.5504361062500001 0.5235485859375 0.5519878296875 0.5232287828125 0.5575557812499999 0.523499384375 0.562373225 0.522496925 0.5638945234375 0.520387453125 0.561561865625 0.5182164828125 0.5632657203125 0.5152337015625 0.5614401625000001 0.511599015625 0.559229209375 0.5104981546875
3 0.5035192703125 0.646580565625 0.5074949296875 0.6542988937499999 0.5066937125 0.69817958125 0.5090770796874999 0.699624846875 0.5122616640625 0.7001045515625 0.516237321875 0.69817958125 0.517028396875 0.6538130375 0.5130527390624999 0.6461008609375 0.5138539546875001 0.6186100859375 0.5122616640625 0.582447725 0.5082860046875 0.5457995078125 0.5130527390624999 0.5120418203125 0.5106693718749999 0.48311193125 0.5146450296875 0.469126690625 0.5154462468750001 0.4517650671875 0.5130527390624999 0.43682041875 0.5114705875000001 0.408370234375 0.5082860046875 0.3905289046875 0.5074949296875 0.33845018437499996 0.5051014203124999 0.33699877031250003 0.501926978125 0.336519065625 0.49795131875000004 0.33845018437499996 0.49874239375 0.391008609375 0.501926978125 0.40884993906249995 0.5059026375 0.46092865937500005 0.5051014203124999 0.469126690625 0.5011257609374999 0.48311193125 0.5035192703125 0.511562115625 0.49874239375 0.551586715625 0.502718053125 0.582447725 0.5043103453125 0.6190959406250001 0.5035192703125 0.646580565625
2 0.5416835703125 0.374132840625 0.5440669375 0.374132840625 0.547251521875 0.372201721875 0.547251521875 0.3712361625 0.5440669375 0.36931119375 0.5289655171875001 0.36641451406250003 0.5122616640625 0.3654551046875 0.49000000000000005 0.3654551046875 0.4685294125 0.36641451406250003 0.45341785 0.3683456328125 0.450233265625 0.3688253375 0.4470588234375 0.3707564578125 0.4470588234375 0.37172201718750003 0.450233265625 0.3736469859375 0.45341785 0.3736469859375 0.4772718046875 0.3707564578125 0.5122616640625 0.370276753125 0.532139959375 0.37172201718750003 0.5416835703125 0.374132840625
2 0.5424847875000001 0.5650861015624999 0.5440669375 0.5650861015624999 0.547251521875 0.56316113125 0.5464604468750001 0.5607441578125 0.5416835703125 0.5583333328125 0.5408924953125 0.55688806875 0.5384989859375 0.5564083640625 0.5051014203124999 0.555922509375 0.4732961453125 0.5573739234375 0.4589858015625 0.55688806875 0.4558012171875 0.5588191874999999 0.4558012171875 0.5597847484375 0.4589858015625 0.5617097171875 0.46455375312499997 0.562195571875 0.5059026375 0.5607441578125 0.5337322515625 0.5607441578125 0.53611561875 0.5612300125 0.540091278125 0.5646063953125 0.5424847875000001 0.5650861015624999
2 0.5559939140625 0.5173493234375 0.552819471875 0.5154182046875 0.5504361062500001 0.5154182046875 0.5416835703125 0.5173493234375 0.4971501015625 0.5163837640625 0.4589858015625 0.51686346875 0.4558012171875 0.5187945875 0.4558012171875 0.519760146875 0.4589858015625 0.5216851171875 0.4963590265625 0.5212054125 0.5424847875000001 0.522170971875 0.552819471875 0.520239853125 0.5559939140625 0.5183148828124999 0.5559939140625 0.5173493234375
1 0.5559939140625 0.4869680203125 0.552819471875 0.48504305 0.55122718125 0.48504305 0.5496348890625 0.48600245937500003 0.5488438140625 0.48552275468749995 0.548042596875 0.4869680203125 0.5432758625 0.48986469843749997 0.517028396875 0.49709717031249995 0.5154462468750001 0.4995079953125 0.5186206890625 0.5014329640625 0.52021298125 0.5014329640625 0.548042596875 0.49372078750000004 0.5559939140625 0.488413284375 0.5559939140625 0.4869680203125
1 0.539300203125 0.4739483390625 0.5257809328125 0.46864698593750004 0.5194219062500001 0.46719557187499994 0.516237321875 0.469126690625 0.5178296140625 0.471537515625 0.5369168359375001 0.47829028281249997 0.5464604468750001 0.4835916359375 0.5504361062500001 0.484077490625 0.5536105484375 0.482146371875 0.55201825625 0.4802152515625 0.552819471875 0.47973554687500003 0.5440669375 0.4763591640625 0.5408924953125 0.4739483390625 0.539300203125 0.4739483390625
0 0.5594016234375 0.4798585484375 0.55309330625 0.4787146375 0.5481845843750001 0.47906519062499997 0.5450811359375 0.48012915156249997 0.543042596875 0.48169126718750005 0.543326571875 0.48388068906250004 0.5421095328125001 0.4866912671875 0.54320486875 0.49011685156249996 0.548042596875 0.49261377656249994 0.5546348890624999 0.4933210328125 0.5586409734375 0.492177121875 0.560121703125 0.49121156250000003 0.5616835703125 0.4891512921875 0.561206896875 0.48677121718749994 0.56280933125 0.48558425625 0.564117646875 0.4829212796875 0.5630121703125 0.4814391140625 0.5594016234375 0.4798585484375
2 0.5544117640625 0.4879335796875 0.5559939140625 0.4879335796875 0.5591784984375 0.48600245937500003 0.55758620625 0.484077490625 0.5583874234375 0.4835916359375 0.55679513125 0.4835916359375 0.5488438140625 0.4802152515625 0.5218052734375 0.47876998750000005 0.48602434062500005 0.47876998750000005 0.47886409687500003 0.47973554687500003 0.46455375312499997 0.47973554687500003 0.46136916875 0.48166666718749995 0.46136916875 0.4826260765625 0.46455375312499997 0.48455719531249997 0.479655171875 0.48455719531249997 0.486815415625 0.4835916359375 0.5210141984375001 0.4835916359375 0.5408924953125 0.48455719531249997 0.547251521875 0.48504305 0.5544117640625 0.4879335796875
1 0.5448681546875 0.448394834375 0.5416835703125 0.4464637140625 0.540091278125 0.4464637140625 0.5369168359375001 0.448394834375 0.53532454375 0.4536961875 0.5305476671875 0.459003690625 0.5233975656250001 0.472503075 0.5233975656250001 0.4739483390625 0.5265720078125 0.47587945937500004 0.5281643 0.47587945937500004 0.532139959375 0.4729827796875 0.5384989859375 0.4594833953125 0.5432758625 0.4541758921875 0.5448681546875 0.448394834375
1 0.5408924953125 0.4416420671875 0.5416835703125 0.44115621093749996 0.539300203125 0.44067650625 0.5337322515625 0.43730012343749997 0.5297565921875 0.43247847500000003 0.517028396875 0.42380073749999997 0.5122616640625 0.4223554734375 0.5090770796874999 0.42428044218750005 0.5090770796874999 0.42572570781249996 0.5218052734375 0.4339237390625 0.5265720078125 0.439710946875 0.5297565921875 0.44115621093749996 0.5305476671875 0.4426076265625 0.5329411765625001 0.44308733125 0.53532454375 0.44501844999999995 0.539300203125 0.4454981546875 0.5424847875000001 0.4435731859375 0.5408924953125 0.4416420671875
0 0.556206896875 0.4417712171875 0.55320486875 0.4404981546875 0.541926978125 0.438985240625 0.5394523328124999 0.43947724531250004 0.5361561859374999 0.43931734375 0.5338945234375 0.4401291515625 0.5316835703125 0.4423739234375 0.532819471875 0.44512300156249995 0.532677484375 0.44687576875 0.533935090625 0.4491574421875 0.5387322515624999 0.45316113125 0.5418357 0.4539298890625 0.547119675 0.452742928125 0.5499391484375 0.45004305 0.5501115624999999 0.447767528125 0.5519472609375 0.44688191875000005 0.5557302234375 0.44631611250000003 0.55730223125 0.4452275515625 0.55769776875 0.44384993906250003 0.556206896875 0.4417712171875
2 0.548042596875 0.4464637140625 0.5464604468750001 0.4445325953125 0.547251521875 0.444052890625 0.5456592296875 0.444052890625 0.5384989859375 0.4401968015625 0.532139959375 0.439710946875 0.5011257609374999 0.4401968015625 0.46455375312499997 0.4426076265625 0.46136916875 0.4445325953125 0.46136916875 0.4454981546875 0.46455375312499997 0.447429275 0.47011156249999997 0.447429275 0.5011257609374999 0.44501844999999995 0.5345233265625 0.4445325953125 0.5432758625 0.448394834375 0.5448681546875 0.448394834375 0.548042596875 0.4464637140625
1 0.561561865625 0.42186961875 0.5623630828125 0.41994465 0.5631541578125 0.4107810578125 0.55758620625 0.40499385 0.552819471875 0.40306273125000003 0.5504361062500001 0.40306273125000003 0.547251521875 0.4035485859375 0.5440669375 0.4054735546875 0.5440669375 0.4064391140625 0.547251521875 0.408370234375 0.5504361062500001 0.407884378125 0.5536105484375 0.40981549843750004 0.5552028390625 0.4117466171875 0.5536105484375 0.42186961875 0.55679513125 0.42380073749999997 0.5583874234375 0.42380073749999997 0.561561865625 0.42186961875
1 0.5440669375 0.40306273125000003 0.5369168359375001 0.4025830265625 0.5305476671875 0.4001722015625 0.5194219062500001 0.39341943437500004 0.5146450296875 0.3861869625 0.5106693718749999 0.3852214015625 0.5074949296875 0.387152521875 0.5074949296875 0.3885977859375 0.5122616640625 0.39583025781250003 0.516237321875 0.397761378125 0.517028396875 0.3992066421875 0.5289655171875001 0.4054735546875 0.53611561875 0.4074046734375 0.5440669375 0.407884378125 0.547251521875 0.405959409375 0.547251521875 0.40499385 0.5440669375 0.40306273125000003
2 0.490791075 0.404028290625 0.4597768765625 0.4054735546875 0.456602434375 0.4074046734375 0.456602434375 0.408370234375 0.4597768765625 0.410295203125 0.4669371203125 0.410295203125 0.490791075 0.40884993906249995 0.5504361062500001 0.40884993906249995 0.5536105484375 0.40692496875 0.5536105484375 0.405959409375 0.5504361062500001 0.404028290625 0.490791075 0.404028290625
1 0.540091278125 0.36931119375 0.5369168359375001 0.3712361625 0.539300203125 0.3813653140625 0.5384989859375 0.3992066421875 0.539300203125 0.4025830265625 0.5424847875000001 0.40451414531249996 0.5440669375 0.40451414531249996 0.547251521875 0.4025830265625 0.547251521875 0.380885609375 0.5448681546875 0.3712361625 0.5416835703125 0.36931119375 0.540091278125 0.36931119375
1 0.5059026375 0.349059040625 0.5051014203124999 0.3495387453125 0.501926978125 0.3485731859375 0.49874239375 0.3505043046875 0.49874239375 0.35194956875 0.5051014203124999 0.357257071875 0.5265720078125 0.3697908984375 0.53532454375 0.37172201718750003 0.5384989859375 0.3697908984375 0.5369168359375001 0.3673800734375 0.531348884375 0.365934809375 0.5265720078125 0.3635239859375 0.5130527390624999 0.35532595312500004 0.5059026375 0.349059040625
0 0.5495436109375 0.36672201718749997 0.54474645 0.36568265625 0.539482759375 0.36531365312499997 0.5358722109375 0.36608856093750003 0.533651115625 0.3657810578125 0.5306795125 0.3661254609375 0.5346653140625001 0.3698216484375 0.528255578125 0.3670725703125 0.5263793109375 0.36924969218750003 0.5281643 0.37233087343750004 0.5306490875 0.37305043125 0.534158215625 0.3757441578125 0.5386713999999999 0.3770664203125 0.54730223125 0.3758548578125 0.549442190625 0.3738929890625 0.5527687625000001 0.37222632187500004 0.55363083125 0.370861009375 0.5524239343749999 0.3686100859375 0.5495436109375 0.36672201718749997