2 0.482021484375 0.6328131875 0.4865234375 0.6331208796875 0.492236328125 0.634344321875 0.5 0.6346520140624999 0.506943359375 0.6355750921875 0.5171582031249999 0.6358754578125 0.520830078125 0.6358754578125 0.522470703125 0.6346520140624999 0.522470703125 0.6340366296875 0.520830078125 0.6328131875 0.507353515625 0.63250549375 0.50041015625 0.63158974375 0.49264648437499997 0.6312820515625 0.48897460937500004 0.630358975 0.482021484375 0.6297509156250001 0.48039062499999996 0.630974359375 0.48039062499999996 0.63158974375 0.482021484375 0.6328131875
1 0.5151171875 0.5972674 0.516748046875 0.5984908421874999 0.531044921875 0.6006373625 0.540029296875 0.603091575 0.541259765625 0.603091575 0.542890625 0.60186080625 0.542890625 0.601252746875 0.5404394531250001 0.5997142859375 0.5330859375 0.5978754578125 0.521240234375 0.5960366296874999 0.52001953125 0.5957362640625 0.5179785156250001 0.5938974359375 0.5171582031249999 0.5938974359375 0.51552734375 0.5951208796875 0.5151171875 0.596344321875 0.5151171875 0.5972674
2 0.49019531250000004 0.6153479859375001 0.516748046875 0.6168791203125 0.52287109375 0.6181025640625 0.5241015625000001 0.6181025640625 0.525732421875 0.6168791203125 0.525732421875 0.6162637359375001 0.5241015625000001 0.61504029375 0.52001953125 0.614117215625 0.49019531250000004 0.6122783875 0.48856445312499996 0.6135091578125 0.48856445312499996 0.614117215625 0.49019531250000004 0.6153479859375001
0 0.52861328125 0.6169670328125 0.5269433593749999 0.6138608062500001 0.52267578125 0.612 0.518212890625 0.6117582421875001 0.5150390625 0.6127619046875 0.512939453125 0.6148498171875 0.5127832031249999 0.6175604390625 0.51486328125 0.619245421875 0.5186230468749999 0.6193626375 0.5228613281250001 0.6211282046875 0.526318359375 0.6203662999999999 0.52806640625 0.6189157515625 0.52861328125 0.6169670328125
1 0.52369140625 0.61841025625 0.535126953125 0.619025640625 0.537578125 0.6181025640625 0.5371777343749999 0.6177948718749999 0.53798828125 0.6171868125 0.53798828125 0.616571428125 0.536357421875 0.6153479859375001 0.53390625 0.61595604375 0.530224609375 0.61595604375 0.526142578125 0.615655678125 0.52287109375 0.6147326 0.521240234375 0.61595604375 0.521240234375 0.616571428125 0.52369140625 0.61841025625
1 0.52001953125 0.6122783875 0.519609375 0.6162637359375001 0.521240234375 0.61749450625 0.5220605468749999 0.61749450625 0.52369140625 0.6162637359375001 0.52451171875 0.61258608125 0.530634765625 0.6187179484375 0.532275390625 0.621472528125 0.53431640625 0.6230109890625 0.536357421875 0.623619046875 0.53798828125 0.6223956046875 0.53798828125 0.6217802203125 0.535126953125 0.6193333328125 0.53390625 0.6168791203125 0.531865234375 0.6153479859375001 0.531865234375 0.6147326 0.5294140625 0.61258608125 0.5277734374999999 0.61013919375 0.52451171875 0.608908425 0.5232812499999999 0.608908425 0.522470703125 0.609523809375 0.5220605468749999 0.6092161171875 0.52001953125 0.6122783875
1 0.5179785156250001 0.5767325999999999 0.519609375 0.5773479859374999 0.5445214843749999 0.5782637359375 0.546162109375 0.57704029375 0.546162109375 0.5764249078125 0.5445214843749999 0.575201465625 0.52287109375 0.57458608125 0.5187890625 0.573978021875 0.5171582031249999 0.575201465625 0.5171582031249999 0.57581685 0.5179785156250001 0.5767325999999999
1 0.49509765625 0.5742857140625001 0.49346679687500006 0.5755091578125 0.49346679687500006 0.5761245421875001 0.49509765625 0.5773479859374999 0.498779296875 0.5773479859374999 0.512666015625 0.5788791203125 0.51552734375 0.5782637359375 0.5159277343750001 0.577655678125 0.5191992187500001 0.5764249078125 0.5187890625 0.5761245421875001 0.519609375 0.5748937734374999 0.5179785156250001 0.5736703296875 0.5171582031249999 0.5736703296875 0.512666015625 0.57581685 0.498779296875 0.5742857140625001 0.49509765625 0.5742857140625001
0 0.5127832031249999 0.5808498171875 0.5162011718749999 0.5808498171875 0.5184960937499999 0.5796483515624999 0.521953125 0.5791868124999999 0.5240136718749999 0.5775238093749999 0.52345703125 0.5735531140625 0.519755859375 0.5715384609374999 0.5161718750000001 0.5711794875 0.5138671875 0.571794871875 0.5121386718750001 0.5729450546875 0.511572265625 0.5744249078125 0.509794921875 0.5758315015625 0.5091210937499999 0.578109890625 0.5100976562499999 0.57968498125 0.5127832031249999 0.5808498171875
2 0.49019531250000004 0.5736703296875 0.5151171875 0.5761245421875001 0.5183789062499999 0.57704029375 0.519609375 0.57704029375 0.521240234375 0.57581685 0.521240234375 0.575201465625 0.519609375 0.573978021875 0.517568359375 0.5733626375 0.49019531250000004 0.570608059375 0.48856445312499996 0.5718315015625001 0.48856445312499996 0.5724468859375 0.49019531250000004 0.5736703296875
1 0.517568359375 0.5555897437499999 0.52001953125 0.557428571875 0.5204296875 0.558344321875 0.5241015625000001 0.5601831500000001 0.52818359375 0.5635531140625 0.5294140625 0.56386080625 0.530224609375 0.5647838828125 0.532275390625 0.5650915750000001 0.53390625 0.56386080625 0.5330859375 0.5626373625000001 0.53349609375 0.5623296703125 0.532275390625 0.562021978125 0.52859375 0.55895970625 0.524921875 0.5571208796875 0.5220605468749999 0.554974359375 0.521650390625 0.5540586078125 0.5204296875 0.553750915625 0.5179785156250001 0.551296703125 0.5171582031249999 0.551296703125 0.51552734375 0.5525274718750001 0.516748046875 0.5555897437499999 0.517568359375 0.5555897437499999
1 0.5151171875 0.551296703125 0.514296875 0.5531355312499999 0.5159277343750001 0.5543663 0.5179785156250001 0.553750915625 0.5204296875 0.5506886453125001 0.522470703125 0.5491501828125 0.522470703125 0.548542125 0.527373046875 0.544249084375 0.5277734374999999 0.5427179484375 0.526142578125 0.5414945062500001 0.5253222656250001 0.5414945062500001 0.52451171875 0.5421025640625 0.5241015625000001 0.5418021984375 0.5151171875 0.551296703125
0 0.525390625 0.5518095234375 0.523203125 0.5496043953124999 0.516318359375 0.548380953125 0.512919921875 0.5502124546875 0.511513671875 0.555069596875 0.513701171875 0.55723076875 0.516494140625 0.5576556781249999 0.518505859375 0.5573333328125 0.520546875 0.5570989015625 0.52392578125 0.5555091578125 0.525263671875 0.553641025 0.525390625 0.5518095234375
2 0.47712890625000004 0.5531355312499999 0.50041015625 0.5534432234375 0.50490234375 0.5540586078125 0.5171582031249999 0.5543663 0.520830078125 0.5543663 0.522470703125 0.5531355312499999 0.522470703125 0.5525274718750001 0.520830078125 0.551296703125 0.5171582031249999 0.5509890109375 0.47712890625000004 0.550073259375 0.47548828125 0.551296703125 0.47548828125 0.5519120875 0.47712890625000004 0.5531355312499999
1 0.526142578125 0.527699634375 0.5253222656250001 0.5267838828125 0.521240234375 0.5255604390624999 0.52001953125 0.5255604390624999 0.5183789062499999 0.5267838828125 0.5183789062499999 0.5273992671875 0.52001953125 0.5286227109375 0.5232812499999999 0.5295384609375 0.524921875 0.5307692312500001 0.52818359375 0.53168498125 0.53267578125 0.53168498125 0.535537109375 0.5310769234375 0.5392187500000001 0.5283150187500001 0.5404394531250001 0.52586080625 0.53880859375 0.5246373625 0.53798828125 0.5246373625 0.53267578125 0.5286227109375 0.52859375 0.5286227109375 0.526142578125 0.527699634375
1 0.5179785156250001 0.5160586078125 0.51552734375 0.522798534375 0.5159277343750001 0.5249450546875 0.517568359375 0.5261684984375 0.5183789062499999 0.5261684984375 0.52001953125 0.5249450546875 0.519609375 0.5231062265624999 0.521240234375 0.5191208796875 0.522470703125 0.5120732593749999 0.52369140625 0.50931868125 0.52369140625 0.5083956046875 0.5220605468749999 0.5071721609375001 0.521240234375 0.5071721609375001 0.519609375 0.5083956046875 0.5187890625 0.509926740625 0.5179785156250001 0.5160586078125
0 0.52958984375 0.529025640625 0.529306640625 0.5273772890624999 0.5277734374999999 0.5257289375 0.5245703125000001 0.5249230765624999 0.523681640625 0.52358974375 0.520732421875 0.52181685 0.5178808593750001 0.5212600734375 0.5155371093750001 0.5216337 0.513046875 0.523274725 0.512666015625 0.52495970625 0.5139453125 0.5273333328125 0.51505859375 0.529846153125 0.520751953125 0.5324542125 0.52744140625 0.5311941390625 0.52958984375 0.529025640625
2 0.506123046875 0.525252746875 0.489375 0.525252746875 0.486923828125 0.5255604390624999 0.48529296874999994 0.5267838828125 0.48529296874999994 0.5273992671875 0.486923828125 0.5286227109375 0.520830078125 0.5286227109375 0.522470703125 0.5273992671875 0.5220605468749999 0.52586080625 0.520830078125 0.525252746875 0.519609375 0.52341391875 0.5191992187500001 0.5237216124999999 0.517568359375 0.5231062265624999 0.5159277343750001 0.5243296703125 0.5159277343750001 0.52586080625 0.506123046875 0.525252746875
1 0.52369140625 0.4970549453125 0.524921875 0.5001245421875 0.5265527343749999 0.5013479859375 0.527373046875 0.5013479859375 0.52900390625 0.5001245421875 0.5277734374999999 0.496754578125 0.5277734374999999 0.48969963437499997 0.52900390625 0.484798534375 0.527373046875 0.48357509218750006 0.5265527343749999 0.48357509218750006 0.524921875 0.484798534375 0.5241015625000001 0.48725274687500003 0.52369140625 0.4970549453125
1 0.52900390625 0.4995091578125 0.527373046875 0.5007326 0.527373046875 0.5013479859375 0.52900390625 0.502571428125 0.530634765625 0.502571428125 0.53880859375 0.5019633703124999 0.5453417968750001 0.5007326 0.55759765625 0.49644688593749997 0.5571875000000001 0.49613919375000004 0.5580078125 0.4949157515625 0.556376953125 0.49368498125000004 0.555556640625 0.49368498125000004 0.54861328125 0.49644688593749997 0.540849609375 0.49859340625000004 0.52900390625 0.4995091578125
0 0.533564453125 0.5043956046875 0.534619140625 0.5028351640625 0.533720703125 0.49975091562499996 0.531328125 0.49764102499999996 0.5274316406249999 0.49598534843750003 0.525146484375 0.49618314999999996 0.5236328125 0.497069596875 0.522314453125 0.5010109890625001 0.5232421875 0.5040952375 0.526962890625 0.505663003125 0.5311914062499999 0.5056263734375 0.533564453125 0.5043956046875
2 0.512666015625 0.5013479859375 0.496728515625 0.5013479859375 0.491826171875 0.5019633703124999 0.49019531250000004 0.5031868125 0.49019531250000004 0.5038021984375 0.491826171875 0.505025640625 0.493876953125 0.505025640625 0.497138671875 0.50441025625 0.512666015625 0.50441025625 0.52982421875 0.502571428125 0.531455078125 0.5013479859375 0.530634765625 0.5001245421875 0.531044921875 0.49981685000000003 0.530224609375 0.49981685000000003 0.52859375 0.49859340625000004 0.5265527343749999 0.4982857140625 0.52369140625 0.5004249078125 0.5159277343750001 0.5007326 0.512666015625 0.5013479859375
1 0.5241015625000001 0.4881684984375 0.52369140625 0.49368498125000004 0.52287109375 0.4958315015625 0.52287109375 0.4970549453125 0.52451171875 0.4982857140625 0.5253222656250001 0.4982857140625 0.526962890625 0.4970549453125 0.527373046875 0.4958315015625 0.5277734374999999 0.4906227109375 0.530224609375 0.4808131875 0.5294140625 0.47805860781250004 0.5277734374999999 0.47683516406250004 0.526962890625 0.47683516406250004 0.5253222656250001 0.47805860781250004 0.526142578125 0.4808131875 0.5241015625000001 0.4881684984375
1 0.508173828125 0.4798974359375 0.5098046875 0.48112087968750006 0.510625 0.48112087968750006 0.513076171875 0.47958974374999996 0.5187890625 0.4774432234375 0.521240234375 0.47836629999999997 0.52287109375 0.47713553124999997 0.52287109375 0.476527471875 0.521650390625 0.4746886453125 0.5191992187500001 0.474073259375 0.51021484375 0.4774432234375 0.50857421875 0.4786739921875 0.508173828125 0.4798974359375
0 0.531728515625 0.47686446875 0.52990234375 0.474747253125 0.527509765625 0.4733772890625 0.5226464843749999 0.472571428125 0.518720703125 0.4728717953125 0.5164160156250001 0.4747106234375 0.51599609375 0.4766227109375 0.5165625 0.4784175828125 0.519658203125 0.48044688593749996 0.52275390625 0.480608059375 0.526845703125 0.481978021875 0.530107421875 0.4813772890625 0.531865234375 0.47964835156249996 0.531728515625 0.47686446875
2 0.48733398437500003 0.47805860781250004 0.5040820312500001 0.47805860781250004 0.513076171875 0.4786739921875 0.521240234375 0.47836629999999997 0.5241015625000001 0.4786739921875 0.526962890625 0.4798974359375 0.5277734374999999 0.4798974359375 0.5294140625 0.4786739921875 0.52859375 0.47713553124999997 0.52451171875 0.47560439531250004 0.521240234375 0.475296703125 0.513076171875 0.47560439531250004 0.5040820312500001 0.47499633750000003 0.48733398437500003 0.47499633750000003 0.485703125 0.4762197796875 0.485703125 0.47683516406250004 0.48733398437500003 0.47805860781250004
1 0.52287109375 0.4513992671875 0.52451171875 0.4526227109375 0.5277734374999999 0.45231501874999996 0.541669921875 0.456608059375 0.549833984375 0.4608937734375 0.553515625 0.463655678125 0.554736328125 0.463655678125 0.556376953125 0.46243223437500003 0.5559667968750001 0.46120146562500003 0.551875 0.45813919375 0.5433007812499999 0.45384615312500004 0.531865234375 0.450476190625 0.530224609375 0.4495604390625 0.5265527343749999 0.44925274687499994 0.52451171875 0.4495604390625 0.52287109375 0.45078388281250004 0.52287109375 0.4513992671875
1 0.5220605468749999 0.44373626406250005 0.520830078125 0.45078388281250004 0.522470703125 0.45200732656250003 0.5232812499999999 0.45200732656250003 0.524921875 0.45078388281250004 0.525732421875 0.4452674 0.53431640625 0.42657142812500004 0.53431640625 0.42565567812499994 0.53267578125 0.42443223437500005 0.531865234375 0.42443223437500005 0.530224609375 0.42565567812499994 0.5253222656250001 0.43760439531250006 0.5220605468749999 0.44373626406250005
0 0.5308203125000001 0.44972893750000004 0.525068359375 0.44597802187499996 0.521376953125 0.44595604375000003 0.519765625 0.44715750937500004 0.518681640625 0.44931135468749994 0.5191113281249999 0.4520146515625 0.520751953125 0.453479853125 0.52486328125 0.45521611718750005 0.528857421875 0.45446153906250003 0.53083984375 0.4526520140625 0.5308203125000001 0.44972893750000004
2 0.49019531250000004 0.45170695937499994 0.52287109375 0.45200732656250003 0.524921875 0.452930403125 0.525732421875 0.452930403125 0.527373046875 0.45170695937499994 0.5265527343749999 0.4501684984375 0.5232812499999999 0.4489450546875 0.49019531250000004 0.44863736249999997 0.48856445312499996 0.44986813124999997 0.48856445312499996 0.450476190625 0.49019531250000004 0.45170695937499994
1 0.521650390625 0.42657142812500004 0.5232812499999999 0.4278021984375 0.526962890625 0.42810989062499993 0.5347265625000001 0.43055677656249997 0.5453417968750001 0.43546520156249996 0.55310546875 0.439750915625 0.554326171875 0.439750915625 0.5559667968750001 0.43852747187499996 0.555146484375 0.4373040296875 0.555556640625 0.4369963375 0.554326171875 0.43668864531249996 0.553515625 0.43576556718750004 0.537578125 0.42841025625 0.531865234375 0.4262710625 0.5265527343749999 0.42504029374999996 0.526142578125 0.4241245421875 0.52451171875 0.4228937734375 0.52369140625 0.4228937734375 0.5220605468749999 0.4241245421875 0.521650390625 0.4253479859375 0.521650390625 0.42657142812500004
1 0.513076171875 0.429641025 0.508173828125 0.4320879125 0.501630859375 0.4373040296875 0.49836914062500004 0.4388351640625 0.498779296875 0.43913553125 0.497958984375 0.4403663 0.49958984375000004 0.44158974375 0.501630859375 0.44128205156250006 0.512255859375 0.4336263734375 0.5151171875 0.4323956046875 0.5171582031249999 0.43055677656249997 0.52451171875 0.42749450624999996 0.525732421875 0.4262710625 0.526962890625 0.4259633703125 0.5265527343749999 0.42565567812499994 0.527373046875 0.42443223437500005 0.525732421875 0.42320146562499994 0.52451171875 0.42320146562499994 0.522470703125 0.4247326 0.5151171875 0.4278021984375 0.513076171875 0.429641025
0 0.5214453125 0.43045421250000004 0.524765625 0.43012454218749996 0.531171875 0.42747985312500003 0.5334375 0.42425641093750005 0.532880859375 0.42264468906249997 0.5315624999999999 0.42164835156249997 0.52640625 0.42116483593750004 0.52103515625 0.42191941406250005 0.5189746093750001 0.4240879125 0.5175097656250001 0.42619047656250003 0.51771484375 0.428293040625 0.5192578125 0.429926740625 0.5214453125 0.43045421250000004
2 0.493876953125 0.42657142812500004 0.4955078125 0.4278021984375 0.49754882812499995 0.4278021984375 0.5151171875 0.4259633703125 0.5277734374999999 0.4262710625 0.5294140625 0.4259633703125 0.531044921875 0.4247326 0.531044921875 0.4241245421875 0.5294140625 0.4228937734375 0.5151171875 0.4228937734375 0.4955078125 0.4247326 0.493876953125 0.4259633703125 0.493876953125 0.42657142812500004
1 0.537578125 0.40389743593749994 0.5420703125 0.40635164843749993 0.54861328125 0.41094505468750003 0.550654296875 0.41125274687499996 0.55228515625 0.4100293046875 0.551474609375 0.40879853437499997 0.551875 0.40849084218750004 0.5490234375 0.4072674 0.5441210937500001 0.40358974375 0.5404394531250001 0.40205860781249997 0.540029296875 0.40144322343749994 0.53431640625 0.3996043953125 0.53267578125 0.4008351640625 0.53349609375 0.4023663 0.537578125 0.40389743593749994
1 0.512666015625 0.395926740625 0.517568359375 0.3974652015625 0.5187890625 0.3986886453125 0.52818359375 0.401750915625 0.52900390625 0.401750915625 0.530634765625 0.400527471875 0.52982421875 0.39899633749999996 0.520830078125 0.395926740625 0.5187890625 0.3943956046875 0.512666015625 0.39286446875 0.511025390625 0.39408791249999997 0.511025390625 0.394703296875 0.512666015625 0.395926740625
0 0.538818359375 0.3991794875 0.536865234375 0.3979633703125 0.532509765625 0.3970842484375 0.526748046875 0.3978974359375 0.5247265624999999 0.3998754578125 0.5244726562500001 0.4017802203125 0.526572265625 0.40404395624999995 0.529169921875 0.4046739921875 0.533251953125 0.4052380953125 0.538193359375 0.40389743593749994 0.539873046875 0.40177289375 0.538818359375 0.3991794875
2 0.488154296875 0.4011428578125 0.4865234375 0.4023663 0.4865234375 0.402981684375 0.488154296875 0.404205128125 0.48978515624999996 0.404205128125 0.49427734375 0.40328205156249997 0.5008203124999999 0.40328205156249997 0.519609375 0.401750915625 0.5294140625 0.401750915625 0.535126953125 0.40267399218750005 0.536767578125 0.40144322343749994 0.536767578125 0.4008351640625 0.53390625 0.3993040296875 0.52982421875 0.3986886453125 0.519609375 0.3986886453125 0.5008203124999999 0.40021977968750005 0.493876953125 0.40021977968750005 0.488154296875 0.4011428578125
1 0.5134765625 0.6328131875 0.511845703125 0.6340366296875 0.512255859375 0.6371062265625 0.51388671875 0.6383296703125 0.5147070312500001 0.6383296703125 0.519609375 0.6364908421875 0.535537109375 0.63250549375 0.53798828125 0.630974359375 0.53798828125 0.630358975 0.536357421875 0.62913553125 0.535126953125 0.62913553125 0.516748046875 0.634344321875 0.514296875 0.6328131875 0.5134765625 0.6328131875
1 0.5204296875 0.6515091578125001 0.521240234375 0.6524249078125 0.5232812499999999 0.65304029375 0.524921875 0.65181685 0.524921875 0.651201465625 0.51552734375 0.6386373625 0.51552734375 0.6340366296875 0.51388671875 0.6328131875 0.513076171875 0.6328131875 0.511435546875 0.6340366296875 0.511435546875 0.639252746875 0.5204296875 0.6515091578125001
0 0.5134960937499999 0.64222710625 0.51662109375 0.6413992671875001 0.52099609375 0.6369670328125 0.520771484375 0.6355531140624999 0.5183984374999999 0.632293040625 0.5153125000000001 0.63104761875 0.511611328125 0.63095970625 0.50908203125 0.6320366296875 0.507890625 0.6335091578125 0.507919921875 0.6357216125 0.5078710937500001 0.6371648359375001 0.50935546875 0.6400512828125 0.510986328125 0.641384615625 0.5134960937499999 0.64222710625
3 0.507763671875 0.4023663 0.507763671875 0.4097216125 0.50857421875 0.413091575 0.507763671875 0.41584615312500006 0.507353515625 0.4271868125 0.506123046875 0.434542125 0.506123046875 0.44251282031250005 0.5053124999999999 0.44495970625 0.506123046875 0.44863736249999997 0.506123046875 0.4550769234375 0.50490234375 0.4584468859375 0.5044921875 0.46427106250000005 0.50490234375 0.4841904765625 0.507763671875 0.5013479859375 0.507763671875 0.5261684984375 0.506943359375 0.5402637359375 0.506123046875 0.5439413921875 0.5065332031249999 0.5506886453125001 0.50572265625 0.5558974359375 0.5053124999999999 0.614117215625 0.503671875 0.6230109890625 0.502451171875 0.640476190625 0.501630859375 0.6435384609375 0.501630859375 0.64568498125 0.503671875 0.646908425 0.5053124999999999 0.6466007328125001 0.5065332031249999 0.64568498125 0.508173828125 0.62668131875 0.51021484375 0.6144249078125 0.510625 0.556205128125 0.511435546875 0.5506886453125001 0.511025390625 0.5439413921875 0.511845703125 0.5402637359375 0.512666015625 0.5261684984375 0.512666015625 0.5013479859375 0.511435546875 0.4958315015625 0.511025390625 0.4887838828125 0.5098046875 0.483882784375 0.50939453125 0.464571428125 0.5098046875 0.4584468859375 0.511025390625 0.4550769234375 0.511025390625 0.44832967031250004 0.51021484375 0.4452674 0.511025390625 0.4428131875 0.511025390625 0.4348498171875 0.512255859375 0.4271868125 0.512666015625 0.416153846875 0.5134765625 0.41339926718750003 0.5134765625 0.41125274687499996 0.512666015625 0.40941391875 0.5134765625 0.391025640625 0.512255859375 0.390109890625 0.510625 0.3898021984375 0.50857421875 0.391025640625 0.50857421875 0.3999120875 0.507763671875 0.4023663
1 0.5151171875 0.5948131875 0.5151171875 0.5957362640625 0.516748046875 0.59695970625 0.517568359375 0.59695970625 0.5191992187500001 0.5957362640625 0.5241015625000001 0.5837802203125 0.5241015625000001 0.58286446875 0.522470703125 0.5816337 0.521650390625 0.5816337 0.52001953125 0.58286446875 0.5183789062499999 0.588073259375 0.5151171875 0.5948131875
0 0.52646484375 0.5952674 0.524609375 0.5928205125 0.5168359375 0.5920293046875 0.51314453125 0.5936043953125 0.511728515625 0.597113553125 0.512333984375 0.599252746875 0.51484375 0.600798534375 0.518037109375 0.60059340625 0.521494140625 0.5993040296875 0.523876953125 0.599091575 0.525595703125 0.5979926734375 0.52646484375 0.5952674
2 0.485703125 0.596344321875 0.489375 0.5966520140625 0.516337890625 0.5966520140625 0.5220605468749999 0.5972674 0.52369140625 0.5960366296874999 0.52369140625 0.595428571875 0.5220605468749999 0.5941978015625 0.516337890625 0.5935897437500001 0.485703125 0.5932820515625 0.48407226562499994 0.5945054937500001 0.48407226562499994 0.5951208796875 0.485703125 0.596344321875