0 1 0.6177804124999999 0.9964041203124999 0.6128801578124999 0.993829415625 0.5919108734375 0.9786240109375001 0.5760400140625 0.9720754734374999 0.5874867828125 0.984239796875 0.6001834703125 0.9928966625 0.6275011 1 0.631086621875 1 0.6177804124999999
0 0.8850597 0.5697904171875 0.8902836265625 0.569149 0.901664234375 0.5322759390625 0.8999477640625001 0.518296415625 0.9069626796874999 0.48905453281250005 0.9004886593749999 0.457921315625 0.88871619375 0.470009503125 0.8912908984374999 0.4909787859375 0.879910290625 0.5278518484375 0.8850597 0.5697904171875
0 0.97308274375 0.50931656875 0.9656759703125 0.5137735765625 0.9460303546875 0.548113884375 0.9516461406250001 0.572257340625 0.9620939953125 0.57097450625 0.96817615625 0.5773228484375 0.97558293125 0.5728658421875 0.9738664609375001 0.55888631875 0.9804149984375 0.54743955 0.9917210875 0.5531464765624999 0.9974113921875001 0.5347099453124999 0.9913292296874999 0.5283616015625 0.9853215859375 0.47943326875 0.9761983421875 0.4699107546875 0.97308274375 0.50931656875
0 0.7118863875 0.5413874484375001 0.703155003125 0.5566498078125 0.7065879421875 0.5846088546875 0.7118118703125 0.5839674359375 0.7244425703124999 0.5788690125 0.7309911078125 0.5674222421875 0.7458791734375 0.5159282421875 0.7589762515625 0.49303470312500003 0.7542187 0.47588100781250003 0.73854691875 0.4778052609375 0.711028153125 0.5343976875 0.7118863875 0.5413874484375001
0 0.6404678781250001 0.56434681875 0.6421843468749999 0.5783263421875 0.651307590625 0.5878488578125001 0.6587143640625001 0.5833918515625001 0.6980055953125001 0.5147112375 0.7015130515625 0.5000902968750001 0.6967555015625 0.4829366015625 0.6810837203125 0.4848608546875 0.6745351828125 0.4963076234375 0.6753934171875 0.5032973843749999 0.66798664375 0.5077543921875 0.6404678781250001 0.56434681875
0 0.7911035296875 0.5387559468750001 0.784088615625 0.5679978296875 0.785805084375 0.5819773515625 0.7962529390624999 0.5806945156250001 0.8268127843749999 0.5272762609375 0.82946200625 0.5056655609375 0.8425590843749999 0.48277202187499996 0.84520830625 0.46116131875 0.8360850640624999 0.451638803125 0.8182304359374999 0.4573786453125 0.80420060625 0.515862409375 0.7911035296875 0.5387559468750001
0 0.3888611421875 0.5881451015625 0.4045329234375 0.58622085 0.4503726921875 0.5060934671874999 0.457779465625 0.501636459375 0.45606299687499996 0.4876569359375 0.446939753125 0.47813442031250003 0.431267971875 0.48005867343749997 0.3897938953125 0.552554875 0.3862864375 0.5671758171875 0.3888611421875 0.5881451015625
0 0.34900975 0.4795160046875 0.33988650625 0.46999348750000003 0.3346625796875 0.4706349046875 0.315483340625 0.48718009999999995 0.2980205703125 0.5177048156249999 0.27190093593750003 0.5209119046875 0.262311315625 0.5291845000000001 0.26184494062499997 0.5469796140625001 0.2679271015625 0.5533279578125 0.269643571875 0.5673074796875001 0.2609121875 0.5825698390625 0.261770421875 0.5895596000000001 0.2521808015625 0.597832196875 0.25608011875000003 0.60799613125 0.26871081874999997 0.60289770625 0.3031699796875 0.5596433859375 0.3083939078125 0.5590019671875 0.3236738296875 0.532292840625 0.3228155953125 0.5253030796875 0.3337298265625 0.5062251296875 0.3411365984375 0.5017681234375 0.3402783640625 0.49477836249999996 0.34900975 0.4795160046875
0 0.2616021171875 0.43703476406249997 0.250296028125 0.43132783750000003 0.24593033593750002 0.43895901718749997 0.2354824828125 0.440241853125 0.22893394374999998 0.4516886203125 0.2227772640625 0.48792026406250005 0.1939338875 0.5553180421875 0.193001134375 0.59090826875 0.20344898906250003 0.5896254328125 0.2287849078125 0.5368485953125 0.22792667187500001 0.5298588343749999 0.235333446875 0.5254018281249999 0.2571619078125 0.4872459296875 0.26238583437499996 0.48660451250000003 0.2689343734375 0.47515774375 0.2715835953125 0.453547040625 0.2616021171875 0.43703476406249997
0 0.600150109375 0.47351283281249995 0.5769970359375 0.52247408125 0.5778552718750001 0.5294638421875 0.563899959375 0.5453676187500001 0.5656164296874999 0.559347140625 0.5516611171875 0.57525091875 0.54901189375 0.5968616203125 0.5402805093749999 0.612123978125 0.5437134484375 0.640083025 0.53934775625 0.6477142046875 0.5484709999999999 0.6572367203125 0.5506538453125 0.65342113125 0.5681166156249999 0.6228964140625 0.5742732953125 0.5866647703125001 0.6091988328125 0.5256153359375 0.6083405984375 0.518625575 0.6222959109375 0.5027218 0.61972120625 0.4817525140625 0.6105979640625 0.472229996875 0.600150109375 0.47351283281249995
0 0.5340300453125 0.45325079687500003 0.5131343359375 0.45581646718749996 0.5065857968749999 0.4672632375 0.4995708828125 0.49650511875000003 0.5012873515625 0.5104846421875 0.47727604375 0.552456128125 0.4720521171875 0.553097546875 0.4641789671875 0.5753496671875 0.45677219375 0.5798066734375 0.4532647359375 0.5944276140625 0.45498120625 0.6084071375 0.46020513281250003 0.6077657203125 0.4772015265625 0.5950361156249999 0.4946642953125 0.5645113984375 0.5051121484375 0.5632285625 0.52257491875 0.5327038453124999 0.5417541578125 0.516158653125 0.5526683890624999 0.4970807046875 0.550093684375 0.47611141874999996 0.5340300453125 0.45325079687500003
0 0.3042325015625 0.2012083734375 0.20249696875 0.387530846875 0.1702206515625 0.426969578125 0.11619039375 0.46198421874999995 0.024342551562500002 0.4697141453125 0.0404061921875 0.49257476718750004 0.07174975312500001 0.4887262625 0.0974030125 0.5033142859375 0.10520164375 0.5236421531250001 0.0955375078125 0.5744947390624999 0.0981122109375 0.5954640234374999 0.10856006562500001 0.5941811890625 0.11829872187499998 0.500748615625 0.17014613437499998 0.46954956562500005 0.20242244999999998 0.43011083437500003 0.325986446875 0.205632465625 0.3426654984375 0.1255379984375 0.335015903125 0.02005015625 0.331974821875 0.016875984375 0.3258502171875 0.0176279921875 0.3252772484375 0.113482728125 0.3042325015625 0.2012083734375