0 0.9688060187499999 0.6893565265625 0.9585712781250001 0.6691564546875 0.948655475 0.678445278125 0.956843265625 0.6946053328125 0.9571622015625 0.7240942265625 0.9666083140625 0.73311799375 0.9687055140625 0.7212241796875001 0.9650310578125 0.7107653890625001 0.9688060187499999 0.6893565265625
0 0.8680532984375 0.6348002828125 0.8734055156249999 0.6357440234375 0.8957537625 0.602893803125 0.898270403125 0.588621228125 0.914008115625 0.5619635546875 0.91699445 0.5293783890625 0.901726428125 0.5377234703125 0.8979514671875 0.559132334375 0.87560321875 0.5919825546874999 0.8680532984375 0.6348002828125
0 0.9732014281250001 0.6018335890625 0.9645439437500001 0.603986121875 0.93479653125 0.6318525890625 0.9330685187500001 0.6573014671874999 0.9437729499999999 0.659188946875 0.947866846875 0.667268975 0.95652433125 0.6651164406250001 0.9590409718749999 0.650843865625 0.968956775 0.6415550421875 0.9784028875 0.6505788109374999 0.9821275953124999 0.645103778125 0.985483115625 0.626073671875 0.99429135625 0.5761196562500001 0.9881505125000001 0.563999615625 0.9732014281250001 0.6018335890625
0 0.7055906249999999 0.554646584375 0.692369553125 0.5670316796875 0.687336271875 0.5955768328125 0.6926884890625 0.596520571875 0.7066981890624999 0.5953117781249999 0.71661399375 0.5860229578125 0.7468310984375 0.5398438999999999 0.7666627078125 0.52126625625 0.7671323984375 0.502953665625 0.7510757515625001 0.5001224453125 0.7068489453125 0.547510296875 0.7055906249999999 0.554646584375
0 0.6281429609375 0.5557067984375 0.6256263203125 0.5699793750000001 0.6317671640625 0.5820994171875 0.6404246484375 0.5799468828125 0.6999194734375 0.5242139515625001 0.7077883296875 0.510885115625 0.7082580234375 0.49257252500000004 0.692201375 0.4897413046875 0.6822855703124999 0.4990301265625 0.68102725 0.506166415625 0.672369765625 0.5083189499999999 0.6281429609375 0.5557067984375
0 0.784615546875 0.5759389734375 0.7688778328125 0.6025966453125 0.76636119375 0.616869221875 0.777065625 0.6187567015625001 0.8233393781249999 0.575408865625 0.8324665546875 0.554943740625 0.8522981640625 0.5363660984374999 0.8614253390625001 0.5159009734375 0.8552844953125 0.5037809328125 0.8359225796875001 0.504045984375 0.8044471546875 0.5573613296875 0.784615546875 0.5759389734375
0 0.3724949109375 0.5032709859375 0.388551559375 0.50610220625 0.45796218906249997 0.441080453125 0.46661967187500003 0.43892791875 0.4691363125 0.4246553421875 0.46299546874999997 0.41253529999999994 0.4469388203125 0.40970407968749994 0.384138728125 0.46853328593750004 0.3762698703125 0.481862121875 0.3724949109375 0.5032709859375
0 0.365866953125 0.384371678125 0.3597261078125 0.37225163437500003 0.35437389218750004 0.37130789375 0.3304483875 0.381805509375 0.30400624375 0.40657570156249995 0.2772451625 0.40185700156250004 0.26528240937500003 0.40710580937499996 0.2594605015625 0.42447465937500006 0.2635543984375 0.4325546875 0.2610377578125 0.4468272625 0.2478166859375 0.45921235937500005 0.24655836562500003 0.4663486484375 0.2345956125 0.47159745624999994 0.23538424062500002 0.48277375781250004 0.249393940625 0.4815649640625 0.2964563234375 0.44939343125000003 0.30180853750000003 0.4503371703125 0.3249454140625 0.42866325312500003 0.326203734375 0.4215269640625 0.3427300765625 0.40604559531250006 0.351387559375 0.4038930609375 0.3526458796875 0.39675677343750004 0.365866953125 0.384371678125
0 0.2923450046875 0.3162215453125 0.28289889218750003 0.30719777656249997 0.27628835625 0.31339032499999997 0.265583925 0.31150284375 0.2556681203125 0.3207916671875 0.2386720875 0.354585625 0.18988169375 0.41220603906250003 0.1782378765625 0.4469437390625 0.188942309375 0.44883121875 0.229863846875 0.4045396421875 0.23112216718749998 0.3974033546875 0.23977965 0.3952508203125 0.27283233125 0.36428808125 0.278184546875 0.3652318203125 0.28810035312500004 0.3559429984375 0.297227528125 0.335477875 0.2923450046875 0.3162215453125
0 0.61569309375 0.454176340625 0.578076825 0.495371640625 0.5768185046875 0.502507928125 0.5582452171875001 0.5139492859375 0.5557285765625 0.5282218609375 0.5371552875 0.5396632171875 0.5280281109375 0.5601283421875001 0.5148070390624999 0.5725134374999999 0.5097737578125 0.6010585890625 0.5031632218750001 0.6072511375 0.5093040671875 0.6193711796875 0.512609334375 0.6162749062499999 0.5390514796875 0.5915047125 0.5560475109375 0.5577107546875 0.6089317999999999 0.50817036875 0.6101901203125 0.50103408125 0.6287634093750001 0.48959272656249997 0.6325383703125 0.46818386093750003 0.6263975265624999 0.45606382031250003 0.61569309375 0.454176340625
0 0.5564997828125 0.41430630625 0.5350909171875 0.4105313453125 0.5251751140625001 0.41982016875 0.5094374015625001 0.4464778390625 0.5069207609374999 0.460750415625 0.47056281093749996 0.4948094296875 0.4652105953125 0.49386568906250006 0.45073120468749994 0.5133870734375 0.44207371875 0.5155396078125001 0.4342048625 0.5288684421875 0.431688221875 0.5431410203125 0.4370404375 0.544084759375 0.45766067499999996 0.5366834171875 0.4841028203125 0.511913225 0.494807253125 0.51380070625 0.5212493968749999 0.48903051406250003 0.5451749015625 0.4785328984375 0.5617012421875 0.463051528125 0.5654762015625 0.44164266406249997 0.5564997828125 0.41430630625
0 0.458044190625 0 0.45270846249999996 0.0170596578125 0.40549532499999996 0.09703267343750001 0.2488894046875 0.2496938390625 0.2051322921875 0.27876909843750003 0.1412246359375 0.296933109375 0.048190015625 0.27684951406249997 0.057166434375 0.304185871875 0.0892797296875 0.3098483125 0.1102189015625 0.3319358640625 0.1117961578125 0.35428846875 0.08693126875 0.4014112640625 0.0831563078125 0.42282012812499997 0.09386074062500001 0.42470760781249994 0.131627765625 0.3357108234375 0.19223015625 0.3206430859375 0.23598726874999998 0.2915678265625 0.42564586875000004 0.10794392187499999 0.466248471875 0.0341634546875 0.47404935625 0 0.458044190625 0